timestamp,x,y,z
00.004,1.7023294,7.963358,5.7462597
00.040,1.7406378,7.922655,5.6935854
00.067,1.6831752,7.8699813,5.195576
00.102,1.6975409,7.893924,5.3105016
00.141,1.6017698,8.001666,5.317684
00.168,1.6592325,7.9585695,5.33205
00.201,1.7406378,7.9513865,5.1716337
00.240,1.7310607,7.886741,5.504438
00.267,1.6879637,8.025609,5.29853
00.301,1.3216397,8.095043,4.7981267
00.340,1.5993756,8.078283,6.071881
00.366,1.6424725,8.047157,6.1892004
00.401,1.5467016,7.8388557,5.2027593
00.440,1.5778271,7.8891354,5.6959796
00.467,1.8627458,7.9418097,6.0862465
00.500,1.8340145,7.848433,5.2674046
00.541,1.8076775,7.781393,5.3248672
00.567,1.802889,7.8795586,5.7606254
00.600,1.6352897,7.963358,5.461341
00.641,1.498816,7.90829,5.549929
00.680,1.5395187,8.0375805,5.4326096
00.701,1.5275474,7.9920893,5.38233
00.742,1.6161355,7.946598,5.4493694
00.768,1.6807809,7.8891354,5.619363
00.807,1.6688095,7.90829,5.4685235
00.841,1.5754328,7.9609637,5.619363
00.881,1.5706443,7.9346266,5.516409
00.907,1.5179702,7.972935,5.437398
00.941,1.5347302,7.982512,5.5619006
00.981,1.5969813,7.953781,5.5571117
01.008,1.6520497,7.92505,5.523592
01.041,1.6520497,7.893924,5.4062724
01.081,1.7454263,7.8699813,5.540352
01.106,1.6879637,7.850827,5.39909
01.140,1.6496553,7.8987126,5.3919067
01.181,1.6137413,7.9561753,5.5714774
01.208,1.6592325,7.8723755,5.6385174
01.240,1.5993756,7.910684,5.5738716
01.280,1.5323359,7.9681463,5.593026
01.306,1.5538844,7.9513865,5.626546
01.340,1.515576,7.9489923,5.5379577
01.382,1.5514901,7.929838,5.549929
01.408,1.4700848,7.982512,5.4900723
01.441,1.4365649,7.9920893,5.5547175
01.482,1.5395187,7.9777236,5.4254265
01.522,1.611347,7.886741,5.6409116
01.542,1.5921928,7.893924,5.6002088
01.581,1.6951466,7.901107,5.5188036
01.609,1.759792,7.8316727,5.4852834
01.647,1.7023294,7.8364615,5.420638
01.682,1.6400782,7.8963184,5.4661293
01.721,1.6089526,7.922655,5.497255
01.743,1.5538844,7.886741,5.609786
01.782,1.4940275,7.965752,5.7821736
01.821,1.4102279,8.008849,5.7438655
01.849,1.4126221,8.042369,5.6337285
01.882,1.4940275,7.987301,5.516409
01.923,1.5275474,7.937021,5.29853
01.948,1.5826156,7.886741,5.3464155
01.982,1.6568382,7.8699813,5.4589467
02.022,1.7166951,7.860404,5.5140147
02.048,1.6400782,7.8364615,5.6504884
02.082,1.7023294,7.9130783,5.7390766
02.121,1.733455,7.8795586,5.5978146
02.148,1.6879637,7.850827,5.38233
02.181,1.5921928,7.922655,5.454158
02.221,1.5586729,7.982512,5.3464155
02.247,1.5610672,7.9346266,5.3966956
02.288,1.5514901,7.886741,5.5810547
02.316,1.5778271,7.9130783,5.609786
02.361,1.5874043,7.901107,5.7366824
02.387,1.5634614,7.901107,5.6504884
02.421,1.594587,7.982512,5.5571117
02.448,1.5059988,7.937021,5.39909
02.488,1.5658557,7.953781,5.4158497
02.521,1.5993756,7.8987126,5.4661293
02.562,1.6065584,7.867587,5.4948606
02.587,1.6855695,7.920261,5.576266
02.621,1.6544439,7.865193,5.559506
02.662,1.6328955,7.8699813,5.7031627
02.687,1.5730386,7.927444,5.652883
02.721,1.5897985,7.965752,5.7654138
02.762,1.5706443,7.8915296,5.2243075
02.789,1.4796618,7.9920893,5.607392
02.826,1.446142,7.9513865,5.516409
02.861,1.5107874,7.515629,5.5116205
02.887,1.5969813,7.84125,6.0407553
02.923,2.0782306,7.8173075,6.0048413
02.960,1.8196489,7.745479,5.506832
02.988,1.6352897,7.788576,5.5355635
03.023,1.6328955,7.8627987,5.444581
03.063,1.7957062,7.7909703,5.6768255
03.088,1.7382435,7.8125186,5.940196
03.120,1.5969813,7.85801,5.6145744
03.163,1.5012103,7.9920893,5.8827333
03.189,1.5395187,7.972935,5.741471
03.221,1.6281068,7.8268843,5.564295
03.263,1.8004947,7.800547,5.444581
03.288,1.7885233,7.7239304,5.4948606
03.324,1.7933118,7.85801,5.626546
03.362,1.6305012,7.7957587,5.593026
03.390,1.7454263,7.80773,5.478101
03.427,1.8914771,7.695199,5.9234357
03.463,2.257801,7.910684,6.318491
03.500,2.013585,7.56112,5.777385
03.527,1.9034485,7.7239304,5.6002088
03.561,1.960911,7.7239304,5.786962
03.601,2.0159793,7.6616793,5.317684
03.628,1.9752767,7.6616793,5.7127395
03.661,1.7023294,7.6090055,5.506832
03.702,1.7502149,7.8388557,5.8683677
03.727,1.9154198,7.6736507,5.9449844
03.762,1.9202085,7.6521025,5.3966956
03.801,1.759792,7.580274,5.770202
03.828,2.1309047,7.563514,5.480495
03.861,2.2170985,7.676045,5.384724
03.903,2.004008,7.755056,5.504438
03.929,2.0902019,7.726325,5.7965393
03.961,1.9226027,7.6736507,5.0495257
04.002,1.2210802,7.5395713,5.593026
04.029,0.7326481,7.431829,6.4525704
04.063,0.2657645,7.9992723,5.5571117
04.102,1.297697,7.963358,5.8827333
04.129,1.9489397,7.656891,4.5706706
04.162,1.0391153,6.7470665,5.97611
04.253,1.3719195,6.9745226,7.2618356
04.263,0.8834874,7.336058,6.632141
04.302,1.4078336,6.9457912,7.659285
04.334,0.3519584,7.728719,7.6449194
04.367,0.50758624,7.309721,6.612987
04.401,0.6943397,6.8715687,7.144516
04.442,1.0295382,7.4533772,7.0607166
04.468,0.25858167,7.0439563,6.629747
04.500,0.16759923,7.312115,6.284971
04.543,0.69912827,6.902694,6.8691745
04.568,0.4740664,7.0104365,6.8691745
04.603,0.57462597,7.1995845,6.58665
04.642,0.043096945,7.003254,5.803722
04.667,0.7829279,7.3216925,5.767808
04.701,-0.19154198,7.024802,7.0702934
04.742,-0.10774237,6.4166565,8.590658
04.769,0.24421602,7.0128307,7.599428
04.803,0.11253092,6.821289,6.60341
04.843,-0.48843205,6.857203,6.6345353
04.868,-0.6201172,7.151699,6.6201696
04.901,0.29210153,7.2522583,7.204373
04.940,0.8571504,7.0774765,7.49408
04.982,0.9313729,7.4964743,6.0335727
05.007,0.4932206,7.0726876,7.225921
05.041,0.019154198,6.979311,5.3368387
05.081,-0.30167863,7.046351,6.32328
05.107,0.09337672,7.5084457,7.1971903
05.140,0.68715686,7.472532,6.6872096
05.180,-0.7110996,7.0008597,5.138114
05.207,-0.86912173,7.743085,6.897906
05.240,1.8100717,7.8364615,8.047157
05.281,0.4764607,7.4102807,5.7199225
05.307,0.08140534,7.4246464,5.4948606
05.341,-0.016759925,7.391126,6.7039695
05.382,-0.25379312,7.101419,5.2075477
05.408,0.3040729,7.632948,6.811712
05.440,0.9601042,7.599428,7.020014
05.512,0.026337024,7.56112,5.3966956
05.541,0.15083931,7.5323887,6.0599093
05.581,0.16759923,7.5036573,6.838049
05.609,0.18435916,7.6090055,6.4334164
05.642,0.33759275,7.6449194,5.9832926
05.685,0.53871185,7.412675,6.273
05.708,0.2753416,7.649708,5.5331693
05.741,-0.3328042,7.814913,6.1892004
05.780,0.27055305,7.743085,6.4501762
05.821,0.057462595,7.4007034,6.035967
05.847,0.6656084,7.6521025,6.2179317
05.881,0.59378016,7.850827,5.442187
05.921,0.052674048,7.5395713,5.6457
05.947,0.09577099,7.6688623,5.95935
05.982,0.4166038,7.683228,6.811712
06.021,0.43815228,7.56112,6.1030064
06.047,0.42139238,7.6880164,6.0599093
06.082,0.51955765,7.781393,6.3280683
06.121,0.30646718,7.7694216,6.244269
06.148,0.8834874,7.7574506,6.095824
06.182,1.1157321,7.9849067,5.7199225
06.220,0.16759923,7.6113997,5.3464155
06.247,0.5411061,7.927444,5.62894
06.281,0.37590113,7.901107,6.387925
06.320,0.5506832,7.515629,5.952167
06.348,0.71588814,7.5323887,6.2586346
06.380,0.18435916,7.6090055,5.585843
06.422,0.82123625,7.7861814,6.7997403
06.447,0.67279124,7.6353426,6.1461034
06.480,1.2162915,7.970541,5.499649
06.521,1.3096683,8.056735,6.3975024
06.548,0.88588166,7.472532,5.681614
06.582,0.08619389,7.4246464,5.454158
06.621,-0.011971374,7.8915296,6.9290314
06.649,0.14844504,7.4964743,6.7925577
06.688,0.6201172,7.0367737,6.979311
06.720,0.11013664,7.2522583,6.1532865
06.762,-0.4740664,7.0774765,6.138921
06.789,0.33759275,7.5395713,7.125362
06.821,1.0654523,7.57788,6.7446723
06.861,1.3671309,8.083072,6.244269
06.887,0.9385557,7.82449,6.4597535
06.920,1.4652961,7.7574506,5.619363
06.961,0.8236305,7.1564875,4.7981267
06.987,0.009577099,7.4964743,4.5970078
07.021,0.03351985,7.702382,6.3400397
07.062,-0.45491222,8.157294,7.063111
07.087,0.9888355,7.8963184,6.2969427
07.120,1.7143008,8.061523,5.652883
07.161,-0.91700727,6.9050884,6.0503325
07.187,-0.023942748,7.3312693,6.8476257
07.222,-0.31125572,7.5299945,7.161276
07.261,-0.13168511,7.1995845,6.081458
07.287,0.28731298,7.003254,6.7566433
07.321,-0.42139238,7.371972,5.3535986
07.361,-0.08619389,7.1995845,6.93382
07.400,0.8978531,7.518023,6.9721284
07.422,1.0989721,7.702382,6.672844
07.461,1.5395187,7.778999,6.1700463
07.505,0.86193895,8.260248,5.322473
07.528,0.9194015,7.51084,6.6776323
07.560,0.36632404,7.379155,4.9776974
07.603,-0.016759925,7.637737,6.5483418
07.629,-0.20590763,7.23071,6.88354
07.663,1.2043202,7.822096,5.279376
07.709,0.86912173,7.6257653,5.212336
07.727,0.7134939,7.556331,6.4166565
07.761,0.39266106,7.5754857,6.6441126
07.801,-0.15083931,7.0367737,6.65369
07.827,0.3232271,7.4821086,7.0894475
07.861,-0.43336374,7.4988685,6.160469
07.900,0.8284191,7.683228,6.6201696
07.927,1.228263,7.599428,6.63693
07.963,0.99362403,7.762239,4.6927786
08.001,0.37829542,7.57788,6.1054006
08.027,0.9241901,7.4605603,6.5986214
08.060,-0.035914123,7.692805,5.427821
08.103,0.80208206,7.692805,6.56989
08.127,0.86912173,7.632948,6.3903193
08.160,0.16759923,7.5060515,6.0838523
08.202,0.5602603,7.620977,6.1628633
08.241,0.7853221,7.637737,6.5794673
08.261,0.69912827,7.699988,6.0838523
08.300,0.34716985,7.326481,5.420638
08.340,0.409421,7.7574506,6.2490573
08.367,0.12210801,7.963358,5.669643
08.401,0.38308397,7.580274,6.3113084
08.440,0.41420954,7.4892917,6.0934296
08.467,1.063058,7.7909703,6.5052447
08.501,0.76137936,7.6688623,6.9218483
08.540,0.18914771,7.395915,5.681614
08.567,0.19154198,7.4366174,5.705557
08.601,1.0439038,7.6616793,6.5483418
08.641,1.1205206,7.860404,5.540352
08.667,0.3232271,7.379155,5.7821736
08.701,-0.18435916,7.518023,6.1915946
08.741,1.1492519,7.7335076,7.333664
08.767,0.76616794,7.695199,6.352011
08.801,0.9122187,7.980118,5.2267017
08.840,0.3974496,7.6449194,6.1915946
08.867,0.6943397,7.4797144,5.968927
08.900,1.2186859,7.7574506,6.9888883
08.941,0.74222517,7.5036573,5.609786
08.968,0.18914771,7.51084,5.5523233
09.000,0.97446984,7.6449194,5.863579
09.040,0.91700727,7.659285,6.9553685
09.081,-0.4668836,7.2881727,6.737489
09.101,0.1699935,7.3240867,6.201172
09.140,0.749408,7.57788,5.688797
09.168,1.3719195,7.692805,5.566689
09.207,0.94573855,7.6544967,6.56989
09.240,0.6488485,7.1828246,7.0008597
09.280,-0.3902668,7.1995845,6.071881
09.306,-0.14126222,7.352818,6.100612
09.340,-0.22985038,7.393521,5.61218
09.380,-0.5602603,6.830866,6.0311785
09.408,1.3743137,8.044764,7.8292785
09.442,1.2138973,7.9154725,6.771009
09.482,1.6855695,7.4461946,5.0926223
09.508,1.6161355,8.135746,6.0263896
09.540,1.3312168,7.307327,6.8332605
09.581,-0.94573855,7.388732,6.074275
09.607,-0.06943397,7.391126,6.8667803
09.642,-0.16281068,7.51084,5.355993
09.681,0.7350424,7.719142,6.122161
09.707,0.8332076,7.5276,6.4405994
09.740,-0.34956414,7.57788,6.0311785
09.779,0.7877164,7.728719,6.979311
09.807,0.65363705,7.597034,6.0694866
09.840,0.67279124,7.683228,6.1628633
09.881,0.019154198,7.395915,5.090228
09.920,-0.22985038,8.073495,6.0862465
09.947,0.4836435,7.649708,5.9210415
09.980,0.44294083,7.666468,5.952167
10.020,0.8667275,7.8891354,6.012024
10.047,0.679974,7.738296,6.407079
10.081,0.19393626,7.5276,5.576266
10.120,0.13886794,7.233104,5.1979704
10.147,0.25379312,7.285778,5.147691
10.182,0.021548472,7.2091613,6.9314256
10.214,0.4668836,7.616188,6.8883286
10.247,0.4644893,7.59464,7.472532
10.280,0.45012367,7.4964743,7.0798707
10.322,0.56744313,7.211556,6.969734
10.346,0.7446195,7.4533772,6.8284717
10.381,0.4860378,7.125362,6.7039695
10.420,0.08140534,7.0176196,6.8859344
10.447,0.51955765,7.369578,6.7135468
10.481,0.023942748,7.082265,5.7223167
10.520,0.38308397,7.3025384,6.265817
10.546,0.32562137,7.513234,6.2107487
10.580,0.36632404,7.458166,6.352011
10.620,0.4166038,7.3576064,7.067899
10.647,1.1109436,7.4533772,7.204373
10.683,1.2330515,7.5898514,5.99287
10.720,-0.17717634,7.3240867,4.764607
10.761,-2.0590763,7.743085,5.542746
10.781,0.09577099,8.0375805,6.438205
10.820,0.46209505,7.762239,6.438205
10.860,0.5794145,7.800547,6.0599093
10.887,0.6177229,7.972935,6.409474
10.921,0.79250497,7.7335076,6.2682114
10.960,0.1340794,7.7143536,6.423839
10.986,0.2944958,7.448589,6.119766
11.021,0.35914123,7.3192983,5.0160055
11.061,0.45730647,7.5084457,6.136526
11.087,1.324034,7.9154725,6.4765134
11.121,1.3455825,7.6042166,6.464542
11.161,0.6273,7.5515428,5.648094
11.187,0.4644893,7.7670274,4.8340406
11.222,1.2737542,8.13814,5.439792
11.264,1.1899546,8.226728,6.229903
11.287,1.664021,8.08786,5.2841644
11.324,-0.31125572,8.27222,5.61218
11.361,0.68236834,8.186026,4.9010806
11.388,0.9912298,8.207574,5.33205
11.421,0.92658436,8.18842,5.150085
11.461,0.7398309,8.147717,4.9609375
11.487,1.2953026,8.516436,3.641692
11.520,1.5993756,8.248277,5.5571117
11.561,1.9728824,8.542772,6.0479383
11.600,0.7901107,7.9944835,5.095017
11.621,0.74701375,8.12138,5.0136113
11.660,0.7829279,8.420665,4.8412237
11.699,0.23463893,7.781393,5.0184
11.727,0.17717634,7.8316727,5.279376
11.760,0.6392714,8.030397,6.1101894
11.802,0.65842557,7.788576,6.193989
11.827,0.53392327,7.6066113,6.407079
11.862,0.5698374,7.6975937,6.2538457
11.901,0.44533512,7.745479,5.751048
11.930,0.3040729,7.659285,5.9880815
11.960,0.2466103,7.4845033,6.241874
12.002,0.24182175,7.7933645,5.418244
12.028,0.50758624,7.877164,6.201172
12.062,1.2402344,8.310528,1.7693691
12.100,2.1117504,8.92825,5.2027593
12.127,1.063058,8.250671,6.6249585
12.161,-0.15083931,7.4964743,6.0311785
12.200,-0.18435916,7.405492,5.2913475
12.230,0.42378664,7.6305537,5.5140147
12.260,0.62251145,7.9130783,5.6337285
12.299,-0.15562786,7.075082,6.2322974
12.340,0.53392327,7.642525,6.857203
12.360,0.53392327,7.5659084,6.859597
12.401,-0.057462595,7.4366174,6.7901635
12.442,0.4070267,7.4605603,6.246663
12.463,0.7853221,7.7742105,6.0096297
12.502,1.0295382,7.4988685,6.1125836
12.540,0.8978531,7.800547,6.368771
12.566,0.87151605,7.632948,5.7965393
12.599,-0.33759275,7.0104365,6.012024
12.640,-0.8236305,6.7925577,6.438205
12.666,0.28970724,7.187613,7.352818
12.701,0.44533512,7.439012,6.308914
12.740,0.20590763,7.683228,6.2131433
12.766,0.24421602,7.4102807,6.7997403
12.800,0.20111908,7.439012,6.411868
12.840,0.49082634,7.6904106,6.5459476
12.866,0.0,7.2977495,6.5459476
12.901,0.9792584,7.6185822,6.474119
12.940,1.2091088,7.805336,5.7797794
12.967,-0.26337022,7.6640735,6.241874
13.001,-0.19154198,7.9322324,6.2490573
13.040,0.36871833,7.5228114,4.802915
13.066,-0.076616794,7.6090055,5.154874
13.106,0.24182175,7.563514,6.4190507
13.140,0.74701375,7.56112,7.520417
13.167,0.53871185,7.802942,6.0503325
13.200,0.33519846,7.5587254,6.735095
13.239,0.21787901,7.6640735,5.889916
13.280,-0.2944958,7.659285,5.7725964
13.307,-0.076616794,7.7670274,6.0599093
13.340,0.083799616,7.6090055,6.028784
13.380,-0.14605077,7.513234,6.1987777
13.408,-0.0023942748,7.613794,6.299337
13.441,-0.16281068,7.4270406,6.1628633
13.481,-0.3232271,7.51084,6.742278
13.506,0.08619389,7.4988685,6.5986214
13.542,0.13647367,7.4461946,6.349617
13.580,0.0071828244,7.4533772,6.5387645
13.608,-0.31843856,7.5467544,5.952167
13.642,-1.1109436,7.755056,6.1461034
13.680,0.062251143,7.491686,6.318491
13.706,0.009577099,7.369578,5.9186473
13.739,-0.4070267,7.4198575,6.3208857
13.780,-0.14365649,7.362395,6.6081986
13.806,0.14365649,7.3576064,6.778192
13.840,-0.03351985,6.9505796,6.2586346
13.880,-0.03351985,7.269018,6.524399
13.907,0.028731298,6.8691745,6.8236833
13.940,0.009577099,6.924243,6.936214
13.982,0.31125572,7.039168,7.616188
14.008,0.08140534,6.960157,6.986494
14.041,-0.24421602,7.0774765,6.1532865
14.080,0.23463893,7.0295906,6.854809
14.120,-0.13168511,6.8715687,6.646507
14.142,-0.18675344,7.0774765,7.0128307
14.181,0.28731298,7.4222517,7.0319853
14.209,0.019154198,6.9457912,6.91706
14.248,0.2849187,7.2187386,6.265817
14.288,0.54828894,7.2953553,6.6249585
14.309,0.409421,6.936214,6.8619914
14.347,0.41181526,7.884347,7.379155
14.381,0.93616146,8.296163,7.187613
14.422,0.46209505,7.903501,5.4302154
14.447,0.70631105,7.5659084,5.36557
14.482,0.8547561,6.943397,6.395108
14.523,1.3743137,7.355212,5.9114647
14.549,1.6257126,7.1325445,6.3639827
14.582,1.4964218,7.249864,6.5603127
14.622,1.0965779,7.3432407,5.2650104
14.648,0.9026416,7.3192983,5.688797
14.682,0.7948992,7.51084,6.282577
14.721,0.80687064,7.57788,5.954561
14.747,0.88109314,7.49408,6.241874
14.782,1.036721,7.745479,6.2514515
14.822,0.61293435,7.6473136,5.523592
14.850,0.48124924,7.599428,5.516409
14.884,0.4668836,7.649708,5.8755503
14.924,0.7877164,7.7239304,7.233104
14.948,1.0295382,7.6521025,7.1540933
14.981,0.9505271,7.8173075,5.111777
15.021,0.73743665,7.5515428,5.569083
15.061,0.61293435,7.640131,6.3735595
15.087,0.6177229,7.580274,6.464542
15.120,0.84996754,7.5228114,6.193989
15.152,0.84039044,7.695199,6.1532865
15.183,0.4740664,7.4701376,6.122161
15.222,0.8140534,7.5826683,6.368771
15.260,0.6153286,7.5515428,5.837242
15.288,0.5818088,7.5323887,6.002447
15.320,0.53871185,7.5898514,6.344828
15.360,0.6464542,7.556331,6.143709
15.388,0.50040346,7.474926,6.1532865
15.422,0.36871833,7.637737,6.2682114
15.463,0.014365649,7.5874567,6.4405994
15.488,0.32801566,7.501263,5.9186473
15.521,0.7781393,7.7095647,5.3727527
15.560,0.9984126,7.8388557,6.246663
15.588,1.4102279,8.12138,4.6736245
15.620,0.68715686,7.683228,5.542746
15.661,0.6081458,7.5850625,5.0567083
15.687,1.5802214,7.946598,5.2482505
15.720,0.45970076,7.5754857,7.3839436
15.761,0.53392327,7.8292785,5.803722
15.800,-0.22027329,7.398309,5.3535986
15.823,-0.3519584,7.058322,6.6776323
15.860,0.34477556,7.5443597,6.529187
15.888,0.0071828244,7.2546525,5.810905
15.927,1.3455825,7.5491486,6.141315
15.960,0.7853221,7.439012,6.3280683
16.002,0.96489275,7.798153,6.438205
16.027,0.5411061,7.407886,6.483696
16.061,0.84996754,7.2450757,6.308914
16.100,0.7350424,7.5276,6.830866
16.127,0.99362403,7.656891,6.8476257
16.160,1.3288225,7.788576,5.559506
16.201,0.8834874,7.5922456,5.032766
16.226,1.4868447,7.683228,7.26423
16.261,0.58420306,7.6090055,5.794145
16.303,-0.021548472,7.266624,6.735095
16.328,0.6895511,7.699988,6.3759537
16.361,1.1516461,8.008849,5.643306
16.402,0.77574503,7.570697,5.193182
16.428,0.8044763,7.5683026,6.1892004
16.461,1.3455825,7.7742105,6.9122715
16.503,1.6592325,7.9920893,5.1788163
16.528,0.679974,7.5491486,6.2131433
16.561,0.9864412,7.759845,5.9641385
16.602,0.10774237,7.49408,5.664854
16.628,0.13168511,7.1349387,6.2682114
16.661,1.2091088,8.116591,6.1101894
16.701,0.35435268,7.412675,6.150892
16.728,-0.15562786,7.5060515,4.6496816
16.768,1.2426286,7.9944835,6.9003
16.801,0.8643332,7.6185822,6.378348
16.842,0.72546524,7.6473136,5.6935854
16.870,0.69673395,7.5874567,6.4573593
16.902,0.4285752,7.755056,5.9282246
16.941,0.6943397,7.802942,6.1101894
16.968,0.5602603,7.8316727,6.0527267
17.005,0.7996878,7.7670274,5.784568
17.044,0.7901107,7.676045,5.5882373
17.068,0.69194543,7.5515428,5.870762
17.102,0.49082634,7.7861814,5.8779445
17.143,0.32801566,7.8891354,5.8827333
17.168,0.38547826,7.8532214,5.913859
17.204,0.21069619,7.8963184,5.9258304
17.242,0.2657645,7.84125,5.6600657
17.268,0.5123748,7.905895,5.954561
17.310,0.46209505,7.929838,5.7989335
17.342,0.49082634,7.745479,5.652883
17.368,0.56744313,8.030397,5.7127395
17.402,0.34477556,7.6880164,5.6169686
17.443,0.64166564,7.970541,5.899493
17.481,0.035914123,7.982512,5.609786
17.501,0.32083282,7.8891354,5.751048
17.541,0.4285752,7.7861814,5.384724
17.571,0.6847626,7.881953,6.3376455
17.608,0.50040346,7.6880164,6.22272
17.641,0.505192,7.946598,6.019207
17.681,0.31365,7.800547,5.2697988
17.707,0.4932206,7.8460383,5.8611846
17.741,0.34716985,7.910684,6.1700463
17.783,0.505192,7.8125186,5.516409
17.805,0.6177229,7.886741,5.5882373
17.842,0.038308397,7.805336,5.8659735
17.882,0.45730647,8.006455,5.5523233
17.908,-0.9720756,8.277008,5.8587904
17.942,0.3974496,8.047157,6.5363703
17.981,0.15083931,7.6281595,4.925023
18.007,-0.03351985,7.6975937,5.4158497
18.041,0.08140534,8.05434,6.577073
18.104,0.30886146,7.788576,6.423839
18.108,0.12450229,7.5276,5.4685235
18.140,-0.37350687,7.47732,5.3679643
18.189,0.18196489,7.8556156,6.4932733
18.207,0.7996878,6.9457912,6.5986214
18.240,0.4860378,7.450983,6.124555
18.281,-0.0023942748,7.580274,6.646507
18.309,0.24900457,7.285778,5.770202
18.341,0.26097596,7.4605603,5.830059
18.381,1.3360053,6.998465,8.2387
18.408,1.6879637,6.483696,8.370385
18.442,1.4509305,6.6225643,7.743085
18.488,2.4158232,6.1820173,7.084659
18.509,2.4708917,6.550736,6.411868
18.549,1.7813405,6.0527267,7.4653487
18.583,2.2601955,6.533976,7.3312693
18.623,2.205127,6.4166565,7.5491486
18.647,2.3224466,6.7997403,7.292961
18.681,1.7190893,6.7470665,7.5084457
18.723,1.56825,6.8356547,7.3408465
18.748,1.6065584,7.048745,7.24747
18.782,1.733455,7.022408,7.412675
18.823,1.5514901,7.21395,6.1628633
18.849,1.541913,7.3600006,5.803722
18.883,1.5610672,7.3767605,5.5619006
18.922,1.8747171,7.4174633,5.7630196
18.948,1.89866,7.4845033,5.4733124
18.983,1.8196489,7.616188,5.384724
19.023,1.5850099,7.721536,5.6241517
19.048,1.7981004,7.649708,5.7438655
19.082,1.924997,7.4821086,5.748654
19.121,1.89866,7.637737,5.7007685
19.148,1.8651401,7.7478733,5.8947043
19.182,1.7166951,7.7047763,5.851608
19.223,2.011191,7.6257653,5.6169686
19.262,2.0255566,7.680834,5.609786
19.282,2.004008,7.7143536,5.6576715
19.323,1.9489397,7.738296,5.2745876
19.363,1.9872481,7.8125186,5.4302154
19.389,1.7813405,7.8627987,5.4350038
19.422,1.8579572,7.922655,5.602603
19.462,1.6831752,7.9394155,5.3009243
19.488,1.7358493,7.9154725,5.341627
19.521,1.8483802,7.927444,5.521198
19.562,1.7981004,7.8891354,5.334444
19.588,1.7358493,7.910684,5.3464155
19.622,1.786129,7.9681463,5.394301
19.663,1.7717633,7.944204,5.4733124
19.689,1.6975409,7.9585695,5.3033185
19.723,1.6712039,7.9561753,5.4086666
19.763,1.5083932,8.004061,5.446975
19.787,1.6017698,8.035186,5.516409
19.821,1.6137413,7.9681463,5.4589467
19.861,1.5514901,8.023215,5.2219133
19.888,1.5467016,8.025609,5.461341
19.922,1.56825,7.9585695,5.6457
19.962,1.6975409,7.8987126,5.454158
19.988,1.7621863,7.865193,5.5954204
20.022,1.7454263,7.8915296,5.6385174
20.062,1.6328955,7.8915296,5.3009243
20.088,1.6328955,7.9154725,5.36557
20.122,1.5874043,7.9681463,5.5331693
20.161,1.5730386,7.963358,5.446975
20.202,1.56825,7.903501,5.461341
20.230,1.5323359,7.9513865,5.5714774
20.262,1.4772675,8.011244,5.7007685
20.291,1.515576,7.9920893,5.834848
20.327,1.5610672,7.8891354,5.4757066
20.361,1.620924,7.8915296,5.4565525
20.402,1.5754328,7.946598,5.4924664
20.429,1.5658557,7.9418097,5.4086666
20.463,1.4916332,7.9178667,5.3081074
20.503,1.5897985,7.901107,5.420638
20.530,1.5467016,7.9394155,5.4900723
20.562,1.5299416,7.946598,5.8013277
20.602,1.4940275,7.9346266,5.6935854
20.628,1.403045,7.9513865,5.648094
20.661,1.3288225,8.0687065,5.6313343
20.702,1.3168511,7.989695,5.4517636
20.728,1.472479,7.980118,5.621757
20.762,1.4748733,7.9609637,5.437398
20.801,1.5227587,7.881953,5.559506
20.841,1.56825,7.8915296,5.506832
20.862,1.5921928,7.8987126,5.4493694
20.901,1.6065584,7.910684,5.6672482
20.928,1.5443072,7.901107,5.626546
20.963,1.4078336,7.9849067,5.4302154
21.003,1.4796618,8.030397,5.643306
21.029,1.446142,7.9777236,5.734288
21.067,1.4054393,8.032792,5.6361227
21.103,1.446142,8.032792,5.7462597
21.141,1.462902,8.004061,5.6169686
21.168,1.4844503,7.9418097,5.5355635
21.210,1.4844503,8.039975,5.4254265
21.244,1.541913,8.260248,5.686403
21.268,1.3168511,8.226728,6.014418
21.302,1.3144568,7.9777236,5.830059
21.341,1.6352897,7.90829,5.087834
21.367,1.5850099,8.016032,5.147691
21.401,1.3527653,8.095043,5.1045938
21.442,1.2569942,8.382356,5.130931
21.469,1.0582695,8.324894,5.260222
21.503,0.9696813,8.298556,5.0614967
21.533,1.2067145,8.181237,5.0662856
21.568,1.1684061,8.020821,5.0040345
21.602,1.1708003,7.9130783,5.1692395
21.642,1.3288225,7.970541,4.8292522
21.682,1.541913,8.152506,4.6903844
21.702,1.4413534,8.269825,4.565882
21.742,1.2785428,8.284191,5.0136113
21.768,1.3264283,8.226728,5.2434616
21.810,1.525153,8.116591,5.152479
21.842,1.4700848,8.097438,5.272193
21.882,1.3791022,8.128563,5.3488097
21.903,1.3647367,8.128563,5.2841644
21.942,1.4221992,8.128563,5.087834
21.981,1.5012103,8.145323,5.0638914
22.008,1.4964218,8.147717,4.9776974
22.044,1.359948,8.286585,4.9776974
22.083,1.2426286,8.363202,5.2290964
22.108,1.2665714,8.336864,5.3009243
22.142,1.3814965,8.300951,5.3512044
22.182,1.2593886,8.286585,5.454158
22.208,1.2043202,8.2027855,5.4254265
22.242,1.2402344,8.2027855,5.195576
22.283,1.1564348,8.281796,5.0830455
22.310,1.2426286,8.320105,5.1429024
22.341,1.1708003,8.298556,5.2674046
22.380,1.2330515,8.277008,5.1285367
22.407,1.324034,8.260248,5.138114
22.442,1.4868447,8.159689,5.111777
22.480,1.359948,8.171659,5.111777
22.521,1.4413534,8.195602,5.0040345
22.542,1.5323359,8.147717,5.0375543
22.581,1.3814965,8.190814,5.0231886
22.621,1.2905141,8.253065,5.3464155
22.647,1.3623424,8.236305,5.341627
22.681,1.3360053,8.217151,5.1596622
22.722,1.2953026,8.25546,5.06868
22.743,1.3910737,8.219545,5.0662856
22.783,1.4078336,8.190814,5.1189594
22.822,1.3144568,8.212362,5.1596622
22.847,1.3168511,8.243488,5.1812105
22.880,1.3695252,8.231517,5.150085
22.921,1.3671309,8.219545,5.1788163
22.949,1.3455825,8.197997,5.2243075
22.983,1.4006507,8.197997,5.1859994
23.023,1.3383996,8.217151,5.1285367
23.048,1.2138973,8.217151,5.157268
23.082,1.201926,8.28898,5.1644506
23.121,1.1684061,8.310528,5.0926223
23.147,1.1300977,8.269825,5.166845
23.181,1.2258687,8.2578535,5.1596622
23.213,1.324034,8.183631,5.2075477
23.254,1.3719195,8.2027855,5.255433
23.282,1.2258687,8.226728,5.090228
23.322,1.376708,8.190814,5.147691
23.360,1.4557191,8.10462,5.272193
23.381,1.4102279,8.107015,5.05192
23.420,1.3934679,8.157294,5.1452966
23.462,1.3814965,8.229122,5.255433
23.482,1.2905141,8.241094,5.1979704
23.523,1.3383996,8.231517,5.2314906
23.563,1.3695252,8.157294,5.233885
23.588,1.2905141,8.174054,5.1644506
23.623,1.4413534,8.150111,5.272193
23.663,1.4269878,8.174054,5.28177
23.689,1.3575538,8.197997,5.200365
23.722,1.3671309,8.214757,5.011217
23.761,1.4102279,8.174054,5.027977
23.788,1.5634614,8.183631,5.751048
23.821,1.4245936,8.102226,5.31529
23.863,1.5275474,8.020821,5.276982
23.887,1.5610672,8.0375805,5.3871183
23.923,1.4748733,8.035186,5.375147
23.960,1.5179702,8.063917,5.355993
23.988,1.7430321,8.348836,4.843618
24.020,1.4365649,8.083072,5.209942
24.062,1.446142,8.095043,5.4948606
24.087,1.5012103,8.075889,5.3272614
24.121,1.5347302,8.051947,5.339233
24.161,1.5490957,8.0375805,5.401484
24.188,1.5850099,8.018426,5.253039
24.222,1.5107874,8.042369,5.355993
24.260,1.4557191,8.099832,5.427821
24.289,1.4293821,8.083072,5.2865586
24.322,1.4844503,8.083072,5.420638
24.362,1.4796618,8.023215,5.2745876
24.401,1.4796618,8.049552,5.339233
24.427,1.4174107,8.066312,5.4302154
24.462,1.350371,8.133351,5.497255
24.501,1.4389591,8.109408,5.463735
24.527,1.4509305,8.05434,5.2865586
24.562,1.4245936,8.05434,5.2482505
24.602,1.4748733,8.056735,5.322473
24.629,1.3647367,8.066312,5.2458563
24.660,1.403045,8.107015,5.4661293
24.702,1.4868447,8.066312,5.3727527
24.727,1.4533248,8.085466,5.262616
24.762,1.4198049,8.049552,5.418244
24.802,1.4652961,8.030397,5.288953
24.828,1.4652961,8.051947,5.29853
24.864,1.4317763,8.032792,5.401484
24.900,1.3838909,8.059129,5.36557
24.927,1.3407938,8.083072,5.516409
24.962,1.3838909,8.083072,5.4517636
25.002,1.2953026,8.095043,5.31529
25.040,1.3192455,8.109408,5.4326096
25.062,1.3623424,8.10462,5.341627
25.100,1.3312168,8.078283,5.3464155
25.128,1.3791022,8.063917,5.547535
25.167,1.4126221,8.018426,5.3535986
25.200,1.4676905,8.032792,5.3631754
25.229,1.3886794,8.059129,5.442187
25.267,1.4365649,8.018426,5.2410674
25.302,1.4413534,8.018426,5.2219133
25.340,1.3216397,8.056735,5.3631754
25.366,1.2761484,8.097438,5.3535986
25.400,1.2905141,8.135746,5.5714774
25.439,1.3288225,8.107015,5.384724
25.467,1.3431882,8.08786,5.3895125
25.502,1.324034,8.030397,5.5906315
25.542,1.3312168,8.056735,5.238673
25.567,1.376708,8.049552,5.320079
25.602,1.297697,8.073495,5.4924664
25.641,1.3312168,8.083072,5.288953
25.668,1.3743137,8.018426,5.3631754
25.700,1.3934679,8.018426,5.499649
25.742,1.2713599,8.085466,5.4852834
25.767,1.3216397,8.073495,5.418244
25.800,1.3048798,8.066312,5.4254265
25.842,1.2929084,8.090255,5.4302154
25.868,1.2569942,8.061523,5.418244
25.902,1.3096683,8.0711,5.4589467
25.941,1.3407938,8.0375805,5.4158497
25.984,1.3527653,8.056735,5.446975
26.003,1.333611,8.035186,5.4254265
26.045,1.4126221,8.032792,5.4326096
26.084,1.3958622,8.006455,5.4110613
26.107,1.3958622,8.011244,5.4086666
26.142,1.3455825,8.006455,5.5283804
26.181,1.3791022,8.020821,5.4661293
26.207,1.359948,8.028004,5.418244
26.242,1.3192455,8.004061,5.4134555
26.284,1.2426286,8.080677,5.4230323
26.313,1.201926,8.0926485,5.3081074
26.340,1.2617828,8.090255,5.4086666
26.380,1.2785428,8.051947,5.6241517
26.407,1.1899546,8.0711,5.3871183
26.441,1.1899546,8.123775,5.4757066
26.485,1.2210802,8.133351,5.4948606
26.508,1.2546,8.018426,5.3009243
26.540,1.4102279,7.9777236,5.3871183
26.582,1.446142,8.028004,5.253039
26.607,1.4221992,7.9849067,5.0423427
26.640,1.2929084,7.965752,5.2865586
26.682,1.4844503,7.9920893,5.4493694
26.708,1.4748733,7.9609637,5.523592
26.741,1.350371,7.9585695,5.619363
26.782,1.228263,8.085466,5.8779445
26.821,1.1827718,8.099832,5.5714774
26.848,1.1133378,8.109408,5.5283804
26.881,1.1660118,8.049552,5.4709177
26.921,1.2905141,8.028004,5.341627
26.948,1.3192455,8.049552,5.4326096
26.983,1.3120626,8.032792,5.2913475
27.022,1.2785428,8.039975,5.442187
27.047,1.3096683,8.066312,5.31529
27.082,1.3312168,8.023215,5.439792
27.125,1.446142,8.140534,5.3631754
27.146,1.2546,8.039975,5.28177
27.180,1.333611,8.097438,5.5331693
27.222,1.5036045,7.9561753,5.133325
27.249,1.3814965,7.848433,5.741471
27.282,1.462902,7.9394155,5.480495
27.320,1.2498114,7.9418097,5.420638
27.347,1.185166,8.056735,5.669643
27.380,1.2402344,8.130958,5.5283804
27.420,1.2043202,8.016032,5.4326096
27.447,1.1085492,8.032792,5.3727527
27.482,1.2665714,8.016032,5.38233
27.522,1.2498114,7.9322324,5.5140147
27.549,1.3719195,7.9178667,5.6576715
27.581,1.3479767,7.8340673,5.7558365
27.621,1.158829,7.8556156,5.8683677
27.663,1.175589,7.848433,5.8204823
27.688,1.0870007,7.8556156,5.5978146
27.721,1.132492,7.8723755,5.774991
27.765,1.2234744,7.7957587,5.8587904
27.784,1.1827718,7.7861814,5.6744313
27.822,1.2306572,7.814913,5.6983743
27.862,1.1564348,7.755056,5.949773
27.888,1.0989721,7.7670274,6.098218
27.922,1.1923488,7.8101244,6.0072355
27.960,1.1205206,7.735902,5.9234357
27.987,1.1660118,7.7526617,6.158075
28.021,1.3192455,7.8340673,6.091035
28.063,1.2354459,7.7670274,5.238673
28.087,1.3407938,7.6975937,5.4110613
28.122,1.3431882,7.7071705,5.8683677
28.159,1.3120626,7.867587,5.6672482
28.187,1.2043202,7.843644,5.6792197
28.220,1.228263,7.8388557,5.681614
28.260,1.0774237,7.9322324,5.7223167
28.301,0.90503585,7.910684,5.7989335
28.320,0.9768641,7.9777236,5.7223167
28.361,1.0391153,7.9154725,5.669643
28.400,1.158829,7.8340673,5.7989335
28.427,1.2162915,7.80773,5.705557
28.460,1.175589,7.8268843,5.609786
28.500,1.2713599,7.82449,5.7390766
28.527,1.2929084,7.778999,5.731894
28.561,1.1612233,7.8292785,5.6935854
28.600,1.1660118,7.865193,5.846819
28.627,1.1708003,7.8340673,5.8061166
28.665,1.0151725,7.8532214,5.751048
28.702,1.0199611,7.910684,5.7606254
28.727,1.0678465,7.8891354,5.813299
28.760,1.1061549,7.860404,5.7534423
28.801,1.1827718,7.865193,5.7821736
28.828,1.23784,7.805336,5.748654
28.860,1.2450229,7.7694216,5.6672482
28.901,1.2522057,7.80773,5.6409116
28.927,1.1971374,7.84125,5.6672482
28.962,1.0558752,7.946598,5.8156934
29.002,1.0989721,7.9753294,5.7606254
29.026,1.063058,7.92505,5.7558365
29.062,1.0606637,7.8987126,5.6744313
29.103,1.1803775,7.9394155,5.827665
29.127,1.0726352,7.905895,5.5882373
29.166,1.1779832,7.9418097,5.794145
29.200,1.175589,7.884347,5.669643
29.241,1.4054393,7.8340673,5.774991
29.262,1.2905141,7.788576,5.8204823
29.300,1.3407938,7.8388557,5.6959796
29.339,1.2330515,7.893924,5.504438
29.367,1.1971374,7.905895,5.6504884
29.400,1.2450229,7.9561753,5.7295
29.440,1.3048798,7.8795586,5.549929
29.467,1.3383996,7.84125,5.5140147
29.501,1.3360053,7.860404,5.619363
29.541,1.3934679,7.848433,5.6576715
29.569,1.446142,7.8197017,5.6361227
29.601,1.472479,7.80773,5.504438
29.641,1.4605076,7.7742105,5.621757
29.667,1.4006507,7.850827,5.727105
29.700,1.2617828,7.910684,5.705557
29.741,1.1660118,7.922655,5.6169686
29.767,1.0989721,7.953781,5.707951
29.801,1.0343267,8.023215,5.7438655
29.841,1.010384,8.023215,5.6768255
29.867,1.0319325,7.987301,5.6241517
29.900,1.1372806,7.9178667,5.8204823
29.940,1.2522057,7.8556156,5.7797794
29.967,1.350371,7.8125186,5.7007685
30.002,1.3120626,7.814913,5.715134
30.040,1.2713599,7.8987126,5.564295
30.079,1.2474172,7.910684,5.463735
30.106,1.2546,7.920261,5.5331693
30.141,1.3072741,7.8460383,5.4517636
30.168,1.4126221,7.8340673,5.705557
30.208,1.3264283,7.8125186,5.7534423
30.240,1.2929084,7.8532214,5.7725964
30.279,1.3024855,7.860404,5.7797794
30.307,1.2809371,7.8460383,5.62894
30.340,1.2091088,7.843644,5.585843
30.383,1.211503,7.80773,5.6313343
30.407,1.2043202,7.848433,5.715134
30.441,1.0870007,7.905895,5.794145
30.481,1.063058,7.9681463,5.6840086
30.508,0.95531565,7.9992723,5.6145744
30.541,1.0247496,7.9944835,5.9234357
30.580,1.0079896,7.9178667,5.6768255
30.607,1.2641771,7.860404,5.6385174
30.641,1.4533248,7.7119594,5.7127395
30.681,1.498816,7.4366174,6.282577
30.707,1.7933118,7.5898514,6.316097
30.741,1.9417568,7.415069,5.933013
30.780,2.0542877,7.379155,5.6744313
30.807,2.0782306,7.2594414,5.751048
30.841,2.0016139,7.350424,5.6792197
30.880,2.631308,7.1109962,6.122161
30.920,2.9497466,6.7446723,5.995264
30.942,2.918621,6.526793,6.4789076
30.985,3.4645157,6.0670924,6.8236833
31.020,3.387899,6.2275085,7.16367
31.047,3.3256476,6.395108,7.743085
31.081,3.2610023,6.366377,7.168459
31.120,3.529161,6.4358106,6.6584783
31.146,3.46691,6.4405994,6.2322974
31.180,3.2993107,6.591439,6.5220046
31.211,3.2346652,6.737489,6.9098773
31.247,3.2969165,6.9218483,6.711152
31.280,3.371139,6.9218483,5.7390766
31.320,3.407053,6.91706,5.2314906
31.346,3.5794408,6.8093176,5.8156934
31.380,3.7422516,6.7853746,6.0934296
31.419,3.529161,6.8859344,6.071881
31.446,3.4309957,7.0439563,5.930619
31.481,3.2969165,7.108602,5.715134
31.521,3.1173458,7.1373334,5.497255
31.547,3.0981915,7.2594414,5.6768255
31.580,2.8827069,7.3432407,5.7534423
31.620,2.8252442,7.4461946,6.062304
31.661,2.8946784,7.407886,5.837242
31.680,2.9928436,7.333664,5.7582307
31.721,3.0646718,7.225921,5.9186473
31.762,3.1053743,7.2546525,5.791751
31.781,3.1388943,7.266624,5.837242
31.821,3.0335462,7.2618356,5.8252707
31.860,3.083826,7.2522583,5.751048
31.886,3.0814316,7.2714124,5.7031627
31.920,2.8276386,7.3169036,5.8755503
31.962,2.6791935,7.4821086,5.935407
31.986,2.631308,7.4964743,5.748654
32.020,2.7845416,7.501263,5.648094
32.059,2.657645,7.4892917,5.8013277
32.086,2.6624336,7.4821086,5.7031627
32.119,2.8108785,7.4701376,5.593026
32.162,2.7318676,7.415069,5.748654
32.187,2.6815877,7.4366174,5.7630196
32.220,2.6456738,7.537177,5.7175283
32.260,2.6935592,7.5683026,5.6959796
32.289,2.667222,7.556331,5.741471
32.319,2.6887705,7.501263,5.8947043
32.360,2.7725701,7.515629,5.6313343
32.388,2.7079248,7.4892917,5.377541
32.421,2.8084843,7.5276,5.583449
32.462,2.719896,7.5060515,5.6361227
32.489,2.8443985,7.4797144,5.6337285
32.523,2.8803127,7.431829,5.5954204
32.561,2.796513,7.467743,5.564295
32.588,2.743839,7.4868975,5.7989335
32.622,2.770176,7.4629545,5.784568
32.660,2.6815877,7.553937,5.643306
32.688,2.569057,7.6113997,5.5547175
32.728,2.5762396,7.6281595,5.619363
32.761,2.631308,7.6018224,5.593026
32.801,2.5618742,7.6018224,5.516409
32.827,2.5546913,7.5826683,5.6409116
32.862,2.7222905,7.5395713,5.8444247
32.902,2.7390504,7.520417,5.767808
32.927,2.7342618,7.515629,5.715134
32.960,2.753416,7.5299945,5.604997
33.001,2.6815877,7.5299945,5.5786605
33.028,2.8108785,7.5323887,5.442187
33.062,2.8108785,7.4629545,5.5571117
33.101,2.8491871,7.4845033,5.727105
33.128,2.8563697,7.431829,5.62894
33.163,2.8874955,7.4246464,5.482889
33.200,2.5522969,7.51084,5.803722
33.228,2.52596,7.735902,5.6744313
33.261,2.516383,7.7071705,5.5331693
33.301,2.5546913,7.6257653,5.5786605
33.327,2.2769554,7.5922456,5.401484
33.360,2.2362528,7.7095647,5.8611846
33.401,2.2147043,7.7742105,6.098218
33.440,2.3799093,7.5323887,5.810905
33.461,2.2841382,7.3839436,5.734288
33.501,2.7725701,7.2881727,5.5619006
33.540,2.588211,7.326481,5.9832926
33.567,2.4062462,7.228316,5.6241517
33.601,2.7749646,7.1947956,6.055121
33.642,2.7342618,7.1133904,4.659259
33.663,2.6528566,6.7255177,4.862772
33.701,2.8803127,6.9505796,5.813299
33.741,2.1117504,7.8699813,5.312896
33.767,0.7685622,6.9721284,5.5283804
33.801,0.6296943,7.884347,6.742278
33.842,0.2657645,7.3767605,6.021601
33.867,0.5458947,8.183631,6.7662206
33.901,0.3615355,7.1828246,7.405492
33.942,0.723071,7.405492,7.903501
33.968,0.28731298,7.1947956,6.91706
34.001,0.8332076,7.125362,6.2945485
34.040,1.8795058,6.9481854,7.393521
34.067,1.1157321,7.9154725,7.103813
34.100,0.339987,6.754249,7.491686
34.143,1.0870007,7.0559278,7.058322
34.167,1.201926,7.249864,6.5387645
34.200,1.2641771,7.285778,6.273
34.241,1.3527653,7.4414062,6.1484976
34.279,0.80687064,7.395915,5.9904757
34.301,1.4868447,7.6544967,6.445388
34.339,1.5131817,7.3815494,6.407079
34.380,1.3072741,7.726325,5.9808984
34.408,1.175589,7.6544967,5.786962
34.441,0.85236186,7.9561753,5.8611846
34.481,1.403045,8.061523,6.5986214
34.507,1.3096683,7.8460383,6.177229
34.541,0.6847626,7.49408,4.767001
34.580,0.026337024,7.843644,6.299337
34.607,0.5913859,7.51084,6.6848154
34.641,0.6177229,7.5850625,5.837242
34.681,0.49800915,7.7071705,5.2410674
34.707,0.7901107,7.929838,5.7175283
34.740,1.0726352,7.9561753,6.3567996
34.781,0.9217958,7.692805,6.431022
34.807,1.2546,8.10462,5.487678
34.840,0.3040729,7.537177,5.2458563
34.880,0.57462597,7.6736507,5.559506
34.907,1.3288225,7.92505,6.4980617
34.940,1.0343267,7.613794,6.0407553
34.980,0.65842557,7.501263,6.605804
35.007,0.5913859,7.745479,6.2059603
35.041,0.7901107,7.8197017,5.1883936
35.080,1.0439038,7.802942,6.177229
35.120,0.9241901,8.083072,4.582642
35.142,0.24182175,7.5826683,5.626546
35.181,0.8284191,7.953781,5.4493694
35.220,1.1277034,7.9585695,6.2131433
35.246,1.7813405,7.788576,6.0599093
35.280,0.33519846,7.4845033,5.4924664
35.320,0.9313729,8.118986,5.734288
35.346,1.3048798,8.075889,5.7606254
35.379,1.5802214,7.989695,5.968927
35.420,1.2761484,7.8125186,5.626546
35.446,1.3360053,7.702382,5.3679643
35.480,0.99362403,7.6305537,5.0207944
35.520,0.29689008,7.455772,6.7039695
35.546,0.33759275,7.6880164,5.7223167
35.580,0.89545876,7.6449194,6.4429936
35.620,0.5985687,7.800547,4.8771377
35.646,0.9337672,7.7239304,6.1125836
35.680,0.7589851,7.7766047,6.407079
35.719,0.30646718,7.8125186,5.1812105
35.747,0.24182175,7.620977,5.427821
35.787,0.67757976,7.8460383,6.5004563
35.822,1.6496553,8.051947,6.349617
35.847,1.960911,8.063917,5.2865586
35.881,0.9217958,8.0687065,5.358387
35.921,0.31604427,7.92505,5.152479
35.960,0.5985687,7.556331,5.652883
35.986,0.4956149,7.8532214,5.499649
36.019,1.5107874,7.9968777,6.284971
36.059,0.51716334,7.9777236,5.2937417
36.086,0.81644773,8.08786,5.05192
36.121,1.324034,8.128563,5.770202
36.160,1.6759924,8.229122,5.619363
36.186,0.34716985,7.9585695,4.8364353
36.219,0.03351985,8.176449,4.6760187
36.260,0.44294083,8.2387,6.854809
36.286,0.05985687,8.413482,6.7638264
36.319,0.32562137,7.656891,5.044737
36.360,1.0462981,7.4868975,6.438205
36.386,1.3527653,7.573091,5.4134555
36.420,1.2162915,7.745479,6.244269
36.461,0.5147691,7.7239304,6.6608725
36.486,0.5698374,7.8699813,5.480495
36.520,0.50758624,7.7861814,5.418244
36.559,0.39266106,7.74069,6.1101894
36.586,0.49800915,7.735902,5.978504
36.620,0.44533512,7.7742105,5.607392
36.660,0.88109314,7.7957587,5.880339
36.688,0.45970076,7.7335076,6.3567996
36.720,0.30167863,7.8173075,6.261029
36.761,0.63208854,7.8197017,5.4350038
36.801,-0.16041641,7.982512,5.5978146
36.821,0.48124924,7.8125186,5.7223167
36.866,0.5650489,7.699988,5.8420305
36.888,0.32083282,7.759845,6.3567996
36.928,0.3519584,7.6880164,5.9641385
36.960,0.35435268,7.6305537,5.808511
37.001,0.07901107,7.637737,6.021601
37.027,0.13647367,7.5850625,5.36557
37.064,-0.63208854,6.996071,6.2179317
37.100,1.0774237,8.178843,7.613794
37.127,1.0558752,7.3480296,7.4821086
37.161,0.7877164,7.225921,6.7015753
37.200,0.57462597,7.063111,6.682421
37.227,0.64166564,7.56112,6.9146657
37.259,0.35674694,7.2714124,6.22272
37.300,0.6177229,7.3743663,6.1652575
37.326,0.37590113,7.3815494,6.3903193
37.360,0.45012367,7.3408465,5.7606254
37.400,0.88588166,7.762239,6.1724405
37.429,0.5602603,7.4007034,6.1915946
37.460,0.8667275,7.501263,6.177229
37.500,0.679974,7.3312693,6.186806
37.527,1.0223553,7.678439,6.9146657
37.561,1.3455825,7.7909703,6.5986214
37.601,0.9529214,7.7837873,6.447782
37.640,0.85954463,7.972935,5.8779445
37.662,0.6105401,7.814913,5.0998054
37.701,0.8547561,8.159689,5.0231886
37.743,0.79250497,8.303345,5.0184
37.767,0.94095,8.43503,5.2674046
37.800,1.3551595,8.4781275,5.174028
37.840,1.324034,8.107015,5.384724
37.866,1.3192455,8.358414,5.31529
37.900,0.8044763,8.28898,5.140508
37.940,0.81644773,8.332076,5.1093826
37.966,1.2258687,8.41827,6.019207
37.999,0.91461295,8.28898,5.317684
38.039,0.60335726,7.788576,5.2650104
38.067,0.6368771,7.982512,5.7175283
38.100,0.4166038,7.7335076,5.454158
38.140,0.1699935,7.59464,5.6576715
38.165,0.12210801,7.5850625,6.1556807
38.206,0.5818088,7.8460383,5.952167
38.247,0.35435268,7.74069,5.827665
38.271,0.47167215,7.8340673,6.055121
38.300,0.4740664,7.8795586,5.786962
38.339,0.06464542,7.721536,5.6145744
38.381,0.4166038,7.659285,6.818895
38.406,1.4006507,7.9178667,6.699181
38.439,0.057462595,7.563514,5.506832
38.479,0.53392327,7.80773,6.3400397
38.506,0.31365,7.80773,6.2586346
38.539,0.28013015,7.6640735,5.7175283
38.579,0.46927786,7.805336,5.8875217
38.606,0.45491222,7.860404,5.7223167
38.642,0.16759923,7.6090055,5.384724
38.680,0.38068968,7.9992723,6.263423
38.707,0.18196489,8.145323,5.6552773
38.741,-0.41420954,7.963358,4.702356
38.780,-0.45251793,8.193209,5.523592
38.807,-0.60335726,8.200391,5.3009243
38.840,-0.9720756,8.281796,5.195576
38.880,-0.9074302,7.9489923,6.5196104
38.906,-0.723071,8.245882,6.079064
38.939,-0.44772938,7.8292785,5.087834
38.980,-0.43575802,8.174054,5.5188036
39.006,-0.12929083,8.248277,5.8659735
39.040,-0.31843856,7.8963184,5.734288
39.080,-1.0654523,7.7574506,5.995264
39.106,-0.09337672,8.157294,5.054314
39.140,-0.22985038,7.3384523,5.4110613
39.180,-0.22027329,7.1157846,6.7997403
39.226,-0.39266106,7.513234,6.517216
39.245,0.4740664,7.067899,6.407079
39.282,0.9289786,7.336058,6.7015753
39.309,0.23224466,7.161276,7.6042166
39.346,0.30646718,7.048745,7.520417
39.379,0.7110996,7.273807,6.28976
39.419,0.23224466,7.350424,6.318491
39.446,0.14605077,7.204373,6.1748347
39.482,0.16520496,7.3480296,6.282577
39.521,0.28970724,7.556331,6.8715687
39.547,0.33759275,7.4988685,6.7853746
39.580,0.30886146,7.395915,6.404685
39.621,0.17478207,7.398309,6.150892
39.647,0.44533512,7.472532,6.510033
39.681,0.21069619,7.2546525,6.0431495
39.723,-0.43336374,7.927444,6.344828
39.747,0.46927786,7.398309,6.167652
39.782,0.45730647,7.8627987,6.4693303
39.821,0.4070267,7.7143536,6.32328
39.848,0.1699935,7.726325,6.273
39.882,0.20590763,7.9585695,5.296136
39.922,0.65124273,8.38475,5.236279
39.948,0.6488485,8.353624,4.9393888
39.982,0.70631105,8.497281,4.992063
40.024,0.86912173,8.470944,4.7119327
40.048,1.1660118,8.5331955,4.5084195
40.081,0.7901107,8.305739,5.569083
40.119,0.39505535,8.217151,4.685596
40.149,0.6488485,8.387145,4.819675
40.185,0.6847626,8.377567,5.0591025
40.219,0.39266106,8.111803,4.9010806
40.260,0.63208854,8.334471,5.3105016
40.286,0.55307746,8.245882,5.2482505
40.319,0.24421602,8.166871,5.774991
40.361,-0.12210801,7.5228114,5.95935
40.386,0.028731298,7.5443597,6.117372
40.419,-0.11253092,7.6473136,6.2921543
40.459,0.23942748,7.743085,5.7007685
40.487,0.12689656,7.762239,6.203566
40.520,0.043096945,7.59464,7.041562
40.561,-0.26097596,7.273807,6.2083545
40.588,0.32801566,7.7957587,6.2945485
40.621,0.14605077,7.57788,6.421445
40.661,-0.15562786,7.3839436,6.0694866
40.686,0.026337024,7.4366174,6.2251143
40.722,0.021548472,7.51084,6.517216
40.761,-0.0670397,7.388732,6.4429936
40.787,-0.090982445,7.326481,6.5627074
40.821,0.0670397,7.4174633,6.6632667
40.861,0.0,7.2378926,6.6249585
40.887,0.028731298,7.3671837,6.510033
40.920,-0.09337672,7.4222517,6.0335727
40.962,-0.05985687,7.429435,6.447782
40.999,0.15802214,7.501263,6.2586346
41.021,0.45730647,7.6736507,6.3376455
41.060,0.17717634,7.616188,5.849213
41.100,0.9289786,7.5036573,6.596227
41.126,0.50040346,7.9130783,6.4980617
41.160,0.39505535,7.6473136,6.7853746
41.199,-0.08619389,7.4797144,5.497255
41.227,0.11253092,7.8197017,6.244269
41.260,0.076616794,7.491686,6.5459476
41.299,0.36632404,7.6305537,5.995264
41.325,0.52674043,7.6090055,6.5555243
41.359,0.409421,7.3863378,5.7725964
41.399,0.531529,7.620977,5.8611846
41.426,0.05027977,7.412675,5.7438655
41.459,0.14844504,7.5659084,6.754249
41.502,0.08619389,7.649708,6.308914
41.527,0.21309046,7.800547,6.2945485
41.562,0.0023942748,7.4270406,6.0503325
41.599,0.8356019,7.7239304,5.873156
41.627,1.1564348,7.9346266,5.9210415
41.660,1.0917894,8.018426,6.220326
41.700,1.1037607,7.699988,6.7135468
41.740,-0.51716334,7.3001437,5.9018874
41.766,-0.32562137,7.910684,6.220326
41.800,-0.29210153,7.431829,6.071881
41.839,0.74222517,7.5395713,6.8500204
41.866,0.30167863,7.5491486,5.906676
41.898,-0.2753416,7.781393,5.1620564
41.939,-0.21787901,7.683228,6.016813
41.966,-0.29210153,7.5922456,6.349617
41.999,-0.10774237,7.8316727,5.8396363
42.040,0.0,7.501263,6.902694
42.066,0.69912827,7.781393,6.265817
42.100,0.8547561,7.649708,6.656084
42.140,0.8236305,7.8963184,4.826858
42.166,-0.07901107,7.4461946,5.442187
42.198,-0.24182175,7.597034,5.7366824
42.240,0.7877164,7.8795586,7.391126
42.266,0.23942748,7.642525,6.938608
42.298,0.65124273,7.843644,6.138921
42.339,0.32801566,7.905895,6.0072355
42.365,0.19633053,7.5922456,5.5451403
42.399,0.17238778,7.4605603,6.0934296
42.440,-0.30646718,7.692805,5.724711
42.466,0.33759275,7.922655,5.897099
42.505,0.25379312,7.865193,5.566689
42.540,0.6273,7.7694216,6.22272
42.580,0.12210801,7.597034,5.810905
42.606,0.05027977,7.7167478,5.7175283
42.642,0.038308397,7.755056,6.134132
42.680,-0.27055305,7.649708,6.28976
42.701,-0.2753416,7.656891,5.9976583
42.739,0.043096945,7.6353426,5.705557
42.781,-0.019154198,7.5683026,6.3544054
42.806,-0.08858817,7.580274,6.517216
42.840,-0.22506183,7.472532,6.6632667
42.881,-0.30886146,7.4629545,5.935407
42.906,-0.15562786,7.5587254,6.160469
42.942,0.045491222,7.56112,6.814106
42.980,-0.24421602,7.429435,6.167652
43.006,-0.16520496,7.352818,5.9856873
43.040,-0.011971374,7.3240867,5.6935854
43.080,-0.22745611,7.472532,6.2586346
43.106,-0.11013664,7.513234,5.834848
43.141,-0.038308397,7.553937,6.5052447
43.180,0.047885496,7.620977,6.818895
43.207,0.1340794,7.680834,6.794952
43.239,-0.17238778,7.491686,6.589044
43.281,-0.062251143,7.379155,5.90907
43.306,0.30167863,7.4988685,5.8420305
43.345,0.15083931,7.4366174,6.265817
43.379,0.19154198,7.4605603,6.8284717
43.419,0.21309046,7.3647895,6.507639
43.446,0.38308397,7.434223,6.6177754
43.479,0.5219519,7.5084457,6.368771
43.520,0.5243462,7.556331,5.897099
43.541,0.37350687,7.474926,6.0311785
43.581,0.4166038,7.4988685,6.3831367
43.621,0.0023942748,7.2762012,6.349617
43.647,0.18675344,7.355212,6.3759537
43.680,0.42618093,7.5874567,6.019207
43.720,0.33759275,7.350424,6.019207
43.745,-0.37590113,7.257047,5.5954204
43.779,1.2091088,7.84125,6.8667803
43.818,1.1037607,7.683228,5.851608
43.846,0.7637737,7.7670274,6.344828
43.878,0.035914123,7.379155,6.531582
43.918,0.09337672,7.2762012,5.8611846
43.946,0.3328042,7.4102807,6.58665
43.980,0.28970724,7.5491486,6.490879
44.018,-0.043096945,7.656891,5.7534423
44.045,0.6703969,7.6090055,5.3296556
44.079,0.045491222,7.6473136,6.177229
44.119,-0.4860378,7.2881727,7.269018
44.146,-0.19633053,7.573091,5.9641385
44.186,0.45012367,7.455772,6.488485
44.219,-0.47885495,7.2378926,5.626546
44.259,-0.24421602,7.4366174,6.1700463
44.286,0.70631105,7.6688623,6.7207294
44.318,1.0175668,7.616188,7.1349387
44.359,1.2306572,7.4222517,6.6345353
44.385,0.4189981,7.3480296,6.3328567
44.419,0.37829542,7.204373,6.4525704
44.458,0.5794145,7.5491486,6.5459476
44.485,0.5698374,7.6042166,6.5052447
44.519,0.38787252,7.5323887,6.1700463
44.560,0.47167215,7.3839436,6.1892004
44.586,0.6440599,7.59464,6.241874
44.619,0.43815228,7.501263,6.543553
44.660,0.2944958,7.429435,5.813299
44.687,0.15562786,7.395915,5.7390766
44.720,0.5985687,7.4270406,6.203566
44.759,-0.1340794,7.4007034,6.0694866
44.785,0.071828246,7.474926,6.7207294
44.818,0.44294083,7.415069,6.7303066
44.860,0.7015225,7.501263,6.9074826
44.885,-0.035914123,7.118179,5.33205
44.924,-0.5219519,7.391126,5.734288
44.959,1.3383996,7.755056,7.1349387
45.000,0.76616794,7.685622,6.821289
45.026,-0.967287,7.1349387,5.5547175
45.058,0.17957062,7.515629,6.220326
45.100,1.1205206,7.6975937,6.6776323
45.126,0.7996878,7.6544967,6.5746784
45.159,0.66321415,7.8125186,6.1030064
45.198,-0.2466103,7.5036573,5.8659735
45.225,0.4189981,7.4366174,5.7390766
45.260,0.71828246,7.798153,6.8236833
45.300,0.17238778,7.764633,5.827665
45.325,0.6847626,7.6042166,6.768615
45.358,0.18435916,7.597034,5.442187
45.399,0.11971374,7.3408465,6.483696
45.425,0.31843856,7.1971903,6.7279124
45.459,0.43575802,7.4007034,5.784568
45.498,0.14365649,7.513234,6.672844
45.525,0.29928434,7.4222517,5.602603
45.558,0.05506832,7.369578,5.66246
45.598,0.37111259,7.7071705,7.1995845
45.625,0.73743665,8.133351,6.1556807
45.659,0.21069619,7.3767605,6.481302
45.699,0.16041641,7.4414062,6.074275
45.725,0.07901107,7.5228114,6.3711653
45.759,0.14844504,7.5587254,6.280183
45.799,0.035914123,7.5252056,6.3639827
45.841,0.15562786,7.537177,5.9449844
45.860,0.06464542,7.448589,5.930619
45.899,-0.0023942748,7.6473136,6.301731
45.927,-0.071828246,7.6185822,6.160469
45.967,-0.3040729,7.6018224,6.280183
45.999,-0.1699935,7.666468,6.134132
46.039,0.05506832,7.678439,6.0694866
46.062,0.14126222,7.6257653,5.9282246
46.099,-0.24182175,7.405492,6.124555
46.139,0.08619389,7.4605603,6.177229
46.162,0.0071828244,7.4198575,5.808511
46.199,-0.94573855,7.738296,6.1915946
46.239,-0.14605077,7.8197017,6.1101894
46.265,-0.019154198,7.599428,6.021601
46.298,-0.62251145,7.474926,5.810905
46.338,-0.2561874,7.1971903,6.2179317
46.365,-0.17957062,7.4701376,5.7725964
46.398,-0.08140534,7.448589,6.2346916
46.439,-0.8092649,7.4030976,6.63693
46.466,-0.71588814,7.3767605,6.2873654
46.500,-0.5818088,7.9513865,6.9505796
46.539,-0.45970076,7.2091613,8.5882635
46.566,-0.37590113,7.2450757,6.299337
46.609,-1.3312168,7.161276,5.3248672
46.638,-0.3232271,7.5850625,7.0104365
46.678,-0.56265455,7.0870533,6.2131433
46.705,-0.2466103,7.692805,5.664854
46.739,-0.66321415,7.2019787,5.6409116
46.780,-0.18196489,6.979311,6.2921543
46.805,0.30167863,7.2426815,6.3280683
46.839,-0.019154198,7.51084,7.039168
46.878,-0.07422252,7.355212,7.4797144
46.905,-0.23224466,7.2426815,6.8236833
46.939,0.011971374,7.3839436,6.7135468
46.978,-0.05985687,7.553937,6.732701
47.005,-0.33759275,7.1924014,7.0319853
47.039,-0.49800915,7.8101244,6.431022
47.081,0.20351335,7.743085,6.3328567
47.110,0.37590113,6.7925577,6.7446723
47.139,0.8930645,7.285778,6.7662206
47.178,0.5602603,7.5276,6.2251143
47.210,0.5961744,7.6449194,6.0670924
47.238,0.9241901,7.4797144,6.5148215
47.279,0.90503585,7.515629,6.404685
47.306,1.0798179,7.5060515,6.2969427
47.338,0.75180227,7.51084,5.9880815
47.378,0.73743665,7.620977,5.8204823
47.405,0.70631105,7.5922456,5.856396
47.439,0.723071,7.6904106,5.681614
47.480,0.6656084,7.702382,5.648094
47.506,0.76137936,7.702382,5.7031627
47.545,0.9074302,7.666468,5.849213
47.580,1.0439038,7.721536,5.8013277
47.620,0.9337672,7.7239304,5.6337285
47.645,1.0319325,7.6712565,5.8779445
47.679,1.0295382,7.632948,5.949773
47.720,0.85954463,7.7167478,5.8324533
47.747,0.9194015,7.7742105,6.071881
47.781,0.85236186,7.692805,6.019207
47.821,0.84039044,7.719142,5.751048
47.845,0.7781393,7.8125186,5.813299
47.880,0.8236305,7.7742105,5.8875217
47.921,0.80687064,7.743085,5.8947043
47.946,0.86193895,7.743085,5.8779445
47.981,0.8140534,7.728719,6.0096297
48.019,0.7637737,7.843644,6.035967
48.045,0.7302538,7.802942,5.90907
48.080,0.90982443,7.6736507,5.897099
48.119,0.9337672,7.6353426,5.8875217
48.145,0.86912173,7.7095647,5.846819
48.180,0.7733508,7.719142,5.8683677
48.219,0.66321415,7.7861814,5.973716
48.245,0.5411061,7.822096,5.995264
48.279,0.679974,7.8292785,6.237086
48.320,0.65363705,7.7861814,6.1269493
48.359,0.48124924,7.8388557,5.8228765
48.385,0.5219519,7.867587,5.9713216
48.419,0.68715686,7.735902,5.973716
48.460,0.89545876,7.6449194,5.6600657
48.485,0.9433443,7.59464,5.8444247
48.519,1.0199611,7.5491486,5.863579
48.559,0.9696813,7.721536,6.091035
48.585,0.9960183,7.685622,6.426234
48.619,1.0055954,7.369578,6.0527267
48.660,1.3096683,7.5228114,5.705557
48.685,1.403045,7.285778,6.672844
48.719,1.8004947,7.290567,6.4693303
48.759,1.0510867,7.4797144,5.691191
48.786,0.34956414,7.5826683,5.7462597
48.819,-0.12929083,7.922655,5.583449
48.859,-0.45251793,7.7861814,7.405492
48.885,1.7741576,8.55235,7.2546525
48.920,1.3958622,7.3647895,4.5467277
48.959,0.6560313,7.1995845,4.896292
48.987,0.23224466,7.7837873,5.5810547
49.019,0.45251793,7.953781,6.924243
49.060,0.4860378,7.391126,6.572284
49.085,0.62251145,7.798153,6.5794673
49.119,0.5363176,7.5395713,6.0479383
49.158,0.09337672,6.7925577,6.481302
49.186,-0.105348095,7.59464,6.859597
49.225,-0.3423813,7.5826683,5.688797
49.259,0.66800267,7.7119594,5.5571117
49.299,0.8044763,7.6975937,5.856396
49.324,0.90982443,7.5491486,6.58665
49.359,0.7996878,7.6473136,6.1532865
49.398,1.175589,7.448589,6.632141
49.424,1.4198049,7.5084457,6.60341
49.459,0.52913475,7.3480296,6.517216
49.499,0.035914123,7.4533772,6.349617
49.523,0.5363176,7.59464,6.23948
49.558,1.0582695,7.1588817,6.7279124
49.599,0.7637737,7.395915,6.184412
49.624,0.3232271,7.642525,6.261029
49.659,0.5865973,7.6305537,6.387925
49.699,-0.0670397,7.5060515,5.9018874
49.725,0.4189981,7.3671837,6.028784
49.760,-0.10774237,7.56112,5.320079
49.799,0.87151605,7.6113997,6.5220046
49.825,0.5961744,7.721536,5.7438655
49.858,-0.071828246,7.3743663,5.7199225
49.899,0.14126222,7.678439,6.2945485
49.925,1.6496553,7.92505,7.3743663
49.963,1.2426286,7.6616793,5.973716
50.002,1.3479767,7.7478733,6.962551
50.027,0.04070267,7.415069,6.0000525
50.063,-0.9074302,7.118179,5.272193
50.094,-0.66321415,7.1564875,5.95935
50.140,1.1420691,7.781393,7.6066113
50.160,0.35914123,7.362395,6.859597
50.200,-0.19393626,7.0559278,5.312896
50.239,0.58420306,7.388732,6.7398834
50.261,0.5698374,7.616188,7.099025
50.298,0.8236305,7.4414062,6.3137026
50.339,0.2944958,7.1971903,7.0535336
50.366,0.63208854,7.3863378,7.0128307
50.399,0.77574503,7.3216925,6.715941
50.439,1.0032011,7.553937,5.3703585
50.465,0.43575802,7.4797144,5.973716
50.499,0.5243462,7.4030976,6.3711653
50.539,0.9816527,7.597034,6.5603127
50.565,0.6392714,7.5683026,6.754249
50.599,0.45970076,7.6066113,5.5619006
50.639,0.7134939,7.352818,6.529187
50.665,0.54828894,7.398309,5.930619
50.700,0.8930645,7.537177,6.797346
50.740,1.4054393,7.781393,6.533976
50.766,0.26097596,7.3408465,5.8611846
50.799,0.105348095,7.355212,6.071881
50.839,0.600963,7.326481,5.889916
50.880,1.6233183,7.7071705,7.273807
50.905,0.86912173,7.965752,5.566689
50.938,1.211503,7.6521025,6.5387645
50.979,0.30167863,7.2881727,5.3512044
51.000,-0.0071828244,7.491686,5.446975
51.039,0.6464542,7.472532,7.431829
51.080,0.84996754,7.515629,6.0311785
51.101,1.0319325,7.726325,5.8204823
51.140,-0.1987248,7.307327,5.9713216
51.180,0.22985038,7.848433,6.273
51.206,-0.8044763,7.692805,5.7582307
51.239,0.06464542,7.6353426,5.8851275
51.280,0.70870537,7.678439,6.141315
51.306,-0.43336374,7.5922456,5.521198
51.338,0.22745611,7.18043,6.4573593
51.378,0.52913475,7.120573,6.2514515
51.407,0.56265455,7.4821086,6.3567996
51.439,2.4876516,8.250671,6.533976
51.479,0.24182175,7.063111,6.1724405
51.505,0.3998439,7.3192983,6.6584783
51.539,0.56265455,7.369578,7.56112
51.579,0.43336374,7.393521,6.6225643
51.606,0.2370332,7.3384523,5.6169686
51.641,0.38308397,7.371972,6.167652
51.679,0.5770202,7.434223,6.261029
51.706,0.45491222,7.2522583,6.318491
51.747,0.9960183,7.6066113,6.2921543
51.781,0.25139886,7.5491486,5.5714774
51.819,-0.3232271,7.56112,6.0670924
51.846,0.87151605,7.683228,7.2163444
51.879,0.67279124,7.6712565,6.572284
51.919,0.6296943,7.4198575,5.437398
51.945,1.2641771,7.6281595,5.8396363
51.979,0.4932206,7.206767,7.058322
52.019,0.70870537,7.901107,5.6313343
52.045,1.0678465,7.759845,6.1101894
52.079,0.30167863,7.4868975,5.5714774
52.119,0.56265455,7.5228114,6.1652575
52.145,0.86193895,7.6736507,6.385531
52.179,0.9577099,7.6066113,6.6153812
52.221,0.84278476,7.5587254,6.2682114
52.246,0.71828246,7.4845033,6.0479383
52.279,0.7589851,7.4797144,5.89231
52.324,0.95531565,7.5084457,6.114978
52.345,0.84039044,7.4868975,6.184412
52.379,0.7829279,7.450983,6.1724405
52.420,0.818842,7.7071705,5.808511
52.445,0.8332076,7.4629545,6.035967
52.479,0.9601042,7.491686,6.431022
52.518,0.8284191,7.51084,6.3567996
52.547,0.61293435,7.637737,6.237086
52.585,0.7398309,7.4868975,6.447782
52.618,1.0223553,7.59464,6.016813
52.647,0.38068968,7.6113997,5.569083
52.685,0.85236186,7.233104,6.9481854
52.719,0.86912173,7.74069,6.304126
52.759,1.5897985,7.51084,6.28976
52.785,1.0008069,8.109408,4.276175
52.819,2.1716073,7.4988685,7.953781
52.859,0.14365649,7.3001437,5.9856873
52.885,-0.7637737,6.9912825,5.446975
52.919,0.05506832,7.4653487,6.976917
52.959,0.4932206,7.6042166,5.66246
52.986,0.5243462,7.6113997,5.6337285
53.019,1.6017698,8.157294,7.0080423
53.059,1.1708003,7.7167478,5.9210415
53.086,1.2067145,8.197997,5.0495257
53.118,1.3719195,7.3216925,6.591439
53.159,0.29210153,6.9505796,6.5627074
53.185,0.0071828244,7.884347,7.024802
53.218,-0.7302538,6.8907228,5.774991
53.259,0.6608198,7.2450757,7.185219
53.299,0.16281068,7.1780357,6.0766697
53.319,0.5363176,7.1660647,6.56989
53.359,0.2753416,7.103813,6.55313
53.399,-0.07422252,7.369578,6.481302
53.425,0.6153286,7.4988685,7.1349387
53.458,0.3328042,7.362395,6.969734
53.499,0.19633053,7.350424,6.5148215
53.526,0.09337672,7.2522583,5.851608
53.561,0.3423813,7.391126,6.5411587
53.598,0.2083019,7.4174633,6.2777886
53.626,-0.6656084,7.4988685,6.2179317
53.660,0.38787252,8.011244,6.0766697
53.699,-0.56265455,7.458166,6.5028505
53.726,-0.23463893,7.3384523,6.857203
53.759,0.3232271,7.4270406,5.4254265
53.798,-0.24182175,7.2019787,5.89231
53.824,0.26097596,7.3408465,6.2682114
53.858,0.3998439,7.3839436,6.035967
53.899,0.52674043,7.5395713,7.3025384
53.924,-0.17478207,7.0367737,7.6305537
53.958,0.1699935,6.3137026,7.269018
53.998,0.41420954,7.269018,6.2275085
54.025,0.05985687,6.5555243,6.960157
54.058,-0.6153286,7.1756415,6.265817
54.099,0.91700727,6.821289,7.6712565
54.125,1.201926,6.1293435,7.570697
54.159,0.91461295,6.56989,8.3679905
54.200,1.4940275,6.1748347,9.09585
54.226,1.5634614,6.4190507,7.563514
54.265,1.4317763,6.308914,6.857203
54.298,1.0295382,6.471725,7.065505
54.339,1.2043202,6.699181,7.4174633
54.365,0.9720756,6.7829804,7.075082
54.399,0.31843856,6.8260775,6.6225643
54.438,0.84996754,6.9936767,7.1995845
54.463,1.063058,6.9218483,7.5299945
54.500,0.85236186,6.981705,6.4597535
54.540,0.69673395,7.233104,5.8779445
54.566,0.8284191,7.283384,6.2921543
54.601,0.86912173,7.345635,6.672844
54.639,0.65363705,7.429435,6.0838523
54.666,0.42139238,7.5587254,5.5355635
54.698,0.67757976,7.5754857,6.2969427
54.739,0.88588166,7.3432407,6.5794673
54.767,0.7541966,7.412675,6.0455437
54.803,0.6344828,7.5323887,5.8851275
54.840,0.600963,7.5515428,6.028784
54.866,0.63208854,7.699988,6.1987777
54.899,0.6344828,7.570697,5.916253
54.941,0.6105401,7.4964743,5.8587904
54.966,0.5794145,7.553937,5.8396363
55.001,0.53871185,7.6544967,6.2131433
55.039,0.57223165,7.5323887,6.4573593
55.066,0.49082634,7.5228114,6.196383
55.101,0.37829542,7.623371,6.098218
55.140,0.3304099,7.683228,6.074275
55.180,0.34956414,7.6880164,6.3807425
55.200,0.339987,7.640131,6.3759537
55.240,0.28970724,7.6616793,6.0311785
55.280,0.31365,7.6305537,6.1628633
55.303,0.28013015,7.6712565,6.203566
55.338,0.28013015,7.7071705,6.079064
55.380,0.4285752,7.570697,6.1820173
55.405,0.50040346,7.5587254,6.1556807
55.438,0.4644893,7.5443597,6.1125836
55.481,0.32083282,7.6257653,5.8228765
55.505,0.3232271,7.676045,5.930619
55.542,0.44294083,7.637737,6.3807425
55.580,0.45970076,7.6113997,5.8611846
55.605,0.38547826,7.597034,5.889916
55.638,0.40463245,7.6473136,6.184412
55.678,0.38787252,7.597034,6.100612
55.705,0.28970724,7.642525,5.9832926
55.739,0.21548474,7.6688623,6.2969427
55.779,0.32801566,7.656891,6.3328567
55.806,0.28252444,7.6018224,6.0838523
55.841,0.18435916,7.666468,6.0766697
55.880,0.3328042,7.6640735,6.184412
55.906,0.38547826,7.5898514,6.158075
55.946,0.409421,7.5683026,5.9210415
55.980,0.34956414,7.597034,6.055121
56.019,0.3328042,7.599428,6.143709
56.045,0.3232271,7.613794,6.237086
56.079,0.35435268,7.6113997,6.3472223
56.120,0.2561874,7.5850625,6.1484976
56.145,0.26337022,7.6449194,6.095824
56.179,0.21309046,7.620977,6.1030064
56.220,0.30646718,7.640131,6.2107487
56.248,0.24900457,7.613794,6.0694866
56.281,0.16759923,7.6113997,6.138921
56.319,0.16281068,7.680834,6.1293435
56.344,0.25379312,7.666468,6.071881
56.379,0.31604427,7.57788,6.100612
56.419,0.22745611,7.5754857,6.095824
56.445,0.15802214,7.632948,6.1652575
56.480,0.15802214,7.6712565,6.1532865
56.518,0.15802214,7.637737,6.2059603
56.545,0.1699935,7.613794,6.246663
56.579,0.15562786,7.6449194,6.280183
56.620,0.19633053,7.680834,6.220326
56.645,0.21309046,7.6449194,6.0311785
56.680,0.22985038,7.5874567,6.0431495
56.719,0.3423813,7.6090055,6.0048413
56.746,0.29928434,7.56112,6.0000525
56.781,0.3304099,7.570697,6.2059603
56.819,0.21548474,7.656891,6.1077952
56.860,0.3040729,7.599428,6.0886407
56.885,0.27055305,7.620977,5.99287
56.920,0.1340794,7.620977,6.138921
56.960,0.26337022,7.649708,6.184412
56.985,0.19633053,7.656891,6.2083545
57.019,0.12210801,7.6353426,6.1700463
57.059,0.19633053,7.597034,6.062304
57.086,0.21787901,7.616188,6.2514515
57.118,0.043096945,7.6449194,6.179623
57.160,0.14605077,7.6712565,6.2777886
57.186,0.18914771,7.580274,6.1461034
57.219,0.15802214,7.616188,6.038361
57.259,0.13647367,7.6544967,6.179623
57.285,0.12689656,7.6640735,6.119766
57.318,0.13647367,7.623371,5.9880815
57.358,0.2466103,7.599428,6.220326
57.385,0.14365649,7.613794,6.0503325
57.419,0.17717634,7.620977,6.23948
57.461,0.15802214,7.640131,6.1820173
57.486,0.14844504,7.6640735,6.095824
57.519,0.13886794,7.623371,6.1820173
57.560,0.13886794,7.649708,6.062304
57.586,0.117319465,7.7167478,6.100612
57.626,0.19393626,7.6090055,6.064698
57.658,0.16520496,7.632948,6.0335727
57.699,0.18675344,7.6616793,6.1077952
57.725,0.2083019,7.5826683,6.057515
57.759,0.18675344,7.620977,6.1030064
57.799,0.102953814,7.676045,6.1915946
57.824,0.076616794,7.735902,6.1484976
57.859,-0.06943397,7.743085,6.1317377
57.899,0.05506832,7.721536,5.956956
57.925,0.16759923,7.6640735,6.095824
57.959,0.1340794,7.620977,6.0479383
58.000,0.090982445,7.680834,6.0862465
58.026,0.17717634,7.659285,6.2322974
58.060,0.1987248,7.6544967,6.038361
58.099,0.29689008,7.6473136,6.0407553
58.125,0.2753416,7.597034,6.136526
58.158,0.14126222,7.685622,6.0670924
58.203,0.20111908,7.728719,6.0503325
58.225,0.14365649,7.7167478,5.973716
58.260,0.0670397,7.7957587,5.995264
58.305,0.13168511,7.8125186,6.021601
58.325,0.1987248,7.745479,5.90907
58.364,0.25379312,7.692805,5.8851275
58.397,0.29210153,7.755056,5.9210415
58.438,0.18675344,7.728719,6.038361
58.465,0.27055305,7.685622,6.0096297
58.499,0.31125572,7.620977,5.810905
58.539,0.44533512,7.685622,6.203566
58.566,0.24900457,7.745479,6.402291
58.599,0.20351335,7.738296,6.0311785
58.639,0.25139886,7.7766047,5.8204823
58.666,0.21787901,7.7957587,6.0096297
58.699,0.1699935,7.805336,5.978504
58.738,0.21069619,7.7909703,5.834848
58.766,0.20351335,7.7861814,5.870762
58.800,0.22506183,7.7837873,6.0000525
58.839,0.28970724,7.676045,5.930619
58.864,0.38068968,7.656891,6.0239954
58.898,0.38068968,7.6353426,6.071881
58.938,0.4285752,7.6712565,6.0838523
58.965,0.29928434,7.649708,6.0503325
58.999,0.36871833,7.642525,6.0838523
59.037,0.36871833,7.6616793,6.079064
59.065,0.22506183,7.743085,6.0239954
59.099,0.21309046,7.7095647,5.9904757
59.139,0.21069619,7.702382,6.0670924
59.166,0.11492519,7.726325,6.1317377
59.199,0.18675344,7.7239304,6.3400397
59.238,0.026337024,7.7933645,6.201172
59.280,0.08619389,7.805336,5.8779445
59.304,0.11971374,7.7837873,5.827665
59.345,0.27294734,7.6904106,6.0072355
59.378,0.3328042,7.632948,5.8827333
59.404,0.409421,7.6616793,5.94259
59.439,0.32083282,7.678439,6.019207
59.479,0.2777359,7.7335076,6.0311785
59.505,0.18675344,7.738296,5.973716
59.538,0.18675344,7.798153,5.9880815
59.579,0.11253092,7.7670274,5.99287
59.605,0.009577099,7.798153,5.935407
59.639,0.17717634,7.802942,6.1915946
59.679,0.16281068,7.7478733,6.1077952
59.705,0.22506183,7.7502675,5.930619
59.740,0.27294734,7.719142,6.0431495
59.780,0.29928434,7.685622,5.8875217
59.808,0.20111908,7.762239,5.770202
59.839,0.1987248,7.805336,5.906676
59.883,0.29210153,7.7119594,5.956956
59.904,0.2466103,7.7167478,5.9042816
59.940,0.28731298,7.735902,6.1054006
59.978,0.36392978,7.6880164,5.9473786
