timestamp,x,y,z,roll,pitch,yaw
00.007,0.0025411996,0.0034336736,-0.0008588765,0.0,-0.0,0.0
00.028,0.0019303343,0.0028228082,0.00036285396,-0.0,-0.0,0.0
00.067,0.001319469,0.0028228082,-0.0008588765,6.122873e-07,-2.862022e-07,1.8629655e-07
00.087,0.0025411996,0.002211943,-0.0002480113,0.0,-0.0,0.0
00.126,0.0019303343,0.0034336736,-0.0008588765,9.2900643e-07,-5.222664e-07,2.3237577e-07
00.167,0.001319469,0.0034336736,-0.0002480113,0.0,-0.0,0.0
00.186,0.001319469,0.0028228082,-0.0008588765,0.0,-0.0,0.0
00.226,0.0007086037,0.0016010778,0.00036285396,-0.0,-0.0,0.0
00.267,0.0025411996,0.004044539,-0.0002480113,1.2982345e-06,-8.156857e-07,7.960833e-08
00.285,0.0007086037,0.0028228082,0.00036285396,-0.0,-0.0,0.0
00.328,0.0007086037,0.0034336736,-0.0002480113,8.0991265e-07,-1.6714081e-07,5.849936e-08
00.367,0.0019303343,0.0028228082,-0.0002480113,0.0,-0.0,0.0
00.387,0.0019303343,0.002211943,-0.0002480113,0.0,-0.0,0.0
00.428,0.0025411996,0.0034336736,-0.0014697418,0.0,-0.0,0.0
00.468,0.0007086037,0.0028228082,0.00036285396,5.555993e-07,-1.3947096e-07,-7.1418704e-08
00.486,0.0031520645,0.0034336736,-0.0008588765,0.0,-0.0,0.0
00.527,0.001319469,0.004044539,0.00036285396,1.1589203e-06,-3.780801e-07,-1.03971786e-07
00.567,0.001319469,0.0034336736,-0.0002480113,0.0,-0.0,0.0
00.591,0.0019303343,0.0016010778,0.00036285396,-0.0,-0.0,0.0
00.627,0.0007086037,0.0034336736,-0.0002480113,0.0,-0.0,0.0
00.668,0.0007086037,0.0028228082,0.00036285396,5.555993e-07,-1.3947096e-07,-7.1418704e-08
00.688,0.0019303343,0.004044539,-0.0008588765,0.0,-0.0,0.0
00.726,0.0007086037,0.0028228082,-0.0002480113,5.533291e-07,-1.3890104e-07,4.861541e-08
00.768,0.0007086037,0.0028228082,-0.0008588765,0.0,-0.0,0.0
00.814,0.0019303343,0.0034336736,-0.0002480113,9.094778e-07,-5.1128796e-07,6.569103e-08
00.828,0.0019303343,0.0034336736,-0.0008588765,0.0,-0.0,0.0
00.867,0.0019303343,0.0016010778,-0.0002480113,2.7078121e-07,-3.2646648e-07,4.1944784e-08
00.912,0.001319469,0.0028228082,-0.0002480113,0.0,-0.0,0.0
00.926,0.0019303343,0.002211943,-0.0008588765,4.540584e-07,-3.962509e-07,1.7630666e-07
00.968,9.773844e-05,0.004044539,-0.0002480113,0.0,-0.0,0.0
01.008,0.0019303343,0.002211943,-0.0002480113,4.373443e-07,-3.8166476e-07,4.9036753e-08
01.026,0.0031520645,0.002211943,-0.0008588765,0.0,-0.0,0.0
01.067,0.0019303343,0.0028228082,-0.0008588765,6.679341e-07,-4.5675642e-07,2.0322787e-07
01.106,0.0007086037,0.0034336736,-0.0002480113,0.0,-0.0,0.0
01.126,0.001319469,0.0034336736,-0.0014697418,0.0,-0.0,0.0
01.166,0.0019303343,0.0028228082,-0.0002480113,0.0,-0.0,0.0
01.206,0.0019303343,0.002211943,0.00036285396,4.39108e-07,-3.8320394e-07,-7.203254e-08
01.226,0.0007086037,0.0028228082,-0.0002480113,0.0,-0.0,0.0
01.268,0.001319469,0.002211943,-0.0002480113,3.840923e-07,-2.2911884e-07,4.30659e-08
01.305,0.001319469,0.0034336736,0.0009737192,-0.0,-0.0,0.0
01.326,0.001319469,0.004044539,0.00036285396,-0.0,-0.0,0.0
01.366,9.773844e-05,0.0028228082,-0.0008588765,0.0,-0.0,0.0
01.407,0.0019303343,0.002211943,-0.0002480113,4.373443e-07,-3.8166476e-07,4.9036753e-08
01.426,0.0019303343,0.0028228082,-0.0008588765,0.0,-0.0,0.0
01.466,0.001319469,0.0028228082,-0.0002480113,5.921412e-07,-2.767853e-07,5.2025474e-08
01.507,0.0025411996,0.0028228082,-0.0008588765,0.0,-0.0,0.0
01.527,0.0019303343,0.0028228082,-0.0014697418,0.0,-0.0,0.0
01.567,0.001319469,0.002211943,-0.0002480113,0.0,-0.0,0.0
01.616,0.0019303343,0.0028228082,0.00036285396,6.514514e-07,-4.454851e-07,-8.373977e-08
01.648,0.0019303343,0.004044539,0.00036285396,-0.0,-0.0,0.0
01.668,0.0025411996,0.004655404,-0.0002480113,1.6588233e-06,-9.054855e-07,8.837266e-08
01.707,0.0019303343,0.0034336736,0.00036285396,-0.0,-0.0,0.0
01.746,0.001319469,0.002211943,-0.0008588765,4.0302095e-07,-2.4041015e-07,1.5648925e-07
01.769,0.0007086037,0.0028228082,-0.0002480113,0.0,-0.0,0.0
01.808,0.0007086037,0.002211943,-0.0008588765,3.6759693e-07,-1.1776093e-07,1.4273444e-07
01.848,0.0019303343,0.002211943,0.00036285396,-0.0,-0.0,0.0
01.869,0.0007086037,0.0028228082,-0.0008588765,5.748369e-07,-1.4430007e-07,1.7490174e-07
01.907,0.0007086037,0.0034336736,-0.0002480113,0.0,-0.0,0.0
01.947,0.0025411996,0.0034336736,-0.0008588765,1.004037e-06,-7.430694e-07,2.5114355e-07
01.967,0.0007086037,0.0028228082,-0.0008588765,0.0,-0.0,0.0
02.007,0.0007086037,0.0028228082,-0.0002480113,5.533291e-07,-1.3890104e-07,4.861541e-08
02.049,0.0019303343,0.0028228082,-0.0002480113,0.0,-0.0,0.0
02.068,0.0019303343,0.0034336736,-0.0008588765,0.0,-0.0,0.0
02.106,9.773844e-05,0.0028228082,0.0009737192,-0.0,-0.0,0.0
02.147,0.0019303343,0.004655404,0.00036285396,1.5785855e-06,-6.545508e-07,-1.2303843e-07
02.166,0.0007086037,0.004044539,-0.0002480113,0.0,-0.0,0.0
02.207,0.0019303343,0.002211943,0.0009737192,4.591366e-07,-4.006827e-07,-2.021164e-07
02.246,0.001319469,0.0028228082,-0.0002480113,0.0,-0.0,0.0
02.268,-0.0005131268,0.004044539,-0.0002480113,-0.0,0.0,0.0
02.306,0.0019303343,0.0034336736,0.00036285396,-0.0,-0.0,0.0
02.346,0.001319469,0.0028228082,-0.0002480113,5.921412e-07,-2.767853e-07,5.2025474e-08
02.367,0.0007086037,0.0028228082,-0.0002480113,0.0,-0.0,0.0
02.408,0.0025411996,0.004655404,0.00036285396,1.6608858e-06,-9.0661155e-07,-1.2945289e-07
02.457,0.001319469,0.0028228082,-0.0008588765,0.0,-0.0,0.0
02.487,0.0025411996,0.0034336736,-0.0002480113,9.859957e-07,-7.2971744e-07,7.121798e-08
02.506,0.0019303343,0.0034336736,-0.0002480113,0.0,-0.0,0.0
02.547,0.0025411996,0.004044539,-0.0002480113,1.2982345e-06,-8.156857e-07,7.960833e-08
02.577,0.0025411996,0.004044539,0.00036285396,-0.0,-0.0,0.0
02.606,0.001319469,0.0028228082,-0.0002480113,5.921412e-07,-2.767853e-07,5.2025474e-08
02.647,0.001319469,0.004044539,0.00036285396,-0.0,-0.0,0.0
02.699,0.001319469,0.0028228082,0.00036285396,5.9426316e-07,-2.7777725e-07,-7.6388645e-08
02.706,0.0019303343,0.004655404,-0.0002480113,0.0,-0.0,0.0
02.747,0.0025411996,0.004655404,-0.0014697418,1.7194574e-06,-9.385827e-07,5.4284476e-07
02.791,0.0031520645,0.002211943,-0.0008588765,0.0,-0.0,0.0
02.806,0.0019303343,0.002211943,-0.0002480113,4.373443e-07,-3.8166476e-07,4.9036753e-08
02.847,0.0007086037,0.002211943,0.00036285396,-0.0,-0.0,0.0
02.887,0.0019303343,0.0034336736,-0.0008588765,9.2900643e-07,-5.222664e-07,2.3237577e-07
02.911,0.001319469,0.0028228082,-0.0008588765,0.0,-0.0,0.0
02.947,0.0007086037,0.004044539,0.00036285396,1.1188506e-06,-1.9602282e-07,-1.00377065e-07
02.987,0.0019303343,0.0028228082,-0.0002480113,0.0,-0.0,0.0
03.007,0.0031520645,0.0034336736,-0.0008588765,0.0,-0.0,0.0
03.047,0.0019303343,0.005266269,-0.0002480113,0.0,-0.0,0.0
03.087,0.0019303343,0.0028228082,0.0015845845,7.1398165e-07,-4.882457e-07,-4.0079377e-07
03.108,0.0031520645,0.004044539,-0.0002480113,0.0,-0.0,0.0
03.148,0.0019303343,0.002211943,0.00036285396,4.39108e-07,-3.8320394e-07,-7.203254e-08
03.189,0.001319469,0.0016010778,-0.0002480113,0.0,-0.0,0.0
03.207,0.0007086037,0.002211943,-0.0002480113,0.0,-0.0,0.0
03.245,0.0007086037,0.0028228082,-0.0002480113,0.0,-0.0,0.0
03.289,0.001319469,0.0034336736,-0.0002480113,8.495531e-07,-3.264605e-07,6.136263e-08
03.326,0.0007086037,0.004044539,-0.0002480113,0.0,-0.0,0.0
03.347,0.001319469,0.0034336736,-0.0002480113,8.495531e-07,-3.264605e-07,6.136263e-08
03.387,9.773844e-05,0.0028228082,-0.0008588765,0.0,-0.0,0.0
03.426,0.001319469,0.002211943,-0.0002480113,3.840923e-07,-2.2911884e-07,4.30659e-08
03.448,0.0019303343,0.004044539,0.00036285396,-0.0,-0.0,0.0
03.486,9.773844e-05,0.002211943,0.00036285396,3.330477e-07,-1.4716284e-08,-5.4634167e-08
03.527,0.0007086037,0.002211943,-0.0002480113,0.0,-0.0,0.0
03.547,0.0025411996,0.0028228082,-0.0014697418,7.714952e-07,-6.945291e-07,4.0169192e-07
03.587,0.0025411996,0.004655404,0.00036285396,-0.0,-0.0,0.0
03.627,0.0007086037,0.0034336736,-0.0002480113,8.0991265e-07,-1.6714081e-07,5.849936e-08
03.646,0.0031520645,0.0034336736,-0.0002480113,0.0,-0.0,0.0
03.688,0.001319469,0.002211943,-0.0002480113,3.840923e-07,-2.2911884e-07,4.30659e-08
03.732,0.001319469,0.0016010778,0.00036285396,-0.0,-0.0,0.0
03.752,0.001319469,0.0028228082,-0.0002480113,5.921412e-07,-2.767853e-07,5.2025474e-08
03.788,0.0019303343,0.0034336736,0.00036285396,-0.0,-0.0,0.0
03.827,0.001319469,0.004655404,-0.0002480113,1.5137102e-06,-4.2902684e-07,8.064149e-08
03.847,0.0019303343,0.0016010778,-0.0008588765,0.0,-0.0,0.0
03.887,0.0019303343,0.0028228082,0.00036285396,6.514514e-07,-4.454851e-07,-8.373977e-08
03.928,-0.0005131268,0.002211943,-0.0008588765,-0.0,0.0,0.0
03.947,0.001319469,0.004655404,-0.0002480113,1.5137102e-06,-4.2902684e-07,8.064149e-08
03.991,0.0019303343,0.0016010778,-0.0014697418,0.0,-0.0,0.0
04.029,9.773844e-05,0.002211943,0.00036285396,3.330477e-07,-1.4716284e-08,-5.4634167e-08
04.048,0.0019303343,0.0034336736,-0.0008588765,0.0,-0.0,0.0
04.087,0.0025411996,0.0028228082,0.00036285396,7.2278004e-07,-6.506743e-07,-9.290853e-08
04.128,0.001319469,0.004044539,-0.0002480113,0.0,-0.0,0.0
04.167,0.0025411996,0.004655404,0.00036285396,1.6608858e-06,-9.0661155e-07,-1.2945289e-07
04.187,0.0025411996,0.0034336736,-0.0002480113,0.0,-0.0,0.0
04.226,0.0025411996,0.002211943,-0.0002480113,5.014559e-07,-5.760996e-07,5.6225247e-08
04.249,0.0007086037,0.0028228082,-0.0008588765,0.0,-0.0,0.0
04.287,0.001319469,0.005266269,-0.0008588765,1.9425604e-06,-4.867102e-07,3.1681293e-07
04.326,0.001319469,0.0028228082,-0.0002480113,0.0,-0.0,0.0
04.366,0.0025411996,0.0034336736,-0.0002480113,9.859957e-07,-7.2971744e-07,7.121798e-08
04.386,0.0019303343,0.004044539,-0.0002480113,0.0,-0.0,0.0
04.429,0.0007086037,0.0028228082,-0.0002480113,5.533291e-07,-1.3890104e-07,4.861541e-08
04.467,0.001319469,0.0028228082,0.00036285396,-0.0,-0.0,0.0
04.487,0.0019303343,0.004044539,-0.0002480113,1.2182691e-06,-5.814424e-07,7.4704666e-08
04.526,0.0025411996,0.002211943,-0.0002480113,0.0,-0.0,0.0
04.568,0.001319469,0.0028228082,-0.0002480113,5.921412e-07,-2.767853e-07,5.2025474e-08
04.588,0.0019303343,0.0034336736,-0.0008588765,0.0,-0.0,0.0
04.632,0.0019303343,0.004655404,-0.0008588765,1.5972107e-06,-6.622732e-07,2.9467026e-07
04.668,0.0007086037,0.0034336736,-0.0008588765,0.0,-0.0,0.0
04.688,0.0025411996,0.0028228082,-0.0002480113,7.210365e-07,-6.4910455e-07,6.3350335e-08
04.726,0.001319469,0.0034336736,0.00036285396,-0.0,-0.0,0.0
04.767,0.0031520645,0.0034336736,-0.0014697418,1.1261819e-06,-1.0338189e-06,4.820488e-07
04.788,0.0019303343,0.0028228082,-0.0002480113,0.0,-0.0,0.0
04.826,0.0031520645,0.004044539,-0.0002480113,1.393423e-06,-1.0859479e-06,8.544551e-08
04.873,9.773844e-05,0.0034336736,-0.0002480113,0.0,-0.0,0.0
04.887,0.0007086037,0.0028228082,0.00036285396,5.555993e-07,-1.3947096e-07,-7.1418704e-08
04.927,0.0025411996,0.002211943,-0.0002480113,0.0,-0.0,0.0
04.966,0.0019303343,0.0028228082,0.0009737192,6.7356393e-07,-4.6060651e-07,-2.3234371e-07
05.007,0.0019303343,0.0034336736,0.0009737192,-0.0,-0.0,0.0
05.028,0.0019303343,0.0034336736,-0.0008588765,9.2900643e-07,-5.222664e-07,2.3237577e-07
05.068,0.001319469,0.004044539,-0.0008588765,0.0,-0.0,0.0
05.108,0.001319469,0.0028228082,0.00036285396,5.9426316e-07,-2.7777725e-07,-7.6388645e-08
05.126,0.001319469,0.002211943,-0.0008588765,0.0,-0.0,0.0
05.166,0.0007086037,0.0016010778,-0.0002480113,1.9000358e-07,-8.4091624e-08,2.9432075e-08
05.207,0.0007086037,0.0028228082,-0.0002480113,0.0,-0.0,0.0
05.226,0.0019303343,0.0034336736,0.0009737192,9.3500137e-07,-5.2563695e-07,-2.6514692e-07
05.266,0.0019303343,0.0034336736,-0.0002480113,0.0,-0.0,0.0
05.306,0.001319469,0.0034336736,-0.0008588765,8.704271e-07,-3.3448174e-07,2.1772301e-07
05.326,0.0031520645,0.0034336736,-0.0008588765,0.0,-0.0,0.0
05.368,0.001319469,0.0028228082,0.0009737192,6.18424e-07,-2.890708e-07,-2.1332342e-07
05.408,0.001319469,0.002211943,0.00036285396,-0.0,-0.0,0.0
05.428,0.001319469,0.0028228082,0.00036285396,5.9426316e-07,-2.7777725e-07,-7.6388645e-08
05.467,0.001319469,0.0028228082,-0.0002480113,0.0,-0.0,0.0
05.505,0.0019303343,0.002211943,-0.0014697418,4.873529e-07,-4.2530647e-07,3.2382528e-07
05.525,0.0019303343,0.002211943,0.00036285396,-0.0,-0.0,0.0
05.566,9.773844e-05,0.0028228082,0.0009737192,5.6596286e-07,-1.9596259e-08,-1.9522717e-07
05.606,9.773844e-05,0.0028228082,-0.0002480113,0.0,-0.0,0.0
05.626,0.0007086037,0.0016010778,-0.0008588765,2.0954106e-07,-9.273849e-08,1.12405466e-07
05.668,0.0019303343,0.0034336736,0.00036285396,-0.0,-0.0,0.0
05.708,0.001319469,0.002211943,-0.0002480113,3.840923e-07,-2.2911884e-07,4.30659e-08
05.728,9.773844e-05,0.002211943,-0.0008588765,0.0,-0.0,0.0
05.766,0.0007086037,0.0034336736,-0.0002480113,8.0991265e-07,-1.6714081e-07,5.849936e-08
05.806,0.001319469,0.0034336736,-0.0014697418,0.0,-0.0,0.0
05.848,0.001319469,0.004044539,-0.0002480113,0.0,-0.0,0.0
05.866,0.001319469,0.0034336736,-0.0008588765,0.0,-0.0,0.0
05.906,0.0007086037,0.0034336736,-0.0002480113,8.0991265e-07,-1.6714081e-07,5.849936e-08
05.931,0.0019303343,0.002211943,0.00036285396,-0.0,-0.0,0.0
05.966,0.0007086037,0.0016010778,0.00036285396,1.9212304e-07,-8.502966e-08,-4.354104e-08
06.007,0.0025411996,0.004044539,-0.0002480113,0.0,-0.0,0.0
06.047,0.0019303343,0.0028228082,-0.0008588765,6.679341e-07,-4.5675642e-07,2.0322787e-07
06.068,0.0025411996,0.0028228082,0.00036285396,-0.0,-0.0,0.0
06.106,0.0007086037,0.0016010778,-0.0002480113,1.9000358e-07,-8.4091624e-08,2.9432075e-08
06.148,0.0007086037,0.0034336736,0.00036285396,-0.0,-0.0,0.0
06.168,9.773844e-05,0.0028228082,-0.0002480113,5.371191e-07,-1.859749e-08,4.7191165e-08
06.208,0.0019303343,0.0028228082,-0.0008588765,0.0,-0.0,0.0
06.245,0.0019303343,0.004044539,-0.0002480113,1.2182691e-06,-5.814424e-07,7.4704666e-08
06.273,0.0007086037,0.0016010778,-0.0008588765,0.0,-0.0,0.0
06.308,0.001319469,0.0028228082,0.00036285396,5.9426316e-07,-2.7777725e-07,-7.6388645e-08
06.346,0.0025411996,0.002211943,0.00036285396,-0.0,-0.0,0.0
06.368,0.0031520645,0.0028228082,-0.0002480113,8.0293074e-07,-8.965856e-07,7.054567e-08
06.407,0.0007086037,0.0028228082,0.00036285396,-0.0,-0.0,0.0
06.448,0.0025411996,0.002211943,-0.0002480113,5.014559e-07,-5.760996e-07,5.6225247e-08
06.467,-0.0005131268,0.0028228082,-0.0008588765,-0.0,0.0,0.0
06.510,0.001319469,0.002211943,0.0009737192,4.0873374e-07,-2.4381802e-07,-1.7992859e-07
06.540,0.0025411996,0.0028228082,-0.0008588765,0.0,-0.0,0.0
06.570,0.0007086037,0.002211943,0.00036285396,3.4896178e-07,-1.1179114e-07,-5.7244748e-08
06.608,0.0025411996,0.004044539,-0.0002480113,0.0,-0.0,0.0
06.647,0.001319469,0.0009902125,0.00036285396,1.1224656e-07,-1.4956976e-07,-4.1131678e-08
06.687,0.0019303343,0.0028228082,-0.0008588765,0.0,-0.0,0.0
06.707,0.0007086037,0.0028228082,-0.0008588765,5.748369e-07,-1.4430007e-07,1.7490174e-07
06.749,0.0019303343,0.0028228082,-0.0002480113,0.0,-0.0,0.0
06.786,0.001319469,0.002211943,-0.0014697418,0.0,-0.0,0.0
06.807,0.001319469,0.0028228082,-0.0008588765,0.0,-0.0,0.0
06.847,0.0019303343,0.0028228082,-0.0008588765,6.679341e-07,-4.5675642e-07,2.0322787e-07
06.886,0.0019303343,0.0028228082,0.00036285396,-0.0,-0.0,0.0
06.906,0.0019303343,0.0028228082,-0.0002480113,6.4951627e-07,-4.4416174e-07,5.7066497e-08
06.947,0.0007086037,0.0028228082,-0.0002480113,0.0,-0.0,0.0
06.987,0.001319469,0.002211943,-0.0008588765,0.0,-0.0,0.0
07.007,0.0019303343,0.0034336736,-0.0008588765,0.0,-0.0,0.0
07.048,0.0007086037,0.0034336736,-0.0002480113,8.0991265e-07,-1.6714081e-07,5.849936e-08
07.086,0.001319469,0.0034336736,0.00036285396,-0.0,-0.0,0.0
07.107,0.0019303343,0.0028228082,-0.0002480113,6.4951627e-07,-4.4416174e-07,5.7066497e-08
07.147,0.0019303343,0.0034336736,-0.0008588765,0.0,-0.0,0.0
07.187,0.001319469,0.0028228082,0.0009737192,6.18424e-07,-2.890708e-07,-2.1332342e-07
07.206,0.0019303343,0.0028228082,-0.0002480113,0.0,-0.0,0.0
07.258,0.0019303343,0.002211943,-0.0002480113,4.373443e-07,-3.8166476e-07,4.9036753e-08
07.287,0.001319469,0.002211943,0.00036285396,-0.0,-0.0,0.0
07.306,0.0019303343,0.004044539,0.00036285396,1.2203884e-06,-5.82454e-07,-1.0948623e-07
07.346,0.0007086037,0.0028228082,-0.0008588765,0.0,-0.0,0.0
07.385,0.0007086037,0.0034336736,0.00036285396,8.12209e-07,-1.6761477e-07,-8.583023e-08
07.407,0.001319469,0.0028228082,-0.0014697418,0.0,-0.0,0.0
07.447,0.0019303343,0.004044539,-0.0002480113,1.2182691e-06,-5.814424e-07,7.4704666e-08
07.495,0.0007086037,0.0034336736,-0.0008588765,0.0,-0.0,0.0
07.526,0.001319469,0.002211943,-0.0002480113,0.0,-0.0,0.0
07.547,0.0025411996,0.0034336736,-0.0002480113,0.0,-0.0,0.0
07.587,9.773844e-05,0.0034336736,-0.0002480113,7.9360206e-07,-2.258961e-08,5.7321206e-08
07.608,-0.001123992,0.0028228082,0.00036285396,0.0,-0.0,-0.0
07.648,0.0019303343,0.0034336736,-0.0002480113,9.094778e-07,-5.1128796e-07,6.569103e-08
07.688,0.001319469,0.002211943,-0.0002480113,0.0,-0.0,0.0
07.727,0.001319469,0.0028228082,-0.0002480113,0.0,-0.0,0.0
07.747,0.0007086037,0.0028228082,-0.002080607,0.0,-0.0,0.0
07.788,0.001319469,0.0028228082,-0.0008588765,6.122873e-07,-2.862022e-07,1.8629655e-07
07.828,0.001319469,0.0034336736,-0.0002480113,0.0,-0.0,0.0
07.846,0.0007086037,0.0034336736,-0.0008588765,8.3178196e-07,-1.716539e-07,2.0805653e-07
07.888,0.0025411996,0.0028228082,-0.0002480113,0.0,-0.0,0.0
07.928,0.0007086037,0.0028228082,-0.0008588765,0.0,-0.0,0.0
07.948,0.0031520645,0.0034336736,-0.0002480113,0.0,-0.0,0.0
07.987,0.0007086037,0.0028228082,-0.0008588765,5.748369e-07,-1.4430007e-07,1.7490174e-07
08.030,0.0019303343,0.002211943,-0.0008588765,0.0,-0.0,0.0
08.048,0.0025411996,0.0028228082,-0.0002480113,7.210365e-07,-6.4910455e-07,6.3350335e-08
08.088,0.001319469,0.004044539,-0.0002480113,0.0,-0.0,0.0
08.127,0.0019303343,0.0028228082,-0.0002480113,6.4951627e-07,-4.4416174e-07,5.7066497e-08
08.146,0.001319469,0.0034336736,-0.0002480113,0.0,-0.0,0.0
08.188,0.00376293,0.0034336736,0.00036285396,1.1768049e-06,-1.2896494e-06,-1.2435828e-07
08.228,-0.001123992,0.0034336736,-0.0002480113,-0.0,0.0,0.0
08.268,0.0019303343,0.0034336736,-0.0002480113,0.0,-0.0,0.0
08.286,0.001319469,0.002211943,-0.0008588765,0.0,-0.0,0.0
08.326,0.001319469,0.0028228082,0.00036285396,5.9426316e-07,-2.7777725e-07,-7.6388645e-08
08.366,-0.0005131268,0.00037934733,-0.0002480113,-0.0,0.0,0.0
08.386,9.773844e-05,0.0034336736,-0.0002480113,7.9360206e-07,-2.258961e-08,5.7321206e-08
08.427,0.0019303343,0.004655404,-0.0008588765,0.0,-0.0,0.0
08.467,0.0019303343,0.0028228082,-0.0002480113,0.0,-0.0,0.0
08.488,0.0007086037,0.002211943,0.00036285396,-0.0,-0.0,0.0
08.528,0.001319469,0.0034336736,-0.0002480113,8.495531e-07,-3.264605e-07,6.136263e-08
08.550,0.001319469,0.0034336736,-0.0008588765,0.0,-0.0,0.0
08.587,0.0007086037,0.002211943,-0.0002480113,3.4673988e-07,-1.1107932e-07,3.8877783e-08
08.627,0.001319469,0.004044539,0.00036285396,-0.0,-0.0,0.0
08.667,0.0019303343,0.0034336736,-0.0002480113,0.0,-0.0,0.0
08.686,0.0031520645,0.004044539,0.00036285396,-0.0,-0.0,0.0
08.728,0.0007086037,0.0034336736,-0.0008588765,8.3178196e-07,-1.716539e-07,2.0805653e-07
08.767,0.0007086037,0.0028228082,-0.0008588765,0.0,-0.0,0.0
08.787,0.0019303343,0.0028228082,-0.0002480113,6.4951627e-07,-4.4416174e-07,5.7066497e-08
08.826,0.0019303343,0.004044539,-0.0008588765,0.0,-0.0,0.0
08.868,0.0007086037,0.004655404,-0.0008588765,0.0,-0.0,0.0
08.889,0.0025411996,0.002211943,-0.0002480113,0.0,-0.0,0.0
08.932,9.773844e-05,0.002211943,-0.0002480113,3.3071888e-07,-1.4613366e-08,3.7081435e-08
08.970,0.001319469,0.002211943,0.00036285396,-0.0,-0.0,0.0
08.986,0.001319469,0.002211943,0.00036285396,3.8609934e-07,-2.303161e-07,-6.3336884e-08
09.026,0.0019303343,0.0028228082,-0.0002480113,0.0,-0.0,0.0
09.066,9.773844e-05,0.002211943,-0.0002480113,0.0,-0.0,0.0
09.087,0.001319469,0.0034336736,0.00036285396,-0.0,-0.0,0.0
09.130,0.0019303343,0.0028228082,-0.0002480113,6.4951627e-07,-4.4416174e-07,5.7066497e-08
09.172,0.0007086037,0.002211943,-0.0002480113,0.0,-0.0,0.0
09.208,0.001319469,0.0028228082,0.00036285396,-0.0,-0.0,0.0
09.229,0.0019303343,0.002211943,-0.0002480113,0.0,-0.0,0.0
09.268,0.0019303343,0.004655404,-0.0008588765,1.5972107e-06,-6.622732e-07,2.9467026e-07
09.305,0.001319469,0.0034336736,0.00036285396,-0.0,-0.0,0.0
09.326,0.0007086037,0.0034336736,-0.0002480113,8.0991265e-07,-1.6714081e-07,5.849936e-08
09.366,0.0025411996,0.0028228082,-0.0002480113,0.0,-0.0,0.0
09.408,0.001319469,0.002211943,-0.0008588765,0.0,-0.0,0.0
09.429,0.0007086037,0.0028228082,0.00036285396,-0.0,-0.0,0.0
09.470,0.001319469,0.002211943,0.00036285396,3.8609934e-07,-2.303161e-07,-6.3336884e-08
09.509,0.001319469,0.004655404,-0.0002480113,0.0,-0.0,0.0
09.526,0.001319469,0.0028228082,0.0015845845,6.6221577e-07,-3.0954052e-07,-3.71735e-07
09.567,0.0025411996,0.0034336736,-0.0002480113,0.0,-0.0,0.0
09.607,0.0007086037,0.0028228082,0.00036285396,-0.0,-0.0,0.0
09.627,0.0019303343,0.002211943,0.00036285396,-0.0,-0.0,0.0
09.665,0.0019303343,0.0028228082,-0.0002480113,6.4951627e-07,-4.4416174e-07,5.7066497e-08
09.706,0.001319469,0.0028228082,-0.0002480113,0.0,-0.0,0.0
09.732,-0.0005131268,0.0034336736,-0.0008588765,8.2412396e-07,1.2315684e-07,2.0614088e-07
09.766,-0.001123992,0.0028228082,0.00036285396,0.0,-0.0,-0.0
09.806,0.0025411996,0.0034336736,-0.0002480113,0.0,-0.0,0.0
09.826,0.001319469,0.0034336736,-0.0002480113,0.0,-0.0,0.0
09.867,0.0019303343,0.004044539,0.00036285396,1.2203884e-06,-5.82454e-07,-1.0948623e-07
09.906,0.0019303343,0.0034336736,-0.0002480113,0.0,-0.0,0.0
09.928,0.001319469,0.0028228082,-0.0008588765,6.122873e-07,-2.862022e-07,1.8629655e-07
09.966,0.0025411996,0.0034336736,-0.0002480113,0.0,-0.0,0.0
10.007,0.0007086037,0.002211943,0.0009737192,-0.0,-0.0,0.0
10.047,0.001319469,0.0034336736,-0.0002480113,0.0,-0.0,0.0
10.068,0.0007086037,0.0034336736,0.00036285396,8.12209e-07,-1.6761477e-07,-8.583023e-08
10.110,0.0019303343,0.0034336736,-0.0002480113,0.0,-0.0,0.0
10.147,0.0025411996,0.004044539,-0.0008588765,0.0,-0.0,0.0
10.167,0.0025411996,0.0034336736,0.00036285396,-0.0,-0.0,0.0
10.207,0.0007086037,0.004044539,-0.0002480113,1.1165386e-06,-1.9561764e-07,6.846629e-08
10.246,0.001319469,0.0034336736,0.00036285396,-0.0,-0.0,0.0
10.266,9.773844e-05,0.0028228082,0.0009737192,5.6596286e-07,-1.9596259e-08,-1.9522717e-07
10.306,0.0025411996,0.0028228082,0.00036285396,-0.0,-0.0,0.0
10.347,0.0007086037,0.0034336736,0.00036285396,-0.0,-0.0,0.0
10.368,0.0019303343,0.0034336736,0.00036285396,-0.0,-0.0,0.0
10.407,9.773844e-05,0.002211943,-0.0002480113,3.3071888e-07,-1.4613366e-08,3.7081435e-08
10.448,0.0019303343,0.0028228082,-0.0002480113,0.0,-0.0,0.0
10.468,0.0019303343,0.0034336736,-0.0002480113,9.094778e-07,-5.1128796e-07,6.569103e-08
10.511,0.001319469,0.0034336736,0.00036285396,-0.0,-0.0,0.0
10.553,0.0019303343,0.0034336736,-0.0002480113,0.0,-0.0,0.0
10.567,0.0007086037,0.004044539,-0.0002480113,0.0,-0.0,0.0
10.607,0.001319469,0.0009902125,-0.0002480113,1.10858025e-07,-1.4771952e-07,2.7765807e-08
10.648,0.0025411996,0.002211943,-0.0002480113,0.0,-0.0,0.0
10.667,0.001319469,0.0034336736,-0.0002480113,8.495531e-07,-3.264605e-07,6.136263e-08
10.707,0.0007086037,0.0034336736,-0.0002480113,0.0,-0.0,0.0
10.746,0.001319469,0.004655404,-0.0008588765,0.0,-0.0,0.0
10.794,0.0007086037,0.0034336736,0.00036285396,-0.0,-0.0,0.0
10.806,0.0025411996,0.004044539,-0.0002480113,1.2982345e-06,-8.156857e-07,7.960833e-08
10.846,0.001319469,0.002211943,0.00036285396,-0.0,-0.0,0.0
10.889,0.0019303343,0.0028228082,-0.0008588765,0.0,-0.0,0.0
10.912,0.0007086037,0.0034336736,-0.0002480113,0.0,-0.0,0.0
10.948,9.773844e-05,0.0028228082,-0.0002480113,0.0,-0.0,0.0
10.986,0.001319469,0.0034336736,-0.0008588765,0.0,-0.0,0.0
11.006,0.001319469,0.0016010778,-0.0002480113,2.2450817e-07,-1.8502008e-07,3.4776942e-08
11.048,0.0007086037,0.0028228082,0.00036285396,-0.0,-0.0,0.0
11.086,0.0007086037,0.0028228082,0.00036285396,-0.0,-0.0,0.0
11.106,0.0019303343,0.002211943,0.00036285396,-0.0,-0.0,0.0
11.146,0.0025411996,0.004655404,-0.0002480113,1.6588233e-06,-9.054855e-07,8.837266e-08
11.186,0.001319469,0.002211943,-0.0008588765,0.0,-0.0,0.0
11.207,0.0019303343,0.0028228082,-0.0008588765,6.679341e-07,-4.5675642e-07,2.0322787e-07
11.250,0.001319469,0.0028228082,-0.0002480113,0.0,-0.0,0.0
11.273,0.0019303343,0.0034336736,-0.0002480113,9.094778e-07,-5.1128796e-07,6.569103e-08
11.307,0.0007086037,0.0028228082,0.00036285396,-0.0,-0.0,0.0
11.347,0.0019303343,0.004044539,-0.0008588765,1.2385449e-06,-5.9111926e-07,2.630111e-07
11.388,0.0007086037,0.002211943,-0.0008588765,0.0,-0.0,0.0
11.409,0.001319469,0.004655404,-0.0002480113,1.5137102e-06,-4.2902684e-07,8.064149e-08
11.448,0.0007086037,0.0028228082,0.00036285396,-0.0,-0.0,0.0
11.487,0.001319469,0.0028228082,0.00036285396,-0.0,-0.0,0.0
11.506,0.0019303343,0.0034336736,-0.0008588765,0.0,-0.0,0.0
11.546,0.001319469,0.0034336736,-0.0008588765,8.704271e-07,-3.3448174e-07,2.1772301e-07
11.587,0.0031520645,0.004044539,0.00036285396,-0.0,-0.0,0.0
11.607,9.773844e-05,0.0028228082,-0.0008588765,5.592508e-07,-1.9363755e-08,1.7015941e-07
11.647,0.0019303343,0.0034336736,0.00036285396,-0.0,-0.0,0.0
11.686,0.0007086037,0.0016010778,-0.0002480113,0.0,-0.0,0.0
11.737,0.0019303343,0.004044539,0.00036285396,-0.0,-0.0,0.0
11.747,0.0019303343,0.0028228082,-0.0008588765,6.679341e-07,-4.5675642e-07,2.0322787e-07
11.786,0.0019303343,0.0034336736,0.00036285396,-0.0,-0.0,0.0
11.827,9.773844e-05,0.0028228082,0.00036285396,-0.0,-0.0,0.0
11.846,0.0019303343,0.0034336736,-0.0002480113,0.0,-0.0,0.0
11.887,0.0007086037,0.004044539,0.00036285396,-0.0,-0.0,0.0
11.928,0.0019303343,0.0034336736,-0.0002480113,0.0,-0.0,0.0
11.947,0.0031520645,0.004044539,0.00036285396,1.3952762e-06,-1.0873925e-06,-1.2517582e-07
11.987,-0.0005131268,0.002211943,0.00036285396,0.0,-0.0,-0.0
12.027,0.001319469,0.002211943,-0.002080607,0.0,-0.0,0.0
12.047,0.001319469,0.0028228082,0.0009737192,-0.0,-0.0,0.0
12.087,0.0025411996,0.004044539,-0.0014697418,0.0,-0.0,0.0
12.131,0.0025411996,0.0028228082,0.00036285396,-0.0,-0.0,0.0
12.156,0.0007086037,0.002211943,-0.0002480113,3.4673988e-07,-1.1107932e-07,3.8877783e-08
12.186,0.0007086037,0.004044539,0.00036285396,-0.0,-0.0,0.0
12.226,0.001319469,0.0034336736,-0.0002480113,0.0,-0.0,0.0
12.247,0.001319469,0.0028228082,-0.0002480113,0.0,-0.0,0.0
12.286,0.0019303343,0.0034336736,-0.0002480113,9.094778e-07,-5.1128796e-07,6.569103e-08
12.325,0.0025411996,0.0034336736,0.00036285396,-0.0,-0.0,0.0
12.346,0.001319469,0.0028228082,0.00036285396,5.9426316e-07,-2.7777725e-07,-7.6388645e-08
12.386,0.0025411996,0.0034336736,0.00036285396,-0.0,-0.0,0.0
12.426,0.0007086037,0.002211943,-0.0002480113,0.0,-0.0,0.0
12.447,9.773844e-05,0.004044539,0.0009737192,-0.0,-0.0,0.0
12.487,0.001319469,0.0028228082,0.00036285396,5.9426316e-07,-2.7777725e-07,-7.6388645e-08
12.526,0.0019303343,0.0034336736,-0.0002480113,0.0,-0.0,0.0
12.548,0.0019303343,0.0034336736,-0.0008588765,9.2900643e-07,-5.222664e-07,2.3237577e-07
12.587,0.001319469,0.0034336736,-0.0008588765,0.0,-0.0,0.0
12.627,0.0019303343,0.0034336736,0.0009737192,-0.0,-0.0,0.0
12.668,0.0007086037,0.0028228082,0.00036285396,-0.0,-0.0,0.0
12.688,0.0025411996,0.0028228082,-0.0002480113,7.210365e-07,-6.4910455e-07,6.3350335e-08
12.726,9.773844e-05,0.0009902125,-0.0002480113,0.0,-0.0,0.0
12.766,9.773844e-05,0.0028228082,-0.0002480113,0.0,-0.0,0.0
12.786,0.001319469,0.0028228082,-0.0002480113,0.0,-0.0,0.0
12.826,0.0019303343,0.0028228082,0.00036285396,-0.0,-0.0,0.0
12.867,9.773844e-05,0.0028228082,-0.0002480113,0.0,-0.0,0.0
12.887,0.0019303343,0.004044539,-0.0008588765,1.2385449e-06,-5.9111926e-07,2.630111e-07
12.927,0.0019303343,0.0034336736,-0.0002480113,0.0,-0.0,0.0
12.967,0.001319469,0.0028228082,-0.0002480113,0.0,-0.0,0.0
12.987,9.773844e-05,0.0034336736,0.0015845845,-0.0,-0.0,0.0
13.029,9.773844e-05,0.0009902125,0.00036285396,-0.0,-0.0,0.0
13.067,0.0019303343,0.004044539,-0.0002480113,0.0,-0.0,0.0
13.090,0.0019303343,0.0028228082,-0.0002480113,6.4951627e-07,-4.4416174e-07,5.7066497e-08
13.128,0.0019303343,0.0028228082,0.00036285396,-0.0,-0.0,0.0
13.168,0.0031520645,0.0028228082,-0.0008588765,0.0,-0.0,0.0
13.187,0.0025411996,0.0034336736,0.0009737192,-0.0,-0.0,0.0
13.228,0.0019303343,0.002211943,-0.0008588765,4.540584e-07,-3.962509e-07,1.7630666e-07
13.256,0.0031520645,0.0028228082,0.00036285396,-0.0,-0.0,0.0
13.289,9.773844e-05,0.0028228082,-0.0014697418,6.0316495e-07,-2.0884215e-08,3.140478e-07
13.325,0.0019303343,0.002211943,0.00036285396,-0.0,-0.0,0.0
13.365,0.001319469,0.0034336736,-0.0002480113,0.0,-0.0,0.0
13.411,0.0019303343,0.0028228082,0.00036285396,-0.0,-0.0,0.0
13.425,0.0019303343,0.0034336736,-0.0008588765,9.2900643e-07,-5.222664e-07,2.3237577e-07
13.467,0.0019303343,0.0009902125,-0.0002480113,0.0,-0.0,0.0
13.506,0.0025411996,0.0028228082,-0.0008588765,0.0,-0.0,0.0
13.532,0.0019303343,0.0028228082,-0.0002480113,0.0,-0.0,0.0
13.567,0.0007086037,0.0034336736,-0.0002480113,0.0,-0.0,0.0
13.607,0.0019303343,0.0016010778,-0.0002480113,0.0,-0.0,0.0
13.626,0.0007086037,0.0009902125,-0.0008588765,9.9018195e-08,-7.085818e-08,8.5885e-08
13.666,0.0025411996,0.0034336736,-0.0002480113,0.0,-0.0,0.0
13.710,0.001319469,0.0034336736,-0.0008588765,0.0,-0.0,0.0
13.726,0.0019303343,0.0034336736,-0.0002480113,0.0,-0.0,0.0
13.769,0.0025411996,0.0034336736,-0.0008588765,0.0,-0.0,0.0
13.810,0.001319469,0.0028228082,-0.0008588765,0.0,-0.0,0.0
13.830,9.773844e-05,0.0016010778,0.00036285396,1.7670513e-07,-1.078704e-08,-4.004687e-08
13.867,0.0019303343,0.0016010778,-0.0002480113,0.0,-0.0,0.0
13.908,0.0025411996,0.0034336736,-0.0002480113,0.0,-0.0,0.0
13.927,0.0019303343,0.0034336736,-0.0008588765,0.0,-0.0,0.0
13.967,-0.0005131268,0.0016010778,-0.0002480113,-0.0,0.0,0.0
14.007,0.0007086037,0.0034336736,-0.0002480113,0.0,-0.0,0.0
14.027,0.0007086037,0.0028228082,-0.0002480113,5.533291e-07,-1.3890104e-07,4.861541e-08
14.067,0.0019303343,0.0034336736,-0.0008588765,0.0,-0.0,0.0
14.108,0.001319469,0.0028228082,-0.0002480113,0.0,-0.0,0.0
14.127,9.773844e-05,0.0028228082,-0.0002480113,0.0,-0.0,0.0
14.166,0.0019303343,0.0028228082,0.00036285396,6.514514e-07,-4.454851e-07,-8.373977e-08
14.206,0.0007086037,0.0028228082,-0.0002480113,0.0,-0.0,0.0
14.228,0.001319469,0.0034336736,-0.0014697418,9.127834e-07,-3.5075806e-07,3.9070585e-07
14.266,0.001319469,0.002211943,-0.0002480113,0.0,-0.0,0.0
14.306,0.0019303343,0.0028228082,0.00036285396,-0.0,-0.0,0.0
14.350,0.0007086037,0.0034336736,-0.0008588765,0.0,-0.0,0.0
14.368,0.0019303343,0.002211943,-0.0002480113,4.373443e-07,-3.8166476e-07,4.9036753e-08
14.407,0.001319469,0.004044539,0.00036285396,-0.0,-0.0,0.0
14.446,0.0019303343,0.0028228082,-0.0002480113,0.0,-0.0,0.0
14.467,0.0007086037,0.004044539,0.0015845845,-0.0,-0.0,0.0
14.507,0.0031520645,0.0028228082,-0.0002480113,0.0,-0.0,0.0
14.547,0.0019303343,0.0028228082,-0.0002480113,0.0,-0.0,0.0
14.567,0.0007086037,0.002211943,-0.0008588765,3.6759693e-07,-1.1776093e-07,1.4273444e-07
14.606,0.0007086037,0.002211943,-0.0002480113,0.0,-0.0,0.0
14.648,0.0025411996,0.0034336736,0.00036285396,-0.0,-0.0,0.0
14.667,0.001319469,0.0034336736,-0.0002480113,0.0,-0.0,0.0
14.706,0.001319469,0.004044539,-0.0002480113,0.0,-0.0,0.0
14.746,-0.0005131268,0.002211943,-0.0002480113,-0.0,0.0,0.0
14.767,0.0007086037,0.0034336736,0.00036285396,8.12209e-07,-1.6761477e-07,-8.583023e-08
14.806,0.0025411996,0.002211943,-0.0008588765,0.0,-0.0,0.0
14.847,9.773844e-05,0.00037934733,0.00036285396,-0.0,-0.0,0.0
14.866,0.001319469,0.002211943,-0.0002480113,0.0,-0.0,0.0
14.907,0.0007086037,0.002211943,-0.0002480113,0.0,-0.0,0.0
14.946,0.0019303343,0.0034336736,0.00036285396,-0.0,-0.0,0.0
14.986,0.0007086037,0.0028228082,-0.0002480113,0.0,-0.0,0.0
15.009,0.0025411996,0.0028228082,-0.0002480113,0.0,-0.0,0.0
15.048,9.773844e-05,0.0034336736,0.00036285396,-0.0,-0.0,0.0
15.088,0.0007086037,0.0034336736,0.00036285396,8.12209e-07,-1.6761477e-07,-8.583023e-08
15.106,9.773844e-05,0.0028228082,-0.0002480113,0.0,-0.0,0.0
15.147,0.0019303343,0.0034336736,0.00036285396,-0.0,-0.0,0.0
15.186,0.0025411996,0.0034336736,0.00036285396,-0.0,-0.0,0.0
15.207,0.0007086037,0.0034336736,0.00036285396,-0.0,-0.0,0.0
15.247,0.0031520645,0.004044539,-0.0002480113,0.0,-0.0,0.0
15.285,0.001319469,0.0028228082,-0.0002480113,0.0,-0.0,0.0
15.306,0.0019303343,0.002211943,-0.0002480113,4.373443e-07,-3.8166476e-07,4.9036753e-08
15.346,0.001319469,0.0028228082,-0.0008588765,0.0,-0.0,0.0
15.387,0.0031520645,0.004044539,-0.0008588765,0.0,-0.0,0.0
15.406,0.0007086037,0.002211943,-0.0002480113,0.0,-0.0,0.0
15.448,0.001319469,0.002211943,-0.0008588765,0.0,-0.0,0.0
15.486,0.001319469,0.0034336736,0.00036285396,-0.0,-0.0,0.0
15.507,0.0019303343,0.0016010778,0.00036285396,2.722726e-07,-3.2826455e-07,-6.170538e-08
15.547,0.0007086037,0.002211943,-0.0002480113,0.0,-0.0,0.0
15.588,0.001319469,0.0028228082,0.00036285396,-0.0,-0.0,0.0
15.607,0.001319469,0.002211943,-0.0002480113,0.0,-0.0,0.0
15.647,0.001319469,0.004044539,0.0009737192,-0.0,-0.0,0.0
15.687,0.001319469,0.0028228082,-0.0002480113,0.0,-0.0,0.0
15.708,0.001319469,0.0028228082,0.00036285396,5.9426316e-07,-2.7777725e-07,-7.6388645e-08
15.749,0.0007086037,0.002211943,0.00036285396,-0.0,-0.0,0.0
15.789,0.0025411996,0.0034336736,-0.0002480113,0.0,-0.0,0.0
15.808,0.0019303343,0.002211943,-0.0008588765,0.0,-0.0,0.0
15.848,0.0007086037,0.002211943,-0.0002480113,0.0,-0.0,0.0
15.888,9.773844e-05,0.002211943,-0.0008588765,0.0,-0.0,0.0
15.926,0.001319469,0.0034336736,-0.0008588765,0.0,-0.0,0.0
15.946,0.001319469,0.0028228082,-0.0002480113,0.0,-0.0,0.0
15.986,0.0007086037,0.0034336736,0.00036285396,-0.0,-0.0,0.0
16.028,0.001319469,0.0028228082,0.0009737192,6.18424e-07,-2.890708e-07,-2.1332342e-07
16.046,0.001319469,0.0009902125,-0.0008588765,0.0,-0.0,0.0
16.086,0.001319469,0.0034336736,-0.0002480113,0.0,-0.0,0.0
16.126,0.001319469,0.0016010778,0.0009737192,-0.0,-0.0,0.0
16.147,0.0007086037,0.0016010778,-0.0002480113,0.0,-0.0,0.0
16.187,0.001319469,0.0034336736,-0.0008588765,0.0,-0.0,0.0
16.227,0.0019303343,0.004044539,-0.0002480113,0.0,-0.0,0.0
16.247,0.0007086037,0.0028228082,-0.0008588765,5.748369e-07,-1.4430007e-07,1.7490174e-07
16.286,9.773844e-05,0.0034336736,-0.0008588765,0.0,-0.0,0.0
16.331,0.0025411996,0.0028228082,-0.0002480113,0.0,-0.0,0.0
16.348,0.001319469,0.0034336736,0.0009737192,-0.0,-0.0,0.0
16.387,0.001319469,0.0028228082,-0.0002480113,0.0,-0.0,0.0
16.428,0.0007086037,0.0016010778,0.00036285396,-0.0,-0.0,0.0
16.446,0.0007086037,0.0028228082,-0.0008588765,5.748369e-07,-1.4430007e-07,1.7490174e-07
16.486,0.0025411996,0.0028228082,0.00036285396,-0.0,-0.0,0.0
16.526,0.0019303343,0.004044539,0.0009737192,-0.0,-0.0,0.0
16.546,0.001319469,0.0034336736,0.00036285396,-0.0,-0.0,0.0
16.586,0.0025411996,0.0028228082,-0.0002480113,0.0,-0.0,0.0
16.627,0.001319469,0.002211943,0.00036285396,-0.0,-0.0,0.0
16.647,0.0019303343,0.0016010778,-0.0002480113,2.7078121e-07,-3.2646648e-07,4.1944784e-08
16.686,0.001319469,0.002211943,-0.0002480113,0.0,-0.0,0.0
16.726,0.0019303343,0.0028228082,-0.0008588765,0.0,-0.0,0.0
16.748,9.773844e-05,0.004044539,-0.0008588765,0.0,-0.0,0.0
16.787,0.0025411996,0.0028228082,0.00036285396,-0.0,-0.0,0.0
16.830,0.0019303343,0.0016010778,0.00036285396,-0.0,-0.0,0.0
16.848,0.001319469,0.002211943,-0.0002480113,3.840923e-07,-2.2911884e-07,4.30659e-08
16.890,0.001319469,0.0028228082,-0.0002480113,0.0,-0.0,0.0
16.933,0.0025411996,0.0034336736,-0.0002480113,0.0,-0.0,0.0
16.953,0.0019303343,0.002211943,-0.0002480113,0.0,-0.0,0.0
16.987,0.001319469,0.002211943,-0.0002480113,0.0,-0.0,0.0
17.026,0.001319469,0.0034336736,-0.0002480113,0.0,-0.0,0.0
17.067,9.773844e-05,0.002211943,0.00036285396,-0.0,-0.0,0.0
17.088,0.0031520645,0.004044539,-0.0002480113,0.0,-0.0,0.0
17.127,0.0007086037,0.0034336736,-0.0002480113,0.0,-0.0,0.0
17.169,0.001319469,0.002211943,0.00036285396,-0.0,-0.0,0.0
17.187,0.0007086037,0.002211943,-0.0002480113,3.4673988e-07,-1.1107932e-07,3.8877783e-08
17.227,0.0019303343,0.002211943,0.00036285396,-0.0,-0.0,0.0
17.266,0.0007086037,0.0034336736,-0.0002480113,0.0,-0.0,0.0
17.285,0.0025411996,0.002211943,0.00036285396,-0.0,-0.0,0.0
17.326,9.773844e-05,0.002211943,-0.0002480113,0.0,-0.0,0.0
17.368,0.0007086037,0.0016010778,0.00036285396,-0.0,-0.0,0.0
17.387,0.0025411996,0.0034336736,-0.0008588765,1.004037e-06,-7.430694e-07,2.5114355e-07
17.428,0.001319469,0.0028228082,-0.0002480113,0.0,-0.0,0.0
17.468,0.0019303343,0.0028228082,-0.0002480113,0.0,-0.0,0.0
17.489,0.001319469,0.0034336736,-0.0002480113,0.0,-0.0,0.0
17.528,0.0019303343,0.004044539,-0.0002480113,0.0,-0.0,0.0
17.566,0.001319469,0.0034336736,-0.0002480113,0.0,-0.0,0.0
17.607,0.0025411996,0.0028228082,-0.0002480113,0.0,-0.0,0.0
17.626,0.0019303343,0.0034336736,-0.0002480113,0.0,-0.0,0.0
17.669,0.001319469,0.0034336736,-0.0002480113,0.0,-0.0,0.0
17.689,0.001319469,0.0016010778,-0.0002480113,0.0,-0.0,0.0
17.728,0.001319469,0.0028228082,-0.0002480113,0.0,-0.0,0.0
17.768,0.0007086037,0.0028228082,0.00036285396,-0.0,-0.0,0.0
17.807,0.001319469,0.002211943,0.00036285396,-0.0,-0.0,0.0
17.826,0.001319469,0.002211943,-0.0002480113,0.0,-0.0,0.0
17.866,0.0007086037,0.0034336736,0.0009737192,-0.0,-0.0,0.0
17.906,0.0019303343,0.004044539,-0.0008588765,1.2385449e-06,-5.9111926e-07,2.630111e-07
17.926,9.773844e-05,0.002211943,-0.0002480113,0.0,-0.0,0.0
17.967,0.0019303343,0.0034336736,-0.0002480113,0.0,-0.0,0.0
18.007,0.001319469,0.002211943,-0.0002480113,0.0,-0.0,0.0
18.026,0.0007086037,0.002211943,-0.0002480113,0.0,-0.0,0.0
18.067,0.0007086037,0.0028228082,-0.0002480113,0.0,-0.0,0.0
18.106,0.001319469,0.0034336736,-0.0008588765,8.704271e-07,-3.3448174e-07,2.1772301e-07
18.132,0.0019303343,0.0028228082,0.00036285396,-0.0,-0.0,0.0
18.167,0.0007086037,0.0028228082,-0.0008588765,0.0,-0.0,0.0
18.207,0.0019303343,0.002211943,0.00036285396,-0.0,-0.0,0.0
18.227,0.0019303343,0.0034336736,-0.0002480113,0.0,-0.0,0.0
18.265,0.0019303343,0.0028228082,-0.0008588765,0.0,-0.0,0.0
18.307,0.0019303343,0.002211943,-0.0008588765,0.0,-0.0,0.0
18.327,0.0019303343,0.0034336736,0.00036285396,9.115235e-07,-5.124381e-07,-9.632514e-08
18.366,0.0019303343,0.002211943,0.0009737192,-0.0,-0.0,0.0
18.408,0.0019303343,0.0016010778,-0.0002480113,0.0,-0.0,0.0
18.447,0.0019303343,0.0034336736,-0.0008588765,9.2900643e-07,-5.222664e-07,2.3237577e-07
18.465,0.0031520645,0.004655404,-0.0002480113,0.0,-0.0,0.0
18.506,0.0025411996,0.0034336736,-0.0002480113,0.0,-0.0,0.0
18.549,0.001319469,0.002211943,0.00036285396,-0.0,-0.0,0.0
18.567,0.0007086037,0.002211943,-0.0002480113,0.0,-0.0,0.0
18.606,0.0019303343,0.0034336736,0.00036285396,-0.0,-0.0,0.0
18.658,0.0007086037,0.0028228082,-0.0008588765,5.748369e-07,-1.4430007e-07,1.7490174e-07
18.668,0.0007086037,0.002211943,-0.0002480113,0.0,-0.0,0.0
18.707,0.001319469,0.0028228082,-0.0002480113,0.0,-0.0,0.0
18.747,0.0025411996,0.0028228082,-0.0008588765,0.0,-0.0,0.0
18.768,0.0019303343,0.0034336736,-0.0002480113,0.0,-0.0,0.0
18.809,0.001319469,0.002211943,-0.0002480113,0.0,-0.0,0.0
18.847,0.001319469,0.004044539,-0.0002480113,1.1566884e-06,-3.7735188e-07,7.09284e-08
18.868,0.001319469,0.0034336736,-0.0008588765,0.0,-0.0,0.0
18.908,9.773844e-05,0.002211943,-0.0002480113,0.0,-0.0,0.0
18.946,0.0019303343,0.004044539,-0.0002480113,0.0,-0.0,0.0
18.966,0.0025411996,0.0034336736,-0.0002480113,0.0,-0.0,0.0
19.005,0.001319469,0.0034336736,-0.0002480113,0.0,-0.0,0.0
19.045,0.0007086037,0.002211943,0.0009737192,3.7385152e-07,-1.1976466e-07,-1.645731e-07
19.066,0.0019303343,0.0028228082,-0.0002480113,0.0,-0.0,0.0
19.106,0.0007086037,0.0034336736,0.00036285396,-0.0,-0.0,0.0
19.145,0.001319469,0.002211943,0.00036285396,-0.0,-0.0,0.0
19.186,9.773844e-05,0.0009902125,0.00036285396,7.038073e-08,-6.946896e-09,-2.5790348e-08
19.206,0.001319469,0.0016010778,-0.0002480113,0.0,-0.0,0.0
19.245,9.773844e-05,0.0028228082,-0.0008588765,0.0,-0.0,0.0
19.286,0.0007086037,0.0028228082,-0.0002480113,0.0,-0.0,0.0
19.306,0.0019303343,0.0034336736,-0.0008588765,0.0,-0.0,0.0
19.347,0.001319469,0.002211943,0.0009737192,-0.0,-0.0,0.0
19.385,0.001319469,0.0034336736,-0.0008588765,8.704271e-07,-3.3448174e-07,2.1772301e-07
19.407,0.0019303343,0.0028228082,-0.0002480113,0.0,-0.0,0.0
19.464,0.0025411996,0.004655404,-0.0002480113,0.0,-0.0,0.0
19.486,0.0019303343,0.0028228082,-0.0002480113,0.0,-0.0,0.0
19.506,0.0007086037,0.002211943,0.0009737192,-0.0,-0.0,0.0
19.546,0.0019303343,0.0034336736,-0.0008588765,0.0,-0.0,0.0
19.585,0.001319469,0.002211943,-0.0014697418,4.401928e-07,-2.6258388e-07,2.9248937e-07
19.605,9.773844e-05,0.0028228082,-0.0002480113,0.0,-0.0,0.0
19.662,0.0019303343,0.0028228082,-0.0002480113,0.0,-0.0,0.0
19.687,9.773844e-05,0.002211943,0.00036285396,-0.0,-0.0,0.0
19.712,9.773844e-05,0.0034336736,-0.0002480113,0.0,-0.0,0.0
19.746,9.773844e-05,0.002211943,-0.0008588765,0.0,-0.0,0.0
19.787,9.773844e-05,0.002211943,-0.0002480113,3.3071888e-07,-1.4613366e-08,3.7081435e-08
19.807,0.0025411996,0.002211943,-0.0002480113,0.0,-0.0,0.0
19.847,0.001319469,0.0016010778,0.0009737192,-0.0,-0.0,0.0
19.887,0.001319469,0.0028228082,-0.0008588765,0.0,-0.0,0.0
19.908,0.0019303343,0.0034336736,-0.0008588765,0.0,-0.0,0.0
19.949,0.0019303343,0.002211943,0.0009737192,-0.0,-0.0,0.0
19.987,9.773844e-05,0.0016010778,0.00036285396,1.7670513e-07,-1.078704e-08,-4.004687e-08
20.008,0.0019303343,0.005266269,-0.0008588765,0.0,-0.0,0.0
20.049,0.0031520645,0.002211943,0.00036285396,-0.0,-0.0,0.0
20.088,0.0019303343,0.0028228082,0.00036285396,-0.0,-0.0,0.0
20.109,0.0019303343,0.0028228082,-0.0014697418,0.0,-0.0,0.0
20.147,0.001319469,0.0028228082,-0.0002480113,0.0,-0.0,0.0
20.188,9.773844e-05,0.002211943,-0.0008588765,0.0,-0.0,0.0
20.209,0.001319469,0.0034336736,-0.0008588765,8.704271e-07,-3.3448174e-07,2.1772301e-07
20.247,0.001319469,0.004044539,-0.0002480113,0.0,-0.0,0.0
20.286,0.0031520645,0.0034336736,-0.0002480113,0.0,-0.0,0.0
20.325,0.0019303343,0.0028228082,-0.0008588765,6.679341e-07,-4.5675642e-07,2.0322787e-07
20.346,0.0007086037,0.0034336736,-0.0008588765,0.0,-0.0,0.0
20.385,0.0025411996,0.0034336736,-0.0008588765,0.0,-0.0,0.0
20.431,0.0019303343,0.0034336736,-0.0002480113,0.0,-0.0,0.0
20.448,0.00376293,0.004044539,-0.0002480113,0.0,-0.0,0.0
20.487,0.0007086037,0.004044539,-0.0008588765,0.0,-0.0,0.0
20.527,0.001319469,0.002211943,-0.0002480113,3.840923e-07,-2.2911884e-07,4.30659e-08
20.548,0.0019303343,0.0016010778,-0.0002480113,0.0,-0.0,0.0
20.587,0.0007086037,0.0028228082,0.00036285396,-0.0,-0.0,0.0
20.627,0.001319469,0.0028228082,-0.0002480113,0.0,-0.0,0.0
20.647,0.001319469,0.0028228082,-0.0002480113,0.0,-0.0,0.0
20.688,0.0025411996,0.002211943,0.0009737192,-0.0,-0.0,0.0
20.727,0.0007086037,0.0028228082,0.0009737192,5.813692e-07,-1.4593996e-07,-2.0054149e-07
20.747,0.001319469,0.0028228082,-0.0002480113,0.0,-0.0,0.0
20.787,0.0007086037,0.002211943,-0.0014697418,0.0,-0.0,0.0
20.826,0.001319469,0.0016010778,-0.0002480113,0.0,-0.0,0.0
20.847,0.0007086037,0.0028228082,0.00036285396,-0.0,-0.0,0.0
20.887,0.0007086037,0.0034336736,0.00036285396,-0.0,-0.0,0.0
20.927,-0.0005131268,0.002211943,-0.0002480113,3.3906664e-07,7.865672e-08,3.80174e-08
20.968,0.0007086037,0.002211943,-0.0008588765,0.0,-0.0,0.0
20.987,0.0019303343,0.0028228082,0.00036285396,-0.0,-0.0,0.0
21.028,0.001319469,0.002211943,0.00036285396,-0.0,-0.0,0.0
21.068,0.0019303343,0.0028228082,-0.0002480113,6.4951627e-07,-4.4416174e-07,5.7066497e-08
21.087,9.773844e-05,0.0034336736,-0.0002480113,0.0,-0.0,0.0
21.129,0.0019303343,0.002211943,-0.0014697418,4.873529e-07,-4.2530647e-07,3.2382528e-07
21.149,0.0019303343,0.0034336736,-0.0002480113,0.0,-0.0,0.0
21.187,0.001319469,0.0028228082,-0.0014697418,0.0,-0.0,0.0
21.227,0.001319469,0.0016010778,0.00036285396,-0.0,-0.0,0.0
21.267,0.0019303343,0.0028228082,0.00036285396,6.514514e-07,-4.454851e-07,-8.373977e-08
21.286,0.0019303343,0.0028228082,-0.0002480113,0.0,-0.0,0.0
21.328,0.0019303343,0.0028228082,-0.0008588765,0.0,-0.0,0.0
21.366,0.0025411996,0.0034336736,-0.0002480113,0.0,-0.0,0.0
21.387,9.773844e-05,0.002211943,-0.0002480113,0.0,-0.0,0.0
21.428,0.0007086037,0.002211943,0.0009737192,-0.0,-0.0,0.0
21.466,0.001319469,0.0016010778,-0.0002480113,2.2450817e-07,-1.8502008e-07,3.4776942e-08
21.486,0.0019303343,0.0034336736,-0.0002480113,0.0,-0.0,0.0
21.526,0.001319469,0.0034336736,-0.0014697418,0.0,-0.0,0.0
21.566,0.0019303343,0.002211943,-0.0002480113,0.0,-0.0,0.0
21.587,0.0019303343,0.0034336736,-0.0014697418,0.0,-0.0,0.0
21.626,0.001319469,0.0028228082,0.00036285396,-0.0,-0.0,0.0
21.667,0.0007086037,0.002211943,-0.0002480113,3.4673988e-07,-1.1107932e-07,3.8877783e-08
21.689,0.0007086037,0.0028228082,-0.0002480113,0.0,-0.0,0.0
21.728,0.0007086037,0.0028228082,-0.0002480113,0.0,-0.0,0.0
21.767,0.0007086037,0.0016010778,0.0009737192,-0.0,-0.0,0.0
21.788,0.0007086037,0.0034336736,0.00036285396,-0.0,-0.0,0.0
21.828,0.001319469,0.0028228082,-0.0008588765,0.0,-0.0,0.0
21.868,0.0019303343,0.0028228082,-0.0008588765,6.679341e-07,-4.5675642e-07,2.0322787e-07
21.889,0.0019303343,0.0028228082,-0.0008588765,0.0,-0.0,0.0
21.927,0.0007086037,0.002211943,0.00036285396,-0.0,-0.0,0.0
21.967,0.0025411996,0.0028228082,0.00036285396,-0.0,-0.0,0.0
22.006,9.773844e-05,0.002211943,-0.0002480113,3.3071888e-07,-1.4613366e-08,3.7081435e-08
22.028,0.0025411996,0.004044539,-0.0008588765,0.0,-0.0,0.0
22.066,0.0007086037,0.0028228082,-0.0008588765,5.748369e-07,-1.4430007e-07,1.7490174e-07
22.106,0.0019303343,0.0034336736,-0.0008588765,0.0,-0.0,0.0
22.128,0.0007086037,0.0034336736,-0.0008588765,0.0,-0.0,0.0
22.168,0.001319469,0.0028228082,-0.0002480113,0.0,-0.0,0.0
22.208,0.0025411996,0.0028228082,-0.0008588765,7.376708e-07,-6.6407927e-07,2.2444625e-07
22.228,0.001319469,0.004044539,-0.0002480113,0.0,-0.0,0.0
22.265,0.001319469,0.0028228082,-0.0002480113,0.0,-0.0,0.0
22.304,0.0007086037,0.0016010778,-0.0002480113,0.0,-0.0,0.0
22.327,0.001319469,0.0034336736,-0.0002480113,0.0,-0.0,0.0
22.366,0.0019303343,0.004044539,0.00036285396,-0.0,-0.0,0.0
22.406,0.001319469,0.0028228082,0.00036285396,5.9426316e-07,-2.7777725e-07,-7.6388645e-08
22.426,0.0019303343,0.002211943,-0.0008588765,0.0,-0.0,0.0
22.467,0.0007086037,0.002211943,-0.0008588765,0.0,-0.0,0.0
22.513,0.001319469,0.0034336736,-0.0008588765,0.0,-0.0,0.0
22.547,0.0025411996,0.0028228082,-0.0002480113,7.210365e-07,-6.4910455e-07,6.3350335e-08
22.567,0.0025411996,0.002211943,-0.0002480113,0.0,-0.0,0.0
22.607,0.0025411996,0.002211943,-0.0008588765,5.160979e-07,-5.9292097e-07,2.0039604e-07
22.646,0.0007086037,0.0028228082,-0.0014697418,0.0,-0.0,0.0
22.667,0.0007086037,0.0034336736,-0.0008588765,0.0,-0.0,0.0
22.707,9.773844e-05,0.0028228082,-0.0002480113,0.0,-0.0,0.0
22.747,0.0007086037,0.0028228082,0.0009737192,5.813692e-07,-1.4593996e-07,-2.0054149e-07
22.766,0.001319469,0.0028228082,-0.0002480113,0.0,-0.0,0.0
22.806,0.001319469,0.0028228082,0.00036285396,5.9426316e-07,-2.7777725e-07,-7.6388645e-08
22.847,0.0007086037,0.004044539,-0.0008588765,0.0,-0.0,0.0
22.866,0.0007086037,0.0034336736,0.00036285396,-0.0,-0.0,0.0
22.906,0.001319469,0.0016010778,0.00036285396,-0.0,-0.0,0.0
22.948,0.001319469,0.0034336736,-0.0002480113,8.495531e-07,-3.264605e-07,6.136263e-08
22.967,0.001319469,0.0034336736,-0.0014697418,0.0,-0.0,0.0
23.006,0.0025411996,0.0028228082,-0.0008588765,7.376708e-07,-6.6407927e-07,2.2444625e-07
23.046,0.001319469,0.0034336736,0.0009737192,-0.0,-0.0,0.0
23.066,0.0025411996,0.004044539,0.00036285396,-0.0,-0.0,0.0
23.110,0.0007086037,0.0034336736,-0.0008588765,0.0,-0.0,0.0
23.147,0.001319469,0.0034336736,-0.0002480113,8.495531e-07,-3.264605e-07,6.136263e-08
23.165,0.0007086037,0.0028228082,-0.0008588765,0.0,-0.0,0.0
23.208,0.0031520645,0.0034336736,0.00036285396,1.0773009e-06,-9.889474e-07,-1.138434e-07
23.247,9.773844e-05,0.0028228082,-0.0008588765,0.0,-0.0,0.0
23.266,-0.0017348573,0.0016010778,-0.0002480113,-0.0,0.0,0.0
23.305,0.0031520645,0.0034336736,-0.0008588765,0.0,-0.0,0.0
23.346,0.001319469,0.0034336736,-0.0002480113,8.495531e-07,-3.264605e-07,6.136263e-08
23.367,0.0007086037,0.002211943,-0.0008588765,0.0,-0.0,0.0
23.406,0.0025411996,0.0016010778,0.00036285396,-0.0,-0.0,0.0
23.447,0.001319469,0.0034336736,-0.0008588765,0.0,-0.0,0.0
23.488,0.0007086037,0.0028228082,0.00036285396,5.555993e-07,-1.3947096e-07,-7.1418704e-08
23.507,0.001319469,0.0028228082,-0.0002480113,0.0,-0.0,0.0
23.547,9.773844e-05,0.0016010778,-0.0002480113,1.743984e-07,-1.0646217e-08,2.7014785e-08
23.587,0.001319469,0.0028228082,-0.0002480113,0.0,-0.0,0.0
23.606,0.001319469,0.0028228082,0.00036285396,-0.0,-0.0,0.0
23.647,0.0007086037,0.002211943,-0.0002480113,0.0,-0.0,0.0
23.686,0.0007086037,0.0016010778,0.00036285396,1.9212304e-07,-8.502966e-08,-4.354104e-08
23.706,0.001319469,0.002211943,-0.0014697418,0.0,-0.0,0.0
23.756,0.0025411996,0.0028228082,-0.0008588765,7.376708e-07,-6.6407927e-07,2.2444625e-07
23.786,0.0007086037,0.004044539,0.00036285396,-0.0,-0.0,0.0
23.806,0.001319469,0.0028228082,0.00036285396,-0.0,-0.0,0.0
23.847,0.0025411996,0.0034336736,-0.0008588765,0.0,-0.0,0.0
23.887,0.001319469,0.0028228082,-0.0002480113,5.921412e-07,-2.767853e-07,5.2025474e-08
23.908,0.0025411996,0.0034336736,-0.0002480113,0.0,-0.0,0.0
23.946,0.0019303343,0.004044539,-0.0002480113,1.2182691e-06,-5.814424e-07,7.4704666e-08
23.999,0.0019303343,0.0034336736,-0.0008588765,0.0,-0.0,0.0
24.006,0.0019303343,0.004044539,-0.0002480113,0.0,-0.0,0.0
24.051,0.001319469,0.004044539,-0.0002480113,0.0,-0.0,0.0
24.086,0.0019303343,0.004044539,-0.0008588765,1.2385449e-06,-5.9111926e-07,2.630111e-07
24.107,0.001319469,0.0034336736,-0.0002480113,0.0,-0.0,0.0
24.147,0.0019303343,0.0028228082,-0.0002480113,6.4951627e-07,-4.4416174e-07,5.7066497e-08
24.188,0.0007086037,0.0028228082,-0.0002480113,0.0,-0.0,0.0
24.207,0.001319469,0.0028228082,0.00036285396,-0.0,-0.0,0.0
24.245,0.0019303343,0.0034336736,-0.0008588765,0.0,-0.0,0.0
24.285,0.0025411996,0.002211943,-0.0002480113,5.014559e-07,-5.760996e-07,5.6225247e-08
24.308,0.0007086037,0.002211943,0.00036285396,-0.0,-0.0,0.0
24.346,0.0007086037,0.002211943,0.0009737192,-0.0,-0.0,0.0
24.386,0.0007086037,0.0028228082,-0.0008588765,0.0,-0.0,0.0
24.429,0.0025411996,0.004044539,-0.0002480113,1.2982345e-06,-8.156857e-07,7.960833e-08
24.447,0.001319469,0.0034336736,-0.0008588765,0.0,-0.0,0.0
24.488,-0.0005131268,0.0016010778,-0.0002480113,1.8260405e-07,5.8522474e-08,2.8285855e-08
24.515,0.001319469,0.0028228082,0.00036285396,-0.0,-0.0,0.0
24.548,0.0019303343,0.004044539,-0.0008588765,0.0,-0.0,0.0
24.588,0.001319469,0.0028228082,0.00036285396,-0.0,-0.0,0.0
24.627,0.001319469,0.0034336736,0.00036285396,8.5174264e-07,-3.2730193e-07,-9.000788e-08
24.647,0.0007086037,0.0016010778,-0.0008588765,0.0,-0.0,0.0
24.688,0.001319469,0.0028228082,0.00036285396,5.9426316e-07,-2.7777725e-07,-7.6388645e-08
24.727,0.0007086037,0.0034336736,0.0009737192,-0.0,-0.0,0.0
24.749,0.0007086037,0.002211943,-0.0008588765,0.0,-0.0,0.0
24.792,0.0025411996,0.004044539,-0.0014697418,0.0,-0.0,0.0
24.827,0.001319469,0.002211943,-0.0002480113,3.840923e-07,-2.2911884e-07,4.30659e-08
24.847,9.773844e-05,0.002211943,-0.0002480113,0.0,-0.0,0.0
24.889,0.001319469,0.0028228082,0.00036285396,5.9426316e-07,-2.7777725e-07,-7.6388645e-08
24.933,0.001319469,0.004044539,0.00036285396,-0.0,-0.0,0.0
24.946,0.0019303343,0.004044539,-0.0002480113,0.0,-0.0,0.0
24.988,0.0019303343,0.0034336736,0.00036285396,-0.0,-0.0,0.0
25.027,0.0007086037,0.0034336736,-0.0008588765,8.3178196e-07,-1.716539e-07,2.0805653e-07
25.049,0.0025411996,0.0028228082,-0.0008588765,0.0,-0.0,0.0
25.087,0.001319469,0.004044539,0.0009737192,1.184587e-06,-3.8645356e-07,-2.8518807e-07
25.125,0.001319469,0.0034336736,-0.002080607,0.0,-0.0,0.0
25.166,0.0025411996,0.0028228082,0.0009737192,7.4277204e-07,-6.6867193e-07,-2.5621677e-07
25.186,0.0019303343,0.0028228082,-0.0008588765,0.0,-0.0,0.0
25.227,0.001319469,0.0028228082,-0.0002480113,5.921412e-07,-2.767853e-07,5.2025474e-08
25.266,0.001319469,0.004044539,-0.0002480113,0.0,-0.0,0.0
25.288,9.773844e-05,0.0028228082,0.0015845845,-0.0,-0.0,0.0
25.326,0.0019303343,0.0028228082,-0.0002480113,0.0,-0.0,0.0
25.366,0.001319469,0.004044539,-0.0002480113,1.1566884e-06,-3.7735188e-07,7.09284e-08
25.386,0.001319469,0.002211943,-0.0008588765,0.0,-0.0,0.0
25.429,0.001319469,0.0028228082,-0.0008588765,6.122873e-07,-2.862022e-07,1.8629655e-07
25.470,9.773844e-05,0.002211943,-0.0002480113,0.0,-0.0,0.0
25.487,0.001319469,0.002211943,-0.0002480113,0.0,-0.0,0.0
25.530,0.0007086037,0.0028228082,-0.0002480113,0.0,-0.0,0.0
25.567,0.001319469,0.002211943,0.00036285396,3.8609934e-07,-2.303161e-07,-6.3336884e-08
25.586,0.001319469,0.0028228082,-0.0008588765,0.0,-0.0,0.0
25.628,0.0007086037,0.0028228082,0.00036285396,5.555993e-07,-1.3947096e-07,-7.1418704e-08
25.669,0.0025411996,0.002211943,0.0009737192,-0.0,-0.0,0.0
25.690,0.0007086037,0.0028228082,-0.0008588765,0.0,-0.0,0.0
25.727,0.001319469,0.002211943,0.00036285396,-0.0,-0.0,0.0
25.767,0.001319469,0.002211943,0.00036285396,3.8609934e-07,-2.303161e-07,-6.3336884e-08
25.786,0.0019303343,0.0028228082,-0.0002480113,0.0,-0.0,0.0
25.825,0.0025411996,0.004044539,0.00036285396,1.3002234e-06,-8.1693554e-07,-1.1664842e-07
25.865,0.001319469,0.0034336736,0.00036285396,-0.0,-0.0,0.0
25.906,9.773844e-05,0.0034336736,0.0009737192,8.227283e-07,-2.34188e-08,-2.333088e-07
25.925,0.001319469,0.0034336736,-0.0008588765,0.0,-0.0,0.0
25.965,0.001319469,0.0034336736,0.00036285396,8.5174264e-07,-3.2730193e-07,-9.000788e-08
26.008,0.0025411996,0.0028228082,-0.0002480113,0.0,-0.0,0.0
26.027,0.0025411996,0.0034336736,-0.0008588765,1.004037e-06,-7.430694e-07,2.5114355e-07
26.068,0.0025411996,0.002211943,-0.0002480113,0.0,-0.0,0.0
26.107,0.001319469,0.0034336736,0.00036285396,8.5174264e-07,-3.2730193e-07,-9.000788e-08
26.126,9.773844e-05,0.002211943,-0.0008588765,0.0,-0.0,0.0
26.167,0.0019303343,0.0034336736,0.00036285396,9.115235e-07,-5.124381e-07,-9.632514e-08
26.189,0.0025411996,0.0034336736,-0.0008588765,0.0,-0.0,0.0
26.228,9.773844e-05,0.0016010778,-0.0002480113,1.743984e-07,-1.0646217e-08,2.7014785e-08
26.265,0.001319469,0.002211943,-0.0002480113,0.0,-0.0,0.0
26.305,0.001319469,0.0028228082,-0.0008588765,6.122873e-07,-2.862022e-07,1.8629655e-07
26.326,-0.0005131268,0.002211943,-0.0002480113,-0.0,0.0,0.0
26.366,0.0007086037,0.0028228082,-0.0008588765,5.748369e-07,-1.4430007e-07,1.7490174e-07
26.406,0.001319469,0.0028228082,-0.0008588765,0.0,-0.0,0.0
26.428,0.0019303343,0.002211943,-0.0002480113,0.0,-0.0,0.0
26.468,0.001319469,0.0028228082,-0.0008588765,0.0,-0.0,0.0
26.509,0.0007086037,0.0028228082,0.00036285396,5.555993e-07,-1.3947096e-07,-7.1418704e-08
26.528,0.0007086037,0.002211943,-0.0002480113,0.0,-0.0,0.0
26.566,0.001319469,0.004044539,-0.0008588765,1.1780245e-06,-3.8431233e-07,2.5015916e-07
26.607,0.0007086037,0.0028228082,-0.0008588765,0.0,-0.0,0.0
26.627,0.0019303343,0.0028228082,0.00036285396,-0.0,-0.0,0.0
26.669,0.001319469,0.0028228082,-0.0002480113,0.0,-0.0,0.0
26.706,0.0007086037,0.0034336736,-0.0008588765,8.3178196e-07,-1.716539e-07,2.0805653e-07
26.746,0.001319469,0.002211943,-0.0002480113,0.0,-0.0,0.0
26.769,0.0019303343,0.0028228082,-0.0002480113,6.4951627e-07,-4.4416174e-07,5.7066497e-08
26.807,0.001319469,0.002211943,-0.0002480113,0.0,-0.0,0.0
26.852,0.001319469,0.0009902125,0.0009737192,1.2729768e-07,-1.6962557e-07,-1.2517735e-07
26.865,0.001319469,0.0016010778,0.00036285396,-0.0,-0.0,0.0
26.907,0.001319469,0.0034336736,-0.0002480113,8.495531e-07,-3.264605e-07,6.136263e-08
26.949,0.001319469,0.004044539,-0.0008588765,0.0,-0.0,0.0
26.966,0.0007086037,0.002211943,-0.0002480113,3.4673988e-07,-1.1107932e-07,3.8877783e-08
27.006,0.001319469,0.0034336736,-0.0002480113,0.0,-0.0,0.0
27.047,0.001319469,0.002211943,-0.0002480113,3.840923e-07,-2.2911884e-07,4.30659e-08
27.077,0.001319469,0.0028228082,-0.0002480113,0.0,-0.0,0.0
27.108,0.001319469,0.0028228082,-0.0002480113,5.921412e-07,-2.767853e-07,5.2025474e-08
27.148,9.773844e-05,0.0028228082,-0.0002480113,0.0,-0.0,0.0
27.166,0.0025411996,0.0034336736,0.00036285396,9.878828e-07,-7.311142e-07,-1.04394296e-07
27.206,0.0007086037,0.0028228082,-0.0002480113,0.0,-0.0,0.0
27.246,0.0019303343,0.0016010778,-0.0008588765,2.8483078e-07,-3.4340522e-07,1.5279363e-07
27.267,-0.0005131268,0.002211943,0.00036285396,0.0,-0.0,-0.0
27.305,0.0007086037,0.0028228082,-0.0002480113,5.533291e-07,-1.3890104e-07,4.861541e-08
27.346,0.0019303343,0.0034336736,-0.0008588765,0.0,-0.0,0.0
27.367,0.001319469,0.0028228082,-0.0014697418,0.0,-0.0,0.0
27.411,0.0007086037,0.0028228082,0.00036285396,-0.0,-0.0,0.0
27.449,0.0019303343,0.0034336736,-0.0014697418,9.688051e-07,-5.446402e-07,4.1468533e-07
27.466,0.0031520645,0.0028228082,-0.0002480113,0.0,-0.0,0.0
27.507,0.0025411996,0.004044539,0.0009737192,1.3231518e-06,-8.313417e-07,-3.185471e-07
27.546,0.0019303343,0.004044539,-0.0008588765,0.0,-0.0,0.0
27.567,0.001319469,0.0016010778,-0.0002480113,0.0,-0.0,0.0
27.606,9.773844e-05,0.0016010778,-0.0008588765,0.0,-0.0,0.0
27.646,0.0019303343,0.0034336736,-0.0002480113,9.094778e-07,-5.1128796e-07,6.569103e-08
27.686,0.001319469,0.002211943,0.00036285396,-0.0,-0.0,0.0
27.707,0.0007086037,0.0034336736,-0.0008588765,8.3178196e-07,-1.716539e-07,2.0805653e-07
27.748,0.0007086037,0.002211943,-0.0002480113,0.0,-0.0,0.0
27.768,0.0007086037,0.002211943,-0.0002480113,0.0,-0.0,0.0
27.806,0.0007086037,0.002211943,-0.0014697418,0.0,-0.0,0.0
27.846,0.001319469,0.0016010778,-0.0008588765,2.412675e-07,-1.9883164e-07,1.294247e-07
27.886,0.0019303343,0.0028228082,-0.0008588765,0.0,-0.0,0.0
27.906,0.0025411996,0.0034336736,-0.0008588765,1.004037e-06,-7.430694e-07,2.5114355e-07
27.947,0.0019303343,0.002211943,-0.0008588765,0.0,-0.0,0.0
27.988,0.0019303343,0.0034336736,-0.0014697418,9.688051e-07,-5.446402e-07,4.1468533e-07
28.006,0.0019303343,0.004655404,-0.0002480113,0.0,-0.0,0.0
28.047,0.0019303343,0.0034336736,0.00036285396,9.115235e-07,-5.124381e-07,-9.632514e-08
28.086,0.0025411996,0.002211943,-0.0008588765,0.0,-0.0,0.0
28.110,0.0025411996,0.004044539,-0.0002480113,1.2982345e-06,-8.156857e-07,7.960833e-08
28.148,0.0007086037,0.0034336736,-0.0002480113,0.0,-0.0,0.0
28.188,0.0019303343,0.0034336736,0.00036285396,9.115235e-07,-5.124381e-07,-9.632514e-08
28.206,0.0019303343,0.0028228082,-0.0002480113,0.0,-0.0,0.0
28.260,0.0019303343,0.004044539,-0.0002480113,1.2182691e-06,-5.814424e-07,7.4704666e-08
28.272,9.773844e-05,0.004044539,-0.0014697418,0.0,-0.0,0.0
28.307,-0.0005131268,0.004044539,-0.0002480113,-0.0,0.0,0.0
28.348,0.001319469,0.0034336736,0.00036285396,-0.0,-0.0,0.0
28.387,0.0007086037,0.0034336736,0.00036285396,8.12209e-07,-1.6761477e-07,-8.583023e-08
28.408,0.0019303343,0.0034336736,-0.0008588765,0.0,-0.0,0.0
28.448,0.0019303343,0.0028228082,-0.0002480113,6.4951627e-07,-4.4416174e-07,5.7066497e-08
28.488,9.773844e-05,0.0016010778,-0.0008588765,0.0,-0.0,0.0
28.508,0.001319469,0.002211943,-0.0008588765,0.0,-0.0,0.0
28.547,0.0019303343,0.0028228082,-0.0002480113,0.0,-0.0,0.0
28.589,0.0007086037,0.0028228082,0.00036285396,5.555993e-07,-1.3947096e-07,-7.1418704e-08
28.609,0.0019303343,0.004044539,-0.0002480113,0.0,-0.0,0.0
28.649,0.0019303343,0.0016010778,0.00036285396,2.722726e-07,-3.2826455e-07,-6.170538e-08
28.687,0.001319469,0.0034336736,0.00036285396,-0.0,-0.0,0.0
28.727,0.0025411996,0.0028228082,-0.0008588765,7.376708e-07,-6.6407927e-07,2.2444625e-07
28.747,9.773844e-05,0.004044539,-0.0002480113,0.0,-0.0,0.0
28.787,0.001319469,0.0028228082,0.00036285396,5.9426316e-07,-2.7777725e-07,-7.6388645e-08
28.829,0.001319469,0.0028228082,-0.0002480113,0.0,-0.0,0.0
28.848,0.0019303343,0.0034336736,-0.0002480113,9.094778e-07,-5.1128796e-07,6.569103e-08
28.887,0.0019303343,0.004044539,-0.0008588765,0.0,-0.0,0.0
28.928,0.0007086037,0.0028228082,-0.0002480113,5.533291e-07,-1.3890104e-07,4.861541e-08
28.949,0.0019303343,0.0034336736,-0.0002480113,0.0,-0.0,0.0
28.987,0.001319469,0.002211943,0.00036285396,3.8609934e-07,-2.303161e-07,-6.3336884e-08
29.027,0.001319469,0.004044539,-0.0008588765,0.0,-0.0,0.0
29.048,0.001319469,0.0034336736,0.00036285396,8.5174264e-07,-3.2730193e-07,-9.000788e-08
29.086,0.001319469,0.002211943,0.00036285396,-0.0,-0.0,0.0
29.127,0.0019303343,0.002211943,-0.0008588765,4.540584e-07,-3.962509e-07,1.7630666e-07
29.147,0.001319469,0.0028228082,-0.0002480113,0.0,-0.0,0.0
29.187,0.0007086037,0.0034336736,-0.0008588765,8.3178196e-07,-1.716539e-07,2.0805653e-07
29.227,0.001319469,0.0028228082,-0.0002480113,0.0,-0.0,0.0
29.247,0.001319469,0.0028228082,-0.0002480113,5.921412e-07,-2.767853e-07,5.2025474e-08
29.288,0.0025411996,0.0034336736,-0.0002480113,0.0,-0.0,0.0
29.327,0.001319469,0.0016010778,-0.0002480113,2.2450817e-07,-1.8502008e-07,3.4776942e-08
29.348,0.001319469,0.002211943,-0.0002480113,0.0,-0.0,0.0
29.388,0.001319469,0.004655404,-0.0014697418,1.5799233e-06,-4.4779307e-07,4.9879253e-07
29.427,0.001319469,0.0028228082,-0.0002480113,0.0,-0.0,0.0
29.468,0.001319469,0.0034336736,-0.0008588765,8.704271e-07,-3.3448174e-07,2.1772301e-07
29.488,9.773844e-05,0.0009902125,0.00036285396,-0.0,-0.0,0.0
29.527,0.001319469,0.004655404,-0.0002480113,1.5137102e-06,-4.2902684e-07,8.064149e-08
29.567,0.001319469,0.002211943,-0.0008588765,0.0,-0.0,0.0
29.586,0.001319469,0.0034336736,-0.0002480113,8.495531e-07,-3.264605e-07,6.136263e-08
29.627,0.001319469,0.0009902125,-0.0002480113,0.0,-0.0,0.0
29.667,9.773844e-05,0.0028228082,-0.0002480113,5.371191e-07,-1.859749e-08,4.7191165e-08
29.687,0.001319469,0.002211943,0.00036285396,-0.0,-0.0,0.0
29.728,0.0019303343,0.0028228082,0.00036285396,6.514514e-07,-4.454851e-07,-8.373977e-08
29.769,0.001319469,0.0016010778,0.00036285396,-0.0,-0.0,0.0
29.789,0.001319469,0.004044539,-0.0008588765,1.1780245e-06,-3.8431233e-07,2.5015916e-07
29.827,9.773844e-05,0.002211943,0.00036285396,-0.0,-0.0,0.0
29.868,9.773844e-05,0.002211943,0.00036285396,3.330477e-07,-1.4716284e-08,-5.4634167e-08
29.887,0.0007086037,0.002211943,0.00036285396,-0.0,-0.0,0.0
29.928,0.0007086037,0.002211943,0.00036285396,3.4896178e-07,-1.1179114e-07,-5.7244748e-08
29.968,0.001319469,0.0016010778,0.00036285396,-0.0,-0.0,0.0
29.988,0.0007086037,0.002211943,-0.0002480113,3.4673988e-07,-1.1107932e-07,3.8877783e-08
30.028,9.773844e-05,0.0028228082,-0.0002480113,0.0,-0.0,0.0
30.069,9.773844e-05,0.0034336736,-0.0008588765,8.159086e-07,-2.3224498e-08,2.04086e-07
30.087,0.0019303343,0.0016010778,-0.0002480113,0.0,-0.0,0.0
30.127,0.0007086037,0.002211943,-0.0008588765,3.6759693e-07,-1.1776093e-07,1.4273444e-07
30.168,0.0025411996,0.002211943,-0.0002480113,0.0,-0.0,0.0
30.188,0.001319469,0.002211943,-0.0002480113,3.840923e-07,-2.2911884e-07,4.30659e-08
30.227,0.0007086037,0.0009902125,-0.0008588765,0.0,-0.0,0.0
30.266,0.001319469,0.0028228082,-0.0008588765,6.122873e-07,-2.862022e-07,1.8629655e-07
30.306,0.001319469,0.004655404,-0.0002480113,0.0,-0.0,0.0
30.327,0.001319469,0.002211943,-0.0002480113,3.840923e-07,-2.2911884e-07,4.30659e-08
30.369,9.773844e-05,0.0016010778,-0.0002480113,0.0,-0.0,0.0
30.407,0.001319469,0.002211943,0.0009737192,-0.0,-0.0,0.0
30.428,0.001319469,0.0016010778,-0.0002480113,0.0,-0.0,0.0
30.467,0.0007086037,0.002211943,-0.0008588765,3.6759693e-07,-1.1776093e-07,1.4273444e-07
30.508,0.001319469,0.0028228082,-0.0002480113,0.0,-0.0,0.0
30.528,0.001319469,0.0028228082,-0.0002480113,5.921412e-07,-2.767853e-07,5.2025474e-08
30.568,0.001319469,0.0034336736,-0.0002480113,0.0,-0.0,0.0
30.606,9.773844e-05,0.0034336736,-0.0014697418,8.6095133e-07,-2.4506551e-08,3.6851964e-07
30.628,0.0007086037,0.0034336736,0.0009737192,-0.0,-0.0,0.0
30.668,0.0025411996,0.0034336736,0.00036285396,9.878828e-07,-7.311142e-07,-1.04394296e-07
30.708,0.0019303343,0.0034336736,-0.0008588765,0.0,-0.0,0.0
30.729,0.0025411996,0.0028228082,0.00036285396,7.2278004e-07,-6.506743e-07,-9.290853e-08
30.768,0.001319469,0.002211943,-0.0002480113,0.0,-0.0,0.0
30.807,0.0007086037,0.002211943,-0.0014697418,4.0800896e-07,-1.3070704e-07,2.7110457e-07
30.828,9.773844e-05,0.0028228082,-0.0002480113,0.0,-0.0,0.0
30.867,9.773844e-05,0.0034336736,0.00036285396,7.959455e-07,-2.2656373e-08,-8.411165e-08
30.907,0.001319469,0.002211943,0.00036285396,-0.0,-0.0,0.0
30.928,0.0019303343,0.004655404,-0.0002480113,1.5764151e-06,-6.5365066e-07,8.398222e-08
30.967,0.0019303343,0.0028228082,-0.0002480113,0.0,-0.0,0.0
31.010,0.001319469,0.0034336736,-0.0002480113,8.495531e-07,-3.264605e-07,6.136263e-08
31.030,0.0007086037,0.0028228082,-0.0008588765,0.0,-0.0,0.0
31.069,0.0019303343,0.004655404,-0.0008588765,1.5972107e-06,-6.622732e-07,2.9467026e-07
31.109,0.001319469,0.002211943,0.00036285396,-0.0,-0.0,0.0
31.128,0.0025411996,0.004044539,-0.0002480113,1.2982345e-06,-8.156857e-07,7.960833e-08
31.170,0.0019303343,0.004044539,-0.0002480113,0.0,-0.0,0.0
31.207,0.001319469,0.0034336736,-0.0002480113,8.495531e-07,-3.264605e-07,6.136263e-08
31.230,0.0019303343,0.002211943,0.00036285396,-0.0,-0.0,0.0
31.269,0.001319469,0.0028228082,-0.0008588765,6.122873e-07,-2.862022e-07,1.8629655e-07
31.307,0.001319469,0.0028228082,0.00036285396,-0.0,-0.0,0.0
31.348,0.001319469,0.0034336736,-0.0008588765,0.0,-0.0,0.0
31.368,0.001319469,0.0028228082,-0.0002480113,0.0,-0.0,0.0
31.408,0.0019303343,0.002211943,0.00036285396,4.39108e-07,-3.8320394e-07,-7.203254e-08
31.438,0.001319469,0.0034336736,-0.002080607,0.0,-0.0,0.0
31.467,0.001319469,0.004655404,0.00036285396,1.5159704e-06,-4.296676e-07,-1.1815824e-07
31.507,0.001319469,0.002211943,-0.0002480113,0.0,-0.0,0.0
31.549,0.0007086037,0.0016010778,-0.0002480113,1.9000358e-07,-8.4091624e-08,2.9432075e-08
31.568,0.0007086037,0.002211943,-0.0002480113,0.0,-0.0,0.0
31.609,0.0025411996,0.0034336736,-0.0002480113,9.859957e-07,-7.2971744e-07,7.121798e-08
31.648,9.773844e-05,0.0028228082,-0.0008588765,0.0,-0.0,0.0
31.666,0.0019303343,0.0028228082,0.00036285396,6.514514e-07,-4.454851e-07,-8.373977e-08
31.711,0.001319469,0.004044539,-0.0002480113,0.0,-0.0,0.0
31.747,-0.0005131268,0.002211943,-0.0002480113,3.3906664e-07,7.865672e-08,3.80174e-08
31.768,9.773844e-05,0.0028228082,-0.0002480113,0.0,-0.0,0.0
31.809,0.001319469,0.0028228082,-0.0002480113,5.921412e-07,-2.767853e-07,5.2025474e-08
31.849,0.001319469,0.0028228082,0.00036285396,-0.0,-0.0,0.0
31.869,9.773844e-05,0.002211943,-0.0002480113,3.3071888e-07,-1.4613366e-08,3.7081435e-08
31.907,9.773844e-05,0.002211943,-0.0008588765,0.0,-0.0,0.0
31.947,0.0019303343,0.002211943,-0.0014697418,4.873529e-07,-4.2530647e-07,3.2382528e-07
31.968,0.0007086037,0.0016010778,-0.0008588765,0.0,-0.0,0.0
32.008,0.0025411996,0.0034336736,-0.0008588765,1.004037e-06,-7.430694e-07,2.5114355e-07
32.050,0.001319469,0.0028228082,-0.0008588765,0.0,-0.0,0.0
32.070,0.001319469,0.002211943,-0.0002480113,3.840923e-07,-2.2911884e-07,4.30659e-08
32.108,0.0007086037,0.0009902125,-0.0008588765,0.0,-0.0,0.0
32.147,0.001319469,0.004044539,-0.0002480113,1.1566884e-06,-3.7735188e-07,7.09284e-08
32.188,0.001319469,0.0016010778,0.00036285396,-0.0,-0.0,0.0
32.208,0.0025411996,0.002211943,-0.0002480113,5.014559e-07,-5.760996e-07,5.6225247e-08
32.253,9.773844e-05,0.0016010778,-0.0002480113,0.0,-0.0,0.0
32.288,0.0007086037,0.0034336736,0.00036285396,-0.0,-0.0,0.0
32.308,0.0019303343,0.004044539,-0.0002480113,0.0,-0.0,0.0
32.348,0.001319469,0.0028228082,-0.0008588765,6.122873e-07,-2.862022e-07,1.8629655e-07
32.388,0.0019303343,0.0034336736,0.00036285396,-0.0,-0.0,0.0
32.407,0.001319469,0.0028228082,-0.0014697418,6.5264254e-07,-3.0506544e-07,3.3980922e-07
32.446,0.0007086037,0.0016010778,0.00036285396,-0.0,-0.0,0.0
32.487,0.0007086037,0.002211943,-0.0002480113,0.0,-0.0,0.0
32.528,0.001319469,0.0034336736,-0.0002480113,0.0,-0.0,0.0
32.547,0.0007086037,0.0009902125,0.00036285396,8.443079e-08,-6.041932e-08,-3.0938853e-08
32.586,0.0007086037,0.002211943,0.00036285396,-0.0,-0.0,0.0
32.628,0.0025411996,0.002211943,-0.0002480113,0.0,-0.0,0.0
32.646,0.0019303343,0.0028228082,-0.0002480113,0.0,-0.0,0.0
32.687,0.001319469,0.0028228082,-0.0002480113,5.921412e-07,-2.767853e-07,5.2025474e-08
32.728,0.0019303343,0.0034336736,-0.0002480113,0.0,-0.0,0.0
32.753,0.001319469,0.0016010778,-0.0002480113,2.2450817e-07,-1.8502008e-07,3.4776942e-08
32.788,0.0025411996,0.0028228082,-0.0002480113,0.0,-0.0,0.0
32.828,0.0019303343,0.0028228082,-0.0008588765,0.0,-0.0,0.0
32.847,0.0019303343,0.0028228082,-0.0014697418,0.0,-0.0,0.0
32.877,9.773844e-05,0.0034336736,-0.0002480113,0.0,-0.0,0.0
32.927,0.0019303343,0.0016010778,-0.0002480113,0.0,-0.0,0.0
32.949,0.0007086037,0.0016010778,0.00036285396,1.9212304e-07,-8.502966e-08,-4.354104e-08
32.987,0.0007086037,0.0028228082,0.00036285396,-0.0,-0.0,0.0
33.027,0.0019303343,0.0028228082,-0.0002480113,0.0,-0.0,0.0
33.048,0.0007086037,0.0028228082,-0.0014697418,0.0,-0.0,0.0
33.087,0.0007086037,0.0034336736,-0.0002480113,8.0991265e-07,-1.6714081e-07,5.849936e-08
33.127,0.00376293,0.0028228082,-0.0002480113,0.0,-0.0,0.0
33.149,0.0007086037,0.002211943,-0.0002480113,3.4673988e-07,-1.1107932e-07,3.8877783e-08
33.188,0.0007086037,0.0034336736,-0.002080607,0.0,-0.0,0.0
33.228,9.773844e-05,0.002211943,-0.0002480113,0.0,-0.0,0.0
33.250,0.0007086037,0.002211943,-0.0002480113,0.0,-0.0,0.0
33.290,0.0007086037,0.002211943,-0.0002480113,3.4673988e-07,-1.1107932e-07,3.8877783e-08
33.328,0.0007086037,0.0028228082,-0.0008588765,0.0,-0.0,0.0
33.348,0.0031520645,0.0034336736,0.00036285396,1.0773009e-06,-9.889474e-07,-1.138434e-07
33.389,0.0031520645,0.004044539,-0.0008588765,0.0,-0.0,0.0
33.430,0.0007086037,0.0028228082,-0.0014697418,0.0,-0.0,0.0
33.451,0.0007086037,0.0034336736,-0.0008588765,0.0,-0.0,0.0
33.490,0.0025411996,0.004044539,-0.0008588765,1.31728e-06,-8.276519e-07,2.79731e-07
33.530,0.0019303343,0.0034336736,-0.0002480113,0.0,-0.0,0.0
33.549,0.001319469,0.0028228082,-0.0014697418,6.5264254e-07,-3.0506544e-07,3.3980922e-07
33.589,0.001319469,0.0028228082,-0.0002480113,0.0,-0.0,0.0
33.661,0.001319469,0.0028228082,0.00036285396,5.9426316e-07,-2.7777725e-07,-7.6388645e-08
33.690,9.773844e-05,0.002211943,0.00036285396,3.330477e-07,-1.4716284e-08,-5.4634167e-08
33.727,9.773844e-05,0.0028228082,-0.0002480113,0.0,-0.0,0.0
33.767,0.0007086037,0.002211943,-0.0002480113,0.0,-0.0,0.0
33.786,0.0019303343,0.0034336736,-0.0002480113,0.0,-0.0,0.0
33.828,0.0019303343,0.0028228082,-0.0002480113,6.4951627e-07,-4.4416174e-07,5.7066497e-08
33.868,0.0019303343,0.0016010778,-0.0008588765,0.0,-0.0,0.0
33.887,0.0007086037,0.0028228082,-0.0008588765,5.748369e-07,-1.4430007e-07,1.7490174e-07
33.929,0.001319469,0.004044539,0.0009737192,-0.0,-0.0,0.0
33.968,0.001319469,0.002211943,0.00036285396,-0.0,-0.0,0.0
33.989,0.0019303343,0.0034336736,-0.0002480113,0.0,-0.0,0.0
34.029,0.001319469,0.004044539,-0.0002480113,1.1566884e-06,-3.7735188e-07,7.09284e-08
34.069,0.0025411996,0.0028228082,-0.0002480113,0.0,-0.0,0.0
34.089,0.0007086037,0.002211943,-0.0002480113,3.4673988e-07,-1.1107932e-07,3.8877783e-08
34.129,0.0007086037,0.0034336736,-0.0002480113,0.0,-0.0,0.0
34.168,0.0007086037,0.0028228082,-0.0002480113,0.0,-0.0,0.0
34.188,0.0019303343,0.0028228082,0.00036285396,-0.0,-0.0,0.0
34.229,-0.001123992,0.002211943,-0.0002480113,3.701381e-07,1.8808456e-07,4.1501227e-08
34.270,0.0019303343,0.0034336736,0.00036285396,-0.0,-0.0,0.0
34.289,0.001319469,0.0028228082,-0.0008588765,6.122873e-07,-2.862022e-07,1.8629655e-07
34.329,0.001319469,0.002211943,-0.0008588765,0.0,-0.0,0.0
34.369,0.0019303343,0.002211943,-0.0002480113,0.0,-0.0,0.0
34.388,0.0007086037,0.0028228082,-0.0002480113,0.0,-0.0,0.0
34.428,-0.0005131268,0.0034336736,0.0009737192,8.308762e-07,1.241657e-07,-2.3561945e-07
34.469,9.773844e-05,0.002211943,-0.0002480113,0.0,-0.0,0.0
34.488,0.0007086037,0.0028228082,-0.0002480113,5.533291e-07,-1.3890104e-07,4.861541e-08
34.529,0.0007086037,0.0028228082,-0.0008588765,0.0,-0.0,0.0
34.569,0.0007086037,0.002211943,0.00036285396,-0.0,-0.0,0.0
34.590,0.0007086037,0.004044539,0.00036285396,-0.0,-0.0,0.0
34.629,9.773844e-05,0.002211943,-0.0008588765,3.525251e-07,-1.5576891e-08,1.3688215e-07
34.667,0.0007086037,0.002211943,-0.0002480113,0.0,-0.0,0.0
34.708,9.773844e-05,0.0028228082,-0.0008588765,0.0,-0.0,0.0
34.728,9.773844e-05,0.0028228082,-0.0002480113,0.0,-0.0,0.0
34.768,0.0007086037,0.0028228082,-0.0014697418,6.17644e-07,-1.550458e-07,3.2158664e-07
34.808,0.0019303343,0.002211943,-0.0002480113,0.0,-0.0,0.0
34.828,0.001319469,0.0028228082,0.00036285396,5.9426316e-07,-2.7777725e-07,-7.6388645e-08
34.868,0.0007086037,0.002211943,0.00036285396,-0.0,-0.0,0.0
34.908,0.001319469,0.0034336736,-0.0002480113,0.0,-0.0,0.0
34.928,0.0031520645,0.0028228082,-0.0014697418,0.0,-0.0,0.0
34.969,0.0007086037,0.0028228082,-0.0008588765,5.748369e-07,-1.4430007e-07,1.7490174e-07
35.009,0.001319469,0.0028228082,-0.0002480113,0.0,-0.0,0.0
35.030,0.001319469,0.0028228082,0.00036285396,5.9426316e-07,-2.7777725e-07,-7.6388645e-08
35.070,0.001319469,0.002211943,0.00036285396,-0.0,-0.0,0.0
35.111,0.001319469,0.004044539,-0.0002480113,0.0,-0.0,0.0
35.129,0.001319469,0.0028228082,0.0009737192,-0.0,-0.0,0.0
35.167,9.773844e-05,0.002211943,-0.0008588765,3.525251e-07,-1.5576891e-08,1.3688215e-07
35.208,0.0005717699,0.0023878722,-0.0006591236,0.0,-0.0,0.0
35.228,0.0017935003,0.001777007,0.0011734721,3.3201675e-07,-3.3509843e-07,-2.19252e-07
35.269,-3.9095376e-05,0.0005552765,-0.0006591236,-0.0,0.0,0.0
35.312,-0.0018716911,-0.00066645397,0.0011734721,-0.0,0.0,0.0
35.329,-3.9095376e-05,0.001777007,0.00056260685,0.0,-0.0,-0.0
35.370,-3.9095376e-05,0.0011661417,-0.0006591236,1.0487387e-07,3.5159424e-09,5.9276537e-08
35.409,0.0005717699,0.0011661417,-4.8258353e-05,0.0,-0.0,0.0
35.430,-3.9095376e-05,0.0005552765,0.00056260685,2.9492428e-08,2.076474e-09,-2.9881765e-08
35.470,0.0005717699,-5.5588738e-05,-4.8258353e-05,-0.0,-0.0,0.0
35.511,0.0005717699,0.0011661417,0.00056260685,-0.0,-0.0,0.0
35.531,-0.00064996065,-5.5588738e-05,-4.8258353e-05,-0.0,-0.0,0.0
35.569,0.0017935003,0.0005552765,0.00056260685,7.3036446e-08,-2.3590209e-07,-7.400062e-08
35.610,-3.9095376e-05,-5.5588738e-05,0.0011734721,-0.0,0.0,0.0
35.654,0.0005717699,0.0011661417,-4.8258353e-05,0.0,-0.0,0.0
35.670,-3.9095376e-05,0.001777007,-0.001269989,-0.0,0.0,0.0
35.717,0.0011826351,0.0011661417,-0.001269989,0.0,-0.0,0.0
35.756,-0.00064996065,-5.5588738e-05,-4.8258353e-05,-0.0,-0.0,0.0
35.770,0.0011826351,0.0023878722,-4.8258353e-05,4.270792e-07,-2.1151837e-07,8.631218e-09
35.815,-0.00064996065,0.001777007,0.00056260685,0.0,-0.0,-0.0
35.851,-3.9095376e-05,0.0005552765,-4.8258353e-05,-0.0,0.0,0.0
35.868,0.0005717699,0.0011661417,0.00056260685,-0.0,-0.0,0.0
35.911,-0.0012608259,0.001777007,0.00056260685,2.683578e-07,1.9040581e-07,-8.4963084e-08
35.951,-3.9095376e-05,0.001777007,-4.8258353e-05,-0.0,0.0,0.0
35.971,0.0017935003,0.001777007,-4.8258353e-05,3.0113964e-07,-3.0393466e-07,8.178125e-09
36.010,-3.9095376e-05,-5.5588738e-05,-4.8258353e-05,-0.0,-0.0,0.0
36.051,-3.9095376e-05,0.0011661417,-0.0006591236,-0.0,0.0,0.0
36.073,0.0005717699,0.0011661417,0.00056260685,-0.0,-0.0,0.0
36.108,0.0005717699,0.001777007,0.00056260685,2.3250348e-07,-7.4810345e-08,-7.361144e-08
36.152,-3.9095376e-05,0.0005552765,-0.0006591236,-0.0,0.0,0.0
36.169,0.0005717699,0.001777007,-4.8258353e-05,2.2268718e-07,-7.165184e-08,6.0475456e-09
36.211,0.0011826351,0.001777007,-4.8258353e-05,0.0,-0.0,0.0
36.251,0.0024043655,0.0011661417,-4.8258353e-05,0.0,-0.0,0.0
36.270,0.0011826351,0.0005552765,-0.0018808541,0.0,-0.0,0.0
36.309,0.0005717699,0.0005552765,-4.8258353e-05,2.9754807e-08,-3.0638613e-08,2.5859515e-09
36.349,0.0011826351,-5.5588738e-05,-4.8258353e-05,-0.0,-0.0,0.0
36.370,0.0005717699,0.0005552765,-4.8258353e-05,2.9754807e-08,-3.0638613e-08,2.5859515e-09
36.410,0.0017935003,0.001777007,-4.8258353e-05,0.0,-0.0,0.0
36.449,0.0017935003,0.001777007,-4.8258353e-05,0.0,-0.0,0.0
36.489,-3.9095376e-05,0.0023878722,-4.8258353e-05,-0.0,0.0,0.0
36.509,-0.00064996065,0.0011661417,-0.0006591236,1.1651784e-07,6.4942384e-08,6.5857904e-08
36.549,0.0005717699,0.0023878722,-4.8258353e-05,0.0,-0.0,0.0
36.589,-3.9095376e-05,0.0005552765,0.00056260685,0.0,-0.0,-0.0
36.610,0.0005717699,0.0011661417,0.00056260685,-0.0,-0.0,0.0
36.649,0.0005717699,0.0023878722,-4.8258353e-05,0.0,-0.0,0.0
36.690,-3.9095376e-05,0.0005552765,-0.0006591236,-0.0,0.0,0.0
36.709,-3.9095376e-05,0.0005552765,-4.8258353e-05,2.0820838e-08,1.4659336e-09,1.8095117e-09
36.750,-0.00064996065,-5.5588738e-05,-4.8258353e-05,-0.0,-0.0,0.0
36.789,-0.00064996065,0.0011661417,-4.8258353e-05,-0.0,0.0,0.0
36.810,0.0011826351,0.001777007,-0.0006591236,0.0,-0.0,0.0
36.849,-3.9095376e-05,-0.00066645397,-0.0006591236,-4.1958916e-08,2.4613838e-09,4.1497408e-08
36.890,-3.9095376e-05,0.0005552765,0.00056260685,0.0,-0.0,-0.0
36.911,0.0005717699,0.0011661417,-4.8258353e-05,1.0170998e-07,-4.9869328e-08,4.209059e-09
36.949,-3.9095376e-05,0.0011661417,-4.8258353e-05,-0.0,0.0,0.0
36.992,-3.9095376e-05,-5.5588738e-05,-4.8258353e-05,-0.0,-0.0,0.0
37.010,-0.00064996065,0.0005552765,-0.0006591236,-0.0,0.0,0.0
37.051,-0.00064996065,0.0011661417,0.0011734721,1.3910143e-07,7.7529556e-08,-1.3997584e-07
37.089,0.0005717699,0.0005552765,0.00056260685,-0.0,-0.0,0.0
37.111,0.0011826351,0.0005552765,-0.001269989,6.7896465e-08,-1.4460674e-07,1.5528794e-07
37.149,-3.9095376e-05,0.0011661417,-0.0006591236,-0.0,0.0,0.0
37.189,0.0017935003,0.001777007,-0.0006591236,0.0,-0.0,0.0
37.244,0.0005717699,0.001777007,-4.8258353e-05,0.0,-0.0,0.0
37.290,-3.9095376e-05,0.0005552765,-0.0006591236,-0.0,0.0,0.0
37.330,0.0005717699,0.001777007,0.00056260685,-0.0,-0.0,0.0
37.353,0.0011826351,0.0011661417,-4.8258353e-05,0.0,-0.0,0.0
37.390,0.0005717699,0.0011661417,0.00056260685,-0.0,-0.0,0.0
37.430,0.0011826351,0.001777007,-4.8258353e-05,0.0,-0.0,0.0
37.450,-3.9095376e-05,0.0005552765,-4.8258353e-05,2.0820838e-08,1.4659336e-09,1.8095117e-09
37.490,-0.00064996065,0.001777007,-4.8258353e-05,-0.0,0.0,0.0
37.532,0.0005717699,0.0011661417,-0.0006591236,0.0,-0.0,0.0
37.549,-3.9095376e-05,0.0005552765,-4.8258353e-05,-0.0,0.0,0.0
37.591,0.0005717699,0.0011661417,0.00056260685,-0.0,-0.0,0.0
37.630,0.0011826351,0.0011661417,-4.8258353e-05,0.0,-0.0,0.0
37.651,-0.0012608259,0.001777007,0.00056260685,2.683578e-07,1.9040581e-07,-8.4963084e-08
37.693,0.0005717699,0.001777007,-0.001269989,0.0,-0.0,0.0
37.731,0.0005717699,0.0011661417,-0.001269989,0.0,-0.0,0.0
37.750,0.0011826351,0.001777007,-0.0006591236,0.0,-0.0,0.0
37.792,-3.9095376e-05,0.0005552765,-4.8258353e-05,-0.0,0.0,0.0
37.832,-3.9095376e-05,0.0005552765,-0.0006591236,-0.0,0.0,0.0
37.851,-3.9095376e-05,0.0023878722,0.00056260685,3.9317763e-07,6.437272e-09,-9.2636625e-08
37.894,-3.9095376e-05,-5.5588738e-05,0.00056260685,-0.0,0.0,0.0
37.932,0.0011826351,0.0011661417,-4.8258353e-05,0.0,-0.0,0.0
37.954,-3.9095376e-05,0.0011661417,0.00056260685,0.0,-0.0,-0.0
37.990,-3.9095376e-05,0.0011661417,-4.8258353e-05,-0.0,0.0,0.0
38.031,-0.00064996065,-5.5588738e-05,-4.8258353e-05,-0.0,-0.0,0.0
38.050,-0.00064996065,0.0011661417,-0.0006591236,1.1651784e-07,6.4942384e-08,6.5857904e-08
38.090,0.0011826351,0.0005552765,-0.001269989,0.0,-0.0,0.0
38.133,-3.9095376e-05,0.0023878722,-4.8258353e-05,-0.0,0.0,0.0
38.177,0.0005717699,0.0011661417,-4.8258353e-05,0.0,-0.0,0.0
38.192,0.0017935003,0.0023878722,-0.0006591236,4.900799e-07,-3.680927e-07,1.3527668e-07
38.231,0.0011826351,0.001777007,-4.8258353e-05,0.0,-0.0,0.0
38.270,0.0005717699,0.0029987376,-4.8258353e-05,0.0,-0.0,0.0
38.289,0.0005717699,0.0011661417,-4.8258353e-05,0.0,-0.0,0.0
38.333,-0.00064996065,-5.5588738e-05,0.00056260685,-0.0,0.0,0.0
38.371,0.0005717699,0.001777007,-4.8258353e-05,0.0,-0.0,0.0
38.391,0.0005717699,0.0011661417,-0.001269989,1.4215662e-07,-6.970067e-08,1.5481595e-07
38.431,-3.9095376e-05,0.0011661417,-4.8258353e-05,-0.0,0.0,0.0
38.472,0.0011826351,0.001777007,-4.8258353e-05,0.0,-0.0,0.0
38.493,0.0005717699,0.001777007,-4.8258353e-05,0.0,-0.0,0.0
38.529,0.0011826351,0.0011661417,0.00056260685,-0.0,-0.0,0.0
38.570,-3.9095376e-05,0.0011661417,-0.0006591236,-0.0,0.0,0.0
38.591,-3.9095376e-05,-5.5588738e-05,0.0011734721,-4.3849693e-09,3.0839347e-09,-9.256622e-08
38.637,-3.9095376e-05,-5.5588738e-05,-4.8258353e-05,-0.0,-0.0,0.0
38.670,-0.00064996065,-5.5588738e-05,-0.001269989,-0.0,-0.0,0.0
38.691,0.0005717699,-0.00066645397,-4.8258353e-05,-0.0,-0.0,0.0
38.730,0.0011826351,0.0011661417,0.00056260685,-0.0,-0.0,0.0
38.771,0.0011826351,0.0011661417,-4.8258353e-05,0.0,-0.0,0.0
38.791,0.0005717699,0.0011661417,-4.8258353e-05,1.0170998e-07,-4.9869328e-08,4.209059e-09
38.829,0.0017935003,0.0011661417,-4.8258353e-05,0.0,-0.0,0.0
38.870,0.0011826351,0.0005552765,-0.0006591236,0.0,-0.0,0.0
38.890,-3.9095376e-05,0.0011661417,-4.8258353e-05,-0.0,0.0,0.0
38.931,0.0017935003,0.0023878722,-0.0006591236,0.0,-0.0,0.0
38.971,0.0005717699,0.001777007,-4.8258353e-05,0.0,-0.0,0.0
38.991,0.0011826351,0.001777007,-4.8258353e-05,2.5461847e-07,-1.6945388e-07,6.9147204e-09
39.032,-3.9095376e-05,0.001777007,-0.0006591236,-0.0,0.0,0.0
39.073,0.0011826351,0.0023878722,-4.8258353e-05,0.0,-0.0,0.0
39.093,0.0017935003,0.001777007,-4.8258353e-05,0.0,-0.0,0.0
39.130,0.0005717699,-0.00066645397,-0.001269989,-6.90556e-08,-5.924478e-08,1.3159178e-07
39.169,0.0005717699,0.0011661417,-4.8258353e-05,0.0,-0.0,0.0
39.211,-3.9095376e-05,0.0005552765,-4.8258353e-05,-0.0,0.0,0.0
39.237,0.0005717699,0.0011661417,0.0011734721,-0.0,-0.0,0.0
39.270,0.0005717699,0.0005552765,0.00056260685,-0.0,-0.0,0.0
39.309,-0.00037018434,-0.0007403687,7.9412475e-06,-0.0,0.0,0.0
39.331,-0.00037018434,-0.00012950343,7.9412475e-06,-3.4090946e-09,9.7448645e-09,-2.0904822e-10
39.371,-0.00037018434,-0.00012950343,7.9412475e-06,-0.0,0.0,0.0
39.411,0.0008515462,0.0010922271,7.9412475e-06,-0.0,-0.0,0.0
39.430,-0.0009810496,0.0004813618,7.9412475e-06,0.0,-0.0,-0.0
39.470,0.0008515462,-0.0007403687,7.9412475e-06,-0.0,-0.0,-0.0
39.511,-0.0009810496,0.0010922271,0.00061880646,0.0,-0.0,-0.0
39.530,-0.00037018434,-0.00012950343,0.00061880646,-6.3670558e-09,1.820017e-08,-3.0423717e-08
39.571,-0.00037018434,0.0010922271,0.00061880646,0.0,-0.0,-0.0
39.611,0.0008515462,0.0010922271,-0.000602924,0.0,-0.0,0.0
39.630,0.0008515462,0.0004813618,0.00061880646,-0.0,-0.0,0.0
39.670,0.0002406809,-0.00012950343,7.9412475e-06,-0.0,-0.0,-0.0
39.713,-0.00037018434,-0.00012950343,0.00061880646,-0.0,0.0,0.0
39.730,0.0002406809,-0.00012950343,-0.000602924,-5.753143e-09,-1.0692162e-08,2.6784678e-08
39.770,0.0008515462,0.0010922271,0.00061880646,-0.0,-0.0,0.0
39.812,0.0014624114,0.0010922271,7.9412475e-06,-0.0,-0.0,0.0
39.850,0.0002406809,0.0004813618,0.00061880646,2.64921e-08,-1.32460505e-08,-3.4056466e-08
39.871,0.0002406809,0.0004813618,-0.000602924,0.0,-0.0,0.0
39.910,0.0014624114,0.0010922271,7.9412475e-06,-0.0,-0.0,0.0
39.958,0.0002406809,0.0004813618,0.00061880646,-0.0,-0.0,0.0
39.970,0.0008515462,0.0010922271,7.9412475e-06,-0.0,-0.0,0.0
40.010,0.0002406809,-0.00012950343,-0.000602924,-0.0,-0.0,0.0
40.050,-0.00037018434,0.0004813618,-0.000602924,-0.0,0.0,0.0
40.070,-0.0009810496,-0.00012950343,7.9412475e-06,-8.600375e-09,6.5151895e-08,-5.2738114e-10
40.111,-0.00037018434,0.0004813618,7.9412475e-06,0.0,-0.0,-0.0
40.151,0.0014624114,0.0004813618,-0.0012137892,0.0,-0.0,0.0
40.174,-0.0009810496,0.0010922271,7.9412475e-06,0.0,-0.0,-0.0
40.210,0.0002406809,-0.00012950343,7.9412475e-06,-0.0,-0.0,-0.0
40.250,0.0008515462,0.0004813618,7.9412475e-06,-0.0,-0.0,0.0
40.270,-0.0009810496,-0.0007403687,0.00061880646,-6.8369665e-08,9.059546e-08,-5.714395e-08
40.309,-0.00037018434,-0.00012950343,7.9412475e-06,-0.0,0.0,0.0
40.350,0.0008515462,0.0004813618,0.00061880646,-0.0,-0.0,0.0
40.370,-0.0015919148,-0.0007403687,0.00061880646,-0.0,0.0,0.0
40.410,0.0008515462,-0.00012950343,-0.000602924,-0.0,-0.0,0.0
40.452,0.0002406809,0.0010922271,-0.000602924,0.0,-0.0,0.0
40.472,0.0002406809,-0.00012950343,7.9412475e-06,-2.3762936e-09,-4.4163193e-09,-1.457161e-10
40.510,0.0008515462,-0.00012950343,7.9412475e-06,-0.0,-0.0,-0.0
40.549,0.0002406809,-0.0007403687,0.00061880646,-0.0,-0.0,-0.0
40.572,-0.0009810496,0.0004813618,-0.000602924,-0.0,0.0,0.0
40.612,-0.00037018434,0.0029248227,7.9412475e-06,0.0,-0.0,-0.0
40.651,-0.00037018434,0.0004813618,0.00061880646,0.0,-0.0,-0.0
40.671,-0.00037018434,-0.00012950343,7.9412475e-06,-3.4090946e-09,9.7448645e-09,-2.0904822e-10
40.713,0.0008515462,0.0004813618,0.00061880646,-0.0,-0.0,0.0
40.750,0.0002406809,0.0004813618,-0.000602924,0.0,-0.0,0.0
40.790,0.0002406809,0.0004813618,0.00061880646,2.64921e-08,-1.32460505e-08,-3.4056466e-08
40.811,-0.00037018434,0.0004813618,-0.000602924,-0.0,0.0,0.0
40.850,0.0014624114,0.0004813618,7.9412475e-06,-0.0,-0.0,0.0
40.891,-0.00037018434,0.0004813618,0.00061880646,0.0,-0.0,-0.0
40.910,-0.0009810496,-0.0013512339,7.9412475e-06,-0.0,0.0,0.0
40.950,-0.00037018434,-0.00012950343,7.9412475e-06,-0.0,0.0,0.0
40.991,-0.0009810496,0.0004813618,7.9412475e-06,3.5301703e-08,7.194738e-08,-5.8238975e-10
41.011,-0.00037018434,0.0010922271,7.9412475e-06,0.0,-0.0,-0.0
41.049,-0.0009810496,0.0004813618,7.9412475e-06,0.0,-0.0,-0.0
41.090,0.0002406809,0.0010922271,7.9412475e-06,-0.0,-0.0,0.0
41.111,-0.00037018434,-0.0007403687,0.00061880646,-0.0,0.0,0.0
41.150,-0.0015919148,-0.0013512339,7.9412475e-06,-0.0,0.0,0.0
41.191,-0.00220278,-0.0007403687,7.9412475e-06,-0.0,0.0,0.0
41.211,-0.00037018434,0.0004813618,7.9412475e-06,1.961788e-08,1.5086847e-08,-3.2364536e-10
41.253,0.0008515462,0.0004813618,-0.0012137892,0.0,-0.0,0.0
41.290,-0.0009810496,-0.00012950343,0.00061880646,-0.0,0.0,0.0
41.314,0.0002406809,-0.00012950343,-0.000602924,-0.0,-0.0,0.0
41.348,-0.00037018434,0.0004813618,0.00061880646,0.0,-0.0,-0.0
41.388,0.0002406809,-0.00012950343,-0.0012137892,-0.0,-0.0,0.0
41.410,0.0014624114,0.0017030924,7.9412475e-06,2.5656672e-07,-2.2030872e-07,-1.1963013e-09
41.451,0.0008515462,-0.0007403687,7.9412475e-06,-0.0,-0.0,-0.0
41.491,-0.00037018434,-0.00012950343,7.9412475e-06,-0.0,0.0,0.0
41.511,0.0008515462,0.0010922271,0.00061880646,-0.0,-0.0,0.0
41.552,0.0008515462,0.0004813618,7.9412475e-06,-0.0,-0.0,0.0
41.591,0.0002406809,-0.00012950343,-0.000602924,-0.0,-0.0,0.0
41.630,-0.00037018434,-0.00012950343,0.00061880646,-0.0,0.0,0.0
41.651,0.0002406809,0.0010922271,0.00061880646,-0.0,-0.0,0.0
41.691,0.0008515462,0.0017030924,0.00061880646,-0.0,-0.0,0.0
41.731,0.0002406809,0.0023139575,-0.000602924,3.7320117e-07,-3.881763e-08,9.724117e-08
41.750,0.0008515462,0.0017030924,7.9412475e-06,-0.0,-0.0,0.0
41.791,0.0014624114,0.0010922271,7.9412475e-06,-0.0,-0.0,0.0
41.813,0.0002406809,-0.00012950343,-0.000602924,-5.753143e-09,-1.0692162e-08,2.6784678e-08
41.854,0.0008515462,-0.00012950343,7.9412475e-06,-0.0,-0.0,-0.0
41.892,0.0002406809,-0.00012950343,7.9412475e-06,-0.0,-0.0,-0.0
41.914,0.0002406809,0.0004813618,7.9412475e-06,-0.0,-0.0,0.0
41.954,0.0008515462,0.0010922271,7.9412475e-06,-0.0,-0.0,0.0
41.990,0.0002406809,0.0004813618,7.9412475e-06,-0.0,-0.0,0.0
42.030,-0.00037018434,-0.00012950343,0.00061880646,-0.0,0.0,0.0
42.053,-0.0009810496,-0.0007403687,0.00061880646,-0.0,0.0,0.0
42.092,0.0002406809,0.0004813618,0.0012296718,-0.0,-0.0,0.0
42.131,-0.00037018434,0.0004813618,7.9412475e-06,0.0,-0.0,-0.0
42.161,0.0014624114,0.0010922271,0.0012296718,1.6131746e-07,-2.159922e-07,-1.8161748e-07
42.192,0.0002406809,0.0004813618,-0.000602924,0.0,-0.0,0.0
42.231,0.0002406809,0.0004813618,0.00061880646,-0.0,-0.0,0.0
42.250,-0.00037018434,-0.0007403687,7.9412475e-06,-0.0,0.0,0.0
42.289,0.0002406809,-0.0007403687,7.9412475e-06,-0.0,-0.0,-0.0
42.331,-0.00037018434,-0.00012950343,-0.000602924,-0.0,-0.0,0.0
42.370,0.0014624114,0.0004813618,7.9412475e-06,-0.0,-0.0,0.0
42.394,-0.0009810496,0.0004813618,7.9412475e-06,0.0,-0.0,-0.0
42.430,0.0002406809,0.0017030924,-0.000602924,0.0,-0.0,0.0
42.470,-0.00037018434,0.0004813618,-0.000602924,2.764299e-08,2.1258442e-08,3.46239e-08
42.490,-0.0009810496,-0.0007403687,0.00061880646,-0.0,0.0,0.0
42.529,-0.00037018434,-0.00012950343,-0.000602924,-0.0,-0.0,0.0
42.571,0.0002406809,0.0004813618,0.00061880646,-0.0,-0.0,0.0
42.591,0.0008515462,0.0004813618,7.9412475e-06,-0.0,-0.0,0.0
42.631,0.0008515462,-0.00012950343,7.9412475e-06,-0.0,-0.0,-0.0
42.671,0.0008515462,0.0004813618,-0.0012137892,5.035769e-08,-8.908454e-08,1.2698061e-07
42.692,0.0002406809,0.0017030924,7.9412475e-06,-0.0,-0.0,0.0
42.731,0.0008515462,0.0004813618,7.9412475e-06,-0.0,-0.0,0.0
42.770,-0.0009810496,-0.00012950343,7.9412475e-06,-0.0,0.0,0.0
42.790,-0.00220278,0.0004813618,-0.000602924,-0.0,0.0,0.0
42.830,-0.0009810496,-0.0019620992,7.9412475e-06,-0.0,0.0,0.0
42.871,0.0002406809,-0.00012950343,7.9412475e-06,-2.3762936e-09,-4.4163193e-09,-1.457161e-10
42.890,0.0002406809,0.0004813618,7.9412475e-06,-0.0,-0.0,0.0
42.932,0.0002406809,0.0004813618,7.9412475e-06,-0.0,-0.0,0.0
42.972,0.0002406809,0.0010922271,7.9412475e-06,-0.0,-0.0,0.0
42.991,0.0014624114,-0.0007403687,0.00061880646,-0.0,-0.0,-0.0
43.031,-0.0015919148,-0.00012950343,7.9412475e-06,-0.0,0.0,0.0
43.070,0.0008515462,-0.00012950343,-0.0012137892,-0.0,-0.0,0.0
43.092,0.0014624114,0.0017030924,-0.0018246544,3.3063048e-07,-2.8390568e-07,3.5422997e-07
43.130,0.0002406809,0.0017030924,7.9412475e-06,-0.0,-0.0,0.0
43.170,-0.00037018434,-0.00012950343,-0.000602924,-0.0,-0.0,0.0
43.211,0.0008515462,0.0010922271,0.00061880646,1.1118655e-07,-8.6685716e-08,-6.2993266e-08
43.231,-0.0015919148,0.0004813618,7.9412475e-06,0.0,-0.0,-0.0
43.271,0.0002406809,0.0017030924,7.9412475e-06,-0.0,-0.0,0.0
43.310,0.0008515462,0.0010922271,-0.000602924,0.0,-0.0,0.0
43.330,-0.00037018434,0.0010922271,-0.000602924,-0.0,0.0,0.0
43.369,-0.00037018434,0.0004813618,7.9412475e-06,0.0,-0.0,-0.0
43.412,-0.0009810496,-0.00012950343,0.00061880646,-1.0143169e-08,7.683931e-08,-4.846713e-08
43.430,0.0002406809,-0.00012950343,0.0012296718,-0.0,-0.0,-0.0
43.473,0.0002406809,-0.00012950343,-0.000602924,-0.0,-0.0,0.0
43.513,-0.00037018434,0.0004813618,7.9412475e-06,0.0,-0.0,-0.0
43.533,-0.00037018434,0.0004813618,-0.0012137892,-0.0,0.0,0.0
43.572,0.0014624114,0.0004813618,7.9412475e-06,-0.0,-0.0,0.0
43.613,-0.0015919148,-0.0007403687,7.9412475e-06,-8.7231335e-08,1.8756175e-07,-9.356413e-10
43.632,0.0008515462,0.0010922271,7.9412475e-06,-0.0,-0.0,0.0
43.671,0.0014624114,0.0004813618,-0.000602924,0.0,-0.0,0.0
43.710,0.0002406809,0.0004813618,7.9412475e-06,-0.0,-0.0,0.0
43.730,0.0008515462,0.0010922271,0.0012296718,-0.0,-0.0,0.0
43.772,0.0014624114,0.0010922271,7.9412475e-06,-0.0,-0.0,0.0
43.812,-0.00037018434,0.0004813618,7.9412475e-06,1.961788e-08,1.5086847e-08,-3.2364536e-10
43.831,0.0002406809,0.0010922271,7.9412475e-06,-0.0,-0.0,0.0
43.869,0.0008515462,0.0004813618,7.9412475e-06,-0.0,-0.0,0.0
43.909,0.0002406809,0.0010922271,7.9412475e-06,-0.0,-0.0,0.0
43.932,-0.00037018434,-0.00012950343,7.9412475e-06,-0.0,0.0,0.0
43.969,-0.00037018434,0.0004813618,0.0012296718,0.0,-0.0,-0.0
44.010,0.0008515462,-0.00012950343,-0.000602924,-9.137442e-09,-6.0083e-08,4.254083e-08
44.049,0.0008515462,0.0010922271,7.9412475e-06,-0.0,-0.0,0.0
44.070,0.0002406809,0.0017030924,0.00061880646,-0.0,-0.0,0.0
44.111,-0.00037018434,-0.00012950343,0.0012296718,-0.0,0.0,0.0
44.149,0.0014624114,0.0004813618,0.00061880646,5.360144e-08,-1.62845e-07,-6.890642e-08
44.170,0.0002406809,0.0010922271,-0.000602924,0.0,-0.0,0.0
44.210,0.0002406809,0.0017030924,7.9412475e-06,-0.0,-0.0,0.0
44.250,-0.0009810496,0.0004813618,-0.000602924,-0.0,0.0,0.0
44.268,0.0002406809,-0.00012950343,0.00061880646,-0.0,-0.0,-0.0
44.309,-0.00037018434,-0.00012950343,7.9412475e-06,-0.0,0.0,0.0
44.351,-0.0009810496,-0.0007403687,-0.000602924,-6.801845e-08,9.0130065e-08,5.5391265e-08
44.372,0.0002406809,-0.00012950343,0.00061880646,-0.0,-0.0,-0.0
44.410,-0.00037018434,-0.00012950343,7.9412475e-06,-0.0,0.0,0.0
44.450,0.0008515462,0.0010922271,0.00061880646,-0.0,-0.0,0.0
44.472,-0.0009810496,0.0010922271,0.00061880646,0.0,-0.0,-0.0
44.510,-0.0009810496,0.0010922271,-0.000602924,-0.0,0.0,0.0
44.551,-0.00037018434,0.0010922271,-0.000602924,9.538656e-08,3.2329005e-08,5.265466e-08
44.571,0.0014624114,-0.00012950343,7.9412475e-06,-0.0,-0.0,-0.0
44.610,-0.00037018434,-0.00012950343,7.9412475e-06,-0.0,0.0,0.0
44.650,0.0008515462,-0.0007403687,7.9412475e-06,-0.0,-0.0,-0.0
44.669,-0.0015919148,0.0010922271,-0.000602924,-0.0,0.0,0.0
44.710,-0.0015919148,0.0004813618,7.9412475e-06,0.0,-0.0,-0.0
44.750,0.0020732768,0.0004813618,-0.000602924,7.146122e-08,-3.0779105e-07,8.950789e-08
44.770,0.0020732768,-0.0007403687,7.9412475e-06,-0.0,-0.0,-0.0
44.811,0.012457985,-0.0007403687,-0.0012137892,-0.0,-0.0,0.0
44.852,0.0057384684,0.0004813618,0.00061880646,-0.0,-0.0,0.0
44.875,0.006349333,0.0004813618,-0.0012137892,0.0,-0.0,0.0
44.910,0.0039058723,-0.00012950343,-0.0012137892,-0.0,-0.0,0.0
44.950,0.0039058723,0.0004813618,-0.003046385,1.6076771e-07,-1.304498e-06,1.0174433e-06
44.994,0.0032950072,-0.00012950343,-0.0012137892,-0.0,-0.0,0.0
45.011,-0.0009810496,-0.00012950343,7.9412475e-06,-0.0,0.0,0.0
45.052,-0.0015919148,-0.00012950343,-0.000602924,-0.0,-0.0,0.0
45.072,-0.0009810496,-0.00012950343,-0.000602924,-0.0,-0.0,0.0
45.111,0.0032950072,0.0017030924,0.0012296718,-0.0,-0.0,0.0
45.152,0.0057384684,0.0010922271,-0.003046385,0.0,-0.0,0.0
45.188,-0.00220278,0.0004813618,-0.0018246544,-0.0,0.0,0.0
45.215,0.0039058723,-0.0007403687,0.001840537,-0.0,-0.0,-0.0
45.250,0.0020732768,0.0010922271,-0.0024355196,0.0,-0.0,0.0
45.289,-0.00220278,0.0004813618,0.0030622676,1.2284512e-07,5.6215566e-07,-7.8149947e-07
45.310,0.0020732768,0.0004813618,-0.003046385,0.0,-0.0,0.0
45.350,0.0020732768,0.0004813618,7.9412475e-06,-0.0,-0.0,0.0
45.390,0.0008515462,0.0010922271,7.9412475e-06,-0.0,-0.0,0.0
45.411,-0.0009810496,0.0004813618,0.00061880646,0.0,-0.0,-0.0
45.450,-0.0015919148,-0.00012950343,0.0012296718,-0.0,0.0,0.0
45.489,-0.0015919148,0.0017030924,7.9412475e-06,2.664459e-07,2.4905236e-07,-1.2424278e-09
45.512,-0.021139603,0.0029248227,0.00061880646,0.0,-0.0,-0.0
45.552,-0.0034245106,0.0010922271,0.00061880646,0.0,-0.0,-0.0
45.590,-0.0034245106,0.0017030924,0.00061880646,0.0,-0.0,-0.0
45.610,0.005127603,-0.0013512339,0.00061880646,-0.0,-0.0,-0.0
45.650,0.0002406809,0.0004813618,7.9412475e-06,-0.0,-0.0,0.0
45.692,-0.00220278,-0.00012950343,0.00061880646,-1.9916836e-08,3.3877438e-07,-9.516873e-08
45.730,-0.00037018434,-0.00012950343,-0.000602924,-0.0,-0.0,0.0
45.752,-0.0009810496,-0.0007403687,0.0012296718,-0.0,0.0,0.0
45.790,0.0002406809,0.0004813618,-0.000602924,0.0,-0.0,0.0
45.812,-0.0009810496,-0.00012950343,7.9412475e-06,-0.0,0.0,0.0
45.852,0.0014624114,0.0004813618,7.9412475e-06,-0.0,-0.0,0.0
45.891,-0.00037018434,0.0004813618,-0.0012137892,4.3842956e-08,3.37168e-08,1.10553245e-07
45.930,0.0002406809,0.0017030924,7.9412475e-06,-0.0,-0.0,0.0
45.950,-0.00037018434,-0.00012950343,-0.000602924,-0.0,-0.0,0.0
45.990,0.0008515462,0.0010922271,0.0012296718,-0.0,-0.0,0.0
46.030,-0.00220278,-0.00012950343,0.00061880646,-1.9916836e-08,3.3877438e-07,-9.516873e-08
46.050,0.010014525,-0.0019620992,7.9412475e-06,-0.0,-0.0,-0.0
46.090,-0.0015919148,-0.00012950343,7.9412475e-06,-1.3880934e-08,1.7063071e-07,-8.5118806e-10
46.114,-0.00220278,0.0004813618,7.9412475e-06,0.0,-0.0,-0.0
46.151,0.0002406809,0.0004813618,7.9412475e-06,-0.0,-0.0,0.0
46.191,0.0008515462,0.0010922271,7.9412475e-06,-0.0,-0.0,0.0
46.231,-0.00037018434,0.0029248227,-0.0012137892,6.257937e-07,7.920455e-08,2.5970175e-07
46.252,-0.0015919148,0.0004813618,0.00061880646,0.0,-0.0,-0.0
46.291,0.0008515462,-0.00012950343,0.00061880646,-0.0,-0.0,-0.0
46.332,-0.00037018434,-0.00012950343,0.00061880646,-0.0,0.0,0.0
46.352,0.0008515462,0.0004813618,7.9412475e-06,-0.0,-0.0,0.0
46.391,0.0002406809,-0.0007403687,7.9412475e-06,-0.0,-0.0,-0.0
46.432,-0.00037018434,0.0004813618,7.9412475e-06,1.961788e-08,1.5086847e-08,-3.2364536e-10
46.452,0.0008515462,0.0017030924,-0.0012137892,0.0,-0.0,0.0
46.491,0.0008515462,0.0010922271,7.9412475e-06,-0.0,-0.0,0.0
46.532,0.0008515462,0.0017030924,7.9412475e-06,-0.0,-0.0,0.0
46.551,0.018566638,-0.0037946948,-0.0024355196,-0.0,-0.0,0.0
46.591,0.002684142,0.0004813618,0.001840537,-0.0,-0.0,0.0
46.631,0.0014624114,-0.0013512339,7.9412475e-06,-1.8055397e-07,-1.9540967e-07,-1.0611395e-09
46.652,-0.0009810496,0.0004813618,-0.0012137892,-0.0,0.0,0.0
46.691,-0.006478837,-0.00012950343,0.001840537,-0.0,0.0,0.0
46.734,0.0039058723,0.0010922271,-0.000602924,0.0,-0.0,0.0
46.753,0.005127603,-0.00012950343,7.9412475e-06,-0.0,-0.0,-0.0
46.792,0.0008515462,0.0004813618,0.00061880646,-0.0,-0.0,0.0
46.832,0.0020732768,0.0004813618,7.9412475e-06,6.875631e-08,-2.9614077e-07,-1.1342942e-09
46.872,-0.019307006,0.003535688,0.0036731327,0.0,-0.0,-0.0
46.892,0.002684142,0.0010922271,0.001840537,-0.0,-0.0,0.0
46.932,0.0002406809,0.0004813618,7.9412475e-06,-0.0,-0.0,0.0
46.971,0.006349333,-0.0007403687,7.9412475e-06,-3.176062e-07,-2.7237613e-06,-3.4070995e-09
46.993,-0.00037018434,-0.0007403687,-0.0012137892,-0.0,-0.0,0.0
47.030,-0.0034245106,0.0004813618,7.9412475e-06,1.11711984e-07,7.9474285e-07,-1.8430084e-09
47.071,-0.0034245106,0.0010922271,0.0036731327,0.0,-0.0,-0.0
47.092,0.0008515462,-0.0019620992,-0.003046385,-0.0,-0.0,0.0
47.132,-0.008311433,0.0010922271,0.001840537,0.0,-0.0,-0.0
47.172,-0.0040353755,0.0017030924,0.001840537,5.4300875e-07,1.2866258e-06,-5.868311e-07
47.192,0.0039058723,-0.0013512339,-0.0024355196,-0.0,-0.0,0.0
47.236,0.0014624114,-0.00012950343,0.0030622676,-2.9514274e-08,-3.3328723e-07,-6.978985e-07
47.271,-0.0009810496,0.0004813618,7.9412475e-06,0.0,-0.0,-0.0
47.310,0.0008515462,0.0010922271,0.00061880646,1.1118655e-07,-8.6685716e-08,-6.2993266e-08
47.330,-0.0009810496,0.0004813618,0.00061880646,0.0,-0.0,-0.0
47.370,-0.00037018434,0.0004813618,7.9412475e-06,1.961788e-08,1.5086847e-08,-3.2364536e-10
47.410,0.002684142,-0.0007403687,-0.000602924,-0.0,-0.0,0.0
47.436,-0.00220278,0.0004813618,7.9412475e-06,0.0,-0.0,-0.0
47.472,-0.0034245106,0.0004813618,-0.000602924,-0.0,0.0,0.0
47.510,0.0002406809,0.0010922271,7.9412475e-06,8.198093e-08,-1.8065148e-08,-5.960574e-10
47.531,0.0020732768,0.0010922271,-0.000602924,0.0,-0.0,0.0
47.571,0.0002406809,0.0004813618,-0.000602924,2.6107138e-08,-1.3053569e-08,3.2700182e-08
47.593,-0.0052571064,0.0004813618,0.0012296718,0.0,-0.0,-0.0
47.631,-0.0040353755,0.0004813618,-0.0018246544,-0.0,0.0,0.0
47.671,0.0008515462,0.0004813618,0.00061880646,-0.0,-0.0,0.0
47.713,0.0002406809,-0.00012950343,0.00061880646,-5.8791367e-09,-1.092632e-08,-2.809229e-08
47.730,-0.00037018434,0.0004813618,-0.000602924,-0.0,0.0,0.0
47.772,-0.00037018434,0.0010922271,7.9412475e-06,8.45334e-08,2.8650582e-08,-6.1461763e-10
47.812,-0.00037018434,0.0004813618,7.9412475e-06,0.0,-0.0,-0.0
47.831,0.0008515462,0.0004813618,-0.000602924,0.0,-0.0,0.0
47.871,-0.0009810496,0.0017030924,7.9412475e-06,0.0,-0.0,-0.0
47.911,0.0020732768,0.0010922271,7.9412475e-06,1.7176644e-07,-3.2604885e-07,-1.248833e-09
47.932,0.0002406809,0.0017030924,7.9412475e-06,-0.0,-0.0,0.0
47.971,0.002684142,0.0004813618,-0.000602924,9.021829e-08,-5.030699e-07,1.13001825e-07
48.011,-0.0009810496,-0.0013512339,7.9412475e-06,-0.0,0.0,0.0
48.032,0.0002406809,-0.00012950343,7.9412475e-06,-0.0,-0.0,-0.0
48.070,-0.0009810496,0.0017030924,-0.000602924,-0.0,0.0,0.0
48.111,0.0020732768,-0.00012950343,7.9412475e-06,-1.8053742e-08,-2.890302e-07,-1.1070717e-09
48.130,0.0008515462,-0.0007403687,0.00061880646,-0.0,-0.0,-0.0
48.173,0.0008515462,0.0004813618,7.9412475e-06,3.1599885e-08,-5.590132e-08,-5.21317e-10
48.211,-0.0009810496,-0.0007403687,0.00061880646,-0.0,0.0,0.0
48.231,0.0008515462,0.0004813618,-0.000602924,0.0,-0.0,0.0
48.271,0.0002406809,-0.0019620992,7.9412475e-06,-0.0,-0.0,-0.0
48.298,-0.00037018434,0.0010922271,7.9412475e-06,0.0,-0.0,-0.0
48.351,0.0002406809,0.0004813618,7.9412475e-06,-0.0,-0.0,0.0
48.371,-0.00037018434,0.0004813618,7.9412475e-06,0.0,-0.0,-0.0
48.412,0.0014624114,-0.0013512339,0.00061880646,-0.0,-0.0,-0.0
48.452,-0.007089702,0.0010922271,0.0024514021,5.556493e-07,3.6067331e-06,-1.2470991e-06
48.471,-0.0052571064,0.003535688,7.9412475e-06,0.0,-0.0,-0.0
48.513,-0.01625268,0.0010922271,7.9412475e-06,1.1939778e-06,1.776676e-05,-8.691652e-09
48.552,-0.0034245106,0.0010922271,-0.0012137892,-0.0,0.0,0.0
48.571,0.0002406809,0.0010922271,-0.0018246544,0.0,-0.0,0.0
48.611,-0.00037018434,0.0010922271,-0.000602924,-0.0,0.0,0.0
48.650,-0.00037018434,0.0004813618,7.9412475e-06,1.961788e-08,1.5086847e-08,-3.2364536e-10
48.671,0.0020732768,0.0010922271,7.9412475e-06,-0.0,-0.0,0.0
48.712,0.002684142,0.0004813618,7.9412475e-06,8.809122e-08,-4.9120916e-07,-1.4532597e-09
48.751,0.0008515462,-0.00012950343,-0.0042681154,-0.0,-0.0,0.0
48.771,-0.004646241,0.0004813618,-0.0054898458,-0.0,0.0,0.0
48.811,0.0039058723,-0.00012950343,7.9412475e-06,-0.0,-0.0,-0.0
48.855,-0.00037018434,0.0017030924,-0.0018246544,2.8839182e-07,6.268492e-08,3.0897644e-07
48.871,-0.00220278,0.0004813618,0.00061880646,0.0,-0.0,-0.0
48.912,-0.0034245106,0.0010922271,-0.000602924,2.671487e-07,8.37604e-07,1.4746958e-07
48.950,-0.00037018434,0.0004813618,0.00061880646,0.0,-0.0,-0.0
48.972,0.0002406809,-0.00012950343,-0.000602924,-0.0,-0.0,0.0
49.014,-0.0009810496,-0.00012950343,0.0012296718,-0.0,0.0,0.0
49.053,0.0002406809,-0.00012950343,7.9412475e-06,-2.3762936e-09,-4.4163193e-09,-1.457161e-10
49.073,-0.0009810496,-0.0007403687,0.00061880646,-0.0,0.0,0.0
49.112,-0.0009810496,0.0010922271,7.9412475e-06,1.0761305e-07,9.665915e-08,-7.824266e-10
49.152,0.0014624114,0.0010922271,-0.0012137892,0.0,-0.0,0.0
49.172,0.0020732768,0.0004813618,0.0012296718,-0.0,-0.0,0.0
49.212,0.002684142,0.0004813618,0.001840537,-0.0,-0.0,0.0
49.251,0.0008515462,-0.0013512339,7.9412475e-06,-1.4483314e-07,-9.127369e-08,-8.5119584e-10
49.276,0.002684142,0.0017030924,7.9412475e-06,-0.0,-0.0,0.0
49.310,0.0002406809,-0.00012950343,-0.0012137892,-0.0,-0.0,0.0
49.351,-0.004646241,-0.00012950343,7.9412475e-06,-0.0,0.0,0.0
49.395,0.0020732768,-0.00012950343,0.00061880646,-1.8837609e-08,-3.0157926e-07,-9.001171e-08
49.412,0.0008515462,0.0004813618,-0.0012137892,0.0,-0.0,0.0
49.453,0.0014624114,-0.00012950343,0.0012296718,-1.6643598e-08,-1.879469e-07,-1.5803555e-07
49.493,0.0008515462,0.0010922271,7.9412475e-06,-0.0,-0.0,0.0
49.513,0.0008515462,-0.00012950343,-0.000602924,-0.0,-0.0,0.0
49.553,0.0002406809,-0.00012950343,7.9412475e-06,-0.0,-0.0,-0.0
49.592,0.0002406809,0.0004813618,7.9412475e-06,1.738703e-08,-8.693515e-09,-2.8684177e-10
49.612,-0.0009810496,-0.00012950343,0.00061880646,-0.0,0.0,0.0
49.652,0.0002406809,0.0010922271,-0.000602924,9.313201e-08,-2.0522377e-08,5.141012e-08
49.691,0.01062539,-0.0007403687,7.9412475e-06,-0.0,-0.0,-0.0
49.722,-0.00037018434,-0.00012950343,-0.0012137892,-0.0,-0.0,0.0
49.752,0.0069601983,0.0004813618,-0.003046385,0.0,-0.0,0.0
49.792,0.0014624114,-0.0007403687,0.0012296718,-1.0181107e-07,-2.0110203e-07,-1.6909709e-07
49.812,0.0014624114,0.0004813618,0.00061880646,-0.0,-0.0,0.0
49.853,0.0014624114,0.0004813618,-0.000602924,5.341224e-08,-1.6227015e-07,6.690086e-08
49.894,-0.00220278,0.0017030924,7.9412475e-06,0.0,-0.0,-0.0
49.913,0.0002406809,0.0004813618,-0.0012137892,0.0,-0.0,0.0
49.953,-0.0015919148,-0.00012950343,0.00061880646,-0.0,0.0,0.0
49.993,0.0014624114,0.0010922271,7.9412475e-06,1.3379004e-07,-1.7913499e-07,-9.727343e-10
50.012,-0.0015919148,-0.00012950343,0.00061880646,-0.0,0.0,0.0
50.053,-0.00037018434,-0.00012950343,-0.000602924,-6.2509047e-09,1.7868151e-08,2.9102086e-08
50.093,0.0014624114,0.0017030924,0.00061880646,-0.0,-0.0,0.0
50.112,-0.00037018434,-0.0007403687,7.9412475e-06,-0.0,0.0,0.0
50.153,-0.0107548935,0.0010922271,0.00061880646,0.0,-0.0,-0.0
50.192,-0.0034245106,0.0017030924,7.9412475e-06,4.3712785e-07,8.789594e-07,-2.0384494e-09
50.214,0.017955773,-0.0013512339,0.00061880646,-0.0,-0.0,-0.0
50.259,0.0002406809,0.0010922271,-0.0024355196,1.9644229e-07,-4.328757e-08,4.3803988e-07
50.293,-0.0015919148,-0.00012950343,7.9412475e-06,-0.0,0.0,0.0
50.332,0.002684142,0.0017030924,-0.0012137892,3.8890445e-07,-6.129289e-07,2.7717118e-07
50.354,-0.006478837,0.0010922271,7.9412475e-06,0.0,-0.0,-0.0
50.393,-0.00037018434,0.0010922271,7.9412475e-06,8.45334e-08,2.8650582e-08,-6.1461763e-10
50.432,-0.0052571064,-0.00012950343,0.001840537,-0.0,0.0,0.0
50.452,0.0002406809,0.0004813618,0.00061880646,-0.0,-0.0,0.0
50.493,0.0002406809,0.0004813618,-0.0012137892,0.0,-0.0,0.0
50.532,0.0002406809,-0.00012950343,7.9412475e-06,-2.3762936e-09,-4.4163193e-09,-1.457161e-10
50.553,0.0002406809,-0.0007403687,7.9412475e-06,-0.0,-0.0,-0.0
50.594,-0.007089702,-0.0007403687,7.9412475e-06,-3.5416969e-07,3.3914962e-06,-3.7982493e-09
50.631,-0.016863547,-0.0007403687,0.0030622676,-0.0,0.0,0.0
50.652,0.021010099,-0.0007403687,-0.0018246544,-0.0,-0.0,0.0
50.693,-0.009533163,0.0029248227,-0.003046385,-0.0,0.0,0.0
50.733,0.0039058723,0.0004813618,-0.0036572502,1.7355006e-07,-1.4082145e-06,1.3185771e-06
50.753,-0.0107548935,0.0029248227,0.0048948633,0.0,-0.0,-0.0
50.795,-0.006478837,-0.00012950343,0.0024514021,-6.021103e-08,3.0123417e-06,-1.1397817e-06
50.834,-0.00037018434,0.0017030924,-0.000602924,-0.0,0.0,0.0
50.852,0.0020732768,0.0004813618,-0.0012137892,0.0,-0.0,0.0
50.893,0.0014624114,0.0010922271,-0.000602924,0.0,-0.0,0.0
50.933,0.0008515462,0.0010922271,-0.000602924,1.1071675e-07,-8.631944e-08,6.1117134e-08
50.954,-0.00037018434,0.0004813618,0.00061880646,0.0,-0.0,-0.0
50.993,-0.009533163,0.0010922271,-0.000602924,7.0471987e-07,6.150938e-06,3.890133e-07
51.032,-0.0034245106,-0.00012950343,0.0012296718,-0.0,0.0,0.0
51.053,0.002684142,0.0010922271,-0.000602924,0.0,-0.0,0.0
51.091,0.0014624114,0.0004813618,-0.000602924,0.0,-0.0,0.0
51.132,0.0008515462,0.0010922271,7.9412475e-06,1.0151601e-07,-7.9146155e-08,-7.380877e-10
51.154,-0.00037018434,0.0004813618,7.9412475e-06,0.0,-0.0,-0.0
51.192,-0.0009810496,0.0004813618,0.0030622676,1.0503237e-07,2.1406328e-07,-6.6818137e-07
51.232,-0.0034245106,0.0017030924,-0.0024355196,-0.0,0.0,0.0
51.275,0.0008515462,0.0010922271,7.9412475e-06,1.0151601e-07,-7.9146155e-08,-7.380877e-10
51.290,-0.00220278,-0.0007403687,-0.0024355196,-0.0,-0.0,0.0
51.332,-0.00037018434,0.0004813618,0.00061880646,2.800685e-08,2.1538263e-08,-3.6003726e-08
51.372,0.0014624114,-0.00012950343,-0.0012137892,-0.0,-0.0,0.0
51.392,-0.00037018434,0.0010922271,-0.000602924,-0.0,0.0,0.0
51.432,0.0008515462,0.0004813618,-0.0018246544,0.0,-0.0,0.0
51.473,0.0002406809,-0.00012950343,0.00061880646,-5.8791367e-09,-1.092632e-08,-2.809229e-08
51.493,-0.00037018434,-0.00012950343,7.9412475e-06,-0.0,0.0,0.0
51.532,0.0002406809,0.0010922271,7.9412475e-06,8.198093e-08,-1.8065148e-08,-5.960574e-10
51.572,-0.0009810496,-0.00012950343,7.9412475e-06,-0.0,0.0,0.0
51.591,-0.0034245106,-0.00012950343,7.9412475e-06,-0.0,0.0,0.0
51.634,-0.034578636,0.024305107,-0.0012137892,-0.0,0.0,0.0
51.672,0.008181929,-0.0007403687,-0.6841611,-2.8083328e-05,-0.00037608814,0.03140847
51.712,0.030783944,-0.0025729644,-1.7317951,-0.0,-0.0,0.0
51.733,0.030173078,0.03163549,-1.8160945,0.0042539174,-0.0032429253,0.22265166
51.772,0.019177504,0.016363857,-1.8142618,0.0,-0.0,0.0
51.792,0.024675291,-0.013568538,-0.12705204,-0.0,-0.0,0.0
51.831,-0.038243826,-0.2511951,-1.2962482,-0.0,-0.0,0.0
51.872,-0.67904145,0.37860695,-1.3096871,0.034083396,0.07193464,0.13301948
51.894,-1.0357867,1.5392509,-1.3267914,-0.0,0.0,0.0
51.934,-0.16102774,3.633297,-2.5320287,1.189715,0.46789598,0.78458333
51.972,0.21893044,5.464671,-2.92848,0.0,-0.0,0.0
51.994,0.10042258,5.9796305,-3.0304947,0.0,-0.0,0.0
52.032,-1.1048145,6.244746,-2.7482748,-0.0,0.0,0.0
52.072,-0.318631,4.1873517,-0.5693185,1.3260652,0.18623787,0.10757425
52.113,2.4534755,1.3547697,0.33170778,-0.0,-0.0,0.0
52.133,3.4546835,0.8972316,0.75687,0.22133507,-1.0308439,-0.14418213
52.173,1.8639905,1.3859237,1.0897915,-0.0,-0.0,0.0
52.213,0.74488544,0.83186895,0.6774575,0.07110257,-0.067418985,-0.057083894
52.235,0.5542955,0.7213024,0.5968233,-0.0,-0.0,0.0
52.272,0.35209906,0.18496266,0.98227924,0.012273144,-0.02548158,-0.06971348
52.311,-0.08039353,-0.62687725,0.91691667,-0.0,0.0,0.0
52.332,0.08515095,-0.49493036,1.1356064,-0.041542225,-0.0051371325,-0.09480829
52.372,0.20121534,-0.519365,1.1117827,-0.0,-0.0,-0.0
52.413,0.017955773,-1.1265651,1.9291203,-0.16945198,0.021698842,-0.29231068
52.431,0.32888618,-0.6849094,1.5283928,-0.0,-0.0,-0.0
52.472,0.8218544,-0.111917846,-0.13865846,-0.0061379736,-0.046398237,0.007682973
52.512,-0.3888805,-1.2420186,0.19548482,-0.0,0.0,0.0
52.532,-0.37788492,-0.80952597,0.48259148,-0.0,0.0,0.0
52.572,0.6947945,-0.87549937,0.059872735,-0.0,-0.0,-0.0
52.612,0.6080516,-1.6818416,-0.41721302,-0.20690803,-0.080153786,0.043683276
52.632,-0.52510345,-1.7038326,-0.02320494,-0.0,-0.0,0.0
52.671,-0.59168774,-2.3684542,-0.19363634,-0.40017688,0.09074803,0.050783917
52.713,-0.7254672,-1.9237441,0.36164016,-0.0,0.0,0.0
52.750,0.29956463,-0.6024426,0.4245593,-0.032339692,-0.015622225,-0.022918234
52.770,0.43273327,-1.2481272,0.053764082,-0.0,-0.0,-0.0
52.811,-0.48356462,-1.2017014,0.0024514021,-0.10460907,0.042006508,0.0019831392
52.850,-0.009533163,-1.0019485,0.1325657,-0.0,0.0,0.0
52.870,0.16639602,-1.2389642,-0.0018246544,-0.10401332,-0.013951342,-0.0005721958
52.911,-0.5098318,-1.7496476,-0.28343353,-0.0,-0.0,0.0
52.952,0.0930922,-1.275616,-0.3243615,-0.11293421,-0.009853809,0.028224515
52.972,0.13279845,-1.0667002,-0.2486142,-0.0,-0.0,0.0
53.011,-0.07306315,-1.6122029,-0.3836154,-0.18023658,0.0042885197,0.04335949
53.051,0.0008515462,-0.9048209,-0.01892888,-0.0,-0.0,0.0
53.072,0.29956463,-0.24508648,0.017112168,-0.006373436,-0.0077863866,-0.00046968987
53.112,0.7253377,0.10799365,0.023831686,-0.0,-0.0,0.0
53.153,-0.14575613,-0.7661545,0.009170921,-0.04009349,0.007635314,-0.00032687548
53.172,-0.30274847,-0.56212556,-0.000602924,-0.0,-0.0,0.0
53.212,0.03994692,0.0010922271,-0.026259264,3.510316e-06,-0.000128188,8.426521e-05
53.251,-0.07306315,0.012698666,0.011003516,0.0,-0.0,-0.0
53.271,-0.081004396,-0.00440556,-0.0018246544,-2.399266e-05,0.0004411091,9.941443e-06
53.316,-0.11704545,-0.0074598864,-0.0048789806,-0.0,-0.0,0.0
53.352,0.096146524,0.07989384,-0.021983208,0.00068059814,-0.00081889494,0.00018752768
53.374,0.042390384,0.10432845,-0.01892888,0.0,-0.0,0.0
53.411,-0.060845844,0.12754133,0.061094467,0.0013178836,0.00062820886,-0.00063160755
53.452,-0.09810863,0.038355008,0.0048948633,0.0,-0.0,-0.0
53.474,-0.037632965,0.08111558,0.0024514021,0.0,-0.0,-0.0
53.512,0.047888167,0.13731517,-0.022594072,0.0,-0.0,0.0
53.553,-0.06390017,0.188017,-0.031757053,0.0025371716,0.0008628982,0.0004274782
53.574,-0.114601985,0.21367334,0.038492452,0.0,-0.0,-0.0
53.614,-0.19034928,0.12387615,-0.050693873,0.0019332105,0.002973153,0.00078873435
53.657,-0.114601985,-0.033727095,-0.109336935,-0.0,-0.0,0.0
53.693,-0.01258749,0.15564112,-0.12460857,0.002086424,0.00017049388,0.0016703578
53.713,0.10958555,0.40243068,-0.18264076,0.0,-0.0,0.0
53.753,0.6166037,0.79643875,-0.16981259,0.054873213,-0.04192855,0.01279612
53.792,0.025286155,0.7866649,-0.05924599,0.0,-0.0,0.0
53.813,-0.40293038,0.3425659,-0.07818281,0.012269135,0.014470826,0.0027158728
53.855,-0.048017673,-0.11252871,-0.24494901,-0.0,-0.0,0.0
53.892,0.44006366,0.5746947,-0.18813854,0.028946768,-0.02194289,0.009759572
53.912,0.49992844,0.79827136,-0.1875277,0.0,-0.0,0.0
53.953,0.56223667,1.2973483,-0.11666732,0.12411977,-0.05278887,0.014415268
53.993,0.59278,1.4653362,-0.34635267,0.0,-0.0,0.0
54.012,0.2971212,0.86607736,-0.51372975,0.06140055,-0.0198145,0.036820214
54.055,0.12913325,0.6498311,-0.3701764,0.0,-0.0,0.0
54.092,0.47549385,1.1244733,-0.4654714,0.099564396,-0.039639477,0.042863075
54.117,0.6642512,1.5221467,-0.43798244,0.0,-0.0,0.0
54.156,0.79680896,2.183714,-0.263275,0.35305414,-0.1177833,0.06302553
54.192,0.20304795,2.4329467,-0.29198566,0.0,-0.0,0.0
54.212,0.12424632,2.744488,-0.24067296,0.52584887,-0.011583967,0.0501326
54.252,-0.06390017,1.7255648,-0.4031631,-0.0,0.0,0.0
54.291,0.28246042,1.389589,-0.40805006,0.13842168,-0.025149206,0.042288713
54.332,0.98678803,0.7915519,-1.2272203,0.0,-0.0,0.0
54.351,1.1645498,0.532545,-1.3261806,0.07834358,-0.13875307,0.17081733
54.392,0.54879767,0.6724331,-0.97065693,0.0,-0.0,0.0
54.413,0.43517673,0.23749708,-1.1380341,0.0,-0.0,0.0
54.454,-0.37116536,-1.0123332,-1.6603239,-0.0,-0.0,0.0
54.492,-0.34673077,-0.77226317,-1.8222032,-0.10982337,0.033844184,0.25002012
54.514,-0.02419393,-0.2145432,-1.414756,-0.0,-0.0,0.0
54.554,1.0613136,-0.0722116,-1.4104799,0.001982845,-0.12658535,0.16840248
54.592,0.6801337,0.28392282,-0.99753505,0.0,-0.0,0.0
54.635,0.06071634,0.21000814,-1.0720606,0.015582191,-0.003847493,0.07876194
54.652,-0.09077825,0.351118,-0.94011366,-0.0,0.0,0.0
54.692,-0.29602897,-0.020898921,-1.169799,-0.0028267135,0.023871517,0.094828255
54.732,-0.023583064,-1.0257722,-0.6957676,-0.0,-0.0,0.0
54.752,0.17861332,-1.4197803,-0.28282267,-0.13898589,-0.0193798,0.02643489
54.792,0.47732645,-1.6555743,0.50397176,-0.0,-0.0,-0.0
54.833,0.32827532,-1.7105522,0.08736167,-0.201403,-0.037318442,-0.014052531
54.851,0.17616987,-1.6335832,0.049488027,-0.0,-0.0,-0.0
54.892,-0.48417544,-1.9781111,0.46060035,-0.27827954,0.076625146,-0.055127066
54.933,-0.6601047,-1.7459824,0.36347276,-0.0,0.0,0.0
54.953,-0.48295373,-1.665959,0.091026865,-0.19497588,0.057227843,-0.0051350137
54.996,-0.23494245,-1.625031,-0.07635021,-0.0,-0.0,0.0
55.032,-0.3992652,-1.5291252,-0.285877,-0.1660376,0.040423777,0.034329243
55.052,-0.68515015,-1.3360918,-0.2809901,-0.0,-0.0,0.0
55.091,-1.9697996,-1.7502584,-0.29931605,-0.34421504,0.34739327,0.114136115
55.133,0.53047174,-2.6928234,0.7287702,-0.0,-0.0,-0.0
55.153,0.6404274,-1.9793329,0.22358462,-0.2830058,-0.08537838,-0.04393818
55.192,0.55124116,-1.2023122,-0.42943034,-0.0,-0.0,0.0
55.239,0.6575317,-1.2640096,-0.3121442,-0.12312385,-0.06619658,0.026588045
55.267,0.60011035,-1.5138537,-0.024426669,-0.0,-0.0,0.0
55.291,0.33866003,-1.8137884,0.71655285,-0.24484403,-0.033410206,-0.10053257
55.332,0.88904965,-0.82296497,0.7782502,-0.0,-0.0,-0.0
55.372,0.86583674,-1.0166093,0.54306716,-0.0,-0.0,-0.0
55.392,1.0649787,-0.57251024,-0.22845566,-0.0,-0.0,0.0
55.432,-0.20378831,0.29552928,-0.07329589,0.0072613293,0.005016774,0.001783824
55.478,-0.051682863,0.48978442,-1.002422,-0.0,0.0,0.0
55.493,0.06071634,1.570405,-1.3567238,0.2206141,0.012215325,0.19045535
55.535,0.012457985,-0.0007403687,-0.6811068,-0.0,-0.0,0.0
55.572,0.00940366,0.0023139575,-0.5797032,9.413606e-05,-0.00036477615,0.02255171
55.592,0.010014525,-0.0007403687,-0.70309794,-0.0,-0.0,0.0
55.632,0.012457985,0.009033475,-0.7764018,0.00048368602,-0.00063941587,0.04045405
55.671,0.0020732768,0.0004813618,-0.14782144,0.0,-0.0,0.0
55.694,0.0008515462,0.0017030924,7.9412475e-06,2.1762814e-07,-1.0881407e-07,-1.0147534e-09
55.733,0.0002406809,0.0010922271,0.00061880646,-0.0,-0.0,0.0
55.773,0.0002406809,-0.00012950343,-0.000602924,-5.753143e-09,-1.0692162e-08,2.6784678e-08
55.791,0.0008515462,0.0004813618,7.9412475e-06,-0.0,-0.0,0.0
55.832,-0.00037018434,0.0010922271,0.00061880646,9.593146e-08,3.251368e-08,-5.4350426e-08
55.873,0.0002406809,-0.00012950343,-0.000602924,-0.0,-0.0,0.0
55.892,0.0002406809,0.0017030924,0.00061880646,2.0892024e-07,-2.9524603e-08,-7.590968e-08
55.932,-0.00037018434,0.0004813618,7.9412475e-06,0.0,-0.0,-0.0
55.972,-0.0009810496,0.0004813618,-0.0012137892,5.2759386e-08,1.075274e-07,1.3303669e-07
55.992,-0.00037018434,0.0004813618,0.00061880646,0.0,-0.0,-0.0
56.033,0.0002406809,0.0004813618,-0.000602924,2.6107138e-08,-1.3053569e-08,3.2700182e-08
56.076,0.0002406809,0.0017030924,7.9412475e-06,-0.0,-0.0,0.0
56.113,-0.0009810496,-0.0007403687,-0.0012137892,-0.0,-0.0,0.0
56.139,0.006349333,-0.00012950343,0.00061880646,-0.0,-0.0,-0.0
56.173,-0.0015919148,-0.00012950343,7.9412475e-06,-1.3880934e-08,1.7063071e-07,-8.5118806e-10
56.215,0.0002406809,0.0004813618,0.0012296718,-0.0,-0.0,0.0
56.233,-0.0009810496,-0.00012950343,-0.0012137892,-1.3610282e-08,1.0310426e-07,1.2756423e-07
56.272,0.0002406809,-0.00012950343,7.9412475e-06,-0.0,-0.0,-0.0
56.312,0.0002406809,0.0004813618,7.9412475e-06,-0.0,-0.0,0.0
56.333,0.0008515462,0.0004813618,7.9412475e-06,-0.0,-0.0,0.0
56.373,0.0008515462,0.0004813618,0.00061880646,3.7390844e-08,-6.614574e-08,-4.806716e-08
56.414,0.0002406809,-0.00012950343,0.00061880646,-0.0,-0.0,-0.0
56.433,-0.00037018434,0.0004813618,7.9412475e-06,1.961788e-08,1.5086847e-08,-3.2364536e-10
56.473,-0.00220278,-0.00012950343,-0.000602924,-0.0,-0.0,0.0
56.514,0.0014624114,0.0010922271,7.9412475e-06,-0.0,-0.0,0.0
56.533,0.0008515462,0.0017030924,0.00061880646,-0.0,-0.0,0.0
56.572,0.0002406809,-0.00012950343,-0.000602924,-5.753143e-09,-1.0692162e-08,2.6784678e-08
56.613,0.0008515462,-0.00012950343,-0.000602924,-0.0,-0.0,0.0
56.633,0.0008515462,0.0010922271,7.9412475e-06,1.0151601e-07,-7.9146155e-08,-7.380877e-10
56.674,0.0002406809,0.0023139575,-0.000602924,0.0,-0.0,0.0
56.714,0.0008515462,0.0004813618,-0.000602924,3.7119086e-08,-6.5664985e-08,4.6493067e-08
56.733,0.0002406809,0.0004813618,-0.000602924,0.0,-0.0,0.0
56.775,0.0002406809,0.0004813618,0.00061880646,2.64921e-08,-1.32460505e-08,-3.4056466e-08
56.815,0.0002406809,-0.00012950343,7.9412475e-06,-0.0,-0.0,-0.0
56.833,0.0002406809,0.0010922271,7.9412475e-06,8.198093e-08,-1.8065148e-08,-5.960574e-10
56.880,0.0020732768,0.0017030924,7.9412475e-06,-0.0,-0.0,0.0
56.916,-0.004646241,0.0017030924,0.00061880646,5.6998687e-07,1.5549922e-06,-2.0710104e-07
56.933,0.0014624114,0.0004813618,0.00061880646,-0.0,-0.0,0.0
56.973,-0.00037018434,0.0004813618,0.00061880646,2.800685e-08,2.1538263e-08,-3.6003726e-08
57.013,-0.00037018434,-0.00012950343,7.9412475e-06,-0.0,0.0,0.0
57.034,0.0002406809,-0.0007403687,-0.000602924,-4.8924015e-08,-1.5904343e-08,3.9841584e-08
57.073,0.006349333,0.0017030924,-0.0012137892,0.0,-0.0,0.0
57.113,0.0002406809,-0.0007403687,7.9412475e-06,-3.8682362e-08,-1.257496e-08,-4.1491005e-10
57.154,0.0002406809,0.0010922271,7.9412475e-06,-0.0,-0.0,0.0
57.174,0.0002406809,0.0004813618,7.9412475e-06,1.738703e-08,-8.693515e-09,-2.8684177e-10
57.214,0.0002406809,0.0004813618,-0.000602924,0.0,-0.0,0.0
57.255,0.0008515462,0.0017030924,-0.000602924,0.0,-0.0,0.0
57.278,-0.00037018434,0.0017030924,-0.0012137892,-0.0,0.0,0.0
57.315,0.0008515462,0.0010922271,7.9412475e-06,1.0151601e-07,-7.9146155e-08,-7.380877e-10
57.354,-0.00037018434,-0.0007403687,-0.0012137892,-0.0,-0.0,0.0
57.375,0.0002406809,-0.00012950343,7.9412475e-06,-2.3762936e-09,-4.4163193e-09,-1.457161e-10
57.414,-0.00037018434,0.0004813618,0.00061880646,0.0,-0.0,-0.0
57.456,0.0008515462,0.0017030924,-0.000602924,0.0,-0.0,0.0
57.473,0.0020732768,0.0004813618,0.00061880646,-0.0,-0.0,0.0
57.515,0.0002406809,0.0004813618,7.9412475e-06,1.738703e-08,-8.693515e-09,-2.8684177e-10
57.554,0.0002406809,-0.00012950343,7.9412475e-06,-0.0,-0.0,-0.0
57.574,0.0002406809,-0.0013512339,0.00061880646,-1.3652297e-07,-2.4317378e-08,-6.2521586e-08
57.616,0.0057384684,0.0010922271,0.00061880646,-0.0,-0.0,0.0
57.655,0.0002406809,0.0004813618,7.9412475e-06,-0.0,-0.0,0.0
57.677,0.0008515462,0.0017030924,-0.000602924,0.0,-0.0,0.0
57.715,0.0008515462,0.0010922271,7.9412475e-06,1.0151601e-07,-7.9146155e-08,-7.380877e-10
57.759,0.0014624114,0.0017030924,-0.000602924,0.0,-0.0,0.0
57.791,0.0014624114,0.0023139575,7.9412475e-06,4.250757e-07,-2.6864606e-07,-1.458756e-09
57.814,0.0008515462,0.0004813618,7.9412475e-06,-0.0,-0.0,0.0
57.855,-0.0034245106,-0.00012950343,0.00061880646,-3.02647e-08,8.00303e-07,-1.4461413e-07
57.879,0.0002406809,-0.0007403687,7.9412475e-06,-0.0,-0.0,-0.0
57.915,-0.0028136454,0.0004813618,-0.000602924,9.424597e-08,5.5088464e-07,1.1804667e-07
57.956,0.0002406809,0.0010922271,7.9412475e-06,-0.0,-0.0,0.0
57.994,-0.0009810496,0.0004813618,7.9412475e-06,0.0,-0.0,-0.0
58.013,-0.00037018434,0.0010922271,7.9412475e-06,0.0,-0.0,-0.0
58.054,0.0002406809,0.0004813618,7.9412475e-06,1.738703e-08,-8.693515e-09,-2.8684177e-10
58.094,0.0002406809,0.0004813618,0.0012296718,-0.0,-0.0,0.0
58.114,-0.0015919148,-0.0007403687,0.00061880646,-9.249021e-08,1.9886923e-07,-7.730411e-08
58.154,-0.0009810496,0.0004813618,-0.000602924,-0.0,0.0,0.0
58.196,0.0002406809,0.0004813618,-0.0018246544,0.0,-0.0,0.0
58.214,-0.0009810496,-0.00012950343,7.9412475e-06,-0.0,0.0,0.0
58.254,0.0002406809,-0.00012950343,-0.000602924,-5.753143e-09,-1.0692162e-08,2.6784678e-08
58.294,0.0008515462,0.0004813618,-0.000602924,0.0,-0.0,0.0
58.313,0.0002406809,-0.00012950343,7.9412475e-06,-2.3762936e-09,-4.4163193e-09,-1.457161e-10
58.359,-0.00037018434,0.0004813618,7.9412475e-06,0.0,-0.0,-0.0
58.394,-0.00037018434,0.0017030924,7.9412475e-06,0.0,-0.0,-0.0
58.414,0.0002406809,0.0004813618,7.9412475e-06,-0.0,-0.0,0.0
58.459,-0.00037018434,0.0010922271,-0.000602924,9.538656e-08,3.2329005e-08,5.265466e-08
58.496,-0.00037018434,0.0004813618,-0.000602924,-0.0,0.0,0.0
58.515,-0.00037018434,-0.00012950343,7.9412475e-06,-3.4090946e-09,9.7448645e-09,-2.0904822e-10
58.557,0.0014624114,0.0017030924,-0.000602924,0.0,-0.0,0.0
58.595,-0.00037018434,0.0004813618,0.00061880646,0.0,-0.0,-0.0
58.614,-0.00037018434,0.0004813618,7.9412475e-06,0.0,-0.0,-0.0
58.655,-0.0028136454,0.0004813618,-0.000602924,9.424597e-08,5.5088464e-07,1.1804667e-07
58.694,-0.0009810496,0.0017030924,0.00061880646,0.0,-0.0,-0.0
58.715,0.0002406809,-0.0007403687,7.9412475e-06,-3.8682362e-08,-1.257496e-08,-4.1491005e-10
58.755,-0.00037018434,-0.00012950343,7.9412475e-06,-0.0,0.0,0.0
58.795,-0.00037018434,-0.00012950343,-0.000602924,-6.2509047e-09,1.7868151e-08,2.9102086e-08
58.815,-0.00037018434,-0.00012950343,-0.000602924,-0.0,-0.0,0.0
58.854,-0.00037018434,0.0010922271,0.00061880646,9.593146e-08,3.251368e-08,-5.4350426e-08
58.894,0.0008515462,0.0010922271,-0.0012137892,0.0,-0.0,0.0
58.934,0.0002406809,0.0010922271,7.9412475e-06,-0.0,-0.0,0.0
58.954,0.0014624114,0.0010922271,0.0012296718,-0.0,-0.0,0.0
58.998,0.0008515462,-0.00012950343,-0.000602924,-9.137442e-09,-6.0083e-08,4.254083e-08
59.017,0.0002406809,0.0004813618,-0.000602924,0.0,-0.0,0.0
59.057,0.0014624114,-0.0007403687,0.00061880646,-8.705163e-08,-1.7194851e-07,-7.27585e-08
59.096,0.0020732768,0.0004813618,-0.000602924,0.0,-0.0,0.0
59.133,0.0020732768,-0.00012950343,0.00061880646,-0.0,-0.0,-0.0
59.152,-0.00037018434,0.0010922271,0.00061880646,0.0,-0.0,-0.0
59.193,0.0014624114,0.0004813618,0.00061880646,5.360144e-08,-1.62845e-07,-6.890642e-08
59.232,0.0014624114,-0.0013512339,0.0012296718,-0.0,-0.0,-0.0
59.254,0.0002406809,0.0004813618,-0.000602924,2.6107138e-08,-1.3053569e-08,3.2700182e-08
59.295,0.0008515462,0.0017030924,0.00061880646,-0.0,-0.0,0.0
59.332,0.0008515462,0.0010922271,-0.000602924,0.0,-0.0,0.0
59.353,0.0008515462,0.0010922271,-0.000602924,0.0,-0.0,0.0
59.398,0.0002406809,0.0004813618,-0.000602924,2.6107138e-08,-1.3053569e-08,3.2700182e-08
59.439,0.0020732768,-0.00012950343,0.00061880646,-0.0,-0.0,-0.0
59.460,-0.00037018434,0.0004813618,-0.000602924,2.764299e-08,2.1258442e-08,3.46239e-08
59.494,0.0008515462,0.0004813618,-0.0012137892,0.0,-0.0,0.0
59.535,-0.00037018434,0.0004813618,7.9412475e-06,0.0,-0.0,-0.0
59.555,0.0014624114,0.0004813618,-0.000602924,0.0,-0.0,0.0
59.594,-0.00037018434,-0.00012950343,7.9412475e-06,-3.4090946e-09,9.7448645e-09,-2.0904822e-10
59.634,-0.0009810496,0.0004813618,0.00061880646,0.0,-0.0,-0.0
59.655,0.0008515462,0.0004813618,7.9412475e-06,3.1599885e-08,-5.590132e-08,-5.21317e-10
59.694,0.0008515462,0.0010922271,-0.0012137892,0.0,-0.0,0.0
59.735,0.0002406809,-0.0007403687,7.9412475e-06,-0.0,-0.0,-0.0
59.758,-0.00037018434,0.0004813618,7.9412475e-06,0.0,-0.0,-0.0
59.795,0.0008515462,-0.00012950343,-0.000602924,-9.137442e-09,-6.0083e-08,4.254083e-08
59.834,0.0002406809,0.0010922271,-0.000602924,0.0,-0.0,0.0
59.873,0.0020732768,0.0010922271,7.9412475e-06,-0.0,-0.0,0.0
59.893,-0.00037018434,0.0004813618,0.00061880646,0.0,-0.0,-0.0
59.935,0.0014624114,0.0010922271,7.9412475e-06,1.3379004e-07,-1.7913499e-07,-9.727343e-10
59.974,-0.0034245106,0.0017030924,7.9412475e-06,0.0,-0.0,-0.0
59.994,-0.00037018434,0.0004813618,7.9412475e-06,1.961788e-08,1.5086847e-08,-3.2364536e-10
