timestamp,x,y,z,roll,pitch,yaw
00.004,0.005630345,-0.0024336872,0.0003622431,-0.0,-0.0,-0.0
00.025,0.0044086147,0.00062063907,0.00097310834,1.8980867e-07,-1.3482784e-06,-2.9760375e-07
00.045,0.0037977493,-0.0054880134,0.0015839735,-0.0,-0.0,-0.0
00.086,-0.004143499,0.00062063907,0.0003622431,0.0,-0.0,-0.0
00.126,-0.0023109033,0.002453235,-0.00024862215,-0.0,0.0,0.0
00.146,-0.0023109033,-0.0036554176,-0.00024862215,-0.0,-0.0,0.0
00.185,-0.004143499,-0.004266283,-0.00024862215,-0.0,-0.0,0.0
00.224,-0.0053652297,0.0036749654,-0.0008594874,1.6177729e-06,2.3618527e-06,3.78357e-07
00.245,-0.0023109033,0.0091727525,-0.0008594874,-0.0,0.0,0.0
00.283,0.0031868839,0.0036749654,0.0015839735,-0.0,-0.0,0.0
00.324,0.008073806,0.0091727525,-0.0008594874,0.0,-0.0,0.0
00.344,-0.001700038,-0.0030445524,0.0003622431,-0.0,0.0,0.0
00.383,0.005630345,9.773844e-06,0.0003622431,-0.0,-0.0,0.0
00.423,0.00624121,-0.00060109136,0.0015839735,-2.6087318e-07,-2.7086703e-06,-6.874411e-07
00.443,-0.0010891727,-0.009153205,0.0003622431,-0.0,0.0,0.0
00.483,-0.001700038,-0.009764071,-0.00024862215,-0.0,-0.0,0.0
00.525,-0.005976095,-0.0054880134,-0.00024862215,-0.0,-0.0,0.0
00.544,-0.003532634,0.0067292913,0.00097310834,0.0,-0.0,-0.0
00.584,-0.003532634,0.006118426,0.0003622431,0.0,-0.0,-0.0
00.625,0.0013542882,0.0036749654,0.0003622431,9.700361e-07,-3.574751e-07,-9.5616755e-08
00.645,-0.0053652297,-0.0060988786,-0.0014703526,-0.0,-0.0,0.0
00.686,0.0019651535,0.00062063907,-0.0008594874,0.0,-0.0,0.0
00.726,-0.00047830748,-0.0060988786,0.00097310834,-0.0,0.0,0.0
00.745,0.0068520755,0.008561888,-0.00024862215,0.0,-0.0,0.0
00.785,-0.00047830748,0.0012315044,0.00097310834,0.0,-0.0,-0.0
00.825,-0.001700038,9.773844e-06,0.0003622431,1.1401295e-09,1.9831056e-07,-4.22559e-08
00.847,-0.004143499,-0.0024336872,0.0003622431,-0.0,0.0,0.0
00.886,-0.0023109033,0.00062063907,0.0003622431,0.0,-0.0,-0.0
00.926,0.0074629406,0.0110053485,-0.0008594874,0.0,-0.0,0.0
00.946,0.0031868839,-0.0024336872,-0.0008594874,-0.0,-0.0,0.0
00.986,0.002576019,-0.00060109136,-0.00024862215,-0.0,-0.0,0.0
01.026,-0.00047830748,-0.0012119566,0.0003622431,-0.0,0.0,0.0
01.066,0.0031868839,0.00062063907,-0.00024862215,0.0,-0.0,0.0
01.085,0.0013542882,0.0018423696,0.0003622431,-0.0,-0.0,0.0
01.126,-0.0010891727,0.0036749654,-0.00024862215,-0.0,0.0,0.0
01.165,-0.003532634,-0.004877148,-0.00024862215,-1.9727222e-06,1.4288892e-06,1.0056477e-07
01.184,0.0013542882,0.010394483,-0.00024862215,0.0,-0.0,0.0
01.225,-0.005976095,0.006118426,0.0003622431,0.0,-0.0,-0.0
01.264,-0.003532634,0.007951022,-0.0008594874,-0.0,0.0,0.0
01.284,-0.005976095,-0.0036554176,-0.00024862215,-0.0,-0.0,0.0
01.324,-0.0029217685,-0.0067097438,-0.00024862215,-0.0,-0.0,0.0
01.349,0.000743423,0.008561888,0.00097310834,-0.0,-0.0,0.0
01.384,0.00501948,0.0042858305,-0.0008594874,0.0,-0.0,0.0
01.424,0.00624121,0.0030641,0.0003622431,-0.0,-0.0,0.0
01.464,0.00013255776,0.0030641,0.0003622431,-0.0,-0.0,0.0
01.503,0.0019651535,0.0012315044,-0.0008594874,2.044045e-07,-3.2617515e-07,1.4265731e-07
01.524,0.0013542882,-0.004266283,0.0003622431,-0.0,-0.0,-0.0
01.565,0.00013255776,0.002453235,0.0003622431,4.0884754e-07,-2.2091625e-08,-6.0370155e-08
01.584,-0.0053652297,-0.0030445524,-0.00024862215,-0.0,-0.0,0.0
01.626,-0.003532634,-0.007931475,-0.00024862215,-0.0,-0.0,0.0
01.665,-0.001700038,-0.00060109136,-0.0008594874,-0.0,-0.0,0.0
01.706,-0.005976095,-0.0060988786,0.00097310834,-3.5174296e-06,3.446618e-06,-5.6121854e-07
01.726,0.000743423,0.007951022,0.0003622431,-0.0,-0.0,0.0
01.765,-0.0010891727,0.006118426,-0.0008594874,2.5760125e-06,4.5856976e-07,3.6186537e-07
01.806,0.0044086147,-0.00060109136,-0.00024862215,-0.0,-0.0,0.0
01.825,0.0019651535,-0.004266283,0.0003622431,-0.0,-0.0,-0.0
01.865,0.00013255776,-0.008542339,0.00097310834,-0.0,-0.0,-0.0
01.905,0.0031868839,-0.0012119566,-0.00024862215,-2.7804572e-07,-7.3113137e-07,5.7038513e-08
01.926,-0.00047830748,-0.0018228219,-0.00024862215,-0.0,-0.0,0.0
01.964,-0.0010891727,-0.0012119566,-0.00024862215,-0.0,-0.0,0.0
02.005,-0.0029217685,-0.0060988786,-0.0008594874,-0.0,-0.0,0.0
02.025,-0.0029217685,0.0110053485,0.00097310834,0.0,-0.0,-0.0
02.070,0.0019651535,0.0067292913,-0.0008594874,0.0,-0.0,0.0
02.105,0.000743423,0.0055075614,-0.00024862215,2.056144e-06,-2.7754285e-07,9.2818674e-08
02.127,0.0013542882,-0.0054880134,-0.0008594874,-0.0,-0.0,0.0
02.167,0.000743423,9.773844e-06,0.0003622431,-0.0,-0.0,0.0
02.190,0.002576019,-0.0060988786,0.0003622431,-2.7137858e-06,-1.1462373e-06,-1.6118695e-07
02.223,0.0013542882,0.0012315044,-0.00024862215,0.0,-0.0,0.0
02.265,-0.0029217685,0.0012315044,-0.00024862215,-0.0,0.0,0.0
02.293,-0.00047830748,-0.004266283,0.0015839735,-0.0,0.0,0.0
02.326,-0.0023109033,0.0012315044,0.0003622431,0.0,-0.0,-0.0
02.364,0.0044086147,0.002453235,-0.0008594874,0.0,-0.0,0.0
02.404,-0.0023109033,0.0055075614,-0.00024862215,-0.0,0.0,0.0
02.443,-0.0010891727,0.0055075614,0.0015839735,2.156059e-06,4.2638047e-07,-6.200826e-07
02.464,-0.0029217685,-0.0018228219,0.0003622431,-0.0,0.0,0.0
02.503,0.00013255776,9.773844e-06,-0.00024862215,1.8491596e-10,-2.5079228e-09,4.7037996e-09
02.545,0.0013542882,0.0036749654,-0.00024862215,0.0,-0.0,0.0
02.565,0.000743423,0.002453235,0.0003622431,-0.0,-0.0,0.0
02.607,0.0031868839,0.007951022,-0.0008594874,0.0,-0.0,0.0
02.626,0.002576019,-0.0054880134,-0.0008594874,-0.0,-0.0,0.0
02.666,-0.0010891727,-0.008542339,0.0003622431,-0.0,0.0,0.0
02.706,0.00501948,0.0055075614,0.00097310834,2.7775927e-06,-2.531443e-06,-4.90758e-07
02.745,0.0031868839,-0.004877148,-0.00024862215,-0.0,-0.0,0.0
02.767,0.00013255776,-0.0030445524,-0.0008594874,-0.0,-0.0,0.0
02.805,0.00013255776,-0.010374935,-0.0008594874,-0.0,-0.0,0.0
02.845,-0.00658696,-0.0024336872,0.00097310834,-1.1578337e-06,3.1337672e-06,-4.6295756e-07
02.866,0.0019651535,0.0048966957,-0.00024862215,0.0,-0.0,0.0
02.906,-0.00047830748,0.0048966957,0.0003622431,0.0,-0.0,-0.0
02.946,0.00013255776,0.00062063907,0.0003622431,-0.0,-0.0,0.0
02.966,-0.00047830748,0.0018423696,-0.0008594874,-0.0,0.0,0.0
03.006,-0.0010891727,-0.0054880134,-0.00024862215,-0.0,-0.0,0.0
03.045,0.00501948,-0.0024336872,-0.0008594874,-9.2181784e-07,-1.90125e-06,3.2555084e-07
03.066,-0.0023109033,-0.0030445524,-0.0008594874,-0.0,-0.0,0.0
03.105,-0.0023109033,-0.0054880134,-0.0008594874,-0.0,-0.0,0.0
03.146,-0.004754364,-0.007931475,-0.00024862215,-0.0,-0.0,0.0
03.165,-0.003532634,0.0036749654,0.0003622431,0.0,-0.0,-0.0
03.206,0.00013255776,0.0055075614,-0.0008594874,0.0,-0.0,0.0
03.243,-0.003532634,0.0042858305,0.0003622431,1.6008441e-06,1.3195098e-06,-1.3530614e-07
03.264,0.0013542882,0.0018423696,0.00097310834,-0.0,-0.0,0.0
03.304,0.002576019,-0.0030445524,0.0003622431,-0.0,-0.0,-0.0
03.344,0.000743423,0.0018423696,-0.0008594874,0.0,-0.0,0.0
03.365,0.00624121,0.0036749654,-0.00024862215,0.0,-0.0,0.0
03.403,0.0013542882,0.0012315044,0.0003622431,-0.0,-0.0,0.0
03.444,0.0044086147,-0.00060109136,-0.00024862215,-1.7976248e-07,-1.3184413e-06,7.4352876e-08
03.483,-0.001700038,-0.009764071,-0.00024862215,-0.0,-0.0,0.0
03.504,-0.0023109033,0.0030641,-0.00024862215,-0.0,0.0,0.0
03.546,-0.0023109033,0.0055075614,0.0003622431,0.0,-0.0,-0.0
03.584,-0.003532634,0.010394483,-0.00024862215,7.660061e-06,2.6033233e-06,1.8320846e-07
03.604,-0.0010891727,-0.0012119566,-0.0008594874,-0.0,-0.0,0.0
03.646,-0.0023109033,0.0012315044,-0.00024862215,2.1738408e-07,4.0791866e-07,4.3886526e-08
03.687,-0.004754364,-0.0012119566,-0.00024862215,-0.0,-0.0,0.0
03.705,0.0031868839,0.0012315044,-0.00024862215,0.0,-0.0,0.0
03.745,0.0013542882,-0.00060109136,0.0003622431,-0.0,-0.0,-0.0
03.784,0.0019651535,-0.00060109136,-0.00024862215,-8.3501305e-08,-2.729916e-07,3.4537628e-08
03.806,0.000743423,-0.009153205,0.0003622431,-0.0,-0.0,-0.0
03.851,0.0037977493,-0.0024336872,0.00097310834,-7.5363283e-07,-1.1760376e-06,-3.0134e-07
03.883,0.002576019,-0.004266283,-0.0008594874,-0.0,-0.0,0.0
03.906,-0.003532634,-0.004266283,-0.0014703526,-0.0,-0.0,0.0
03.943,-0.0023109033,-0.0024336872,-0.00024862215,-0.0,-0.0,0.0
03.983,-0.0029217685,0.00062063907,-0.00024862215,1.2483818e-07,5.8769797e-07,5.0008968e-08
04.023,-0.00047830748,0.007951022,0.00097310834,0.0,-0.0,-0.0
04.044,0.0019651535,0.007951022,-0.0008594874,0.0,-0.0,0.0
04.083,0.0013542882,0.0048966957,-0.00024862215,0.0,-0.0,0.0
04.104,-0.00047830748,-0.0012119566,0.0003622431,-0.0,0.0,0.0
04.145,0.00013255776,-0.0024336872,0.0015839735,-0.0,-0.0,-0.0
04.185,0.0019651535,-0.0060988786,0.0003622431,-2.6267721e-06,-8.463866e-07,-1.5601833e-07
04.224,0.0013542882,0.0030641,-0.0008594874,0.0,-0.0,0.0
04.243,-0.0029217685,-0.0067097438,0.0003622431,-0.0,0.0,0.0
04.284,-0.0029217685,-0.0036554176,0.0003622431,-0.0,0.0,0.0
04.326,-0.004754364,-0.0054880134,-0.00024862215,-2.6757564e-06,2.318055e-06,1.2122223e-07
04.345,0.0037977493,0.0055075614,-0.0008594874,0.0,-0.0,0.0
04.384,0.000743423,0.002453235,0.0003622431,4.262159e-07,-1.2915956e-07,-6.293474e-08
04.423,0.0044086147,0.0036749654,0.0003622431,-0.0,-0.0,0.0
04.444,0.000743423,-0.0024336872,-0.00024862215,-0.0,-0.0,0.0
04.484,0.002576019,-0.0030445524,0.0015839735,-0.0,-0.0,-0.0
04.524,0.0044086147,-0.004266283,0.00097310834,-1.7784154e-06,-1.8377461e-06,-4.0564524e-07
04.545,-0.00047830748,-0.0018228219,0.00097310834,-0.0,0.0,0.0
04.585,-0.004143499,-0.004266283,-0.0008594874,-1.7204187e-06,1.6709042e-06,3.4659774e-07
04.626,-0.001700038,-0.007931475,-0.00024862215,-0.0,-0.0,0.0
04.645,-0.0023109033,0.0073401565,-0.0014703526,-0.0,0.0,0.0
04.685,0.000743423,0.0073401565,-0.0008594874,0.0,-0.0,0.0
04.726,-0.003532634,0.0091727525,-0.0008594874,6.073855e-06,2.3391806e-06,5.6911347e-07
04.745,-0.001700038,-0.004266283,-0.0008594874,-0.0,-0.0,0.0
04.784,0.0019651535,9.773844e-06,-0.0008594874,1.4068893e-09,-2.8286917e-07,1.2371679e-07
04.825,0.00013255776,-0.0036554176,0.00097310834,-0.0,-0.0,-0.0
04.846,0.0031868839,0.0055075614,0.0003622431,-0.0,-0.0,0.0
04.886,0.0013542882,9.773844e-06,0.0015839735,-0.0,-0.0,0.0
04.926,0.002576019,-0.004877148,0.0003622431,-1.8091623e-06,-9.555657e-07,-1.3437376e-07
04.946,0.00013255776,-0.009153205,0.00097310834,-0.0,-0.0,-0.0
04.985,-0.001700038,0.007951022,-0.00024862215,-0.0,0.0,0.0
05.026,-0.0010891727,0.0091727525,-0.00024862215,-0.0,0.0,0.0
05.045,-0.00047830748,-0.0036554176,0.0003622431,-0.0,0.0,0.0
05.086,0.0013542882,0.0042858305,-0.0014703526,0.0,-0.0,0.0
05.125,-0.004143499,-0.0030445524,0.0003622431,-1.0531537e-06,1.433295e-06,-1.2530427e-07
05.165,0.0013542882,0.0048966957,-0.00024862215,0.0,-0.0,0.0
05.184,0.002576019,0.002453235,0.0003622431,-0.0,-0.0,0.0
05.224,0.00013255776,9.773844e-06,0.0015839735,-0.0,-0.0,0.0
05.265,0.002576019,-0.00060109136,-0.00024862215,-1.07174586e-07,-4.5930418e-07,4.4329305e-08
05.284,0.00013255776,-0.004266283,0.0015839735,-0.0,-0.0,-0.0
05.325,0.0044086147,-0.0036554176,-0.00024862215,-1.4062066e-06,-1.695955e-06,9.564154e-08
05.364,0.000743423,0.0012315044,-0.0008594874,0.0,-0.0,0.0
05.383,-0.0023109033,-0.0024336872,-0.0008594874,-0.0,-0.0,0.0
05.423,-0.00047830748,-0.0024336872,0.0003622431,-0.0,0.0,0.0
05.463,-0.0023109033,0.002453235,-0.00024862215,5.5636605e-07,5.2408683e-07,5.6384557e-08
05.484,0.0044086147,0.006118426,-0.00024862215,0.0,-0.0,0.0
05.526,0.00013255776,0.0067292913,-0.00024862215,3.0415772e-06,-5.991471e-08,1.12375e-07
05.565,0.00624121,0.012227079,-0.0008594874,0.0,-0.0,0.0
05.585,-0.0029217685,-0.0024336872,-0.00024862215,-0.0,-0.0,0.0
05.625,0.0031868839,-0.0067097438,-0.00024862215,-0.0,-0.0,0.0
05.669,0.0031868839,0.0012315044,0.00097310834,2.9359015e-07,-7.597521e-07,-2.3198858e-07
05.685,-0.004143499,-0.004266283,0.0003622431,-0.0,0.0,0.0
05.726,-0.0023109033,-0.0060988786,0.0003622431,-2.673499e-06,1.0130058e-06,-1.5879122e-07
05.766,-0.0010891727,-0.00060109136,-0.0008594874,-0.0,-0.0,0.0
05.786,-0.0029217685,0.006118426,-0.00024862215,-0.0,0.0,0.0
05.826,0.0013542882,0.0067292913,-0.00024862215,0.0,-0.0,0.0
05.866,0.002576019,0.002453235,-0.00024862215,5.8707707e-07,-6.1646017e-07,5.9497278e-08
05.886,-0.0010891727,-0.0036554176,-0.0008594874,-0.0,-0.0,0.0
05.926,-0.0010891727,-0.009764071,-0.002081218,-6.580504e-06,7.3404425e-07,1.4026409e-06
05.966,0.0013542882,-0.0012119566,0.0003622431,-0.0,-0.0,-0.0
06.006,0.005630345,-0.0067097438,-0.00024862215,-3.945654e-06,-3.310916e-06,1.4619535e-07
06.026,-0.00047830748,-0.00060109136,0.0003622431,-0.0,0.0,0.0
06.065,-0.0053652297,-0.010985801,0.0015839735,-9.088835e-06,4.4387994e-06,-1.3104423e-06
06.105,-0.0023109033,-0.0012119566,0.00097310834,-0.0,0.0,0.0
06.126,-0.0029217685,0.0042858305,-0.00024862215,-0.0,0.0,0.0
06.165,-0.004754364,0.0036749654,-0.0014703526,-0.0,0.0,0.0
06.206,-0.0078086904,0.0067292913,-0.002081218,4.74906e-06,5.510832e-06,1.4687653e-06
06.226,0.0019651535,0.006118426,-0.002081218,0.0,-0.0,0.0
06.264,-0.0023109033,-0.004877148,-0.0014703526,-1.8307973e-06,8.674726e-07,5.5194573e-07
06.304,0.002576019,-0.010374935,0.00097310834,-0.0,-0.0,-0.0
06.324,0.0044086147,0.007951022,0.0003622431,-0.0,-0.0,0.0
06.363,0.00013255776,-0.00060109136,0.00097310834,-0.0,-0.0,-0.0
06.403,0.00013255776,-0.004266283,-0.00024862215,-1.2241206e-06,-3.803472e-08,7.13369e-08
06.424,0.0019651535,-0.0054880134,0.0003622431,-0.0,-0.0,-0.0
06.464,0.002576019,-0.0018228219,-0.00024862215,-3.8722723e-07,-5.472311e-07,5.281541e-08
06.505,-0.001700038,0.009783618,-0.0014703526,-0.0,0.0,0.0
06.524,0.000743423,0.006118426,-0.0008594874,0.0,-0.0,0.0
06.567,-0.003532634,0.0048966957,0.0003622431,0.0,-0.0,-0.0
06.606,-0.00658696,0.009783618,0.0021948388,7.876749e-06,5.3031235e-06,-1.7670753e-06
06.625,-0.007197825,0.010394483,0.0021948388,0.0,-0.0,-0.0
06.665,0.000743423,0.013448809,-0.0026920831,1.2396972e-05,-6.852641e-07,2.4815383e-06
06.705,0.000743423,0.021390056,0.0034165692,-0.0,-0.0,0.0
06.726,0.0074629406,-0.018927049,0.0046383,-0.0,-0.0,-0.0
06.766,-0.003532634,0.059263702,0.07183348,0.0,-0.0,-0.0
06.807,0.23837002,-0.22601037,0.04373368,-0.005028415,-0.005298164,-0.000985832
06.826,0.6775821,-0.9162881,0.057783578,-0.0,-0.0,-0.0
06.866,-0.032854166,-0.640177,0.23737796,-0.029352551,0.001666452,-0.010863508
06.906,-0.2344397,1.7000477,-0.01735285,-0.0,0.0,0.0
06.947,-0.25154394,-0.08001357,-0.01979631,-0.0014220877,0.004467959,0.0003548225
06.967,0.033119284,0.20831482,-0.0008594874,0.0,-0.0,0.0
07.006,0.00501948,0.0910287,-0.0075790053,0.00055884226,-3.0802483e-05,4.6537483e-05
07.046,0.014182458,0.030553035,-0.0039138137,0.0,-0.0,0.0
07.066,-0.007197825,-0.028090026,0.0015839735,-0.0,0.0,0.0
07.106,0.0037977493,-0.029311758,0.004027434,-0.0,-0.0,-0.0
07.148,0.021512842,0.013448809,0.004027434,2.3184506e-05,-3.708644e-05,-6.942534e-06
07.167,0.015404189,0.07025928,0.007081761,-0.0,-0.0,0.0
07.206,0.011128132,0.08430918,0.008914356,0.00048378162,-6.386786e-05,-5.113694e-05
07.247,-0.0029217685,0.043992072,0.0003622431,0.0,-0.0,-0.0
07.265,-0.008419556,0.014059674,0.0034165692,0.0,-0.0,-0.0
07.304,0.00501948,0.008561888,-0.0039138137,0.0,-0.0,0.0
07.344,0.009295536,0.022611788,-0.005135544,3.790821e-05,-1.558359e-05,8.609918e-06
07.364,-0.022469455,0.04277034,-0.009411601,-0.0,0.0,0.0
07.405,-0.020025995,0.11240898,-0.0130767925,0.00086693856,0.00015449277,0.00010078688
07.444,0.015404189,0.1930432,-0.033235345,0.0,-0.0,0.0
07.464,0.00013255776,0.16799772,-0.025294097,0.0,-0.0,0.0
07.505,0.025788898,0.062318027,0.021131663,-0.0,-0.0,0.0
07.545,0.04594745,0.0910287,0.024796853,0.00064102374,-0.00032363195,-0.00017452332
07.566,0.06671687,0.12523715,0.023575123,-0.0,-0.0,0.0
07.606,0.02945409,0.048878994,0.022353392,0.00020103574,-0.00012115512,-9.192825e-05
07.648,-0.00047830748,-0.004266283,0.018077336,-0.0,0.0,0.0
07.686,-0.009030421,-0.016483588,0.0021948388,-2.0932344e-05,1.146768e-05,-2.7870863e-06
07.706,-0.016971668,-0.032366086,0.0034165692,-0.0,0.0,0.0
07.746,-0.030410703,-0.029922623,-0.0063572745,-8.661802e-05,8.802926e-05,1.8406256e-05
07.787,-0.013917343,-0.042139925,-0.012465927,-0.0,-0.0,0.0
07.807,-0.0029217685,0.029331306,-0.024683231,7.567717e-05,7.5408357e-06,6.368468e-05
07.847,0.00013255776,0.0055075614,-0.011855061,0.0,-0.0,0.0
07.886,-0.0078086904,-0.02259224,-0.0057464093,-3.7273832e-05,1.288298e-05,9.480945e-06
07.906,-0.0029217685,-0.010374935,-0.0069681397,-0.0,-0.0,0.0
07.947,-0.005976095,-0.016483588,-0.0069681397,-2.0871006e-05,7.5666417e-06,8.822907e-06
07.985,0.0068520755,-0.051302906,-0.00818987,-0.0,-0.0,0.0
08.011,-0.02979984,-0.12827192,0.0034165692,-0.0011339571,0.00026345626,-3.0054087e-05
08.046,-0.029188974,-0.031144354,0.0186882,-0.0,0.0,0.0
08.087,-0.011473882,-0.07023973,0.013801279,-0.00034172423,5.5833512e-05,-6.71356e-05
08.105,0.030064955,0.036050823,0.004027434,-0.0,-0.0,0.0
08.146,0.014182458,0.028109575,-0.004524679,6.0003178e-05,-3.0273754e-05,9.659343e-06
08.187,0.012349863,0.031163903,0.0021948388,-0.0,-0.0,0.0
08.207,-0.013917343,-0.05191377,0.002805704,-0.0,0.0,0.0
08.248,-0.017582534,-0.038474735,0.008914356,-0.0,0.0,0.0
08.285,-0.013917343,-0.06229848,0.007081761,-0.0002685119,5.9989263e-05,-3.0515059e-05
08.308,-0.00047830748,-0.04336166,0.007081761,-0.0,0.0,0.0
08.346,0.0037977493,0.0018423696,0.002805704,6.266593e-07,-1.2917592e-06,-9.543261e-07
08.384,0.017236784,-0.036031276,0.007081761,-0.0,-0.0,-0.0
08.424,0.019680247,-0.024424836,0.01624474,-5.7901023e-05,-4.665176e-05,-3.8510203e-05
08.445,0.027010627,-0.07329405,0.020520795,-0.0,-0.0,-0.0
08.485,0.04106053,-0.045194257,0.016855605,-0.00019212719,-0.00017454156,-7.167e-05
08.526,0.01906938,-0.024424836,0.038235888,-0.0,-0.0,-0.0
08.547,0.039227933,-0.020148778,0.0327381,-7.427396e-05,-0.00014458352,-0.00012067287
08.587,-0.4366361,0.8448364,0.70652246,0.0,-0.0,-0.0
08.626,-0.3224043,1.3072613,0.6161144,0.13108929,0.028014567,-0.06326707
08.646,-0.2979697,2.1001647,1.0760959,0.0,-0.0,-0.0
08.686,-0.5282659,4.9315248,2.0076654,1.8768116,-0.46209535,-0.8769138
08.727,0.31106296,1.6688937,-0.36921126,0.0,-0.0,0.0
08.746,0.023345439,1.1466038,0.18606527,0.08941565,-0.0024665478,-0.014411953
08.787,0.18827905,0.5534537,0.10176588,-0.0,-0.0,0.0
08.826,-0.04262801,1.1490473,0.15552202,0.08952216,0.0027744772,-0.01224656
08.846,0.13696636,0.6237032,0.06633569,-0.0,-0.0,0.0
08.886,0.25119817,0.49603236,0.07733126,0.018670479,-0.009488372,-0.0028242918
08.925,0.23837002,0.29566854,0.08893771,-0.0,-0.0,0.0
08.945,0.25975028,0.24252327,0.08893771,0.005954765,-0.0063916156,-0.002167234
08.985,0.26219377,0.0012315044,0.080996454,-0.0,-0.0,0.0
09.026,0.25180903,-0.07207233,0.07244434,-0.0013173665,-0.0045911646,-0.0013241353
09.046,0.23959173,-0.053135503,0.06205963,-0.0,-0.0,-0.0
09.086,0.13452291,-0.0024336872,0.032127235,-2.2777826e-05,-0.0012487553,-0.00029824718
09.126,0.058164757,0.04277034,0.014412143,-0.0,-0.0,0.0
09.146,0.02029111,0.018335732,0.009525222,-0.0,-0.0,0.0
09.185,-0.023080323,-0.12277414,-0.004524679,-0.0,-0.0,0.0
09.225,-0.021247726,-0.30053592,-0.013687657,-0.0060824757,0.00042917827,0.00027832476
09.248,-0.04140628,-0.28648603,-0.01735285,-0.0,-0.0,0.0
09.285,-0.010863017,-0.11544376,-0.010022466,-0.00090167194,8.4809835e-05,7.8318284e-05
09.312,0.047169182,0.040326882,0.040068485,-0.0,-0.0,0.0
09.364,-0.026745513,0.08186571,-0.013687657,0.0004790865,0.0001565387,8.006512e-05
09.385,-0.03713022,0.100191675,-0.013687657,-0.0,0.0,0.0
09.424,-0.025523784,0.07209187,-0.008800736,0.00037243217,0.00013186737,4.544109e-05
09.465,-0.023080323,-0.045194257,-0.0014703526,-0.0,-0.0,0.0
09.485,-0.040184546,-0.09895039,-0.0075790053,-0.0007109771,0.0002887109,5.455861e-05
09.526,-0.064619154,-0.07268319,-0.023461502,-0.0,-0.0,0.0
09.566,-0.07561473,0.12157196,-0.034457076,0.001201258,0.0007474359,0.00034005908
09.586,-0.07072781,0.1172959,-0.034457076,-0.0,0.0,0.0
09.626,-0.19656606,0.064150624,-0.06805466,0.00093567575,0.0028718666,0.0009927873
09.666,-0.20511816,-0.45141965,-0.04850698,-0.0,-0.0,0.0
09.686,-0.1849596,-0.5815339,-0.0069681397,-0.023814151,0.0075696,0.000375506
09.726,0.023345439,-1.3438938,-0.011244196,-0.0,-0.0,0.0
09.766,0.114364356,-1.397039,0.033348966,-0.13166079,-0.0105392225,-0.0038402898
09.785,0.22737443,-1.4037585,0.053507518,-0.0,-0.0,-0.0
09.825,0.09054061,-0.75074357,0.035792425,-0.038137775,-0.0045631416,-0.0019053165
09.866,-0.020025995,-0.25838622,0.007081761,-0.0,0.0,0.0
09.887,0.0013542882,-0.20035402,-0.004524679,-0.0026945362,-1.8295621e-05,6.0827235e-05
09.926,-0.06156483,0.0073401565,-0.0008594874,-0.0,0.0,0.0
09.966,-0.11165579,0.23274943,0.007692626,0.004033859,0.0019348057,-0.00013722193
09.986,-0.17335317,0.46609995,0.019909931,0.0,-0.0,-0.0
10.025,-0.24054836,0.6120967,0.06511396,0.027158525,0.01062609,-0.0030318904
10.066,-0.15624894,0.79291284,0.1469699,0.0,-0.0,-0.0
10.085,-0.056067042,0.51435834,0.14330472,0.0,-0.0,-0.0
10.126,0.005630345,0.54734504,0.11337231,-0.0,-0.0,0.0
10.166,0.25547424,0.40134823,0.093824625,0.013046761,-0.008332375,-0.0029985833
10.186,0.06671687,0.48748022,0.1506351,-0.0,-0.0,0.0
10.227,0.2243201,0.2968903,0.080996454,0.007580883,-0.005740072,-0.002048039
10.266,0.050834373,0.5754448,0.16346325,-0.0,-0.0,0.0
10.306,0.06854947,0.5357386,0.11520491,0.01984657,-0.0025823358,-0.0042434745
10.325,0.20904848,0.31216192,0.06755742,-0.0,-0.0,0.0
10.366,0.081988506,0.2547406,0.04434454,0.004636427,-0.0014942976,-0.0008037381
10.405,0.03067582,0.13989791,0.018077336,-0.0,-0.0,0.0
10.424,0.012960727,0.07392447,0.007692626,0.00037427995,-6.562774e-05,-3.8935657e-05
10.464,-0.015749939,-0.042139925,-0.0039138137,-0.0,-0.0,0.0
10.505,-0.028578108,-0.1111677,-0.0033029485,-0.0008566632,0.00022021253,2.5546913e-05
10.527,-0.027356379,-0.11422203,0.0003622431,-0.0,0.0,0.0
10.565,-0.021247726,-0.117276356,0.0046383,-0.00093872147,0.0001700923,-3.7046884e-05
10.604,-0.028578108,-0.11361116,0.004027434,-0.0,0.0,0.0
10.624,-0.025523784,-0.14965221,-0.0014703526,-0.0015247061,0.00026003286,1.51786635e-05
10.665,-0.04140628,-0.1374349,-0.011244196,-0.0,-0.0,0.0
10.706,-0.031632435,-0.078180976,-0.011244196,-0.0004464088,0.00018060267,6.4243184e-05
10.726,-0.0181934,-0.05435723,-0.0069681397,-0.0,-0.0,0.0
10.766,0.0031868839,-0.016483588,0.0015839735,-1.8654193e-05,-3.6065242e-06,-1.7925888e-06
10.806,0.0105172675,-0.0018228219,0.006470896,-0.0,-0.0,-0.0
10.827,0.005630345,0.006118426,0.007081761,4.4845156e-06,-4.126797e-06,-5.1905977e-06
10.866,0.000743423,0.0048966957,0.005249165,-0.0,-0.0,0.0
10.906,-0.008419556,-0.019537915,0.0015839735,-2.7972064e-05,1.2054157e-05,-2.2675779e-06
10.926,-0.008419556,-0.029922623,0.0015839735,-0.0,0.0,0.0
10.966,-0.007197825,-0.04030733,0.0003622431,-0.00011075944,1.9778769e-05,-9.943029e-07
11.006,0.0037977493,-0.020759644,0.007081761,-0.0,-0.0,-0.0
11.026,0.0044086147,-0.017094454,0.007692626,-2.2091468e-05,-5.6972144e-06,-9.941367e-06
11.067,0.011738998,0.0091727525,0.010746952,-0.0,-0.0,0.0
11.106,0.027621495,0.062318027,0.01624474,0.00029305017,-0.00012990332,-7.637305e-05
11.146,0.055110432,0.10202427,0.019909931,-0.0,-0.0,0.0
11.166,0.045336585,0.09652648,0.015633874,0.00069817057,-0.00032796507,-0.000112967435
11.206,0.033119284,0.082476586,0.010136087,-0.0,-0.0,0.0
11.249,0.028843224,0.075146206,0.007081761,0.00040747985,-0.00015641119,-3.8369224e-05
11.266,0.033730146,0.05682024,0.006470896,-0.0,-0.0,0.0
11.308,0.024567168,0.01467054,0.006470896,2.8882354e-05,-4.8366863e-05,-1.2738894e-05
11.345,-0.003532634,-0.012818397,0.004027434,-0.0,0.0,0.0
11.365,-0.015749939,-0.011596666,0.0034165692,-1.5451787e-05,2.0985848e-05,-4.552204e-06
11.405,-0.035297625,-0.04580512,-0.002081218,-0.0,-0.0,0.0
11.444,-0.03896282,-0.08795482,-0.0075790053,-0.000569578,0.00025229878,4.9151462e-05
11.465,-0.04751493,-0.092841744,-0.011244196,-0.0,-0.0,0.0
11.505,-0.042017143,-0.058022425,-0.010022466,-0.00028166702,0.00020395972,4.868144e-05
11.545,-0.026745513,-0.02381397,-0.0063572745,-0.0,-0.0,0.0
11.566,-0.021247726,-0.017094454,-0.004524679,-3.171239e-05,3.9416896e-05,8.394437e-06
11.610,-0.10371453,0.065372355,-0.01735285,-0.0,0.0,0.0
11.647,-0.04140628,-0.020759644,-0.011244196,-6.640592e-05,0.00013244442,3.597103e-05
11.666,-0.11043405,0.05193332,-0.03262448,-0.0,0.0,0.0
11.707,-0.026745513,-0.023203107,-0.0063572745,-5.6016626e-05,6.456766e-05,1.5349318e-05
11.746,-0.008419556,-0.007931475,0.004027434,-0.0,0.0,0.0
11.765,-0.00047830748,0.0055075614,0.008303491,3.6869956e-06,3.20189e-07,-5.558709e-06
11.807,0.014793323,0.015892271,0.011357818,-0.0,-0.0,0.0
11.847,0.019680247,0.016503137,0.013190414,3.1976582e-05,-3.813356e-05,-2.555761e-05
11.886,0.011738998,-0.0012119566,0.009525222,-0.0,-0.0,-0.0
11.906,0.0074629406,-0.02259224,0.008914356,-3.8522267e-05,-1.2724814e-05,-1.5200169e-05
11.947,-0.0023109033,-0.047637716,0.007081761,-0.0,0.0,0.0
11.967,-0.004143499,-0.048859447,0.004027434,-0.00016132141,1.3681854e-05,-1.3296462e-05
12.007,0.0013542882,-0.032976948,0.005249165,-0.0,-0.0,-0.0
12.046,0.005630345,-0.015261857,0.007692626,-1.8430086e-05,-6.799059e-06,-9.289596e-06
12.087,0.011128132,-0.007320609,0.008914356,-0.0,-0.0,-0.0
12.107,0.011738998,9.773844e-06,0.009525222,9.858096e-09,-1.1909301e-05,-9.663409e-06
12.148,0.011738998,0.0030641,0.007081761,-0.0,-0.0,0.0
12.186,0.005630345,-0.004877148,0.006470896,-3.2295113e-06,-3.7282412e-06,-4.2848415e-06
12.206,0.002576019,-0.020759644,0.00586003,-0.0,-0.0,-0.0
12.245,-0.0023109033,-0.038474735,0.0046383,-0.00010023848,6.0212196e-06,-1.2083896e-05
12.269,-0.004143499,-0.034809545,0.004027434,-0.0,0.0,0.0
12.306,-0.0029217685,-0.028090026,0.0034165692,-5.362601e-05,5.578056e-06,-6.5223444e-06
12.345,-0.0029217685,-0.020759644,0.004027434,-0.0,0.0,0.0
12.386,-0.00047830748,-0.0067097438,0.0034165692,-3.3972483e-06,2.421775e-07,-1.7298621e-06
12.404,0.00013255776,-0.0067097438,0.0046383,-0.0,-0.0,-0.0
12.444,0.0019651535,0.006118426,0.005249165,3.4070113e-06,-1.0942902e-06,-2.9229677e-06
12.484,0.0044086147,0.009783618,0.0046383,-0.0,-0.0,0.0
12.504,0.00501948,0.015892271,0.007692626,1.9576666e-05,-6.183276e-06,-9.476004e-06
12.546,0.0013542882,0.0055075614,0.004027434,-0.0,-0.0,0.0
12.586,-0.00047830748,-0.00060109136,0.005249165,-2.1399892e-07,1.7028606e-07,-1.8687949e-06
12.606,0.0019651535,-0.0018228219,0.005249165,-0.0,-0.0,-0.0
12.645,0.002576019,9.773844e-06,0.006470896,4.566473e-09,-1.2040309e-06,-3.024496e-06
12.687,0.0031868839,-0.008542339,0.005249165,-0.0,-0.0,-0.0
12.706,-0.00047830748,-0.011596666,0.0034165692,-9.415867e-06,3.88373e-07,-2.7740684e-06
12.746,-0.0023109033,-0.017705318,0.0021948388,-0.0,0.0,0.0
12.786,-0.003532634,-0.025035702,0.0003622431,-4.248393e-05,5.99466e-06,-6.145753e-07
12.807,-0.008419556,-0.031144354,-0.0008594874,-0.0,-0.0,0.0
12.847,-0.005976095,-0.025035702,0.0015839735,-4.3326447e-05,1.0342212e-05,-2.74098e-06
12.885,-0.004754364,-0.02259224,0.00097310834,-0.0,0.0,0.0
12.926,-0.004754364,-0.029311758,0.00097310834,-0.0,0.0,0.0
12.946,-0.008419556,-0.03969647,-0.0014703526,-0.0,-0.0,0.0
12.986,-0.0053652297,-0.041529063,-0.0014703526,-0.00011677387,1.5086023e-05,4.135304e-06
13.026,0.0019651535,-0.061687615,-0.002081218,-0.0,-0.0,0.0
13.046,-0.003532634,-0.026257431,0.0021948388,-4.684514e-05,6.3025655e-06,-3.9156025e-06
13.086,0.0037977493,0.0048966957,0.004027434,-0.0,-0.0,0.0
13.127,0.005630345,0.018335732,0.00586003,2.4678571e-05,-7.578144e-06,-7.8870935e-06
13.147,0.00624121,0.008561888,0.00586003,-0.0,-0.0,0.0
13.186,-0.00047830748,-0.0060988786,0.002805704,-2.7546403e-06,2.1603576e-07,-1.2672336e-06
13.225,-0.004754364,-0.02137051,0.00097310834,-0.0,0.0,0.0
13.247,-0.0023109033,-0.010985801,0.004027434,-8.7929575e-06,1.8496456e-06,-3.2235228e-06
13.285,-0.0010891727,0.002453235,0.005249165,0.0,-0.0,-0.0
13.324,0.0044086147,0.018946595,0.006470896,2.6066384e-05,-6.0654147e-06,-8.9024725e-06
13.345,0.00624121,0.013448809,0.007692626,-0.0,-0.0,0.0
13.384,0.009295536,0.03360736,0.007692626,8.0533086e-05,-2.2275628e-05,-1.8432938e-05
13.425,0.009295536,0.032996498,0.008914356,-0.0,-0.0,0.0
13.445,0.0105172675,0.029942172,0.008914356,6.6236695e-05,-2.326655e-05,-1.9719228e-05
13.485,0.009295536,0.029331306,0.006470896,-0.0,-0.0,0.0
13.526,0.00013255776,0.0018423696,0.0046383,6.1727746e-07,-4.4413355e-08,-1.5540412e-06
13.546,-0.00047830748,0.00062063907,0.005249165,0.0,-0.0,-0.0
13.586,-0.0029217685,-0.014040126,0.004027434,-1.4034979e-05,2.9207265e-06,-4.025939e-06
13.625,-0.0023109033,-0.014650992,0.004027434,-0.0,0.0,0.0
13.665,-0.0023109033,-0.012818397,0.0021948388,-0.0,0.0,0.0
13.685,0.00624121,-0.007320609,0.0046383,-0.0,-0.0,-0.0
13.726,0.0031868839,0.0042858305,0.004027434,1.9239149e-06,-1.4305989e-06,-1.8079202e-06
13.766,-0.0023109033,-0.0036554176,0.0034165692,-0.0,0.0,0.0
13.786,0.0013542882,-0.0054880134,0.0046383,-2.6929904e-06,-6.6455146e-07,-2.2760328e-06
13.826,-0.0023109033,-0.0018228219,0.002805704,-0.0,0.0,0.0
13.865,-0.00047830748,0.002453235,0.0046383,0.0,-0.0,-0.0
13.886,0.0037977493,0.0042858305,0.00586003,-0.0,-0.0,0.0
13.927,-0.0029217685,-0.017094454,0.0034165692,-2.027735e-05,3.4658285e-06,-4.0526825e-06
13.965,-0.003532634,-0.008542339,0.0034165692,-0.0,0.0,0.0
13.985,-0.0010891727,-0.013429261,0.0021948388,-1.2302546e-05,9.978036e-07,-2.0106859e-06
14.026,0.002576019,-0.028090026,0.0034165692,-0.0,-0.0,-0.0
14.066,-0.012695612,-0.0390856,0.0021948388,-0.0,0.0,0.0
14.087,-0.008419556,-0.0067097438,0.0021948388,-0.0,0.0,0.0
14.126,-0.0145282075,-0.018927049,0.0003622431,-3.0309859e-05,2.326555e-05,-5.7974523e-07
14.166,-0.0029217685,-0.010985801,-0.0063572745,-0.0,-0.0,0.0
14.186,-0.008419556,-0.069018,-0.009411601,-0.00032497846,3.9637052e-05,4.4321834e-05
14.232,-0.04690407,-0.06352021,-0.02223977,-0.0,-0.0,0.0
14.267,-0.098827615,-0.08184617,-0.07355245,-0.00081272447,0.0009806191,0.0007304452
14.305,-0.12020789,-0.13376972,-0.07355245,-0.0,-0.0,0.0
14.325,-0.12326222,-0.20096488,-0.070498124,-0.003319676,0.0020334653,0.0011674963
14.364,-0.07561473,-0.28220996,-0.04789611,-0.0,-0.0,0.0
14.405,-0.008419556,-0.48501724,-0.046063516,-0.0,-0.0,0.0
14.425,0.033730146,-0.6200184,-0.0014703526,-0.0,-0.0,0.0
14.464,0.184003,-0.99997663,0.014412143,-0.06825071,-0.012513547,-0.0014111004
14.506,0.23837002,-1.8643509,-0.4296869,-0.0,-0.0,0.0
14.525,-0.032854166,-1.7342367,-0.909827,-0.22950591,-0.00930536,0.12002233
14.566,-0.02979984,-2.3457127,-0.44129333,-0.0,-0.0,0.0
14.605,-1.0114603,-0.7446349,0.3033514,-0.0,0.0,0.0
14.625,-0.21000507,-1.4544604,0.15307856,-0.0,0.0,0.0
14.665,-0.15685982,-1.0366285,-0.22504702,-0.07469803,0.010674556,0.016603306
14.706,0.053888697,-0.17591941,-0.00024862215,-0.0,-0.0,0.0
14.725,0.083821096,-0.051302906,-0.0008594874,-0.00033835776,-0.0005528282,5.57507e-06
14.766,0.5181463,1.9718828,0.6106166,-0.0,-0.0,0.0
14.806,0.7166775,-0.0849005,0.005249165,-0.0,-0.0,-0.0
14.825,0.51570284,2.68293,-0.21038626,0.0,-0.0,0.0
14.865,0.1626227,4.7391024,-0.3398897,1.6609896,0.030281406,0.14551304
14.907,0.29090443,4.624871,-0.9477006,0.0,-0.0,0.0
14.928,0.9494172,2.79594,-1.0552129,0.64377964,-0.13363111,0.28404716
14.966,1.965286,-1.2376033,-1.7888621,-0.0,-0.0,0.0
15.005,1.6323645,0.6273684,-2.7717443,0.0,-0.0,0.0
15.026,2.3354704,2.2180614,-2.6623995,0.0,-0.0,0.0
15.067,2.6097488,3.7055182,-1.3123872,1.5868517,-0.6075586,0.9963019
15.106,3.7862754,3.027458,2.4462667,-0.0,-0.0,0.0
15.127,2.042866,0.5375712,3.5177243,-0.14863789,-0.67730206,-1.1803912
15.166,2.7197046,2.5931327,5.3209987,-0.0,-0.0,0.0
15.210,3.7135823,-1.2516531,5.59039,-1.7841636,-1.1703149,-2.460915
15.228,3.4460235,-0.32863575,5.093146,-0.0,-0.0,-0.0
15.266,2.05264,1.0323721,4.010082,-0.10343462,-0.96845204,-1.5425785
15.303,1.8107371,1.3225331,3.1231055,-0.0,-0.0,0.0
15.345,0.60733265,1.6096396,1.4462802,-0.0,-0.0,0.0
15.365,0.9866799,1.5681008,0.16773932,-0.0,-0.0,0.0
15.405,1.0251645,-2.6419823,-1.5408509,-0.5784764,-0.32067162,0.28318456
15.445,-0.849581,-2.5515745,-1.6691325,-0.0,-0.0,0.0
15.465,-1.9955642,-1.8826768,-1.1743317,-0.46042845,0.3605582,0.3328899
15.506,-3.4304867,-1.5051622,-0.59217703,-0.0,-0.0,0.0
15.548,-3.374898,-2.730558,-0.773604,-0.0,-0.0,0.0
15.566,-3.1403258,-3.7488701,-0.8750076,-0.0,-0.0,0.0
15.607,-2.8782644,-4.4440346,-0.7308434,-2.0043354,0.93349606,1.1818503
15.646,-2.4891434,-3.8563826,-0.43946072,-0.0,-0.0,0.0
15.666,-2.1085742,-3.5656106,-0.47916695,-1.2569185,0.54210556,0.4789575
15.705,-1.6919641,-2.2980652,-0.43090862,-0.0,-0.0,0.0
15.747,-1.4543376,0.55284286,-0.68686116,-0.0,0.0,0.0
15.766,-1.7884809,0.56872535,-0.873786,-0.0,0.0,0.0
15.806,-0.79154885,-0.23395161,-1.4370036,-0.033118743,0.08587688,0.16191262
15.845,-0.071338676,-0.13499144,-0.12119994,-0.0,-0.0,0.0
15.867,0.21637887,-0.53571904,-0.07355245,-0.02092402,-0.008485473,0.0027857237
15.905,-0.024302052,-1.5723574,-0.22810136,-0.0,-0.0,0.0
15.946,-0.21061595,-1.4495735,-0.6563179,-0.0,-0.0,0.0
15.966,-0.39143208,-0.29564902,-0.93548334,-0.0,-0.0,0.0
16.006,-0.5160486,-0.11422203,-1.2665722,-0.013290444,0.046865955,0.11713313
16.045,-0.2717025,0.11424158,-0.9990133,-0.0,0.0,0.0
16.085,-1.0804881,0.8228453,-1.3032242,-0.0,0.0,0.0
16.106,-1.3413275,0.4563261,-1.4296733,-0.0,0.0,0.0
16.146,-1.6583666,-0.025035702,-1.0222262,-0.018157292,0.21770498,0.1372313
16.185,-2.3211553,0.0610963,-0.10287399,-0.0,0.0,0.0
16.206,-2.5459538,0.015281404,0.4444613,0.021724656,0.45478103,-0.08568418
16.247,-0.69014513,-1.2211099,0.88672775,-0.0,0.0,0.0
16.290,0.046558317,-0.5656514,0.5336476,-0.0,-0.0,-0.0
16.325,-0.12326222,-0.34573996,0.36565965,-0.0,0.0,0.0
16.347,-0.38287994,-0.120330684,0.026629448,-0.0032441467,0.010335144,-0.00070197333
16.385,-0.25520912,-0.060465883,-0.03812227,-0.0,-0.0,0.0
16.405,-0.17152058,-0.025035702,-0.043620057,-0.00030083972,0.0020572958,0.0005235285
16.446,-0.12753828,-0.13438058,0.11764837,-0.0,0.0,0.0
16.486,-0.34561715,-0.1374349,0.24287575,-0.0,0.0,0.0
16.507,-0.4348035,-0.14843048,0.24348661,-0.0,0.0,0.0
16.546,-0.45190772,-0.045194257,0.2349345,-0.0014882024,0.015510911,-0.008049158
16.587,-0.3834908,0.26023838,0.36138362,0.0,-0.0,-0.0
16.606,-0.3938755,0.39951566,0.54525405,0.0212676,0.020370927,-0.028840488
16.650,-0.42747313,-0.48440638,0.88489515,-0.0,0.0,0.0
16.686,-0.5985154,-2.3035629,1.2892879,-0.0,0.0,0.0
16.706,-0.8953959,-2.5161443,1.3986328,-0.0,0.0,0.0
16.747,-0.87218297,0.40318084,1.3106682,0.050911836,0.09192323,-0.14586996
16.787,-0.1800727,0.7269394,0.5867929,0.0,-0.0,-0.0
16.806,-0.020025995,0.4917563,0.25387132,0.018275844,0.00065786706,-0.009439585
16.847,0.06427341,0.3372074,-0.13891503,0.0,-0.0,0.0
16.886,-0.020025995,0.0891961,0.00586003,0.0,-0.0,-0.0
16.926,-0.1324252,-0.19852142,0.006470896,-0.0,0.0,0.0
16.946,-0.11959703,-0.18569326,-0.029570155,-0.0027773178,0.0017878778,0.00044468528
16.986,-0.06828435,-0.09772867,-0.04423092,-0.0,-0.0,0.0
17.025,-0.011473882,-0.032366086,-0.02895929,-0.0,-0.0,0.0
17.045,-0.0078086904,-0.015261857,-0.021628907,-0.0,-0.0,0.0
17.085,-0.0322433,0.01467054,0.002805704,0.0,-0.0,-0.0
17.126,-0.04507147,-0.00060109136,-0.014298523,-0.0,-0.0,0.0
17.146,-0.0145282075,-0.012207531,-0.013687657,-1.9168283e-05,2.2811713e-05,2.149232e-05
17.187,0.0031868839,-0.056189828,-0.011244196,-0.0,-0.0,0.0
17.229,-0.009030421,-0.016483588,-0.024072366,-0.0,-0.0,0.0
17.247,0.002576019,0.0091727525,-0.02223977,0.0,-0.0,0.0
17.285,0.0037977493,0.010394483,0.0015839735,-0.0,-0.0,0.0
17.311,0.0068520755,0.0048966957,0.010746952,-0.0,-0.0,0.0
17.345,-0.008419556,0.0018423696,0.022353392,2.96232e-06,1.3536519e-05,-3.5938774e-05
17.385,-0.004143499,0.023833519,0.0186882,0.0,-0.0,-0.0
17.425,0.031897552,0.012227079,0.015023009,-0.0,-0.0,0.0
17.445,0.054499567,0.006118426,0.0034165692,-0.0,-0.0,0.0
17.485,0.14307503,-0.007320609,0.0021948388,-7.040328e-05,-0.0013756866,-2.1152126e-05
17.527,0.1803378,0.061707165,-0.0075790053,0.0,-0.0,0.0
17.547,0.15895753,0.026887843,-0.04850698,0.00030426786,-0.0017957985,0.00054829905
17.586,0.08443196,0.0067292913,-0.06316774,0.0,-0.0,0.0
17.626,0.05755389,0.029331306,-0.0130767925,0.0,-0.0,0.0
17.645,0.07771244,0.08980697,-0.008800736,0.0,-0.0,0.0
17.687,0.10642311,0.07025928,-0.02895929,0.00061669596,-0.000933863,0.00025442717
17.727,0.06121908,0.011616214,0.0327381,-0.0,-0.0,0.0
17.746,0.012960727,-0.017705318,0.06816828,-8.509888e-05,-6.227306e-05,-0.00032760756
17.787,-0.0181934,-0.017705318,0.04800973,-0.0,0.0,0.0
17.826,0.033730146,-0.012207531,0.021131663,-0.0,-0.0,-0.0
17.847,0.06549514,-0.004877148,0.01746647,-0.0,-0.0,-0.0
17.886,0.037395336,0.0030641,0.010136087,7.990581e-06,-9.753566e-05,-2.6436835e-05
17.927,0.031897552,0.0067292913,-0.0130767925,0.0,-0.0,0.0
17.967,0.056943025,0.015281404,-0.02101804,0.0,-0.0,0.0
17.987,0.050834373,0.017114,-0.028348424,0.0,-0.0,0.0
18.027,0.049612645,0.031163903,-0.016131118,0.0,-0.0,0.0
18.068,0.07343639,0.019557461,-0.021628907,0.0,-0.0,0.0
18.088,0.067938596,-0.0024336872,0.00586003,-1.11482905e-05,-0.000311098,-2.6835445e-05
18.127,-0.024302052,0.0091727525,0.06816828,0.0,-0.0,-0.0
18.168,0.0068520755,0.06292889,0.019299066,-0.0,-0.0,0.0
18.187,0.022123707,0.06598322,0.008914356,-0.0,-0.0,0.0
18.226,0.0037977493,0.029331306,-0.002081218,0.0,-0.0,0.0
18.267,-0.04384974,-0.06840713,0.010136087,-0.0,0.0,0.0
18.287,-0.029188974,-0.08062444,0.013190414,-0.0004693841,0.00016995447,-7.6753895e-05
18.327,0.05633216,0.030553035,0.015633874,-0.0,-0.0,0.0
18.366,0.046558317,0.047657266,0.02907291,-0.0,-0.0,0.0
18.386,0.0398388,0.031163903,0.034570698,-0.0,-0.0,0.0
18.426,0.052056104,0.05315505,0.048620597,0.0003169957,-0.00031053205,-0.00028994595
18.465,-0.013306477,0.0030641,0.059005305,0.0,-0.0,-0.0
18.486,-0.025523784,-0.025035702,0.061448768,-0.00011942612,0.000121790086,-0.00029316146
18.526,0.047169182,-0.09162001,0.07244434,-0.0,-0.0,-0.0
18.568,0.019680247,0.017114,-0.0033029485,0.0,-0.0,0.0
18.588,0.0398388,-0.007931475,0.012579548,-0.0,-0.0,-0.0
18.628,0.11314263,0.07392447,-0.002081218,0.00067056797,-0.0010262941,1.9222536e-05
18.669,0.0960384,0.08797437,-0.040565725,0.0,-0.0,0.0
18.688,0.09970359,0.07087014,-0.029570155,0.0005986342,-0.00084196514,0.0002499848
18.727,0.020901976,0.0073401565,0.008914356,-0.0,-0.0,0.0
18.769,0.005630345,-0.029311758,-0.02101804,-0.0,-0.0,0.0
18.810,0.013571593,0.0012315044,-0.016131118,0.0,-0.0,0.0
18.829,0.0105172675,0.028109575,-0.0069681397,5.812198e-05,-2.1746007e-05,1.440857e-05
18.868,0.03434101,0.010394483,0.04373368,-0.0,-0.0,0.0
18.888,0.03067582,0.014059674,0.06205963,6.662968e-05,-0.00014543111,-0.00029419406
18.929,-0.032854166,0.018335732,0.074887805,0.0,-0.0,-0.0
18.969,-0.049347527,-0.03175522,0.09626809,-0.0,0.0,0.0
18.989,-0.037741087,-0.030533489,0.08343992,-0.0,0.0,0.0
19.028,-0.021858592,0.0030641,0.070611745,1.5231568e-05,0.00010852017,-0.00035057176
19.068,0.012960727,0.0036749654,0.073666066,-0.0,-0.0,0.0
19.108,0.016625918,0.024444385,0.049842328,-0.0,-0.0,0.0
19.128,0.0031868839,0.01467054,0.053507518,-0.0,-0.0,0.0
19.167,-0.027967243,-0.025646565,0.045566272,-0.0,0.0,0.0
19.209,-0.00047830748,0.048878994,0.044955406,0.0,-0.0,-0.0
19.227,0.0019651535,0.039105147,0.06205963,0.0001925663,-9.706546e-06,-0.00030560294
19.268,-0.001700038,0.013448809,0.060227036,0.0,-0.0,-0.0
19.307,-0.0010891727,-0.013429261,0.06755742,-0.0,0.0,0.0
19.327,0.0068520755,-0.0030445524,0.08160732,-0.0,-0.0,-0.0
19.366,-0.032854166,-0.05191377,0.052896656,-0.0,0.0,0.0
19.406,-0.0078086904,-0.04702685,0.035792425,-0.0,0.0,0.0
19.445,0.00013255776,-0.042750794,0.069390014,-0.0,-0.0,-0.0
19.468,-0.009641286,-0.024424836,0.049842328,-0.0,0.0,0.0
19.505,0.03556274,-0.09223088,0.05472925,-0.0,-0.0,-0.0
19.546,0.08687542,0.015892271,0.019299066,-0.0,-0.0,0.0
19.566,0.08015591,0.062318027,0.041290216,0.00045828716,-0.00058965175,-0.00030357268
19.608,0.09359494,0.065372355,0.06205963,-0.0,-0.0,0.0
19.648,0.10886657,0.052544184,0.021742526,-0.0,-0.0,0.0
19.668,0.122916475,0.07758966,0.014412143,-0.0,-0.0,0.0
19.708,0.097871,0.113630705,0.004027434,-0.0,-0.0,0.0
19.749,0.10581225,0.09347215,0.010746952,-0.0,-0.0,0.0
19.768,0.13452291,0.09286129,0.015023009,0.0010228124,-0.0014819517,-0.00016473145
19.809,0.17117482,0.10996552,0.0021948388,-0.0,-0.0,0.0
19.829,0.14307503,0.029942172,0.021131663,0.00029662126,-0.0014181082,-0.00020923457
19.868,0.028232358,-0.04336166,0.06511396,-0.0,-0.0,-0.0
19.908,-0.04873666,-0.02381397,0.06572482,-0.0,0.0,0.0
19.948,-0.04690407,-0.007320609,0.098100685,-0.0,0.0,0.0
19.968,-0.050569255,-0.019537915,0.10848539,-0.0001588307,0.00041163602,-0.00088289287
20.008,-0.05789964,-0.009764071,0.08710511,-0.0,0.0,0.0
20.047,-0.013917343,-0.014650992,0.07244434,-0.0,0.0,0.0
20.068,-0.0078086904,-0.060465883,0.076109536,-0.0,0.0,0.0
20.108,-0.00047830748,-0.058022425,0.06694656,-0.0,0.0,0.0
20.149,0.0019651535,-0.004877148,0.025407718,-0.0,-0.0,-0.0
20.168,0.0031868839,0.022611788,0.0003622431,3.4655746e-05,-4.8843576e-06,-5.5510384e-07
20.208,0.033119284,0.10141341,0.020520795,-0.0,-0.0,0.0
20.247,0.045336585,0.16677599,0.05839444,-0.0,-0.0,0.0
20.268,0.028232358,0.14600655,0.060837902,-0.0,-0.0,0.0
20.311,0.00501948,0.06659409,0.074887805,-0.0,-0.0,0.0
20.347,-0.040184546,0.0067292913,0.08405078,0.0,-0.0,-0.0
20.386,-0.023691187,-0.014040126,0.087715976,-0.0,0.0,0.0
20.406,0.0105172675,0.0018423696,0.09138116,-0.0,-0.0,0.0
20.446,0.005630345,0.059874568,0.1188701,-0.0,-0.0,0.0
20.486,0.00501948,0.07392447,0.13353087,-0.0,-0.0,0.0
20.506,0.0086846715,0.055598512,0.14758076,0.00058923487,-9.251259e-05,-0.0015642302
20.548,0.0105172675,0.025055248,0.11398318,-0.0,-0.0,0.0
20.587,0.016625918,0.0073401565,0.08343992,-0.0,-0.0,0.0
20.608,0.031897552,0.023222653,0.060227036,-0.0,-0.0,0.0
20.646,0.055110432,0.075757064,0.030905506,-0.0,-0.0,0.0
20.686,0.034951877,0.09774821,-0.017963715,0.0,-0.0,0.0
20.709,0.01906938,0.048878994,-0.013687657,0.00017786483,-6.9386086e-05,4.9813436e-05
20.747,0.00013255776,0.0048966957,0.0034165692,-0.0,-0.0,0.0
20.789,-0.012695612,0.039716017,0.013801279,0.0,-0.0,-0.0
20.808,-0.011473882,0.04154861,0.03029464,0.0,-0.0,-0.0
20.848,-0.049958393,-0.0036554176,0.05839444,-0.0,0.0,0.0
20.887,-0.116542704,-0.032976948,0.07183348,-0.0,0.0,0.0
20.908,-0.1305926,-0.053135503,0.07733126,-0.00057280663,0.001409486,-0.0008340913
20.948,-0.11898617,-0.066574536,0.10726366,-0.0,0.0,0.0
20.988,-0.064008296,0.065372355,0.14025038,0.0,-0.0,-0.0
21.007,-0.034075897,0.1649434,0.14147212,0.0,-0.0,-0.0
21.046,-0.11165579,0.48198244,0.26120168,0.0,-0.0,-0.0
21.088,-0.7194667,-0.076959245,0.43957433,-0.0,0.0,0.0
21.107,-1.1513484,-0.46241522,0.61367095,-0.04009164,0.108232416,-0.05497645
21.149,-1.4488399,0.6377531,1.3943567,0.0,-0.0,-0.0
21.188,-0.13120347,2.641391,1.6081595,0.0,-0.0,-0.0
21.209,0.49248996,2.8136551,1.3247181,-0.0,-0.0,0.0
21.249,0.21515712,3.770881,0.821976,-0.0,-0.0,0.0
21.294,-0.51238334,2.037856,0.75905687,0.0,-0.0,-0.0
21.319,-0.49833348,1.1123954,0.7107985,0.10706924,0.043589417,-0.06981251
21.347,1.2853931,0.19731924,-0.6654809,0.0,-0.0,0.0
21.386,0.83457446,2.268763,0.11520491,-0.0,-0.0,0.0
21.426,-0.2448244,1.2577814,1.0950327,0.14419955,0.018833423,-0.1259171
21.446,0.02945409,0.52718645,0.7847132,-0.0,-0.0,0.0
21.486,0.34099537,-0.7599066,0.1665176,-0.0,-0.0,-0.0
21.527,0.29701307,-0.93339235,0.22577152,-0.0,-0.0,-0.0
21.548,0.2438678,-0.76235,0.14880249,-0.0,-0.0,-0.0
21.588,0.055110432,-0.24433632,-0.25803375,-0.0,-0.0,0.0
21.628,0.047780048,-0.18996932,-0.524371,-0.0,-0.0,0.0
21.647,0.09909273,-0.19302365,-0.3942567,-0.005810705,-0.003026868,0.011896422
21.688,-0.012695612,0.07820053,0.038235888,0.0,-0.0,-0.0
21.728,-0.06767348,0.030553035,0.11337231,0.0,-0.0,-0.0
21.748,-0.035908494,-0.084289625,0.16590673,-0.0,0.0,0.0
21.788,-0.02979984,-0.081235304,0.13902865,-0.0,0.0,0.0
21.829,-0.025523784,-0.033587813,0.036403295,-0.0,0.0,0.0
21.848,-0.010863017,-0.060465883,0.013801279,-0.00025549746,4.5909164e-05,-5.831148e-05
21.888,-0.020025995,-0.059855018,-0.041176595,-0.0,-0.0,0.0
21.929,-0.029188974,0.021390056,-0.083326295,-0.0,0.0,0.0
21.948,-0.016971668,-0.04336166,-0.0955436,-0.0,-0.0,0.0
21.987,0.019680247,-0.04702685,-0.13036291,-0.0,-0.0,0.0
22.026,0.008073806,0.010394483,-0.12608686,0.0,-0.0,0.0
22.047,0.0019651535,-0.040918197,-0.12242167,-0.0003544749,-1.7212564e-05,0.0010605647
22.088,0.025788898,-0.07634838,-0.12975205,-0.0,-0.0,0.0
22.127,0.022123707,0.0042858305,-0.124254264,0.0,-0.0,0.0
22.168,-0.049347527,0.020779192,-0.030791884,8.611803e-05,0.00020455416,0.00012762552
22.187,-0.049958393,-0.02381397,0.050453193,-0.0,0.0,0.0
22.227,-0.04140628,-0.0030445524,0.012579548,-0.0,0.0,0.0
22.248,-0.059121374,0.034218226,-0.03262448,0.00017380915,0.00030036038,0.00016571143
22.289,-0.062786564,0.014059674,-0.016131118,-0.0,0.0,0.0
22.326,-0.023691187,-0.009764071,-0.049117845,-0.0,-0.0,0.0
22.366,-0.058510505,0.017114,-0.09310014,0.00012765608,0.00043700295,0.0006952473
22.385,-0.08538858,-0.007931475,-0.060113415,-0.0,-0.0,0.0
22.426,-0.14952943,0.087363504,-0.070498124,-0.0,0.0,0.0
22.468,-0.18373789,0.048878994,-0.09248927,-0.0,0.0,0.0
22.488,-0.15502723,-0.013429261,-0.10409571,-0.0,-0.0,0.0
22.528,-0.10982319,-0.015872722,-0.09981965,-0.0,-0.0,0.0
22.567,-0.05667791,0.0067292913,-0.021628907,-0.0,0.0,0.0
22.589,-0.040795416,-0.0030445524,0.014412143,-8.859381e-06,0.00011874464,-4.1949337e-05
22.627,-0.0621757,0.048878994,-0.020407176,-0.0,0.0,0.0
22.667,-0.023080323,0.076978795,0.009525222,0.0,-0.0,-0.0
22.690,-0.024912918,0.08064399,0.020520795,0.0,-0.0,-0.0
22.728,-0.042017143,0.031774767,0.054118384,0.0,-0.0,-0.0
22.767,-0.045682333,0.0042858305,0.08405078,0.0,-0.0,-0.0
22.786,-0.04507147,-0.018927049,0.098100685,-0.00013909735,0.00033157115,-0.0007215517
22.827,-0.035297625,-0.0018228219,0.074887805,-0.0,0.0,0.0
22.866,-0.03102157,-0.0036554176,0.048620597,-0.0,0.0,0.0
22.888,-0.046293203,9.773844e-06,0.05106406,0.0,-0.0,-0.0
22.927,-0.06584089,0.018946595,0.054118384,0.0,-0.0,-0.0
22.967,-0.05118012,-0.010374935,0.0926029,-0.0,0.0,0.0
23.009,-0.04873666,-0.026868297,0.1347526,-0.0,0.0,0.0
23.028,-0.05545618,-0.015872722,0.16040893,-0.0,0.0,0.0
23.068,-0.07561473,0.00062063907,0.18789788,0.0,-0.0,-0.0
23.088,-0.0884429,0.012837944,0.20378037,0.0,-0.0,-0.0
23.128,-0.07500387,0.022000924,0.22210632,0.0,-0.0,-0.0
23.168,-0.0603431,0.009783618,0.20622383,0.0,-0.0,-0.0
23.207,-0.06645175,0.007951022,0.14574817,0.0,-0.0,-0.0
23.228,-0.054845314,0.0030641,0.10787453,0.0,-0.0,-0.0
23.270,-0.00047830748,-0.025035702,0.05228579,-0.0,0.0,0.0
23.307,0.046558317,-0.070850596,0.03945762,-0.00044465237,-0.0002921172,-0.0002476775
23.327,0.056943025,-0.08367877,0.046788003,-0.0,-0.0,-0.0
23.368,0.031897552,-0.032976948,0.05106406,-0.0,-0.0,-0.0
23.407,0.000743423,-0.078180976,0.07122261,-0.0,-0.0,-0.0
23.427,0.00624121,-0.056800693,0.09565722,-0.0,-0.0,-0.0
23.466,-0.036519356,0.0048966957,0.12375702,0.0,-0.0,-0.0
23.506,-0.046293203,0.0067292913,0.17018278,0.0,-0.0,-0.0
23.526,0.002576019,0.040326882,0.20622383,0.00056864345,-3.715442e-05,-0.002908196
23.566,0.019680247,0.020168327,0.23004758,-0.0,-0.0,0.0
23.606,-0.0621757,0.040326882,0.25326046,0.0,-0.0,-0.0
23.645,-0.10860146,0.10202427,0.25509304,0.002028011,0.002147836,-0.0050592544
23.665,-0.11532097,0.10263513,0.21416509,0.0,-0.0,-0.0
23.707,-0.11532097,0.069648415,0.1347526,0.0,-0.0,-0.0
23.727,-0.090275496,0.044602934,0.11337231,0.0004543961,0.0009183545,-0.0011538516
23.766,-0.049347527,0.011616214,0.070611745,0.0,-0.0,-0.0
23.807,-0.024912918,-0.031144354,0.03151637,-0.0,0.0,0.0
23.830,-0.004754364,-0.015261857,0.035792425,-0.0,0.0,0.0
23.868,0.0013542882,-0.029922623,0.041290216,-0.0,-0.0,-0.0
23.907,-0.00658696,-0.037253007,0.03518156,-0.0,0.0,0.0
23.928,-0.008419556,-0.009764071,0.041290216,-2.8342436e-05,2.4442637e-05,-0.00011986009
23.969,-0.04690407,0.072702736,0.082218185,0.0,-0.0,-0.0
24.007,-0.09699502,0.031774767,0.13414174,0.0,-0.0,-0.0
24.046,-0.10921232,0.03666169,0.18301095,0.00053413375,0.0015841654,-0.002656253
24.068,-0.10004934,0.05682024,0.20622383,0.0,-0.0,-0.0
24.107,-0.090275496,0.064150624,0.2312693,0.0,-0.0,-0.0
24.148,-0.064619154,0.0036749654,0.21477593,0.0,-0.0,-0.0
24.169,-0.04873666,-0.0060988786,0.19217393,-0.0,0.0,0.0
24.209,-0.058510505,0.015281404,0.12620048,0.0,-0.0,-0.0
24.247,-0.040184546,0.02749871,0.088326834,0.00018620644,0.00027193362,-0.00059786584
24.268,-0.039573684,0.0091727525,0.07977473,0.0,-0.0,-0.0
24.307,-0.044460606,-0.013429261,0.056561843,-0.0,0.0,0.0
24.346,-0.043238875,-0.0024336872,0.08527251,-0.0,0.0,0.0
24.365,-0.08111252,0.03360736,0.09687895,0.0,-0.0,-0.0
24.407,-0.090275496,0.014059674,0.12681136,0.0,-0.0,-0.0
24.447,-0.064008296,0.013448809,0.15491115,0.00015239189,0.0007221569,-0.0017481217
24.466,-0.08111252,0.0091727525,0.15552202,0.0,-0.0,-0.0
24.507,-0.10921232,0.075146206,0.16773932,0.0,-0.0,-0.0
24.547,-0.06828435,0.028109575,0.20622383,0.0,-0.0,-0.0
24.567,-0.064619154,-0.004877148,0.20744556,-0.0,0.0,0.0
24.607,-0.059121374,0.0018423696,0.20011517,0.0,-0.0,-0.0
24.646,-0.060953967,0.018946595,0.17934576,0.0,-0.0,-0.0
24.671,-0.05545618,-0.016483588,0.15185682,-0.00017925694,0.0006049125,-0.0016559836
24.707,-0.01941513,-0.054968096,0.11153972,-0.0,0.0,0.0
24.748,0.005630345,-0.009153205,0.06816828,-0.0,-0.0,-0.0
24.786,-0.031632435,-0.010374935,0.06389223,-5.013745e-05,0.00015294524,-0.00030890436
24.807,-0.03346503,-0.017705318,0.082218185,-0.0,0.0,0.0
24.845,-0.028578108,-0.010985801,0.13230914,-0.0,0.0,0.0
24.886,-0.06889522,0.0036749654,0.15674375,0.0,-0.0,-0.0
24.907,-0.07500387,0.0073401565,0.17140451,0.0,-0.0,-0.0
24.948,-0.06889522,0.018946595,0.18545441,0.0,-0.0,-0.0
24.987,-0.057288777,0.040937744,0.14758076,0.0004497295,0.0006282807,-0.0016195836
25.009,-0.06339743,0.034218226,0.14025038,0.0,-0.0,-0.0
25.048,-0.044460606,-0.03175522,0.14147212,-0.0,0.0,0.0
25.087,-0.05667791,-0.032976948,0.061448768,-0.0,0.0,0.0
25.108,-0.07500387,-0.004266283,0.02785118,-0.0,0.0,0.0
25.147,-0.07927992,0.04948986,0.06511396,0.0,-0.0,-0.0
25.186,-0.039573684,0.017114,0.05839444,8.339336e-05,0.00019276001,-0.0002844598
25.206,-0.06584089,0.06781582,0.05839444,0.0,-0.0,-0.0
25.250,-0.10127107,0.087363504,0.118259236,0.0,-0.0,-0.0
25.289,-0.09394069,0.043992072,0.19400653,0.0,-0.0,-0.0
25.308,-0.101881936,0.056209378,0.22577152,0.0,-0.0,-0.0
25.346,-0.09088636,0.012837944,0.2929667,0.0,-0.0,-0.0
25.385,-0.058510505,-0.027479162,0.27769506,-0.0005227816,0.0011208714,-0.0053128395
25.425,-0.0780582,0.022611788,0.118259236,0.0,-0.0,-0.0
25.446,-0.05179099,0.0610963,0.11581577,0.0,-0.0,-0.0
25.486,-0.04507147,0.04277034,0.03151637,0.0,-0.0,-0.0
25.527,-0.03346503,0.052544184,-0.065611206,0.0003189869,0.0002032499,0.00039833272
25.547,-0.015139073,0.07087014,-0.090656675,-0.0,0.0,0.0
25.588,0.0031868839,0.011616214,-0.05705909,0.0,-0.0,0.0
25.627,0.00624121,-0.070850596,0.059616175,-0.0,-0.0,-0.0
25.648,-0.007197825,-0.05741156,0.105431065,-0.0,0.0,0.0
25.687,-0.06584089,-0.023203107,0.14269385,-0.0,0.0,0.0
25.728,-0.20695075,-0.06352021,0.11153972,-0.001034969,0.0033829364,-0.001821035
25.747,-0.18190528,-0.24006027,0.16407412,-0.0,0.0,0.0
25.786,-0.10982319,0.17654984,0.3473337,0.0,-0.0,-0.0
25.828,-0.15685982,-0.20218661,0.24043228,-0.0,0.0,0.0
25.849,-0.10004934,0.19059972,0.15002424,0.0,-0.0,-0.0
25.888,-0.13914472,0.22908424,0.109707125,0.0,-0.0,-0.0
25.927,-0.056067042,-0.106280774,0.08343992,-0.0010431682,0.00055085594,-0.00081887026
25.948,-0.0181934,-0.010374935,0.0626705,-0.0,0.0,0.0
25.987,-0.031632435,0.2901708,0.00586003,0.0,-0.0,-0.0
26.027,-0.049347527,0.83506256,0.082218185,0.0,-0.0,-0.0
26.052,-0.08783204,1.1918079,0.21844113,0.0,-0.0,-0.0
26.088,-0.08783204,1.4251585,0.44201782,0.0,-0.0,-0.0
26.128,0.13513377,1.2632791,0.32717514,0.11114532,-0.013483439,-0.028113183
26.146,0.13452291,1.0940695,0.35710755,-0.0,-0.0,0.0
26.190,-0.020025995,0.95295954,0.40414417,0.0,-0.0,-0.0
26.227,-0.056067042,0.67379415,0.19400653,0.0,-0.0,-0.0
26.247,0.018458515,0.71044606,-0.0008594874,0.0,-0.0,0.0
26.286,-0.21183768,0.006118426,0.58557117,0.0,-0.0,-0.0
26.328,-0.10860146,-0.5815339,0.28563634,-0.025602277,0.0049476894,-0.012527655
26.367,0.122916475,-1.4764515,-0.17006916,-0.0,-0.0,0.0
26.386,0.31350642,-2.3512104,-0.49932554,-0.0,-0.0,0.0
26.426,0.78570527,-2.8954914,-0.8750076,-0.0,-0.0,0.0
26.448,0.292737,-3.0952444,-1.059489,-0.0,-0.0,0.0
26.486,-1.5178676,-1.9578134,-0.36065912,-0.0,-0.0,0.0
26.526,-2.603375,-3.0659227,0.005249165,-1.101557,0.76811975,0.3641359
26.567,-2.876432,-2.9510803,0.06205963,-0.0,0.0,0.0
26.587,-2.7383761,-2.7330012,0.023575123,-0.0,0.0,0.0
26.626,-0.55147874,-1.9052789,0.6063406,-0.0,0.0,0.0
26.668,1.4185617,-0.3799484,1.5440186,-0.07806804,-0.19745803,-0.23189503
26.688,1.3519773,0.27245566,1.6387029,-0.0,-0.0,0.0
26.727,0.27441105,-0.6383444,1.665581,-0.0,-0.0,-0.0
26.767,-0.7646707,-0.83748645,1.1909386,-0.0,0.0,0.0
26.788,-0.9760301,-1.0238004,0.93559694,-0.0,0.0,0.0
26.827,-0.117764436,-0.120330684,0.31740132,-0.0,0.0,0.0
26.869,0.71240145,0.479539,0.00097310834,0.027646499,-0.04104572,0.0005115408
26.889,0.9323129,0.73671323,0.4071985,-0.0,-0.0,0.0
26.927,1.1852112,0.119128495,0.65032285,-0.0,-0.0,0.0
26.969,0.5462461,1.2987093,0.7841024,-0.0,-0.0,0.0
26.987,0.6586453,1.2192967,0.817089,-0.0,-0.0,0.0
27.026,0.85228956,0.97983766,0.88672775,-0.0,-0.0,0.0
27.067,0.6708626,-0.67988324,0.70163554,-0.055608198,-0.051815584,-0.05729524
27.088,0.7343926,-1.1777384,0.699803,-0.0,-0.0,-0.0
27.127,1.6971163,-0.6707203,0.006470896,-0.0,-0.0,-0.0
27.167,2.0630245,-0.09100915,0.008303491,-0.0,-0.0,-0.0
27.210,0.74905336,-0.6395662,-0.28857702,-0.043577023,-0.05201317,0.018751265
27.227,0.41613176,-1.106878,-0.51704067,-0.0,-0.0,0.0
27.268,0.4075797,-1.7647799,-0.9812982,-0.24225695,-0.07275157,0.12904026
27.308,0.97629523,-0.88024706,-0.6899155,-0.0,-0.0,0.0
27.328,1.1888764,-0.9785964,-0.6471549,-0.0,-0.0,0.0
27.365,1.2957777,-0.48623896,-0.891501,-0.0,-0.0,0.0
27.406,1.2365237,0.025055248,-1.1535623,0.012133899,-0.14031567,0.13251664
27.426,1.0715902,0.21014741,-1.0533803,0.0,-0.0,0.0
27.466,0.59939134,0.36591807,-0.66975695,0.024685256,-0.038497545,0.044098772
27.509,0.17972694,0.5186343,-0.18472992,0.0,-0.0,0.0
27.529,-0.49772263,0.70555913,0.13902865,0.0,-0.0,-0.0
27.566,-1.2466434,0.54306895,0.20744556,0.0,-0.0,-0.0
27.606,-1.374925,0.17288464,-0.087602355,0.015693339,0.12835056,0.0071789087
27.636,-1.3083408,0.22725165,-0.25803375,-0.0,0.0,0.0
27.665,-1.2942909,-0.1746977,-0.8585143,-0.0,-0.0,0.0
27.705,-0.38226908,-0.5271669,-0.95319843,-0.0,-0.0,0.0
27.725,0.22676356,-0.2608297,-0.7687171,-0.0,-0.0,0.0
27.766,0.9879017,0.9279141,-0.0069681397,0.0,-0.0,0.0
27.807,1.131455,1.4312671,0.3754335,0.17790312,-0.14577684,-0.034541976
27.826,1.231026,1.4447061,0.18117836,-0.0,-0.0,0.0
27.867,1.4429963,0.7715326,0.25142786,-0.0,-0.0,0.0
27.905,1.9671186,0.83750606,0.32228824,-0.0,-0.0,0.0
27.927,1.7759179,1.0421458,0.46095464,-0.0,-0.0,0.0
27.965,1.2426324,0.8069628,0.29357758,-0.0,-0.0,0.0
28.005,0.877335,0.13317838,0.18667614,0.007807607,-0.053428594,-0.011153006
28.046,0.8131942,0.035439957,0.07427694,-0.0,-0.0,0.0
28.065,0.7020167,-0.032366086,0.0015839735,-0.0,-0.0,-0.0
28.106,0.3874211,-0.41965467,-0.15968445,-0.0,-0.0,0.0
28.146,0.11069916,-0.11971981,-0.17984301,-0.0019476439,-0.0018061895,0.0029279613
28.167,-0.0780582,-0.042750794,-0.11875648,-0.0,-0.0,0.0
28.206,-0.24054836,-0.27487957,-0.33378103,-0.009170597,0.007935638,0.0111184595
28.246,-0.19167912,-0.27487957,-0.47916695,-0.0,-0.0,0.0
28.265,-0.04690407,-0.2235669,-0.50421244,-0.0,-0.0,0.0
28.305,0.16140099,-0.0024336872,-0.45656496,-0.0,-0.0,0.0
28.349,0.2542525,0.23397116,-0.23543175,0.006587866,-0.007111462,0.006628698
28.365,0.20293982,0.1069112,-0.20733194,0.0,-0.0,0.0
28.407,-0.31446305,-0.028700894,-0.2574229,-0.0008148781,0.008593806,0.0070408485
28.445,-0.5252116,-0.6878245,-0.12486514,-0.0,-0.0,0.0
28.468,-0.6400542,-0.703707,-0.17190175,-0.0,-0.0,0.0
28.508,-0.6070675,-0.4746325,-0.28857702,-0.0,-0.0,0.0
28.545,-0.31385216,-0.19791056,-0.20611021,-0.0056630163,0.008922125,0.0058955126
28.566,-0.056067042,0.0030641,-0.11020437,-0.0,0.0,0.0
28.606,0.36787343,0.17288464,-0.035678808,0.0,-0.0,0.0
28.647,0.35138008,0.31155106,0.037625022,-0.0,-0.0,0.0
28.666,0.41124487,0.3194923,0.052896656,-0.0,-0.0,0.0
28.707,0.5340288,0.08064399,0.15613288,-0.0,-0.0,0.0
28.746,0.6500932,0.54856676,0.18423268,0.031846445,-0.03813024,-0.010153873
28.768,0.5725133,0.7813064,0.17751317,-0.0,-0.0,0.0
28.806,0.3910863,1.2712203,0.20988902,-0.0,-0.0,0.0
28.846,0.5254767,1.521675,0.29846448,-0.0,-0.0,0.0
28.868,0.66597563,1.4795254,0.32228824,-0.0,-0.0,0.0
28.905,0.7588272,1.4355431,0.39681378,-0.0,-0.0,0.0
28.949,0.7252296,1.0604718,0.36932486,0.09427679,-0.06659672,-0.030065844
28.986,0.73378175,0.8778231,0.26181257,-0.0,-0.0,0.0
29.007,0.832131,0.8967599,0.25998,-0.0,-0.0,0.0
29.046,1.2756191,0.0610963,0.34305766,-0.0,-0.0,0.0
29.086,0.3385519,-1.2418792,0.14574817,-0.10826755,-0.028715173,-0.014248689
29.106,-0.43358177,-1.152693,-0.12303254,-0.0,-0.0,0.0
29.148,-0.86118746,-0.38666794,-0.08638062,-0.024771806,0.054708205,0.006174361
29.187,-0.8031552,0.015892271,0.026018584,0.0,-0.0,-0.0
29.205,-0.54598093,-0.23028642,-0.12975205,-0.0,-0.0,0.0
29.248,-0.052401852,-0.042750794,0.069390014,-0.0,0.0,0.0
29.286,0.103979655,-0.028700894,0.1628524,-0.00037767942,-0.0013626106,-0.002135002
29.307,0.098481864,-0.14781961,0.14574817,-0.0,-0.0,-0.0
29.347,0.08931889,-0.22234517,0.12620048,-0.004042605,-0.0016185781,-0.0022967532
29.385,0.12535994,-0.39033312,0.13292,-0.0,-0.0,-0.0
29.406,0.10581225,-0.55404496,0.11459405,-0.0,-0.0,-0.0
29.446,-0.06584089,-0.83565384,0.1048202,-0.0,0.0,0.0
29.488,-0.18068355,-0.7837303,0.0626705,-0.042407434,0.009849278,-0.0031839157
29.506,-0.19351172,-0.71103734,0.03029464,-0.0,0.0,0.0
29.547,0.06121908,-0.37322888,-0.12303254,-0.009958099,-0.0016501498,0.003275322
29.586,0.6421519,-0.5326647,-0.14258023,-0.0,-0.0,0.0
29.607,0.66597563,-0.64995086,-0.013687657,-0.0,-0.0,0.0
29.646,0.2243201,-0.33535525,0.22577152,-0.0,-0.0,-0.0
29.688,-0.24054836,0.2626818,0.21294335,0.0073345653,0.0066765198,-0.0059541566
29.728,-0.7384035,0.63836396,0.15491115,0.0,-0.0,-0.0
29.745,-0.79704654,0.91752934,0.21233249,0.0,-0.0,-0.0
29.787,-0.37249523,1.5882595,0.20439124,0.0,-0.0,-0.0
29.826,-0.44152302,0.23702548,0.23371276,0.008865702,0.016342578,-0.00874379
29.847,-0.7432905,9.773844e-06,0.16957192,0.0,-0.0,-0.0
29.887,-0.49833348,-0.111778565,0.051674925,-0.0038351454,0.017167745,-0.0017469848
29.927,-0.1024928,-0.38727877,0.11215058,-0.0,0.0,0.0
29.946,-0.004754364,-0.19974317,0.11764837,-0.0,0.0,0.0
29.987,-0.090275496,0.2828404,0.12620048,0.0,-0.0,-0.0
30.027,-0.11348838,0.3194923,0.03029464,0.0072988058,0.0025897708,-0.00070145057
30.047,-0.10676886,0.34148347,0.05106406,0.0,-0.0,-0.0
30.087,0.07282552,0.48748022,-0.10592831,0.016494758,-0.002433854,0.0036034747
30.127,-0.07194954,0.4770955,-0.12975205,-0.0,0.0,0.0
30.147,-0.24054836,0.16921945,-0.04545265,-0.0,0.0,0.0
30.187,-0.40242764,-0.37750494,0.06511396,-0.0,0.0,0.0
30.227,-0.57285905,-1.1294801,0.1750697,-0.09668934,0.049837966,-0.012638196
30.247,-0.75367516,-1.025633,0.15613288,-0.0,0.0,0.0
30.287,-1.0432253,-0.38117012,0.16163066,-0.028296543,0.07875915,-0.011069834
30.328,-0.47939667,0.06659409,0.18850875,0.0,-0.0,-0.0
30.347,0.06977119,0.14783916,0.18117836,-0.0,-0.0,0.0
30.387,0.528531,0.5601732,0.34672284,-0.0,-0.0,0.0
30.427,0.24508952,0.51435834,0.28807977,0.021969626,-0.01063406,-0.012224567
30.448,0.17422916,0.35003555,0.14086126,-0.0,-0.0,0.0
30.487,0.06854947,0.35675508,0.07427694,0.008875041,-0.0017137963,-0.0018405309
30.529,-0.037741087,-0.036642138,-0.0008594874,-0.0,-0.0,0.0
30.568,-0.03896282,-0.06290935,0.06755742,-0.0004229519,0.00026208756,-0.00045421027
30.587,-0.07500387,-0.17775202,0.089548565,-0.0,0.0,0.0
30.629,-0.08722117,-0.15270655,0.20561296,-0.002769603,0.0015887705,-0.0037309425
30.648,-0.03896282,-0.027479162,0.2227172,-0.0,0.0,0.0
30.688,0.1559032,0.18265848,0.31984475,-0.0,-0.0,0.0
30.728,0.46072495,0.6548573,0.382153,-0.0,-0.0,0.0
30.768,0.38925374,0.5180235,0.19583912,0.023451526,-0.017782256,-0.00868684
30.787,0.28846097,0.42395025,0.089548565,-0.0,-0.0,0.0
30.827,0.114364356,0.031163903,0.117037505,0.00034753323,-0.0012786635,-0.0013080959
30.868,-0.098827615,0.17227377,0.23615624,0.0,-0.0,-0.0
30.887,-0.14342077,0.2089257,0.1769023,0.0,-0.0,-0.0
30.928,-0.15502723,0.40073738,0.08893771,0.0,-0.0,-0.0
30.968,-0.023691187,0.5546754,0.13658519,0.021280855,0.00085301476,-0.005248984
30.988,0.05755389,0.67012894,0.17384797,-0.0,-0.0,0.0
31.028,0.1699531,0.8051302,0.20194776,0.045718327,-0.009921386,-0.011256358
31.067,0.107033975,0.6786811,0.20805642,-0.0,-0.0,0.0
31.087,0.046558317,0.5180235,0.1909522,-0.0,-0.0,0.0
31.127,-0.10004934,0.32254663,0.16835019,0.0,-0.0,-0.0
31.168,-0.14036645,0.16005647,0.12375702,0.0026472306,0.002316779,-0.0020480938
31.187,-0.1324252,0.23946895,0.07855299,0.0,-0.0,-0.0
31.229,-0.022469455,0.37263757,0.0327381,0.009370793,0.00056116394,-0.0008258869
31.268,0.14002071,0.58216435,0.1048202,-0.0,-0.0,0.0
31.287,0.23653741,0.6481378,0.12742221,-0.0,-0.0,0.0
31.327,0.4124666,1.0470328,0.09626809,-0.0,-0.0,0.0
31.367,0.8748916,1.4899101,0.15613288,0.17391853,-0.10338609,-0.009362088
31.409,0.95674753,1.6389612,0.26731035,-0.0,-0.0,0.0
31.428,0.92131734,1.7819037,0.26120168,0.2432227,-0.12933345,-0.020415552
31.468,0.73133826,1.9883761,0.14391558,-0.0,-0.0,0.0
31.488,0.53708315,0.76053697,0.11153972,-0.0,-0.0,0.0
31.527,0.050223507,0.12096109,0.045566272,-0.0,-0.0,0.0
31.567,0.05266697,-0.47585425,0.026018584,-0.015309987,-0.0016879356,-0.0008500148
31.888,-0.0322433,-1.0335742,0.10176588,-0.0,0.0,0.0
31.892,-0.77139026,-0.73974806,0.0327381,-0.0,0.0,0.0
31.927,-0.38776687,-1.3719935,-0.011855061,-0.0,-0.0,0.0
31.967,-0.44640994,-1.2938029,0.044955406,-0.11902617,0.041223653,-0.0016898031
32.008,-0.24177007,-0.9908137,-0.11753475,-0.0,-0.0,0.0
32.027,-0.12753828,-0.57176006,-0.20122328,-0.0,-0.0,0.0
32.068,0.40208188,-0.11666549,-0.2928531,-0.0,-0.0,0.0
32.107,0.7557729,0.4355567,-0.33866796,0.027872354,-0.047155097,0.021927996
32.127,0.82174635,0.447774,-0.32461807,0.0,-0.0,0.0
32.167,0.50104207,0.40928948,-0.42357823,0.021524942,-0.02575922,0.022256898
32.207,0.19560944,0.21625607,-0.34599835,0.0,-0.0,0.0
32.247,-0.20328557,0.4392219,-0.2855227,0.016519295,0.0077534025,0.010701673
32.267,-0.2973588,0.75626093,-0.21160801,-0.0,0.0,0.0
32.307,-0.21367027,0.5412364,-0.21099713,0.022439154,0.008971444,0.008662522
32.347,0.21271367,0.035439957,0.044955406,-0.0,-0.0,0.0
32.367,0.0044086147,0.24313414,0.028462043,0.0039946395,-7.336672e-05,-0.000467481
32.407,-0.19473346,-0.037863873,0.105431065,-0.0,0.0,0.0
32.447,-0.16174674,0.28894904,0.080996454,0.006613384,0.0036939264,-0.0018650806
32.467,-0.043238875,0.31216192,0.08282905,0.0,-0.0,-0.0
32.507,0.008073806,0.20464963,-0.17495608,0.0036994126,-0.00014008954,0.0031627188
32.547,-0.0181934,0.13440013,-0.2360426,-0.0,0.0,0.0
32.599,0.031897552,0.08553091,-0.1657931,0.0,-0.0,0.0
32.648,0.42895997,0.1557804,0.052896656,0.0047918446,-0.01322771,-0.0015990101
32.667,0.4069688,0.16188906,0.11581577,-0.0,-0.0,0.0
32.709,0.17728348,0.12035023,0.06511396,0.0018073798,-0.0026651823,-0.00097615534
32.747,-0.028578108,0.016503137,0.088326834,0.0,-0.0,-0.0
32.767,-0.05545618,-0.05435723,0.093824625,-0.0,0.0,0.0
32.807,0.016625918,-0.27487957,0.0626705,-0.0,-0.0,-0.0
32.848,0.16506618,-0.26510575,0.04373368,-0.005611493,-0.0034903204,-0.00093523774
32.868,0.20293982,-0.25655362,0.04312281,-0.0,-0.0,-0.0
32.909,0.14124243,0.09835908,-0.010022466,0.0011380933,-0.0016340842,0.000116888135
32.947,0.04839091,0.16921945,-0.1077609,0.0,-0.0,0.0
32.968,0.023345439,0.18265848,-0.16396052,0.0,-0.0,0.0
33.008,0.107033975,0.3231575,-0.24398385,0.0,-0.0,0.0
33.047,0.22981788,0.370805,-0.374709,0.014372135,-0.008763835,0.014522119
33.068,0.29762393,0.3775245,-0.3893698,0.0,-0.0,0.0
33.108,0.42407304,0.25840577,-0.28613356,0.010027704,-0.016252898,0.011085421
33.149,0.3526018,0.3420943,-0.2274905,0.0,-0.0,0.0
33.187,0.19011165,0.3927961,-0.21099713,0.012796758,-0.0061392146,0.00690197
33.209,0.031286687,0.2810078,-0.17739953,0.0,-0.0,0.0
33.247,-0.13975559,0.2547406,-0.23482087,0.006375656,0.0035222254,0.005875417
33.269,-0.08538858,0.3860766,-0.26475325,-0.0,0.0,0.0
33.307,0.028232358,0.25046453,-0.3447766,0.007181667,-0.00077359384,0.00988339
33.347,0.30434343,0.019557461,-0.15907359,0.0,-0.0,0.0
33.388,0.41552094,0.20770396,-0.004524679,0.006475898,-0.012952219,0.00018299471
33.407,0.26280463,-0.07634838,0.01746647,-0.0,-0.0,-0.0
33.447,0.06549514,-0.31947276,0.026018584,-0.007013904,-0.001435821,-0.0005762328
33.487,-0.071338676,-0.24861237,-0.025294097,-0.0,-0.0,0.0
33.507,-0.14036645,-0.27915564,0.005249165,-0.005853843,0.0029438373,-0.000101459904
33.549,-0.25765258,-0.38117012,0.06572482,-0.0,0.0,0.0
33.587,-0.35600188,-0.45997173,0.12986568,-0.018357439,0.01428263,-0.0050621377
33.608,-0.46412504,-0.7085939,0.16040893,-0.0,0.0,0.0
33.647,-0.76772505,-1.1667428,0.40353328,-0.11274706,0.07709793,-0.035159066
33.687,-0.88684374,-0.69882005,0.6790335,-0.0,0.0,0.0
33.707,-0.7176341,-0.8185497,0.6222231,-0.0,0.0,0.0
33.747,-0.3663866,-0.19363451,0.7309571,-0.0,0.0,0.0
33.787,-0.16907711,0.370805,0.72240496,0.020820616,0.008991577,-0.04029941
33.808,-0.12326222,0.5522319,0.68208784,0.0,-0.0,-0.0
33.847,-0.15319462,0.4001265,0.7156854,0.022560826,0.008122538,-0.04014958
33.886,-0.1904574,-0.092841744,0.5739647,-0.0,0.0,0.0
33.928,-0.08966464,-0.18569326,0.2770842,-0.004297153,0.0020919763,-0.0064175543
33.947,-0.04751493,-0.17714114,0.12131356,-0.0,0.0,0.0
33.989,-0.12448396,-0.060465883,-0.24642733,-0.0011523009,0.0023582515,0.0046750586
34.009,-0.1043254,-0.012818397,-0.22077098,-0.0,-0.0,0.0
34.047,-0.008419556,-0.07023973,-0.06500033,-0.00045285685,5.4187178e-05,0.0004190786
34.087,-0.058510505,-0.34635082,-0.055226494,-0.0,-0.0,0.0
34.128,-0.049347527,-0.40682647,-0.10409571,-0.011544543,0.0013830081,0.0029614225
34.148,0.037395336,-0.31153148,-0.08576976,-0.0,-0.0,0.0
34.190,0.07160379,0.047046397,-0.10715004,0.00043346535,-0.000659018,0.0009866367
34.228,0.07893417,0.020168327,-0.06316774,0.0,-0.0,0.0
34.247,0.13940984,0.10813292,-0.12058907,0.001552463,-0.001997932,0.0017309183
34.288,0.2847958,0.22541906,-0.11325869,0.0,-0.0,0.0
34.338,0.3000674,0.252908,-0.123643406,0.0,-0.0,0.0
34.364,0.2652481,0.20098443,-0.11448042,0.004754957,-0.0062576295,0.0027184533
34.387,-0.042017143,0.02872044,-0.05583736,0.00014558798,0.00021305558,0.0002830906
34.428,-0.09149723,0.082476586,-0.09126754,-0.0,0.0,0.0
34.448,-0.07072781,0.15028262,-0.08638062,0.0018875739,0.0008896033,0.0010843923
34.487,-0.060953967,0.1734955,-0.054615628,-0.0,0.0,0.0
34.528,-0.13303608,0.05010072,-0.059502553,0.00051770976,0.0013759949,0.0006150088
34.548,-0.123873085,0.10385686,-0.10043052,-0.0,0.0,0.0
34.588,0.11314263,0.38302228,-0.1694583,0.011158533,-0.0032661797,0.0049514933
34.627,0.26402634,0.53146255,-0.35271788,0.0,-0.0,0.0
34.649,0.3648191,0.74709797,-0.42785427,0.0,-0.0,0.0
34.687,0.49554428,0.6756267,-0.5976748,0.0,-0.0,0.0
34.729,0.57129157,0.5754448,-0.5329231,0.038124666,-0.03653267,0.035405565
34.768,0.3281672,0.23213856,-0.22504702,0.0,-0.0,0.0
34.787,0.15223801,0.37019414,-0.14868887,0.010616219,-0.0043392666,0.004283353
34.830,-0.05423445,0.37019414,0.013190414,0.0,-0.0,-0.0
34.849,-0.042017143,0.33109874,-0.008800736,-0.0,0.0,0.0
34.888,0.2579177,0.25046453,-0.11692388,0.0,-0.0,0.0
34.928,0.54991126,0.26817963,-0.1902277,0.011627635,-0.023592463,0.008315475
34.949,0.55052215,0.23580375,-0.19450377,0.0,-0.0,0.0
34.988,0.049612645,-0.017705318,-0.07843938,-0.000112187896,-0.00031461247,0.00049735187
35.027,-0.11715357,-0.55526674,0.054118384,-0.0,0.0,0.0
35.054,0.10031446,-0.3585681,0.08343992,-0.0,-0.0,-0.0
35.088,0.17422916,-0.3145858,0.02907291,-0.0,-0.0,-0.0
35.128,-0.07256041,-0.4752434,0.1188701,-0.01578738,0.0024422428,-0.0039308085
35.168,-0.21855721,-0.5344973,0.16407412,-0.0,0.0,0.0
35.189,-0.27597854,-0.57176006,0.17445883,-0.02521284,0.012287933,-0.0075526666
35.228,-0.42014274,-0.38788965,0.21111074,-0.0,0.0,0.0
35.268,-0.24910046,-0.21501479,0.18240009,-0.005413909,0.0063013243,-0.0045879027
35.288,-0.11104491,-0.22662123,0.2104999,-0.0,0.0,0.0
35.328,0.16689877,-0.08001357,0.06205963,-0.0010490901,-0.0021859927,-0.0008141452
35.368,0.16140099,0.14661743,0.15918721,-0.0,-0.0,0.0
35.387,0.079545036,0.08980697,0.22821498,0.0015510904,-0.0013793259,-0.003947433
35.428,-0.12937088,-0.18996932,0.17629142,-0.0,0.0,0.0
35.467,-0.2961371,-0.45813915,0.18667614,-0.017683152,0.011519892,-0.0071202735
35.487,-0.31385216,-0.48501724,0.20622383,-0.0,0.0,0.0
35.528,-0.23321797,-0.3885005,0.17995661,-0.012687374,0.0076668165,-0.0058386805
35.570,-0.14769684,-0.03175522,0.21599768,-0.0,0.0,0.0
35.588,-0.1446425,0.16921945,0.24470834,0.0,-0.0,-0.0
35.627,-0.37860388,0.3139945,0.43774176,0.0,-0.0,-0.0
35.669,-0.7237427,0.53085166,0.4261353,0.03610417,0.047737356,-0.02928406
35.690,-0.73229486,0.5015302,0.34489024,0.0,-0.0,-0.0
35.729,-0.41281235,0.094083026,-0.080271974,0.0027068313,0.011940266,0.0023050592
35.768,0.062440813,0.007951022,-0.08210457,0.0,-0.0,0.0
35.809,0.08687542,-0.18630412,-0.08271543,-0.0027694684,-0.0012935017,0.0012281525
35.829,-0.042017143,-0.34879428,-0.01979631,-0.0,-0.0,0.0
35.869,-0.29369363,-0.46913475,-0.05583736,-0.017523112,0.0109436335,0.002180178
35.890,-0.3676083,-0.5381625,-0.08515889,-0.0,-0.0,0.0
35.929,-0.36088878,-0.40255043,0.0327381,-0.014622635,0.013123759,-0.0010938384
35.969,-0.10066021,-0.25044498,0.0926029,-0.0,0.0,0.0
36.010,0.116807826,-0.17836289,0.103598475,-0.0028387774,-0.0018557376,-0.0016505917
36.029,0.05144524,-0.23639508,-0.00024862215,-0.0,-0.0,0.0
36.069,-0.040184546,-0.05191377,-0.118145615,-0.0004710693,0.00036423397,0.0010717034
36.108,0.18827905,-0.08612222,-0.09432187,-0.0,-0.0,0.0
36.128,0.26219377,-0.04947031,-0.06255688,-0.0009070203,-0.0048224153,0.0011482721
36.168,0.23775914,-0.05863329,0.0021948388,-0.0,-0.0,-0.0
36.209,0.05144524,-0.15698259,0.0119686825,-0.0017449058,-0.00057169946,-0.0001335312
36.229,-0.021247726,-0.0849005,-0.015520253,-0.0,-0.0,0.0
36.270,-0.07683647,-0.07512665,-0.16640398,-0.0009997849,0.0010202788,0.0022125125
36.308,-0.05179099,-0.11666549,-0.10837177,-0.0,-0.0,0.0
36.328,0.044114858,-0.040918197,-0.090656675,-0.00029867303,-0.00032222015,0.0006619158
36.368,0.22187665,0.014059674,0.0003622431,-0.0,-0.0,0.0
36.407,0.22615269,0.091639556,0.0926029,0.0016017901,-0.003962184,-0.0016186957
36.448,0.24264605,0.1172959,0.14086126,-0.0,-0.0,0.0
36.468,0.2560851,0.024444385,0.12864394,0.0004656647,-0.0049432484,-0.0024817954
36.508,0.1504054,-0.2235669,0.060837902,-0.0,-0.0,-0.0
36.528,0.06549514,-0.2834317,0.034570698,-0.0055722035,-0.0012856176,-0.00068318244
36.569,-0.032854166,-0.2449472,-0.014298523,-0.0,-0.0,0.0
36.607,-0.018804263,-0.056800693,-0.09310014,-0.00042189454,0.0001395093,0.00069146376
36.648,0.0068520755,-0.014650992,-0.109593496,-0.0,-0.0,0.0
36.668,0.020901976,-0.0390856,-0.08699149,-0.0002560481,-0.00013702181,0.00056994695
36.707,0.05266697,-0.06290935,-0.059502553,-0.0,-0.0,0.0
36.748,0.094205804,-0.06290935,-0.057669956,-0.0005364456,-0.00080374704,0.0004917334
36.775,0.055721294,-0.05863329,-0.04850698,-0.0,-0.0,0.0
36.811,-0.104936264,-0.010374935,-0.077828504,-9.156479e-05,0.00092289655,0.00068455393
36.848,-0.057288777,-0.14843048,-0.08821322,-0.0,-0.0,0.0
36.868,0.05144524,-0.23700593,-0.087602355,-0.004100473,-0.0008933137,0.001514041
36.907,0.19133337,-0.17530856,-0.065611206,-0.0,-0.0,0.0
36.947,0.07832331,-0.027479162,-0.050950434,-0.00017951733,-0.0005119475,0.0003329638
36.968,0.025178032,0.022611788,-0.041176595,0.0,-0.0,0.0
37.008,-0.07072781,0.06292889,-0.025904963,0.0004144557,0.00046590008,0.00017053235
37.048,-0.09455155,0.008561888,-0.05217217,-0.0,0.0,0.0
37.068,-0.11898617,-0.06229848,-0.06500033,-0.00062419515,0.0011912291,0.00065123325
37.108,-0.09271896,-0.10811337,-0.060113415,-0.0,-0.0,0.0
37.153,0.012349863,-0.048859447,-0.096765324,-0.00035770022,-9.054822e-05,0.0007084667
37.169,0.04472572,-0.10750251,-0.11692388,-0.0,-0.0,0.0
37.208,0.06977119,-0.13560231,-0.06500033,-0.0015082527,-0.0007767277,0.0007225227
37.236,0.08565369,-0.12216327,-0.046063516,-0.0,-0.0,0.0
37.269,0.16567703,-0.02137051,-0.0075790053,-0.00023973708,-0.0018592069,8.4827334e-05
37.308,0.053277835,-0.10933511,-0.008800736,-0.0,-0.0,0.0
37.351,-0.06584089,0.07758966,-0.04178746,0.0005727173,0.00048614733,0.0003083495
37.369,-0.097605884,0.18326935,-0.050950434,-0.0,0.0,0.0
37.409,0.0031868839,0.16372167,-0.049117845,0.0018783434,-3.6032958e-05,0.0005635494
37.448,0.07404725,-0.058022425,-0.0973762,-0.0,-0.0,0.0
37.488,-0.2503222,-0.19302365,-0.14746715,-0.0,-0.0,0.0
37.508,-0.37921476,-0.3695637,-0.11997821,-0.0,-0.0,0.0
37.549,-0.2026747,-0.34573996,-0.13280638,-0.009805727,0.0057232548,0.0037905204
37.570,-0.023080323,-0.07573752,-0.14563455,-0.0,-0.0,0.0
37.610,0.32999977,0.106300324,-0.17373434,0.0027856021,-0.008580906,0.0045328704
37.649,0.20660502,0.011616214,-0.089434944,0.0,-0.0,0.0
37.689,-0.0780582,-0.042750794,-0.08454803,-0.0,-0.0,0.0
37.709,-0.18251614,-0.02259224,-0.09187841,-0.0,-0.0,0.0
37.749,-0.34439546,0.038494285,-0.064389475,0.0009042837,0.008146337,0.0015192657
37.789,-0.25093305,0.11301985,-0.043009188,-0.0,0.0,0.0
37.808,-0.3083544,0.09530475,-0.07355245,0.002111428,0.0068511567,0.0016265841
37.849,-0.38776687,0.09774821,-0.14991061,-0.0,0.0,0.0
37.889,-0.21428114,0.08369831,-0.07355245,0.0013544706,0.0034737568,0.0011897461
37.909,-0.040184546,0.15822388,0.0015839735,0.0,-0.0,-0.0
37.949,0.4338469,0.5546754,-0.021628907,0.026234226,-0.020492615,0.0012914193
37.975,0.5651829,0.7220525,-0.02101804,0.0,-0.0,0.0
38.010,0.46377927,0.67501587,0.15857634,0.037675556,-0.026120389,-0.008385312
38.049,0.12108388,0.08614178,0.15735461,-0.0,-0.0,0.0
38.088,-0.12570567,-0.22478864,0.042511944,-0.003936787,0.002203435,-0.00074034155
38.109,-0.12326222,-0.7562414,0.06633569,-0.0,0.0,0.0
38.149,-0.08783204,-0.59314036,0.13292,-0.024432557,0.0036860122,-0.0054326816
38.189,-0.2979697,-0.14965221,0.09748981,-0.0,0.0,0.0
38.209,-0.19290087,0.15150435,0.0119686825,0.0024970567,0.003178684,-0.00020120859
38.249,0.12352733,0.07025928,-0.10287399,0.0,-0.0,0.0
38.289,0.22737443,0.21869954,-0.02223977,0.0046425737,-0.0048243906,0.00048319012
38.328,0.26219377,0.09835908,0.007692626,-0.0,-0.0,0.0
38.348,0.20293982,0.01467054,-0.0039138137,0.000200426,-0.0027714868,5.3727636e-05
38.388,0.09237321,-0.045194257,-0.008800736,-0.0,-0.0,0.0
38.428,0.09237321,-0.23028642,-0.0130767925,-0.0,-0.0,0.0
38.448,0.08687542,-0.25777537,0.007081761,-0.0,-0.0,-0.0
38.489,0.050834373,-0.32802486,0.037625022,-0.007353856,-0.0011364485,-0.0008476277
38.528,0.097871,-0.05008118,0.06389223,-0.0,-0.0,-0.0
38.548,0.055721294,0.15272608,0.09443549,0.0019265091,-0.0007041768,-0.0011908042
38.588,-0.071338676,0.08614178,0.1029876,0.0,-0.0,-0.0
38.628,0.41857526,0.11179811,0.24776267,-0.0,-0.0,0.0
38.648,0.51081586,0.24802105,0.19950432,-0.0,-0.0,0.0
38.688,0.29090443,0.12768061,0.06572482,0.00277509,-0.006334918,-0.0014220328
38.728,0.06732774,-0.19058019,-0.10409571,-0.0,-0.0,0.0
38.749,-0.050569255,-0.29137295,-0.18839511,-0.0068583684,0.0011746403,0.0044368184
38.789,-0.36821917,-0.32985744,-0.3484418,-0.0,-0.0,0.0
38.828,-0.29369363,-0.26144055,-0.3032378,-0.0,-0.0,0.0
38.849,-0.12753828,-0.15942606,-0.26780757,-0.0,-0.0,0.0
38.888,0.09909273,0.0067292913,-0.18228647,9.5495794e-05,-0.0013803008,0.0025394263
38.929,0.025178032,-0.029311758,-0.1609062,-0.0,-0.0,0.0
38.948,-0.016360804,-0.09589607,-0.12669773,-0.0010280861,0.00017468307,0.0013582385
38.989,-0.10676886,-0.061687615,-0.06377861,-0.0,-0.0,0.0
39.029,-0.19900951,-0.009153205,0.01746647,-0.00012252618,0.0026707856,-0.0002342421
39.048,-0.13486867,0.020779192,0.02907291,0.0,-0.0,-0.0
39.088,-0.26742643,-0.2131822,0.08588338,-0.0050379215,0.0063329027,-0.0020162177
39.128,-0.677317,-0.26327312,-0.03140275,-0.0,-0.0,0.0
39.168,-0.38532344,-0.02381397,-0.099208795,-0.0,-0.0,0.0
39.188,0.118640415,0.103246,-0.051561303,0.0,-0.0,0.0
39.228,0.54013747,0.46854344,-0.15357581,0.023096787,-0.02641562,0.007842009
39.269,0.33733016,0.5131366,-0.16518223,0.0,-0.0,0.0
39.288,0.28296316,0.44471967,-0.1902277,0.016760297,-0.010579195,0.0072416
39.331,0.25303075,0.34026173,-0.17006916,0.0,-0.0,0.0
39.368,0.21515712,0.25535145,0.025407718,-0.0,-0.0,0.0
39.388,0.12780339,0.19915184,0.020520795,-0.0,-0.0,0.0
39.428,-0.04507147,-0.20096488,-0.06316774,-0.0029055532,0.00065024965,0.00091413205
39.468,0.14674021,-0.24555805,-0.047285248,-0.0,-0.0,0.0
39.488,0.25669596,-0.05374637,-0.0039138137,-0.0009458533,-0.004518198,6.675114e-05
39.529,0.23837002,0.045213804,-0.002081218,0.0,-0.0,0.0
39.568,0.0105172675,-0.07940271,-0.071109,-0.0,-0.0,0.0
39.588,-0.10554713,-0.19607797,-0.09126754,-0.0,-0.0,0.0
39.628,-0.18679221,-0.39460915,-0.15296493,-0.012262987,0.0057689953,0.0047836625
39.668,-0.09455155,-0.21990171,-0.087602355,-0.0,-0.0,0.0
39.688,-0.058510505,0.0042858305,-0.049728706,2.2081122e-05,0.00030198516,0.0002566547
39.729,0.06732774,0.17471723,0.019299066,-0.0,-0.0,0.0
39.768,-0.036519356,0.32376835,0.016855605,0.0,-0.0,-0.0
39.788,-0.06828435,0.18143675,0.057172712,0.0,-0.0,-0.0
39.828,-0.08355598,-0.11849809,0.18056749,-0.0018396717,0.0013010659,-0.0028048763
39.869,-0.14097731,-0.16309124,0.187287,-0.0,0.0,0.0
39.888,-0.19106826,0.024444385,0.15552202,0.00041020958,0.0031737904,-0.0025844236
39.930,-0.27781114,0.2278625,0.087715976,0.0,-0.0,-0.0
39.968,-0.2655938,0.13256754,0.059616175,0.0026966855,0.0053944644,-0.0012185075
39.989,-0.18679221,0.12096109,0.03945762,0.0,-0.0,-0.0
40.029,-0.008419556,0.075757064,-0.053393897,0.00047312342,5.2662264e-05,0.0003334531
40.069,-0.08966464,-0.21073873,-0.11386956,-0.0,-0.0,0.0
40.109,-0.18679221,-0.13132624,-0.08088283,-0.0,-0.0,0.0
40.128,-0.14647509,-0.0067097438,-0.13280638,-0.0,-0.0,0.0
40.169,0.13391204,-0.34818342,-0.021628907,-0.008729663,-0.0033601085,0.0005276706
40.208,0.15529233,-0.2394494,-0.032013614,-0.0,-0.0,0.0
40.230,0.14246416,-0.2290647,-0.036900535,-0.004184251,-0.0026042901,0.00066874246
40.268,0.06549514,-0.23334074,-0.09004582,-0.0,-0.0,0.0
40.308,0.014793323,-0.14781961,-0.0063572745,-0.0,-0.0,0.0
40.328,0.095427535,0.04826813,-0.0033029485,0.0,-0.0,0.0
40.368,0.025178032,0.025666114,-0.036289673,8.79943e-05,-8.631021e-05,0.00012441256
40.408,-0.19473346,-0.18935846,-0.12058907,-0.0,-0.0,0.0
40.428,-0.2448244,-0.23211902,-0.1413585,-0.005707948,0.005999393,0.003486851
40.468,-0.12814914,-0.18996932,-0.14685628,-0.0,-0.0,0.0
40.508,0.017236784,-0.3243597,-0.090656675,-0.0,-0.0,0.0
40.529,0.07710158,-0.31580755,-0.05217217,-0.0,-0.0,0.0
40.568,0.117418684,-0.032366086,-0.029570155,-0.00027211028,-0.0009876491,0.00024858193
40.608,0.023956303,0.02749871,-0.01979631,0.0,-0.0,0.0
40.629,-0.06950608,-0.041529063,-0.0375114,-0.00024874008,0.00041620334,0.00022468563
40.668,-0.14158818,-0.11483289,-0.027737558,-0.0,-0.0,0.0
40.708,-0.11348838,-0.02137051,0.0003622431,-0.0,0.0,0.0
40.729,-0.15197289,0.067204945,0.00586003,0.0,-0.0,-0.0
40.769,-0.3401194,-0.05741156,0.055340115,-0.0013407005,0.007973967,-0.0012919471
40.809,-0.45984897,0.0891961,0.11398318,0.0,-0.0,-0.0
40.830,-0.43297088,0.30483153,0.13047655,0.011193209,0.015816374,-0.0048631276
40.868,-0.32606947,0.5406255,0.09626809,0.0,-0.0,-0.0
40.908,-0.07317127,0.4972541,0.09565722,0.017074851,0.0024838066,-0.0033052017
40.950,0.025788898,0.28711644,-0.024683231,0.0,-0.0,0.0
40.968,0.05633216,0.12218282,-0.025904963,0.0011235048,-0.00051782734,0.00023848112
41.009,-0.05118012,-0.22173432,-0.0063572745,-0.0,-0.0,0.0
41.048,-0.042017143,-0.26999268,-0.09432187,-0.0,-0.0,0.0
41.072,0.009295536,-0.28220996,-0.093711,-0.0,-0.0,0.0
41.108,-0.060953967,-0.5906969,-0.09798706,-0.023859186,0.0024140803,0.0039860457
41.149,-0.057288777,-0.44103494,-0.18839511,-0.0,-0.0,0.0
41.168,0.01906938,-0.19302365,-0.22993396,-0.0038955256,-0.0003939813,0.004640754
41.208,0.21088107,0.0073401565,-0.1413585,0.0,-0.0,0.0
41.248,0.1980529,-0.0036554176,-0.014298523,-0.0,-0.0,0.0
41.268,0.14490762,0.065372355,0.040068485,-0.0,-0.0,0.0
41.308,0.13085772,0.119128495,0.033348966,0.001439283,-0.0015816311,-0.0004018653
41.348,-0.018804263,0.035439957,0.018077336,0.0,-0.0,-0.0
41.368,-0.03896282,-0.00060109136,-0.02101804,-1.7895766e-06,0.00011576621,6.244887e-05
41.408,0.070992924,0.015892271,-0.00024862215,0.0,-0.0,0.0
41.448,0.098481864,0.07392447,0.05472925,-0.0,-0.0,0.0
41.468,-0.05545618,0.15028262,0.07305521,0.0,-0.0,-0.0
41.508,-0.3889886,0.0610963,0.060227036,0.001641487,0.010396049,-0.0016183723
41.550,-0.30102402,0.064150624,0.10848539,0.0,-0.0,-0.0
41.568,-0.18312702,0.13256754,0.09504636,0.0021840523,0.0030120462,-0.0015674874
41.608,-0.003532634,0.20587137,0.11459405,0.0,-0.0,-0.0
41.648,0.13024686,0.25779492,-0.05583736,0.0,-0.0,0.0
41.669,0.18155953,0.13562186,-0.10165225,0.0,-0.0,0.0
41.708,0.14979453,0.5571189,-0.13647157,0.022176938,-0.005897722,0.005494108
41.748,0.5230332,0.6469161,-0.3209529,0.0,-0.0,0.0
41.788,0.7863161,0.5571189,-0.33500278,0.0,-0.0,0.0
41.808,0.7679902,0.6469161,-0.33255932,0.0,-0.0,0.0
41.848,0.8645069,0.8906513,-0.27941403,0.0,-0.0,0.0
41.889,0.7795966,0.73182636,-0.051561303,0.0,-0.0,0.0
41.909,0.56457204,0.5888839,0.00097310834,0.032243855,-0.030899128,0.00044508622
41.949,0.082599364,0.17838243,-0.083326295,0.0,-0.0,0.0
41.990,-0.077447325,-0.2357842,-0.16640398,-0.0,-0.0,0.0
42.011,0.06732774,-0.105669916,-0.16273879,-0.0,-0.0,0.0
42.050,0.064884275,-0.39399832,-0.07599591,-0.01074451,-0.0017808283,0.0020632471
42.089,0.46439013,0.10141341,-0.12486514,0.0,-0.0,0.0
42.109,0.3984167,0.21869954,-0.11692388,0.006910232,-0.012533215,0.0037252747
42.148,-0.070116945,-0.2449472,-0.042398322,-0.0,-0.0,0.0
42.189,-0.16846624,-0.43798062,-0.010633332,-0.0,-0.0,0.0
42.209,-0.16602278,-0.563208,0.057783578,-0.0,0.0,0.0
42.249,-0.15808155,-0.7782325,0.23615624,-0.043204524,0.009068831,-0.012934175
42.288,-0.44274476,-0.89551866,0.14086126,-0.0,0.0,0.0
42.308,-0.55331135,-0.9205642,0.076109536,-0.06645388,0.040140707,-0.004169001
42.348,-0.6339456,-0.758074,0.15368943,-0.0,0.0,0.0
42.389,-0.5527005,-0.50089973,0.24104315,-0.0,0.0,0.0
42.408,-0.49161395,-0.45569572,0.29846448,-0.0,0.0,0.0
42.449,-0.44640994,-0.39094397,0.29846448,-0.017292785,0.020009663,-0.01312949
42.490,-0.482451,-0.2657166,0.35222062,-0.0,0.0,0.0
42.509,-0.39204293,-0.14476529,0.37421176,-0.005345234,0.014794349,-0.014046096
42.550,-0.20695075,-0.066574536,0.31495786,-0.0,0.0,0.0
42.589,-0.15685982,-0.30542284,0.15613288,-0.0,0.0,0.0
42.631,-0.11348838,-0.24800152,0.015633874,-0.0,0.0,0.0
42.650,-0.053623583,-0.23456249,-0.040565725,-0.0038411384,0.0008767821,0.0006659288
42.692,-0.0078086904,-0.021981375,-0.0014703526,-0.0,-0.0,0.0
42.711,-0.021858592,0.10202427,0.013190414,0.0007200724,0.0001542397,-9.315064e-05
42.749,-0.05545618,0.20464963,0.054118384,0.0,-0.0,-0.0
42.789,-0.020025995,0.14600655,0.063281365,0.0,-0.0,-0.0
42.817,0.030064955,0.13745445,0.054118384,-0.0,-0.0,0.0
42.848,0.13513377,0.06781582,0.01746647,0.0006925395,-0.001380301,-0.0001779224
42.888,-0.009030421,-0.02381397,-0.01979631,-0.0,-0.0,0.0
42.930,-0.06156483,-0.030533489,-0.03812227,-0.0,-0.0,0.0
42.950,-0.03713022,0.0018423696,-0.027737558,-0.0,0.0,0.0
42.990,-0.032854166,0.022611788,-0.02101804,6.840749e-05,9.940055e-05,6.358546e-05
43.028,-0.06889522,-0.0018228219,-0.0026920831,-0.0,-0.0,0.0
43.052,-0.04873666,0.020779192,0.008914356,7.492211e-05,0.00017571861,-3.214725e-05
43.091,0.02945409,0.036050823,0.033348966,-0.0,-0.0,0.0
43.130,0.07160379,0.018946595,0.029683774,-0.0,-0.0,0.0
43.151,0.058164757,-0.042750794,0.016855605,-0.0,-0.0,-0.0
43.191,0.015404189,-0.11849809,-0.002081218,-0.0009503908,-0.00012355435,1.6633308e-05
43.230,0.030064955,-0.10994597,0.014412143,-0.0,-0.0,-0.0
43.249,0.041671395,-0.070850596,0.015633874,-0.00039783592,-0.00023396718,-8.783065e-05
43.291,0.04106053,0.039716017,-0.023461502,0.0,-0.0,0.0
43.332,0.031897552,-0.0060988786,0.0119686825,-0.0,-0.0,-0.0
43.351,0.04106053,-0.04702685,0.021742526,-0.0,-0.0,-0.0
43.390,0.014182458,0.034218226,0.019909931,9.656644e-05,-4.0027157e-05,-5.618606e-05
43.431,0.0074629406,0.051322453,-0.0008594874,0.0,-0.0,0.0
43.451,0.027010627,0.05071159,0.0034165692,0.00019587974,-0.00010433352,-1.3186745e-05
43.488,0.016015055,0.08614178,-0.00024862215,0.0,-0.0,0.0
43.529,-0.06584089,-0.029311758,0.0003622431,-0.0,0.0,0.0
43.571,-0.03713022,-0.05435723,-0.020407176,-0.0,-0.0,0.0
43.589,-0.030410703,-0.044583388,0.0015839735,-0.00016153634,0.00011018598,-5.7302295e-06
43.630,-0.03713022,-0.038474735,-0.019185444,-0.0,-0.0,0.0
43.652,-0.028578108,-0.051302906,-0.01735285,-0.00021083094,0.0001174328,7.1323055e-05
43.690,-0.017582534,-0.0849005,-0.024683231,-0.0,-0.0,0.0
43.729,-0.07317127,-0.104448184,-0.012465927,-0.0,-0.0,0.0
43.771,-0.036519356,-0.12582847,-0.064389475,-0.0,-0.0,0.0
43.791,0.02945409,-0.18141721,-0.061946012,-0.002361079,-0.0003843109,0.0008058043
43.822,0.07893417,-0.16492385,-0.04850698,-0.0,-0.0,0.0
43.871,-0.020025995,-0.07879184,-0.011855061,-0.0,-0.0,0.0
43.891,-0.005976095,-0.03542041,-0.025294097,-0.0,-0.0,0.0
43.929,0.025788898,-0.19974317,0.015633874,-0.0027077678,-0.0003493085,-0.00021240684
43.971,0.09726013,-0.08917655,-0.071109,-0.0,-0.0,0.0
43.992,0.16506618,0.11851763,-0.06683293,0.0017024799,-0.002368735,0.00096141495
44.032,0.2878501,0.31094018,0.024796853,-0.0,-0.0,0.0
44.072,0.21149193,0.37385932,0.037625022,-0.0,-0.0,0.0
44.091,0.12902513,0.37019414,0.01746647,-0.0,-0.0,0.0
44.132,0.13879897,0.10080253,0.0926029,0.0013175841,-0.0018165439,-0.0012102203
44.172,0.047169182,0.13195667,0.080996454,-0.0,-0.0,0.0
44.190,0.011128132,0.18449107,0.026018584,0.0023108143,-0.00013976151,-0.00032573362
44.230,0.023345439,0.034829095,-0.026515827,0.0,-0.0,0.0
44.270,0.2420352,-0.28526428,-0.042398322,-0.0,-0.0,0.0
44.309,0.26402634,0.021390056,-0.0014703526,0.0,-0.0,0.0
44.328,0.20538329,-0.0054880134,0.0015839735,-7.569958e-05,-0.0028318134,-2.1946948e-05
44.369,-0.04690407,0.019557461,0.07427694,0.0,-0.0,-0.0
44.408,-0.02063686,0.30299893,0.1048202,0.0,-0.0,-0.0
44.428,0.08870801,0.40501344,0.13292,-0.0,-0.0,0.0
44.468,0.09054061,0.48198244,0.09748981,-0.0,-0.0,0.0
44.508,-0.10127107,0.116074175,0.036403295,0.0,-0.0,-0.0
44.528,-0.10860146,-0.05374637,0.009525222,-0.00043836376,0.0008858567,-7.750111e-05
44.568,-0.03468676,-0.13560231,-0.010633332,-0.0,-0.0,0.0
44.609,0.015404189,0.02872044,-0.002081218,0.0,-0.0,0.0
44.629,0.021512842,0.042159475,0.019299066,-0.0,-0.0,0.0
44.669,-0.0023109033,0.08430918,0.006470896,0.0,-0.0,-0.0
44.709,-0.035297625,0.07331361,-0.018574579,-0.0,0.0,0.0
44.729,-0.03713022,-0.05435723,-0.012465927,-0.00024440346,0.00016693654,5.6069195e-05
44.769,-0.012084748,-0.10322645,-0.012465927,-0.0,-0.0,0.0
44.808,0.0105172675,-0.084289625,-0.012465927,-0.0,-0.0,0.0
44.828,0.022734571,-0.071461454,-0.016741984,-0.0,-0.0,0.0
44.868,-0.026745513,-0.066574536,-0.00818987,-0.0,-0.0,0.0
44.910,-0.052401852,-0.032366086,-0.012465927,-0.0,-0.0,0.0
44.928,-0.045682333,-0.017094454,-0.009411601,-5.698971e-05,0.00015228908,3.137954e-05
44.969,-0.097605884,-0.043972522,0.0015839735,-0.0,0.0,0.0
45.008,-0.0322433,-0.017094454,0.008303491,-0.0,0.0,0.0
45.029,-0.05118012,0.0073401565,-0.0014703526,-0.0,0.0,0.0
45.069,-0.09516242,-0.031144354,-0.024683231,-0.00021559582,0.0006585686,0.00017089529
45.109,-0.093329825,-0.016483588,-0.018574579,-0.0,-0.0,0.0
45.149,-0.053012718,0.059263702,-0.016741984,-0.0,0.0,0.0
45.168,-0.024912918,0.05315505,-0.023461502,-0.0,0.0,0.0
45.209,0.025788898,0.015892271,-0.011244196,0.0,-0.0,0.0
45.249,-0.003532634,-0.02381397,-0.0039138137,-0.0,-0.0,0.0
45.269,-0.0145282075,-0.030533489,-0.00818987,-7.129006e-05,3.3919845e-05,1.9122956e-05
45.309,0.002576019,-0.2712144,-0.018574579,-0.0,-0.0,0.0
45.348,0.016625918,-0.06229848,-0.04545265,-0.0,-0.0,0.0
45.368,0.14796194,-0.0952852,-0.06255688,-0.0,-0.0,0.0
45.408,0.537694,0.0610963,-0.123643406,0.0,-0.0,0.0
45.448,0.32572374,-0.018927049,-0.03812227,-0.0,-0.0,0.0
45.468,0.15345973,-0.09162001,-0.020407176,-0.0011058061,-0.0018526952,0.0002453303
45.509,0.0013542882,-0.18935846,0.006470896,-0.0,-0.0,-0.0
45.548,0.042893123,-0.13132624,0.04434454,-0.0,-0.0,-0.0
45.569,0.081988506,-0.10689165,0.0626705,-0.0,-0.0,-0.0
45.608,0.045336585,-0.04947031,0.026629448,-0.0,-0.0,-0.0
45.648,0.012960727,0.34881383,-0.027126694,0.0,-0.0,0.0
45.668,-0.016360804,0.14661743,-0.049728706,0.0015317474,0.00017132807,0.00051941164
45.709,-0.15075116,-0.042750794,0.0015839735,-0.0,0.0,0.0
45.748,0.03617361,0.13440013,0.07183348,-0.0,-0.0,0.0
45.768,0.15834665,0.30299893,0.087715976,-0.0,-0.0,0.0
45.808,0.24875471,0.40990037,0.04373368,-0.0,-0.0,0.0
45.849,0.08137763,0.015281404,0.01746647,-0.0,-0.0,0.0
45.888,-0.10676886,-0.1746977,-0.05583736,-0.0,-0.0,0.0
45.908,-0.12142963,-0.10078299,-0.06377861,-0.0,-0.0,0.0
45.948,-0.05545618,0.053765915,-0.017963715,-0.0,0.0,0.0
45.988,-0.10066021,0.075757064,-0.011855061,-0.0,0.0,0.0
46.008,-0.116542704,0.020168327,-0.011244196,0.0001607605,0.00092920236,8.957531e-05
46.049,-0.059732236,-0.0018228219,-0.0039138137,-0.0,-0.0,0.0
46.088,-0.0145282075,-0.04947031,0.0003622431,-0.0,0.0,0.0
46.109,-0.042017143,-0.04947031,-0.00024862215,-0.0,-0.0,0.0
46.148,-0.018804263,-0.029922623,0.004027434,-0.0,0.0,0.0
46.189,0.031286687,0.0110053485,0.0003622431,-0.0,-0.0,0.0
46.208,0.018458515,0.015892271,-0.011244196,2.8612143e-05,-3.3231678e-05,2.0244073e-05
46.248,0.09115148,-0.19119106,-0.030791884,-0.0,-0.0,0.0
46.288,0.116807826,-0.09650694,-0.071719855,-0.0,-0.0,0.0
46.308,0.18888992,0.08430918,-0.05705909,0.0,-0.0,0.0
46.348,0.33427584,0.21136916,-0.07843938,0.0,-0.0,0.0
46.388,0.30251086,0.3139945,-0.028348424,0.0,-0.0,0.0
46.408,0.2573068,0.26390356,-0.011244196,0.0065311017,-0.006365942,0.00029902373
46.448,0.29762393,0.6548573,-0.11142609,0.0,-0.0,0.0
46.489,0.5541873,0.94257486,-0.064389475,0.0,-0.0,0.0
46.508,0.6519258,1.1679841,0.015023009,-0.0,-0.0,0.0
46.548,0.6006131,1.3854522,-0.0039138137,0.0,-0.0,0.0
46.589,0.56945896,0.6469161,-0.018574579,0.0,-0.0,0.0
46.609,0.5047072,0.5345169,0.006470896,0.026367825,-0.024897236,9.143096e-06
46.651,0.31350642,0.85644287,0.08160732,-0.0,-0.0,0.0
46.689,0.2719676,1.0201547,0.12375702,-0.0,-0.0,0.0
46.709,0.28723922,0.7611479,0.022964256,-0.0,-0.0,0.0
46.750,0.2035507,0.5907165,-0.054004766,0.0,-0.0,0.0
46.790,0.103979655,0.56506014,-0.10043052,0.0,-0.0,0.0
46.829,-0.24238095,-0.34207478,-0.043009188,-0.0,-0.0,0.0
46.849,0.10336878,0.007951022,-0.030181019,0.0,-0.0,0.0
46.889,0.055110432,0.1875454,-0.096765324,0.0,-0.0,0.0
46.928,-0.55942,-0.36406592,-0.18778425,-0.0,-0.0,0.0
46.949,-0.5893524,-0.5888643,-0.24154039,-0.034527864,0.034053914,0.014649583
46.989,-0.36516485,-0.6157424,-0.2586446,-0.0,-0.0,0.0
47.029,-0.3676083,-0.7098156,-0.18961686,-0.0,-0.0,0.0
47.050,-0.45190772,-0.8961295,-0.15113235,-0.0,-0.0,0.0
47.089,-0.69381034,-1.2589835,-0.077217646,-0.0,-0.0,0.0
47.116,-0.7646707,-1.2993007,-0.023461502,-0.0,-0.0,0.0
47.148,-0.58996326,-1.093439,0.05228579,-0.09127467,0.049395986,-0.0021158978
47.188,-0.3028566,-0.61024463,0.08588338,-0.0,0.0,0.0
47.229,-0.096384145,-0.43798062,0.049231466,-0.0,0.0,0.0
47.250,-0.039573684,-0.38239187,0.015023009,-0.0,0.0,0.0
47.288,-0.050569255,-0.31275323,-0.014909388,-0.0,-0.0,0.0
47.328,-0.120818764,-0.4575283,0.016855605,-0.0,0.0,0.0
47.348,-0.11348838,-0.5045649,0.038846754,-0.017555952,0.003960989,-0.0013171005
47.388,-0.012695612,-0.33963132,0.060837902,-0.0,0.0,0.0
47.430,0.072214656,-0.1374349,0.05228579,-0.0,-0.0,-0.0
47.449,0.056943025,-0.08367877,0.028462043,-0.0,-0.0,-0.0
47.489,-0.017582534,0.021390056,-0.049728706,-0.0,0.0,0.0
47.529,0.009906402,0.04826813,-0.03506794,0.0,-0.0,0.0
47.551,0.028843224,0.04948986,-0.024072366,0.00020636602,-0.00012025847,0.00010038797
47.589,0.024567168,0.007951022,-0.011244196,0.0,-0.0,0.0
47.630,0.09176234,0.035439957,-0.010633332,0.0,-0.0,0.0
47.669,0.14368589,0.15761301,-0.014298523,0.0022610947,-0.0020608688,0.00020743537
47.689,0.08443196,0.15700214,-0.0075790053,0.0,-0.0,0.0
47.729,-0.14036645,-0.04702685,-0.011244196,-0.0,-0.0,0.0
47.770,-0.10676886,-0.031144354,-0.01979631,-0.0,-0.0,0.0
47.789,-0.015139073,-0.026868297,-0.025904963,-0.0,-0.0,0.0
47.830,0.03617361,0.023833519,-0.06072428,0.0,-0.0,0.0
47.869,-0.048125796,-0.09956127,-0.01735285,-0.00074791047,0.0003614638,0.00013048675
47.889,-0.07194954,-0.09039828,-0.018574579,-0.0,-0.0,0.0
47.928,-0.093329825,-0.02381397,-0.010022466,-0.0,-0.0,0.0
47.970,-0.12326222,0.055598512,0.027240314,0.0,-0.0,-0.0
47.988,-0.20450729,0.23763636,-0.0039138137,-0.0,0.0,0.0
48.029,-0.10127107,-0.27549046,0.004027434,-0.0,0.0,0.0
48.069,-0.06767348,0.04948986,-0.02101804,-0.0,0.0,0.0
48.089,-0.098827615,0.021390056,-0.015520253,0.00014681066,0.00067847816,0.00010649968
48.128,-0.0780582,-0.09100915,-0.0057464093,-0.0,-0.0,0.0
48.171,-0.13975559,-0.061687615,-0.04850698,-0.0,-0.0,0.0
48.189,-0.15869242,-0.029922623,-0.071719855,-0.0,-0.0,0.0
48.230,-0.042017143,-0.00060109136,-0.04423092,-0.0,-0.0,0.0
48.269,-0.00658696,-0.04336166,0.002805704,-0.0,0.0,0.0
48.289,-0.035908494,-0.113000296,0.002805704,-0.00089938205,0.00028581073,-2.2202466e-05
48.329,-0.070116945,-0.07573752,0.03029464,-0.0,0.0,0.0
48.368,-0.017582534,0.04643553,0.0327381,0.0,-0.0,-0.0
48.389,0.0068520755,0.039716017,0.01746647,-0.0,-0.0,0.0
48.428,0.08748629,0.038494285,0.011357818,-0.0,-0.0,0.0
48.470,0.15345973,0.14539571,-0.00818987,0.0,-0.0,0.0
48.509,0.033119284,0.0610963,-0.033235345,0.0,-0.0,0.0
48.528,-0.032854166,-0.009153205,-0.04178746,-0.0,-0.0,0.0
48.570,-0.008419556,-0.018316183,-0.06683293,-0.0,-0.0,0.0
48.610,0.05633216,-0.05435723,-0.021628907,-0.00029623974,-0.00030703904,0.000117836404
48.630,0.02945409,-0.07268319,-0.01979631,-0.0,-0.0,0.0
48.670,-0.08538858,-0.06474195,0.09748981,-0.0,0.0,0.0
48.711,-0.0322433,-0.09589607,0.046177134,-0.0,0.0,0.0
48.731,-0.013306477,-0.02381397,0.07549866,-0.0,0.0,0.0
48.771,0.13146858,-0.010985801,0.10054415,-0.0,-0.0,-0.0
48.811,0.2243201,-0.117887214,0.07427694,-0.0020916713,-0.003973731,-0.0013203981
48.831,0.2243201,-0.16553472,0.04739887,-0.0,-0.0,-0.0
48.874,0.13330118,-0.116054624,-0.014909388,-0.0,-0.0,0.0
48.910,0.15834665,0.07392447,-0.042398322,0.0,-0.0,0.0
48.929,0.17361829,0.1930432,-0.010022466,0.0,-0.0,0.0
48.972,0.023345439,0.18265848,-0.03506794,0.0,-0.0,0.0
49.009,-0.12570567,0.11424158,-0.024072366,-0.0,0.0,0.0
49.028,-0.20878336,0.054987643,-0.058891684,0.0008244102,0.0031358344,0.0008831325
49.070,-0.18740308,-0.21867998,-0.07294159,-0.0,-0.0,0.0
49.108,-0.07927992,-0.24861237,-0.14441283,-0.0,-0.0,0.0
49.128,-0.025523784,-0.28098825,-0.11997821,-0.0,-0.0,0.0
49.169,0.20721588,-0.052524637,-0.090656675,-0.0,-0.0,0.0
49.209,0.1559032,-0.060465883,0.015633874,-0.0,-0.0,-0.0
49.229,0.055721294,-0.09833953,0.005249165,-0.0007467342,-0.00042309592,-4.0016683e-05
49.268,-0.05545618,-0.08245703,0.023575123,-0.0,0.0,0.0
49.308,-0.064619154,-0.007320609,0.018077336,-0.0,0.0,0.0
49.351,-0.04751493,0.15455869,0.012579548,0.0016822382,0.0005170328,-0.00013734959
49.368,-0.07072781,0.21564521,-0.013687657,-0.0,0.0,0.0
49.408,-0.14891857,0.094083026,-0.060113415,-0.0,0.0,0.0
49.449,-0.20145297,0.026887843,-0.06622207,-0.0,0.0,0.0
49.469,-0.12265136,0.055598512,-0.05828082,-0.0,0.0,0.0
49.508,-0.07256041,-0.11483289,-0.0039138137,-0.0,-0.0,0.0
49.548,-0.20511816,-0.40926993,0.007081761,-0.012573026,0.006302819,-0.00017793785
49.568,-0.2613178,-0.4049939,0.011357818,-0.0,0.0,0.0
49.609,-0.26986986,-0.16675644,0.051674925,-0.0,0.0,0.0
49.649,-0.10127107,0.07148101,0.033348966,0.0,-0.0,-0.0
49.669,-0.023691187,0.12462628,0.0119686825,0.0,-0.0,-0.0
49.709,0.08137763,0.1050786,-0.0008594874,0.0,-0.0,0.0
49.748,0.044114858,0.10813292,-0.022850636,0.00086356775,-0.0003522167,0.00018263434
49.769,-0.0053652297,0.1631108,0.07244434,0.0,-0.0,-0.0
49.811,0.09054061,0.012837944,0.22882585,-0.0,-0.0,0.0
49.849,0.08870801,0.04643553,0.12742221,-0.0,-0.0,0.0
49.869,0.08992975,0.100191675,0.12742221,-0.0,-0.0,0.0
49.909,0.072214656,0.15028262,0.040068485,-0.0,-0.0,0.0
49.949,0.21821146,-0.023203107,0.048620597,-0.0,-0.0,-0.0
49.968,0.3263346,-0.17225422,0.09321376,-0.0044092373,-0.00832902,-0.0023989782
50.009,0.32755634,0.1154633,0.032127235,-0.0,-0.0,0.0
50.048,0.26402634,0.06781582,0.008914356,-0.0,-0.0,0.0
50.088,0.18522473,0.018335732,-0.028348424,0.00023208593,-0.0023402167,0.00035844548
50.108,0.21088107,0.058041975,-0.010633332,0.0,-0.0,0.0
50.148,0.12902513,0.08308745,-0.025904963,0.0,-0.0,0.0
50.188,-0.14403164,-0.20890614,-0.056448225,-0.0,-0.0,0.0
50.208,-0.15014029,-0.20096488,-0.055226494,-0.0,-0.0,0.0
50.249,0.026399763,-0.043972522,-0.041176595,-0.0,-0.0,0.0
50.288,0.017236784,-0.010374935,-0.0130767925,-1.6706055e-05,-2.7755887e-05,2.1056812e-05
50.309,-0.011473882,0.0030641,-0.0014703526,-0.0,0.0,0.0
50.348,0.032508414,0.014059674,0.02785118,-0.0,-0.0,0.0
50.388,0.009295536,-0.012818397,0.03151637,-0.0,-0.0,-0.0
50.408,-0.0145282075,0.0055075614,0.021131663,0.0,-0.0,-0.0
50.448,-0.004143499,0.07942226,0.006470896,0.0,-0.0,-0.0
50.489,-0.026134647,0.014059674,-0.0075790053,2.8898898e-05,5.3719355e-05,1.5577683e-05
50.508,-0.064619154,0.026887843,-0.004524679,-0.0,0.0,0.0
50.549,-0.08050165,0.019557461,-0.021628907,-0.0,0.0,0.0
50.588,-0.11715357,-0.04947031,0.008914356,-0.0,0.0,0.0
50.609,-0.15197289,0.011616214,0.010136087,0.0,-0.0,-0.0
50.648,-0.21367027,0.06353976,0.012579548,0.0,-0.0,-0.0
50.688,-0.21122682,0.12401542,-0.0008594874,0.0020384481,0.0034719864,1.058861e-05
50.708,-0.26009604,0.1490609,0.002805704,0.0,-0.0,-0.0
50.748,-0.24360268,0.010394483,-0.002081218,-0.0,0.0,0.0
50.788,-0.20939423,-0.045194257,-0.0039138137,-0.0,-0.0,0.0
50.808,-0.16480106,-0.09956127,0.005249165,-0.0,0.0,0.0
50.849,-0.04384974,-0.06229848,0.004027434,-0.0,0.0,0.0
50.888,0.15895753,0.07209187,0.0186882,0.00084903464,-0.0018726075,-0.00021935147
50.909,0.18339214,0.056209378,0.025407718,-0.0,-0.0,0.0
50.948,0.30373257,0.10874379,0.037625022,-0.0,-0.0,0.0
50.989,0.12352733,-0.026868297,0.033959832,-0.0,-0.0,-0.0
51.010,0.052056104,-0.111778565,0.015633874,-0.0,-0.0,-0.0
51.049,0.04106053,-0.07451578,-0.005135544,-0.0,-0.0,0.0
51.089,0.022123707,0.020779192,-0.00024862215,0.0,-0.0,0.0
51.128,-0.03346503,0.0048966957,0.01624474,0.0,-0.0,-0.0
51.149,-0.036519356,-0.026868297,0.013190414,-0.0,0.0,0.0
51.188,-0.0029217685,-0.0060988786,0.011357818,-0.0,0.0,0.0
51.231,-0.013306477,-0.0067097438,-0.0069681397,-7.4076997e-06,1.4690494e-05,7.69297e-06
51.248,-0.02979984,-0.0012119566,-0.009411601,-0.0,-0.0,0.0
51.288,-0.02979984,0.025055248,-0.013687657,-0.0,0.0,0.0
51.329,-0.0145282075,0.023833519,-0.01735285,-0.0,0.0,0.0
51.348,0.002576019,0.01467054,-0.016741984,0.0,-0.0,0.0
51.388,0.000743423,0.015281404,0.0003622431,-0.0,-0.0,0.0
51.428,-0.045682333,-0.012818397,0.013190414,-4.235947e-05,0.00015097375,-4.3589018e-05
51.449,-0.08722117,-0.04030733,0.0119686825,-0.0,0.0,0.0
51.489,-0.14219905,-0.123385005,-0.02223977,-0.0,-0.0,0.0
51.528,-0.21428114,-0.33230093,-0.054004766,-0.0,-0.0,0.0
51.548,-0.21305941,-0.33963132,-0.05278303,-0.0,-0.0,0.0
51.589,-0.17335317,-0.2870969,-0.05705909,-0.0,-0.0,0.0
51.629,-0.11287751,-0.1746977,-0.060113415,-0.0025388817,0.0016388744,0.00087546237
51.649,-0.08172339,-0.10505905,-0.04545265,-0.0,-0.0,0.0
51.689,-0.00047830748,0.021390056,-0.01735285,-0.0,0.0,0.0
51.728,0.031286687,-0.04336166,0.028462043,-0.0,-0.0,-0.0
51.750,0.053277835,0.057431106,0.03029464,-0.0,-0.0,0.0
51.789,0.11497523,0.17044118,0.026629448,-0.0,-0.0,0.0
51.829,0.061829947,0.045213804,0.032127235,0.0002520002,-0.00034467538,-0.00017904039
51.869,0.022734571,0.022000924,0.010746952,-0.0,-0.0,0.0
51.888,-0.025523784,0.036050823,0.008303491,0.0,-0.0,-0.0
51.928,-0.03468676,0.14234138,-0.0075790053,-0.0,0.0,0.0
51.968,0.0037977493,0.10568946,0.015023009,0.00075762963,-2.7264825e-05,-0.00010768159
51.989,0.0068520755,0.082476586,0.0119686825,-0.0,-0.0,0.0
52.028,0.009906402,0.15883473,0.014412143,-0.0,-0.0,0.0
52.070,0.016015055,0.07087014,0.03518156,-0.0,-0.0,0.0
52.088,0.00624121,0.10263513,0.0186882,-0.0,-0.0,0.0
52.127,-0.024302052,0.11790677,0.027240314,0.0,-0.0,-0.0
52.170,-0.15197289,0.16738686,0.04434454,0.0025887405,0.0023487287,-0.00068864186
52.188,-0.14708596,0.23946895,0.07733126,0.0,-0.0,-0.0
52.229,-0.13792299,0.22053212,0.07733126,0.0,-0.0,-0.0
52.269,-0.07866906,0.037272554,0.045566272,0.0,-0.0,-0.0
52.289,-0.1043254,-0.08917655,0.023575123,-0.0,0.0,0.0
52.329,-0.11715357,-0.35245946,0.04373368,-0.0,0.0,0.0
52.369,-0.13792299,-0.3170293,-0.018574579,-0.0073663443,0.0032027836,0.00044334843
52.389,-0.14586425,-0.30908805,-0.029570155,-0.0,-0.0,0.0
52.429,-0.1483077,-0.25716448,-0.014909388,-0.0,-0.0,0.0
52.471,-0.1043254,-0.14537616,-0.012465927,-0.0,-0.0,0.0
52.490,-0.038351953,-0.07512665,-0.017963715,-0.0,-0.0,0.0
52.530,-0.012695612,-0.020148778,-0.019185444,-0.0,-0.0,0.0
52.570,-0.04384974,0.1472283,-0.0130767925,0.001523243,0.00045378707,0.0001349513
52.590,-0.049958393,0.18876714,-0.00818987,-0.0,0.0,0.0
52.630,-0.007197825,0.3036098,0.010136087,0.0,-0.0,-0.0
52.672,0.02945409,0.18571281,0.010136087,-0.0,-0.0,0.0
52.691,-0.0029217685,0.18998887,-0.008800736,-0.0,0.0,0.0
52.730,0.033119284,0.06292889,0.033959832,-0.0,-0.0,0.0
52.771,0.025788898,0.12035023,0.03945762,0.0010438635,-0.00022386802,-0.00034213325
52.794,0.03067582,0.098969944,0.045566272,-0.0,-0.0,0.0
52.834,0.04900178,0.04582467,0.026629448,-0.0,-0.0,0.0
52.872,0.04472572,-0.02137051,-0.0057464093,-0.0,-0.0,0.0
52.911,0.019680247,0.058041975,-0.018574579,0.00024944913,-8.456942e-05,7.9838115e-05
52.932,0.0031868839,0.040937744,-0.02101804,0.0,-0.0,0.0
52.972,-0.03896282,0.123404555,-0.033235345,0.0011064218,0.00034951445,0.0002978025
52.992,-0.08050165,0.15455869,-0.046063516,-0.0,0.0,0.0
53.031,-0.10860146,0.061707165,-0.036289673,-0.0,0.0,0.0
53.074,0.040449664,-0.14720875,0.021742526,-0.0,-0.0,-0.0
53.109,0.0960384,-0.2076844,0.049842328,-0.0032643462,-0.0015079591,-0.00078573276
53.130,-0.0010891727,0.0610963,0.026629448,0.0,-0.0,-0.0
53.169,-0.085999444,0.13806532,0.008914356,0.0,-0.0,-0.0
53.209,-0.040795416,0.19487579,0.00097310834,0.0,-0.0,-0.0
53.230,0.03556274,0.13440013,0.024185987,-0.0,-0.0,0.0
53.269,-0.0145282075,-0.05435723,0.029683774,-0.0,0.0,0.0
53.310,-0.020025995,0.0030641,0.009525222,4.603527e-06,3.0085768e-05,-1.4310166e-05
53.329,-0.057288777,0.100191675,0.00097310834,0.0,-0.0,-0.0
53.369,-0.097605884,0.037272554,-0.004524679,-0.0,0.0,0.0
53.409,-0.07317127,0.09835908,0.0034165692,0.0,-0.0,-0.0
53.429,-0.13731211,-0.076959245,-0.025294097,-0.0,-0.0,0.0
53.469,-0.1800727,-0.2040192,-0.04423092,-0.0,-0.0,0.0
53.509,-0.13120347,-0.10322645,-0.010022466,-0.0011586265,0.0014724724,0.00011333838
53.550,-0.05667791,-0.020148778,-0.0057464093,-0.0,-0.0,0.0
53.569,-0.016971668,-0.015261857,-0.002081218,-0.0,-0.0,0.0
53.610,0.0019651535,0.091639556,-0.004524679,0.0,-0.0,0.0
53.649,0.023956303,0.080033116,-0.0039138137,0.00044918765,-0.0001344499,2.199649e-05
53.669,0.033119284,0.052544184,-0.016741984,0.0,-0.0,0.0
53.709,0.0044086147,0.07758966,-0.027737558,0.000429659,-2.4379955e-05,0.00015360353
53.749,0.059997354,0.06903754,-0.027737558,0.0,-0.0,0.0
53.769,0.055110432,0.0110053485,-0.0075790053,0.0,-0.0,0.0
53.809,-0.001700038,0.029942172,-0.005135544,-0.0,0.0,0.0
53.850,-0.004754364,0.020779192,0.009525222,3.255747e-05,7.4490267e-06,-1.49245025e-05
53.869,-0.001700038,0.05010072,0.010136087,0.0,-0.0,-0.0
53.910,0.00624121,0.08492004,0.008303491,0.00048755336,-3.584448e-05,-4.766437e-05
53.949,0.0019651535,0.043381207,-0.0026920831,0.0,-0.0,0.0
53.970,-0.015749939,0.025055248,-0.015520253,-0.0,0.0,0.0
54.010,-0.0322433,0.014059674,-0.021628907,-0.0,0.0,0.0
54.049,0.03067582,-0.02137051,-0.013687657,-5.7095942e-05,-8.196028e-05,3.656816e-05
54.069,0.04228226,0.0055075614,-0.018574579,0.0,-0.0,0.0
54.109,0.07282552,0.017114,-0.039343998,9.71221e-05,-0.00041307844,0.00022319162
54.150,0.08565369,-0.059244156,-0.05217217,-0.0,-0.0,0.0
54.169,0.06671687,-0.028700894,-0.041176595,-0.0,-0.0,0.0
54.210,0.08870801,0.062318027,-0.0130767925,0.0,-0.0,0.0
54.250,0.13757724,0.2718448,0.052896656,0.0056394814,-0.0028579372,-0.0010895993
54.269,0.18766819,0.30910757,0.07122261,-0.0,-0.0,0.0
54.310,0.19316597,0.18510194,-0.05217217,0.0,-0.0,0.0
54.349,-0.0181934,-0.037863873,-0.08088283,-0.0,-0.0,0.0
54.389,-0.03468676,-0.20524095,-0.06072428,-0.0029866025,0.00050339306,0.0008843273
54.409,0.039227933,-0.03542041,-0.08088283,-0.0,-0.0,0.0
54.450,0.032508414,0.19854099,-0.039343998,0.0027313735,-0.0004464661,0.0005418504
54.489,-0.096384145,0.018946595,0.09015943,0.0,-0.0,-0.0
54.510,-0.08111252,0.09041783,0.10787453,0.0,-0.0,-0.0
54.549,0.011738998,-0.11483289,0.17445883,-0.0,-0.0,-0.0
54.589,-0.074393004,-0.567484,0.17445883,-0.022772122,0.0030661642,-0.0069693597
54.610,-0.12448396,-0.57298183,0.11398318,-0.0,0.0,0.0
54.651,-0.16174674,-0.48868245,-0.094932735,-0.017173087,0.0056519466,0.0033828535
54.689,-0.0603431,-0.29625985,-0.071109,-0.0,-0.0,0.0
54.709,0.0013542882,-0.10750251,-0.013687657,-0.0,-0.0,0.0
54.750,0.08504283,0.20220618,0.09932241,-0.0,-0.0,0.0
54.789,0.09970359,0.4337241,0.07183348,0.01311637,-0.0030300773,-0.0021530308
54.811,0.17789435,0.4667108,0.07000088,-0.0,-0.0,0.0
54.851,0.2652481,0.30971843,0.07122261,0.008595835,-0.0073761484,-0.001946647
54.890,0.04594745,-0.17408682,0.020520795,-0.0,-0.0,-0.0
54.909,-0.12998174,-0.21196046,0.012579548,-0.0,0.0,0.0
54.950,-0.104936264,-0.004877148,-0.06255688,-0.0,-0.0,0.0
54.989,0.18950078,0.26023838,-0.019185444,0.005632628,-0.0040997425,0.00042673587
55.009,0.17361829,0.3231575,0.002805704,-0.0,-0.0,0.0
55.050,0.08565369,0.30910757,0.004027434,0.006653696,-0.0018440337,-8.0558355e-05
55.089,0.06977119,0.34820297,-0.03140275,0.0,-0.0,0.0
55.110,0.063662544,0.26756877,-0.0063572745,0.0,-0.0,0.0
55.149,0.009295536,0.032996498,0.14147212,-0.0,-0.0,0.0
55.189,-0.060953967,-0.036031276,0.1292548,-0.0003559729,0.0006030776,-0.001278255
55.229,-0.013306477,-0.23211902,0.106652796,-0.0,0.0,0.0
55.250,-0.04873666,-0.4398132,0.050453193,-0.0,0.0,0.0
55.289,-0.19962038,-0.63101405,-0.07355245,-0.0,-0.0,0.0
55.329,-0.19534431,-0.48990414,-0.08515889,-0.017572576,0.0069753393,0.0031140912
55.351,-0.17518575,-0.4324828,-0.080271974,-0.0,-0.0,0.0
55.389,-0.10554713,-0.16797817,-0.0026920831,-0.0022365353,0.001405243,3.741468e-05
55.429,0.0044086147,0.10385686,0.0626705,-0.0,-0.0,0.0
55.450,0.05266697,0.29139248,0.08282905,-0.0,-0.0,0.0
55.490,0.122916475,0.38241142,0.033348966,-0.0,-0.0,0.0
55.530,0.04839091,0.21198002,0.0186882,0.0031043496,-0.0007091083,-0.0002725881
55.549,0.052056104,0.110576384,0.008914356,-0.0,-0.0,0.0
55.589,-0.0145282075,0.28406212,0.054118384,0.0055192807,0.0002793698,-0.001052257
55.629,-0.007197825,0.4318915,0.040068485,0.0,-0.0,-0.0
55.649,0.015404189,0.23641463,0.033959832,-0.0,-0.0,0.0
55.689,-0.11409924,-0.05741156,-0.046674382,-0.0,-0.0,0.0
55.729,-0.25398737,-0.032366086,-0.118145615,-0.00061782915,0.0048054256,0.0022371172
55.749,-0.21367027,0.081254855,-0.10104139,-0.0,0.0,0.0
55.789,-0.022469455,0.27245566,0.004027434,0.0049988423,0.00041206746,-7.4922726e-05
55.830,0.053888697,0.20831482,0.04800973,-0.0,-0.0,0.0
55.849,-0.007197825,0.055598512,0.063281365,0.0,-0.0,-0.0
55.889,-0.14403164,-0.011596666,0.049842328,-0.0,0.0,0.0
55.929,-0.05545618,-0.3762832,0.005249165,-0.009604452,0.0014161277,-0.00012718319
55.950,-0.060953967,-0.5106736,-0.04423092,-0.0,-0.0,0.0
55.990,-0.07072781,-0.6029143,-0.064389475,-0.024699038,0.0028641187,0.00267289
56.029,-0.05179099,-0.50639755,-0.0674438,-0.0,-0.0,0.0
56.070,-0.035908494,-0.1746977,-0.022850636,-0.0021080351,0.00043299585,0.00027618182
56.090,0.033730146,-0.0024336872,-0.0033029485,-0.0,-0.0,0.0
56.131,0.13085772,0.10935465,0.021742526,0.0012614146,-0.0015098373,-0.000249887
56.170,0.14674021,0.2999446,-0.027737558,0.0,-0.0,0.0
56.190,0.19255511,0.4844259,-0.0375114,0.0,-0.0,0.0
56.230,0.23226136,0.6847897,-0.061335146,0.0,-0.0,0.0
56.253,0.26219377,0.5730014,-0.10898264,0.0,-0.0,0.0
56.291,0.20477241,0.31216192,-0.119367346,0.0,-0.0,0.0
56.329,0.07832331,0.32865527,0.008914356,0.007453569,-0.0017770717,-0.00019555069
56.370,0.12535994,0.002453235,0.09871155,-0.0,-0.0,0.0
56.389,0.10886657,0.0073401565,0.057783578,-0.0,-0.0,0.0
56.429,0.16079012,-0.4489762,0.03518156,-0.0,-0.0,-0.0
56.470,0.07710158,-0.62734884,-0.0039138137,-0.026606066,-0.0032717471,0.00012245863
56.489,0.055721294,-0.5118953,-0.058891684,-0.0,-0.0,0.0
56.529,0.050223507,-0.36162242,-0.06316774,-0.008989969,-0.0012557412,0.0015648928
56.570,0.023345439,-0.017705318,-0.04545265,-0.0,-0.0,0.0
56.589,-0.054845314,0.1154633,-0.03506794,-0.0,0.0,0.0
56.629,-0.1904574,0.20953657,-0.05828082,-0.0,0.0,0.0
56.671,-0.18129441,0.31827056,-0.027126694,0.007842669,0.0044707675,0.00065103656
56.689,-0.16724452,0.32071403,-0.0026920831,-0.0,0.0,0.0
56.730,-0.08050165,0.094693884,-0.004524679,0.00079032534,0.00067190104,3.7498547e-05
56.769,0.06121908,-0.2040192,-0.005135544,-0.0,-0.0,0.0
56.791,0.046558317,-0.3066446,-0.02223977,-0.0,-0.0,0.0
56.830,-0.07256041,-0.46363693,-0.0814937,-0.0,-0.0,0.0
56.870,-0.06950608,-0.57114923,-0.089434944,-0.022319023,0.002676314,0.003524162
56.910,-0.05789964,-0.23150815,-0.044841785,-0.0,-0.0,0.0
56.929,0.0105172675,-0.05191377,-0.0039138137,-0.00018503769,-3.7488328e-05,1.3946666e-05
56.969,0.07160379,0.2968903,0.01624474,-0.0,-0.0,0.0
57.009,0.19255511,0.5571189,0.026629448,0.022053499,-0.0076345284,-0.00097013457
57.030,0.26036114,0.5913273,0.021742526,-0.0,-0.0,0.0
57.069,0.22676356,0.5131366,0.015633874,0.019321231,-0.008544433,-0.0005061818
57.096,0.17056397,0.30299893,0.033348966,-0.0,-0.0,0.0
57.129,0.07893417,-0.25716448,0.010746952,-0.004646118,-0.0014255816,-0.00019746857
57.169,0.122916475,-0.6090229,-0.054004766,-0.0,-0.0,0.0
57.209,-0.098827615,-0.38117012,-0.12608686,-0.010580132,0.0027233546,0.0035126465
57.231,-0.10004934,-0.015261857,-0.14746715,-0.0,-0.0,0.0
57.269,0.0105172675,0.06659409,-0.018574579,0.00031252817,-4.934391e-05,8.7178196e-05
57.309,-0.11471011,0.22236471,-0.035678808,-0.0,0.0,0.0
57.329,-0.14219905,0.2559623,-0.054004766,-0.0,0.0,0.0
57.370,-0.10737972,0.07392447,-0.025294097,-0.0,0.0,0.0
57.410,-0.067062624,-0.032976948,0.00097310834,-0.00016539788,0.0003363587,-4.8528914e-06
57.430,0.022734571,-0.059244156,-0.004524679,-0.0,-0.0,0.0
57.472,0.111310035,-0.27671218,0.041290216,-0.0055920784,-0.00224674,-0.00084057817
57.511,-0.025523784,-0.17164336,-0.018574579,-0.0,-0.0,0.0
57.530,-0.09394069,-0.2040192,-0.0039138137,-0.0,-0.0,0.0
57.570,-0.09577329,0.07758966,-0.03140275,-0.0,0.0,0.0
57.611,0.009295536,-0.065352805,-0.0057464093,-0.00029059948,-4.133756e-05,2.5546173e-05
57.630,-0.018804263,0.032385632,-0.025904963,-0.0,0.0,0.0
57.670,0.0031868839,0.10141341,-0.005135544,0.0006914129,-2.1715312e-05,3.502043e-05
57.710,0.019680247,0.12279369,-0.0069681397,0.0,-0.0,0.0
57.730,0.009906402,0.14661743,-0.0033029485,0.0,-0.0,0.0
57.772,-0.054845314,0.19854099,-0.012465927,-0.0,0.0,0.0
57.811,0.09664927,0.07942226,0.033959832,0.0006907524,-0.0008408323,-0.0002951186
57.850,-0.06645175,-0.07757011,0.0119686825,-0.0,0.0,0.0
57.870,-0.14586425,-0.0030445524,-0.01979631,-3.0222607e-05,0.0014412056,0.00019561882
57.910,-0.057288777,-0.07451578,-0.005135544,-0.0,-0.0,0.0
57.950,-0.17029884,-0.37017456,-0.032013614,-0.010154596,0.0046661072,0.0009017152
57.970,-0.20939423,-0.4153786,-0.044841785,-0.0,-0.0,0.0
58.011,-0.079890795,-0.19058019,-0.032013614,-0.0026746439,0.0011204968,0.0004507424
58.050,0.047169182,-0.08184617,0.0034165692,-0.0,-0.0,-0.0
58.070,0.059997354,-0.029922623,-0.0075790053,-0.00013548383,-0.00027166802,3.4299042e-05
58.111,-0.096384145,-0.048859447,-0.03262448,-0.0,-0.0,0.0
58.150,-0.15075116,-0.20524095,-0.01979631,-0.0035183702,0.0025833417,0.0003438633
58.171,-0.12631655,-0.21867998,-0.009411601,-0.0,-0.0,0.0
58.211,0.0013542882,-0.0012119566,0.008303491,-6.913368e-07,-7.7252344e-07,-4.7365515e-06
58.252,0.06671687,0.075757064,0.035792425,-0.0,-0.0,0.0
58.270,0.031286687,0.056209378,0.037625022,0.00028110383,-0.0001564998,-0.0001881511
58.310,0.014793323,0.1172959,0.021742526,-0.0,-0.0,0.0
58.351,0.23531568,0.27856433,0.036403295,0.0068476377,-0.0057896487,-0.000875371
58.370,0.34038448,0.38363314,0.03518156,-0.0,-0.0,0.0
58.410,0.27929798,0.5180235,0.033959832,0.020483244,-0.011060304,-0.001229994
58.451,0.1662879,0.35003555,0.05228579,-0.0,-0.0,0.0
58.471,0.1943877,0.5027519,0.026629448,-0.0,-0.0,0.0
58.510,0.31656078,0.45388266,-0.0026920831,0.0,-0.0,0.0
58.550,0.114364356,0.043381207,-0.036289673,0.00037158292,-0.0009791319,0.00031089477
58.570,-0.0762256,-0.21867998,-0.059502553,-0.0,-0.0,0.0
58.610,-0.24421355,-0.2534993,-0.09432187,-0.0062058778,0.00596466,0.002325016
58.651,-0.06339743,0.18143675,-0.054004766,-0.0,0.0,0.0
58.691,-0.054845314,0.21869954,-0.065611206,0.0034458549,0.0008660408,0.0010324206
58.710,-0.048125796,0.14967175,-0.04545265,-0.0,0.0,0.0
58.750,0.047169182,0.12279369,0.00586003,0.0010850257,-0.000416827,-5.1554598e-05
58.790,0.002576019,0.091639556,0.05839444,-0.0,-0.0,0.0
58.812,-0.0866103,0.043381207,0.048620597,0.00031564498,0.0006299049,-0.00035374175
58.851,-0.090275496,-0.28892946,0.04800973,-0.0,0.0,0.0
58.891,-0.062786564,-0.37322888,0.057783578,-0.00958736,0.0016201305,-0.0014767511
58.910,-0.067062624,-0.3432965,0.045566272,-0.0,0.0,0.0
58.951,-0.04507147,-0.020148778,-0.027126694,-7.617821e-05,0.00017038212,0.00010255494
58.993,-0.015139073,-0.15087394,-0.061946012,-0.0,-0.0,0.0
59.011,-0.030410703,-0.24067113,-0.023461502,-0.0039362395,0.00049660646,0.00038468765
59.051,0.01784765,-0.18813671,-0.02223977,-0.0,-0.0,0.0
59.091,0.37153864,-0.14965221,-0.027737558,-0.004028293,-0.010011397,0.0007271392
59.110,0.4265165,-0.22051257,-0.09310014,-0.0,-0.0,0.0
59.150,0.247533,-0.33596614,-0.12975205,-0.0098382505,-0.0072773,0.0037691086
59.190,0.07404725,0.0055075614,-0.22626877,0.0,-0.0,0.0
59.210,0.070992924,0.17044118,-0.24092953,0.0034752574,-0.0014375282,0.004910003
59.251,0.1626227,0.27856433,-0.19755809,0.0,-0.0,0.0
59.290,0.107033975,0.065372355,-0.064389475,0.00061879505,-0.0010124577,0.00060950074
59.310,0.013571593,-0.028090026,-0.046674382,-0.0,-0.0,0.0
59.350,-0.02063686,-0.18813671,-0.009411601,-0.0023925,0.00026229,0.00011999866
59.390,0.056943025,-0.07634838,0.0021948388,-0.0,-0.0,-0.0
59.430,0.0031868839,0.076978795,-0.011244196,0.000402225,-1.6640079e-05,5.8755784e-05
59.450,-0.0181934,0.06476149,-0.008800736,-0.0,0.0,0.0
59.491,-0.03346503,-0.028700894,-0.017963715,-9.1696355e-05,0.000106911066,5.739517e-05
59.530,-0.00658696,-0.16431297,-0.0130767925,-0.0,-0.0,0.0
59.551,0.027010627,-0.16309124,-0.008800736,-0.0018118384,-0.00030016142,9.7499375e-05
59.590,0.09726013,-0.04336166,-0.0039138137,-0.0,-0.0,0.0
59.630,0.10581225,0.014059674,-0.002081218,0.000100738325,-0.00075810705,1.4949386e-05
59.650,0.08931889,-0.030533489,0.007081761,-0.0,-0.0,-0.0
59.690,0.04228226,-0.02137051,0.005249165,-6.836116e-05,-0.00013525199,-1.6795659e-05
59.731,0.015404189,0.043381207,-0.0014703526,0.0,-0.0,0.0
59.750,0.008073806,0.012227079,0.0021948388,1.21569465e-05,-8.027516e-06,-2.1822025e-06
59.791,0.0086846715,0.008561888,0.025407718,-0.0,-0.0,0.0
59.830,-0.07194954,0.028109575,0.0186882,0.00014993848,0.00038372757,-9.970025e-05
59.850,-0.118375294,0.05682024,0.037014157,0.0,-0.0,-0.0
59.891,-0.25581998,-0.010985801,0.07916386,-0.0001943076,0.0046011154,-0.0014233341
59.929,-0.49344656,-0.23211902,0.05839444,-0.0,0.0,0.0
59.950,-0.59057415,-0.2815991,0.0767204,-0.0124053005,0.026123969,-0.00322921
59.990,-0.5630852,-0.19363451,0.053507518,-0.0,0.0,0.0
