timestamp,value
00.000,-38.07
00.015,-65.51
00.031,-90.49
00.046,-113.85
00.062,-134.87
00.078,-149.62
00.093,-151.41
00.109,-133.18
00.125,-90.96
00.140,-26.42
00.156,52.47
00.171,132.89
00.187,200.3
00.203,242.32
00.218,251.92
00.234,229.15
00.250,180.6
00.265,117.16
00.281,50.42
00.296,-10.43
00.312,-60.57
00.328,-99.6
00.343,-130.14
00.359,-155.86
00.375,-180.24
00.390,-206.64
00.406,-237.59
00.421,-274.39
00.437,-315.63
00.453,-356.18
00.468,-387.95
00.484,-402.16
00.500,-392.27
00.515,-356.67
00.531,-299.64
00.546,-229.76
00.562,-156.68
00.578,-88.28
00.593,-29.01
00.609,19.4
00.625,56.11
00.640,79.05
00.656,84.31
00.671,68.06
00.687,29.28
00.703,-27.08
00.718,-89.92
00.734,-144.39
00.750,-176.62
00.765,-178.44
00.781,-149.83
00.796,-98.05
00.812,-33.69
00.828,33.7
00.843,98.75
00.859,160.3
00.875,219.91
00.890,279.46
00.906,339.6
00.921,399.27
00.937,456.11
00.953,506.64
00.968,546.63
00.984,571.7
01.000,578.44
01.015,565.69
01.031,535.31
01.046,491.66
01.062,440.6
01.078,388.13
01.093,339.2
01.109,297.02
01.125,263.06
01.140,237.05
01.156,217.07
01.171,200.02
01.187,182.08
01.203,159.97
01.218,132.08
01.234,99.05
01.250,63.26
01.265,27.97
01.281,-4.11
01.296,-31.89
01.312,-56.33
01.328,-80.05
01.343,-106.25
01.359,-137.41
01.375,-174.12
01.390,-214.69
01.406,-255.34
01.421,-291.91
01.437,-320.94
01.453,-340.88
01.468,-352.64
01.484,-359.16
01.500,-364.65
01.515,-373.03
01.531,-386.26
01.546,-402.69
01.562,-416.85
01.578,-420.8
01.593,-407.03
01.609,-372.06
01.625,-318.18
01.640,-253.16
01.656,-186.88
01.671,-127.37
01.687,-77.97
01.703,-37.07
01.718,0.3
01.734,39.78
01.750,85.0
01.765,136.45
01.781,191.15
01.796,243.53
01.812,286.71
01.828,314.29
01.843,322.29
01.859,310.37
01.875,281.86
01.890,241.9
01.906,195.59
01.921,146.34
01.937,95.84
01.953,45.17
01.968,-4.04
01.984,-49.29
02.000,-88.2
02.015,-119.92
02.031,-146.17
02.046,-170.87
02.062,-199.01
02.078,-234.99
02.093,-281.08
02.109,-336.14
02.125,-395.01
02.140,-449.31
02.156,-489.26
02.171,-506.86
02.187,-498.58
02.203,-466.99
02.218,-419.56
02.234,-365.72
02.250,-313.07
02.265,-265.18
02.281,-221.56
02.296,-179.56
02.312,-137.12
02.328,-93.83
02.343,-51.02
02.359,-10.6
02.375,25.55
02.390,55.79
02.406,78.43
02.421,92.0
02.437,96.07
02.453,92.01
02.468,83.08
02.484,73.55
02.500,67.23
02.515,66.31
02.531,71.16
02.546,80.69
02.562,93.65
02.578,109.22
02.593,126.54
02.609,144.0
02.625,158.13
02.640,163.88
02.656,156.32
02.671,133.09
02.687,96.28
02.703,52.9
02.718,13.1
02.734,-13.87
02.750,-23.34
02.765,-17.16
02.781,-2.61
02.796,11.46
02.812,18.61
02.828,17.1
02.843,9.55
02.859,1.2
02.875,-3.17
02.890,-0.64
02.906,8.81
02.921,22.11
02.937,33.3
02.953,34.48
02.968,17.83
02.984,-20.9
03.000,-79.34
03.015,-147.81
03.031,-211.3
03.046,-255.29
03.062,-271.25
03.078,-259.69
03.093,-228.95
03.109,-190.79
03.125,-155.38
03.140,-127.75
03.156,-108.11
03.171,-93.6
03.187,-81.3
03.203,-69.65
03.218,-58.61
03.234,-49.02
03.250,-41.95
03.265,-38.36
03.281,-38.87
03.296,-43.49
03.312,-50.61
03.328,-57.26
03.343,-59.82
03.359,-54.96
03.375,-41.03
03.390,-19.05
03.406,6.94
03.421,30.45
03.437,44.19
03.453,42.95
03.468,25.53
03.484,-4.23
03.500,-38.27
03.515,-67.24
03.531,-83.48
03.546,-83.73
03.562,-69.52
03.578,-45.55
03.593,-16.8
03.609,13.29
03.625,42.81
03.640,70.64
03.656,95.21
03.671,114.59
03.687,127.14
03.703,132.59
03.718,132.27
03.734,128.64
03.750,123.96
03.765,119.47
03.781,114.99
03.796,109.23
03.812,100.94
03.828,89.49
03.843,75.4
03.859,59.86
03.875,44.67
03.890,31.4
03.906,21.2
03.921,14.48
03.937,10.98
03.953,10.17
03.968,11.66
03.984,15.38
04.000,21.54
04.015,30.79
04.031,44.28
04.046,63.04
04.062,87.27
04.078,116.15
04.093,147.82
04.109,180.15
04.125,212.02
04.140,243.89
04.156,277.33
04.171,313.38
04.187,350.17
04.203,382.12
04.218,401.95
04.234,404.87
04.250,392.18
04.265,371.19
04.281,351.48
04.296,339.6
04.312,335.81
04.328,335.37
04.343,333.46
04.359,329.76
04.375,329.35
04.390,338.8
04.406,360.66
04.421,390.55
04.437,419.31
04.453,438.81
04.468,447.05
04.484,448.83
04.500,450.57
04.515,454.24
04.531,454.6
04.546,441.73
04.562,407.54
04.578,351.12
04.593,279.4
04.609,203.99
04.625,135.95
04.640,81.08
04.656,38.58
04.671,3.67
04.687,-29.24
04.703,-62.86
04.718,-96.89
04.734,-130.13
04.750,-160.96
04.765,-188.23
04.781,-211.48
04.796,-230.87
04.812,-246.81
04.828,-259.76
04.843,-268.47
04.859,-271.03
04.875,-267.18
04.890,-258.36
04.906,-247.73
04.921,-240.18
04.937,-241.32
04.953,-256.25
04.968,-288.89
04.984,-339.04
05.000,-403.94
05.015,-480.14
05.031,-562.42
05.046,-643.11
05.062,-712.03
05.078,-755.03
05.093,-755.11
05.109,-712.22
05.125,-633.5
05.140,-526.59
05.156,-404.21
05.171,-279.48
05.187,-162.52
05.203,-59.57
05.218,27.06
05.234,96.65
05.250,148.1
05.265,181.96
05.281,199.94
05.296,203.81
05.312,196.43
05.328,181.34
05.343,161.29
05.359,137.98
05.375,111.65
05.390,81.15
05.406,47.03
05.421,11.12
05.437,-24.51
05.453,-57.2
05.468,-84.34
05.484,-104.3
05.500,-116.4
05.515,-121.33
05.531,-120.73
05.546,-115.43
05.562,-105.74
05.578,-92.07
05.593,-74.6
05.609,-53.67
05.625,-30.22
05.640,-5.69
05.656,17.95
05.671,38.53
05.687,54.8
05.703,66.22
05.718,72.76
05.734,75.02
05.750,74.4
05.765,72.17
05.781,69.11
05.796,65.5
05.812,61.05
05.828,55.76
05.843,49.95
05.859,44.04
05.875,38.63
05.890,34.83
05.906,33.67
05.921,35.72
05.937,41.14
05.953,49.64
05.968,60.87
05.984,74.38
06.000,89.59
06.015,105.76
06.031,123.13
06.046,141.71
06.062,160.65
06.078,178.34
06.093,192.98
06.109,203.47
06.125,209.47
06.140,211.32
06.156,209.91
06.171,209.7
06.187,214.72
06.203,226.68
06.218,244.26
06.234,264.57
06.250,284.9
06.265,303.34
06.281,318.62
06.296,329.98
06.312,343.79
06.328,365.39
06.343,395.87
06.359,430.88
06.375,463.73
06.390,489.01
06.406,503.74
06.421,507.0
06.437,499.22
06.453,492.59
06.468,497.86
06.484,518.93
06.500,550.89
06.515,584.79
06.531,613.5
06.546,633.76
06.562,645.5
06.578,650.38
06.593,664.97
06.609,703.23
06.625,769.3
06.640,855.4
06.656,948.53
06.671,1038.9
06.687,1122.79
06.703,1200.33
06.718,1184.29
06.734,1021.02
06.750,712.17
06.765,319.82
06.781,-75.89
06.796,-419.1
06.812,-686.54
06.828,-876.71
06.843,-999.53
06.859,-1070.85
06.875,-1094.06
06.890,-1073.66
06.906,-1018.82
06.921,-944.62
06.937,-866.77
06.953,-796.06
06.968,-737.49
06.984,-692.52
07.000,-661.25
07.015,-631.74
07.031,-593.53
07.046,-543.08
07.062,-485.15
07.078,-429.66
07.093,-385.1
07.109,-355.35
07.125,-340.96
07.140,-341.23
07.156,-347.33
07.171,-351.03
07.187,-347.8
07.203,-338.49
07.218,-326.92
07.234,-316.52
07.250,-308.08
07.265,-301.89
07.281,-300.08
07.296,-301.32
07.312,-303.59
07.328,-304.3
07.343,-301.33
07.359,-293.26
07.375,-279.38
07.390,-258.18
07.406,-225.31
07.421,-182.84
07.437,-134.91
07.453,-86.79
07.468,-43.52
07.484,-9.48
07.500,12.58
07.515,23.07
07.531,29.29
07.546,41.41
07.562,67.47
07.578,110.91
07.593,170.09
07.609,239.44
07.625,311.62
07.640,379.75
07.656,421.41
07.671,421.62
07.687,381.2
07.703,315.51
07.718,242.43
07.734,172.91
07.750,110.9
07.765,56.91
07.781,10.25
07.796,-30.0
07.812,-61.91
07.828,-84.56
07.843,-100.21
07.859,-113.63
07.875,-129.57
07.890,-150.29
07.906,-175.07
07.921,-201.17
07.937,-225.81
07.953,-243.39
07.968,-249.59
07.984,-243.6
08.000,-227.86
08.015,-206.04
08.031,-181.03
08.046,-154.39
08.062,-126.76
08.078,-98.67
08.093,-68.79
08.109,-37.12
08.125,-5.54
08.140,22.63
08.156,44.49
08.171,59.15
08.187,68.23
08.203,75.77
08.218,81.2
08.234,87.73
08.250,98.54
08.265,115.75
08.281,139.84
08.296,169.73
08.312,203.3
08.328,237.86
08.343,271.06
08.359,301.91
08.375,332.16
08.390,364.33
08.406,400.3
08.421,439.51
08.437,478.13
08.453,509.45
08.468,525.48
08.484,519.21
08.500,486.96
08.515,430.28
08.531,354.83
08.546,269.21
08.562,182.7
08.578,103.28
08.593,36.45
08.609,-15.61
08.625,-53.55
08.640,-80.09
08.656,-98.6
08.671,-112.93
08.687,-126.54
08.703,-141.82
08.718,-159.49
08.734,-178.47
08.750,-196.86
08.765,-212.91
08.781,-225.81
08.796,-236.04
08.812,-244.78
08.828,-253.28
08.843,-262.46
08.859,-272.74
08.875,-284.15
08.890,-296.16
08.906,-307.02
08.921,-313.66
08.937,-312.84
08.953,-302.62
08.968,-283.36
08.984,-257.71
09.000,-228.86
09.015,-198.49
09.031,-165.83
09.046,-127.82
09.062,-82.34
09.078,-30.65
09.093,21.51
09.109,65.63
09.125,94.25
09.140,103.6
09.156,95.0
09.171,74.01
09.187,49.19
09.203,29.23
09.218,20.55
09.234,25.63
09.250,42.57
09.265,67.47
09.281,95.16
09.296,119.26
09.312,132.77
09.328,129.64
09.343,105.81
09.359,60.46
09.375,-3.38
09.390,-79.84
09.406,-159.13
09.421,-230.75
09.437,-287.47
09.453,-328.22
09.468,-356.25
09.484,-377.07
09.500,-394.98
09.515,-410.22
09.531,-419.34
09.546,-412.6
09.562,-378.77
09.578,-310.41
09.593,-209.16
09.609,-83.97
09.625,51.3
09.640,183.02
09.656,307.67
09.671,411.45
09.687,482.56
09.703,518.95
09.718,528.9
09.734,521.82
09.750,505.95
09.765,487.32
09.781,470.24
09.796,455.41
09.812,438.28
09.828,415.9
09.843,384.48
09.859,343.53
09.875,294.29
09.890,241.69
09.906,192.48
09.921,152.58
09.937,124.24
09.953,104.52
09.968,89.25
09.984,73.21
10.000,59.75
10.015,47.88
10.031,36.49
10.046,24.71
10.062,12.13
10.078,-0.95
10.093,-14.0
10.109,-24.2
10.125,-28.59
10.140,-24.59
10.156,-12.64
10.171,5.55
10.187,27.5
10.203,50.34
10.218,71.84
10.234,90.28
10.250,105.46
10.265,117.47
10.281,126.72
10.296,132.7
10.312,134.87
10.328,132.9
10.343,126.28
10.359,115.2
10.375,100.6
10.390,84.23
10.406,67.81
10.421,53.05
10.437,40.59
10.453,30.75
10.468,23.66
10.484,19.23
10.500,17.42
10.515,18.19
10.531,21.52
10.546,27.19
10.562,34.97
10.578,44.07
10.593,53.4
10.609,61.7
10.625,67.98
10.640,71.46
10.656,71.82
10.671,69.09
10.687,63.62
10.703,56.16
10.718,47.53
10.734,38.56
10.750,29.82
10.765,21.84
10.781,14.89
10.796,9.07
10.812,4.23
10.828,0.07
10.843,-3.71
10.859,-7.38
10.875,-11.3
10.890,-15.63
10.906,-20.55
10.921,-26.19
10.937,-32.45
10.953,-39.29
10.968,-46.5
10.984,-53.88
11.000,-61.11
11.015,-68.16
11.031,-74.86
11.046,-81.17
11.062,-87.17
11.078,-92.68
11.093,-97.44
11.109,-101.14
11.125,-103.38
11.140,-103.83
11.156,-102.48
11.171,-99.59
11.187,-95.87
11.203,-92.36
11.218,-90.0
11.234,-89.48
11.250,-91.15
11.265,-95.0
11.281,-100.8
11.296,-108.4
11.312,-117.81
11.328,-129.48
11.343,-144.23
11.359,-162.79
11.375,-185.98
11.390,-214.2
11.406,-247.5
11.421,-285.48
11.437,-327.25
11.453,-371.72
11.468,-417.5
11.484,-463.58
11.500,-509.11
11.515,-553.88
11.531,-597.36
11.546,-637.82
11.562,-671.46
11.578,-692.32
11.593,-693.65
11.609,-669.67
11.625,-618.23
11.640,-541.47
11.656,-445.91
11.671,-340.54
11.687,-234.83
11.703,-136.88
11.718,-52.53
11.734,14.86
11.750,64.55
11.765,97.8
11.781,117.81
11.796,128.78
11.812,135.05
11.828,139.87
11.843,144.64
11.859,148.93
11.875,151.14
11.890,149.73
11.906,143.95
11.921,134.48
11.937,122.87
11.953,110.86
11.968,99.26
11.984,87.39
12.000,73.45
12.015,55.47
12.031,32.71
12.046,6.38
12.062,-20.23
12.078,-42.88
12.093,-57.99
12.109,-63.79
12.125,-60.78
12.140,-51.13
12.156,-37.48
12.171,-21.93
12.187,-5.85
12.203,9.88
12.218,24.37
12.234,36.34
12.250,44.59
12.265,48.72
12.281,49.53
12.296,48.77
12.312,48.39
12.328,49.34
12.343,51.13
12.359,52.12
12.375,50.6
12.390,45.8
12.406,38.7
12.421,31.77
12.437,28.06
12.453,30.07
12.468,38.71
12.484,52.85
12.500,69.76
12.515,86.16
12.531,99.41
12.546,108.67
12.562,114.88
12.578,119.94
12.593,125.36
12.609,130.99
12.625,134.82
12.640,133.72
12.656,125.17
12.671,108.5
12.687,85.34
12.703,58.8
12.718,31.92
12.734,6.51
12.750,-17.43
12.765,-40.86
12.781,-64.5
12.796,-87.94
12.812,-109.34
12.828,-126.51
12.843,-138.04
12.859,-144.26
12.875,-147.07
12.890,-148.99
12.906,-151.63
12.921,-154.77
12.937,-156.35
12.953,-153.61
12.968,-144.61
12.984,-129.26
13.000,-109.4
13.015,-87.7
13.031,-66.49
13.046,-46.62
13.062,-27.27
13.078,-6.89
13.093,15.57
13.109,39.63
13.125,63.35
13.140,84.07
13.156,99.81
13.171,110.24
13.187,116.38
13.203,119.86
13.218,121.67
13.234,121.28
13.250,116.98
13.265,106.84
13.281,89.94
13.296,67.15
13.312,41.1
13.328,14.92
13.343,-9.06
13.359,-29.98
13.375,-48.76
13.390,-66.96
13.406,-85.38
13.421,-103.36
13.437,-118.55
13.453,-128.0
13.468,-129.74
13.484,-123.91
13.500,-112.73
13.515,-99.51
13.531,-86.8
13.546,-75.15
13.562,-63.2
13.578,-48.86
13.593,-31.01
13.609,-10.57
13.625,9.89
13.640,27.58
13.656,41.03
13.671,51.02
13.687,60.08
13.703,70.84
13.718,84.46
13.734,99.98
13.750,114.8
13.765,126.36
13.781,133.47
13.796,136.92
13.812,138.82
13.828,141.36
13.843,145.31
13.859,149.48
13.875,151.38
13.890,148.37
13.906,139.17
13.921,124.37
13.937,106.27
13.953,87.57
13.968,70.31
13.984,55.18
14.000,41.52
14.015,28.22
14.031,14.48
14.046,0.35
14.062,-13.38
14.078,-25.63
14.093,-35.62
14.109,-43.2
14.125,-48.57
14.140,-51.99
14.156,-53.28
14.171,-51.64
14.187,-46.08
14.203,-35.78
14.218,-20.82
14.234,-2.43
14.250,17.23
14.265,35.91
14.281,52.09
14.296,65.54
14.312,77.25
14.328,88.44
14.343,99.79
14.359,110.75
14.375,119.76
14.390,125.07
14.406,125.82
14.421,122.37
14.437,116.29
14.453,109.44
14.468,102.79
14.484,96.08
14.500,88.17
14.515,78.05
14.531,65.67
14.546,52.44
14.562,39.95
14.578,29.62
14.593,21.98
14.609,16.38
14.625,11.22
14.640,5.09
14.656,-2.46
14.671,-10.55
14.687,-17.38
14.703,-21.77
14.718,-23.58
14.734,-23.6
14.750,-23.15
14.765,-23.71
14.781,-25.56
14.796,-27.4
14.812,-26.83
14.828,-21.34
14.843,-10.73
14.859,3.45
14.875,19.02
14.890,33.99
14.906,45.93
14.921,53.66
14.937,57.84
14.953,60.06
14.968,62.41
14.984,62.94
15.000,58.23
15.015,45.82
15.031,25.16
15.046,-5.64
15.062,-46.58
15.078,-94.61
15.093,-143.82
15.109,-184.9
15.125,-215.2
15.140,-235.61
15.156,-248.45
15.171,-256.56
15.187,-267.18
15.203,-284.18
15.218,-304.36
15.234,-317.61
15.250,-308.56
15.265,-275.42
15.281,-226.59
15.296,-176.07
15.312,-138.91
15.328,-132.74
15.343,-166.95
15.359,-239.06
15.375,-336.13
15.390,-436.57
15.406,-531.74
15.421,-619.23
15.437,-697.1
15.453,-712.15
15.468,-625.46
15.484,-433.72
15.500,-177.06
15.515,51.73
15.531,238.18
15.546,386.24
15.562,501.41
15.578,593.05
15.593,659.74
15.609,690.5
15.625,675.95
15.640,615.17
15.656,518.85
15.671,411.59
15.687,310.42
15.703,227.89
15.718,172.17
15.734,143.81
15.750,131.04
15.765,117.69
15.781,90.55
15.796,44.7
15.812,-12.42
15.828,-75.9
15.843,-140.1
15.859,-197.92
15.875,-242.82
15.890,-272.28
15.906,-284.94
15.921,-279.09
15.937,-252.66
15.953,-202.8
15.968,-135.12
15.984,-59.22
16.000,15.34
16.015,80.85
16.031,132.1
16.046,168.11
16.062,191.73
16.078,208.55
16.093,225.58
16.109,246.08
16.125,270.69
16.140,298.59
16.156,326.87
16.171,351.33
16.187,367.91
16.203,373.97
16.218,369.29
16.234,356.36
16.250,338.53
16.265,319.6
16.281,302.97
16.296,289.06
16.312,276.76
16.328,265.09
16.343,254.03
16.359,244.68
16.375,237.5
16.390,231.34
16.406,223.03
16.421,208.42
16.437,181.39
16.453,137.87
16.468,78.49
16.484,8.82
16.500,-62.02
16.515,-125.05
16.531,-173.85
16.546,-205.8
16.562,-222.42
16.578,-231.98
16.593,-244.86
16.609,-269.26
16.625,-308.53
16.640,-359.97
16.656,-417.93
16.671,-476.21
16.687,-529.65
16.703,-553.77
16.718,-530.38
16.734,-456.14
16.750,-345.81
16.765,-222.74
16.781,-104.02
16.796,2.4
16.812,94.68
16.828,173.25
16.843,238.6
16.859,287.85
16.875,318.13
16.890,331.57
16.906,332.14
16.921,324.98
16.937,314.46
16.953,302.48
16.968,289.56
16.984,275.22
17.000,256.28
17.015,229.44
17.031,193.97
17.046,152.12
17.062,107.59
17.078,66.49
17.093,32.75
17.109,8.54
17.125,-6.64
17.140,-16.67
17.156,-26.52
17.171,-39.91
17.187,-57.89
17.203,-78.95
17.218,-100.86
17.234,-122.58
17.250,-142.96
17.265,-162.34
17.281,-183.04
17.296,-208.55
17.312,-242.42
17.328,-285.79
17.343,-337.85
17.359,-395.62
17.375,-454.51
17.390,-506.28
17.406,-540.71
17.421,-549.32
17.437,-527.83
17.453,-478.61
17.468,-407.33
17.484,-322.64
17.500,-232.75
17.515,-143.76
17.531,-57.62
17.546,26.17
17.562,106.35
17.578,179.3
17.593,239.45
17.609,285.36
17.625,317.81
17.640,339.6
17.656,344.92
17.671,328.24
17.687,289.96
17.703,235.5
17.718,178.57
17.734,117.88
17.750,52.87
17.765,-14.87
17.781,-81.36
17.796,-140.25
17.812,-184.92
17.828,-209.63
17.843,-214.12
17.859,-201.51
17.875,-176.34
17.890,-133.59
17.906,-72.29
17.921,2.69
17.937,82.99
17.953,168.92
17.968,265.77
17.984,372.57
18.000,483.0
18.015,574.68
18.031,631.8
18.046,645.36
18.062,616.46
18.078,556.6
18.093,463.07
18.109,351.38
18.125,243.68
18.140,155.16
18.156,86.01
18.171,28.86
18.187,-24.82
18.203,-78.18
18.218,-128.52
18.234,-171.11
18.250,-201.66
18.265,-221.1
18.281,-234.25
18.296,-245.93
18.312,-257.59
18.328,-266.1
18.343,-267.32
18.359,-258.39
18.375,-238.98
18.390,-209.72
18.406,-173.58
18.421,-134.91
18.437,-96.95
18.453,-60.31
18.468,-25.21
18.484,8.84
18.500,42.65
18.515,76.43
18.531,101.75
18.546,111.61
18.562,101.28
18.578,71.86
18.593,28.77
18.609,-23.51
18.625,-80.32
18.640,-137.4
18.656,-192.52
18.671,-243.92
18.687,-289.98
18.703,-330.52
18.718,-362.3
18.734,-381.73
18.750,-389.79
18.765,-386.47
18.781,-370.03
18.796,-340.0
18.812,-296.46
18.828,-238.79
18.843,-167.1
18.859,-81.33
18.875,15.91
18.890,114.61
18.906,205.89
18.921,284.47
18.937,345.86
18.953,386.78
18.968,406.14
18.984,387.06
19.000,322.73
19.015,245.73
19.031,172.01
19.046,98.7
19.062,27.83
19.078,-38.09
19.093,-96.86
19.109,-146.68
19.125,-186.56
19.140,-213.66
19.156,-226.71
19.171,-231.17
19.187,-231.11
19.203,-227.38
19.218,-220.91
19.234,-212.61
19.250,-203.17
19.265,-193.28
19.281,-181.24
19.296,-165.88
19.312,-150.72
19.328,-137.8
19.343,-126.56
19.359,-116.66
19.375,-107.83
19.390,-99.9
19.406,-92.76
19.421,-84.96
19.437,-75.31
19.453,-65.6
19.468,-56.72
19.484,-48.02
19.500,-39.28
19.515,-30.7
19.531,-22.78
19.546,-16.07
19.562,-10.33
19.578,-5.14
19.593,-1.19
19.609,1.58
19.625,4.06
19.640,6.84
19.656,10.12
19.671,13.69
19.687,17.34
19.703,21.34
19.718,26.35
19.734,32.77
19.750,41.4
19.765,52.91
19.781,67.23
19.796,83.56
19.812,100.43
19.828,116.45
19.843,130.9
19.859,144.02
19.875,156.9
19.890,171.14
19.906,188.56
19.921,210.86
19.937,239.44
19.953,274.68
19.968,315.44
19.984,358.56
20.000,399.07
20.015,431.3
20.031,450.59
20.046,455.05
20.062,446.06
20.078,427.67
20.093,404.62
20.109,380.42
20.125,356.35
20.140,331.84
20.156,305.77
20.171,277.92
20.187,249.51
20.203,222.74
20.218,199.54
20.234,180.54
20.250,164.89
20.265,150.93
20.281,137.29
20.296,123.67
20.312,110.97
20.328,100.45
20.343,92.87
20.359,87.77
20.375,83.46
20.390,77.78
20.406,69.07
20.421,56.95
20.437,42.46
20.453,27.64
20.468,14.54
20.484,4.52
20.500,-2.28
20.515,-6.71
20.531,-9.86
20.546,-12.42
20.562,-14.39
20.578,-15.38
20.593,-14.99
20.609,-13.26
20.625,-10.71
20.640,-7.98
20.656,-5.62
20.671,-3.72
20.687,-2.04
20.703,-0.03
20.718,2.74
20.734,6.43
20.750,10.89
20.765,15.67
20.781,20.16
20.796,23.86
20.812,26.51
20.828,28.04
20.843,28.51
20.859,27.73
20.875,25.21
20.890,20.53
20.906,13.65
20.921,5.45
20.937,-2.49
20.953,-8.51
20.968,-11.48
20.984,-11.16
21.000,-8.17
21.015,-3.83
21.031,0.53
21.046,3.88
21.062,6.05
21.078,7.94
21.093,11.37
21.109,18.38
21.125,30.27
21.140,46.92
21.156,66.19
21.171,85.11
21.187,101.24
21.203,113.8
21.218,123.4
21.234,130.81
21.250,135.27
21.265,134.49
21.281,126.02
21.296,108.82
21.312,84.94
21.328,59.27
21.343,37.6
21.359,23.6
21.375,17.08
21.390,13.88
21.406,8.45
21.421,-3.13
21.437,-22.08
21.453,-46.48
21.468,-72.02
21.484,-93.22
21.500,-105.05
21.515,-104.06
21.531,-89.95
21.546,-65.4
21.562,-35.67
21.578,-8.55
21.593,7.88
21.609,7.76
21.625,-10.87
21.640,-45.54
21.656,-90.44
21.671,-139.11
21.687,-185.18
21.703,-218.22
21.718,-228.37
21.734,-211.15
21.750,-169.6
21.765,-112.04
21.781,-50.4
21.796,9.98
21.812,66.05
21.828,115.76
21.843,158.14
21.859,192.54
21.875,218.02
21.890,234.52
21.906,242.9
21.921,244.75
21.937,241.79
21.953,234.76
21.968,224.08
21.984,210.23
22.000,192.91
22.015,171.26
22.031,144.55
22.046,112.23
22.062,74.35
22.078,31.31
22.093,-16.61
22.109,-68.36
22.125,-122.01
22.140,-175.56
22.156,-227.34
22.171,-276.09
22.187,-321.24
22.203,-362.76
22.218,-400.56
22.234,-434.63
22.250,-464.39
22.265,-489.18
22.281,-508.25
22.296,-521.32
22.312,-528.59
22.328,-530.64
22.343,-528.71
22.359,-524.38
22.375,-519.81
22.390,-516.89
22.406,-516.6
22.421,-517.52
22.437,-515.32
22.453,-504.07
22.468,-478.6
22.484,-437.04
22.500,-382.43
22.515,-322.29
22.531,-265.76
22.546,-220.24
22.562,-188.94
22.578,-170.21
22.593,-159.68
22.609,-152.93
22.625,-146.95
22.640,-140.3
22.656,-132.17
22.671,-121.46
22.687,-106.2
22.703,-84.16
22.718,-53.74
22.734,-15.07
22.750,29.73
22.765,76.88
22.781,122.35
22.796,163.46
22.812,199.09
22.828,229.63
22.843,256.32
22.859,280.85
22.875,304.87
22.890,329.74
22.906,356.18
22.921,383.24
22.937,408.08
22.953,425.34
22.968,427.81
22.984,409.06
23.000,366.3
23.015,301.88
23.031,222.4
23.046,136.67
23.062,52.63
23.078,-21.34
23.093,-76.68
23.109,-108.49
23.125,-117.67
23.140,-109.86
23.156,-91.93
23.171,-70.05
23.187,-48.65
23.203,-30.75
23.218,-17.57
23.234,-8.81
23.250,-3.57
23.265,-0.32
23.281,2.44
23.296,5.76
23.312,9.4
23.328,12.6
23.343,13.83
23.359,11.46
23.375,4.67
23.390,-6.04
23.406,-17.34
23.421,-23.42
23.437,-17.76
23.453,3.11
23.468,38.2
23.484,81.19
23.500,123.05
23.515,156.1
23.531,176.12
23.546,184.05
23.562,184.53
23.578,185.27
23.593,187.96
23.609,192.47
23.625,197.02
23.640,199.72
23.656,200.17
23.671,198.12
23.687,194.03
23.703,188.15
23.718,180.82
23.734,171.99
23.750,162.17
23.765,151.81
23.781,138.0
23.796,122.35
23.812,105.07
23.828,85.78
23.843,63.9
23.859,39.54
23.875,13.07
23.890,-13.62
23.906,-37.47
23.921,-55.66
23.937,-64.29
23.953,-61.35
23.968,-47.33
23.984,-25.87
24.000,-2.02
24.015,19.51
24.031,37.3
24.046,53.55
24.062,71.69
24.078,95.38
24.093,124.52
24.109,155.54
24.125,182.55
24.140,200.26
24.156,205.91
24.171,200.11
24.187,186.27
24.203,167.2
24.218,145.59
24.234,122.71
24.250,99.47
24.265,76.98
24.281,56.96
24.296,40.97
24.312,28.95
24.328,26.12
24.343,32.34
24.359,45.11
24.375,60.5
24.390,75.01
24.406,86.32
24.421,93.99
24.437,99.16
24.453,103.54
24.468,108.54
24.484,113.11
24.500,115.27
24.515,112.38
24.531,102.55
24.546,85.75
24.562,63.9
24.578,40.75
24.593,20.45
24.609,6.26
24.625,-1.59
24.640,-4.73
24.656,-6.17
24.671,-9.52
24.687,-18.12
24.703,-34.37
24.718,-59.22
24.734,-91.28
24.750,-126.01
24.765,-157.12
24.781,-177.84
24.796,-184.02
24.812,-176.63
24.828,-162.5
24.843,-151.23
24.859,-151.0
24.875,-164.81
24.890,-189.32
24.906,-217.33
24.921,-241.52
24.937,-257.87
24.953,-266.38
24.968,-269.75
24.984,-271.1
25.000,-272.59
25.015,-275.2
25.031,-278.55
25.046,-281.02
25.062,-279.83
25.078,-271.95
25.093,-256.02
25.109,-234.31
25.125,-212.48
25.140,-197.76
25.156,-195.56
25.171,-206.7
25.187,-227.59
25.203,-252.2
25.218,-275.28
25.234,-294.59
25.250,-311.0
25.265,-326.49
25.281,-342.85
25.296,-361.09
25.312,-381.45
25.328,-404.17
25.343,-428.79
25.359,-453.06
25.375,-472.39
25.390,-481.27
25.406,-474.94
25.421,-451.64
25.437,-413.79
25.453,-366.87
25.468,-317.42
25.484,-270.6
25.500,-228.99
25.515,-192.91
25.531,-161.76
25.546,-134.68
25.562,-110.87
25.578,-89.17
25.593,-67.85
25.609,-45.05
25.625,-19.52
25.640,8.69
25.656,38.24
25.671,67.31
25.687,94.44
25.703,119.04
25.718,140.93
25.734,159.74
25.750,174.34
25.765,183.38
25.781,186.2
25.796,183.73
25.812,178.68
25.828,174.49
25.843,174.17
25.859,179.26
25.875,190.09
25.890,206.17
25.906,226.3
25.921,248.35
25.937,268.59
25.953,281.61
25.968,281.6
25.984,265.1
26.000,233.82
26.015,195.1
26.031,159.31
26.046,135.3
26.062,126.52
26.078,130.09
26.093,138.72
26.109,144.74
26.125,143.42
26.140,134.44
26.156,120.67
26.171,105.96
26.187,93.38
26.203,84.86
26.218,81.91
26.234,85.57
26.250,96.15
26.265,112.64
26.281,132.58
26.296,153.0
26.312,171.75
26.328,187.65
26.343,200.56
26.359,210.31
26.375,215.65
26.390,214.52
26.406,204.84
26.421,185.81
26.437,158.4
26.453,125.16
26.468,89.45
26.484,54.68
26.500,24.28
26.515,1.3
26.531,-11.7
26.546,-13.13
26.562,-2.99
26.578,16.51
26.593,40.66
26.609,62.49
26.625,73.86
26.640,67.36
26.656,38.59
26.671,-11.86
26.687,-77.88
26.703,-149.12
26.718,-213.55
26.734,-261.15
26.750,-286.74
26.765,-291.2
26.781,-280.63
26.796,-263.44
26.812,-246.49
26.828,-232.61
26.843,-220.12
26.859,-204.08
26.875,-178.95
26.890,-141.57
26.906,-93.43
26.921,-41.12
26.937,5.36
26.953,36.11
26.968,45.22
26.984,33.32
27.000,8.11
27.015,-18.55
27.031,-34.82
27.046,-33.09
27.062,-12.06
27.078,24.27
27.093,69.02
27.109,114.69
27.125,154.48
27.140,182.57
27.156,194.25
27.171,187.18
27.187,162.89
27.203,127.43
27.218,90.5
27.234,61.98
27.250,47.9
27.265,48.22
27.281,57.39
27.296,67.2
27.312,70.75
27.328,64.95
27.343,50.96
27.359,32.83
27.375,15.29
27.390,2.01
27.406,-4.96
27.421,-4.8
27.437,2.54
27.453,17.17
27.468,39.09
27.484,67.44
27.500,99.93
27.515,132.75
27.531,161.49
27.546,182.11
27.562,191.91
27.578,189.54
27.593,175.44
27.609,151.74
27.625,122.33
27.640,92.2
27.656,66.35
27.671,48.69
27.687,41.15
27.703,43.32
27.718,52.65
27.734,65.71
27.750,79.27
27.765,90.8
27.781,98.7
27.796,102.26
27.812,101.9
27.828,99.27
27.843,96.87
27.859,97.07
27.875,100.67
27.890,106.14
27.906,110.31
27.921,110.04
27.937,103.96
27.953,93.31
27.968,80.62
27.984,67.73
28.000,54.12
28.015,36.55
28.031,11.19
28.046,-23.8
28.062,-66.55
28.078,-111.5
28.093,-151.58
28.109,-181.25
28.125,-198.37
28.140,-204.53
28.156,-203.81
28.171,-200.2
28.187,-195.97
28.203,-191.11
28.218,-184.42
28.234,-175.31
28.250,-164.53
28.265,-153.31
28.281,-142.21
28.296,-130.33
28.312,-115.85
28.328,-97.49
28.343,-76.13
28.359,-54.76
28.375,-37.44
28.390,-27.4
28.406,-24.79
28.421,-26.29
28.437,-26.63
28.453,-20.79
28.468,-5.84
28.484,18.68
28.500,52.63
28.515,94.62
28.531,141.77
28.546,190.06
28.562,235.1
28.578,273.29
28.593,303.15
28.609,325.52
28.625,343.24
28.640,362.09
28.656,386.25
28.671,415.84
28.687,446.14
28.703,469.25
28.718,476.61
28.734,461.81
28.750,422.15
28.765,359.66
28.781,284.09
28.796,206.69
28.812,136.64
28.828,79.08
28.843,35.77
28.859,6.71
28.875,-8.38
28.890,-9.85
28.906,1.59
28.921,28.57
28.937,70.5
28.953,122.16
28.968,174.79
28.984,220.35
29.000,254.99
29.015,280.74
29.031,303.55
29.046,301.9
29.062,264.88
29.078,193.26
29.093,98.93
29.109,-4.33
29.125,-106.6
29.140,-202.51
29.156,-288.23
29.171,-361.41
29.187,-421.79
29.203,-466.9
29.218,-496.66
29.234,-513.76
29.250,-522.84
29.265,-526.01
29.281,-523.22
29.296,-513.42
29.312,-496.07
29.328,-471.27
29.343,-436.14
29.359,-388.68
29.375,-325.71
29.390,-251.42
29.406,-172.94
29.421,-97.87
29.437,-32.55
29.453,18.76
29.468,54.38
29.484,77.09
29.500,90.87
29.515,99.67
29.531,105.72
29.546,110.92
29.562,116.81
29.578,124.59
29.593,133.77
29.609,141.96
29.625,146.31
29.640,143.28
29.656,130.98
29.671,110.36
29.687,86.28
29.703,65.17
29.718,53.26
29.734,50.71
29.750,54.3
29.765,59.57
29.781,62.71
29.796,62.4
29.812,59.62
29.828,56.91
29.843,56.06
29.859,57.1
29.875,58.17
29.890,56.77
29.906,51.03
29.921,40.63
29.937,27.47
29.953,14.84
29.968,6.34
29.984,3.62
30.000,6.71
30.015,13.97
30.031,23.52
30.046,33.94
30.062,44.47
30.078,55.01
30.093,64.87
30.109,76.15
30.125,87.22
30.140,95.61
30.156,99.04
30.171,96.92
30.187,90.35
30.203,81.55
30.218,72.81
30.234,65.84
30.250,60.97
30.265,56.62
30.281,50.85
30.296,42.14
30.312,30.12
30.328,15.67
30.343,0.52
30.359,-13.2
30.375,-23.63
30.390,-29.56
30.406,-31.0
30.421,-28.74
30.437,-24.22
30.453,-19.14
30.468,-15.0
30.484,-12.81
30.500,-12.68
30.515,-13.95
30.531,-15.43
30.546,-15.98
30.562,-14.47
30.578,-10.06
30.593,-2.61
30.609,7.32
30.625,18.4
30.640,28.9
30.656,37.02
30.671,41.4
30.687,41.23
30.703,36.56
30.718,28.0
30.734,16.4
30.750,2.58
30.765,-12.97
30.781,-29.98
30.796,-48.28
30.812,-67.55
30.828,-87.07
30.843,-105.63
30.859,-121.64
30.875,-133.62
30.890,-140.62
30.906,-142.47
30.921,-139.64
30.937,-132.96
30.953,-123.27
30.968,-111.24
30.984,-97.45
31.000,-82.52
31.015,-67.32
31.031,-52.79
31.046,-39.76
31.062,-28.59
31.078,-19.15
31.093,-11.13
31.109,-4.36
31.125,0.92
31.140,4.1
31.156,4.59
31.171,2.44
31.187,-1.62
31.203,-6.18
31.218,-9.72
31.234,-11.36
31.250,-11.13
31.265,-9.94
31.281,-8.96
31.296,-8.98
31.312,-9.83
31.328,-10.76
31.343,-10.9
31.359,-9.89
31.375,-8.4
31.390,-7.84
31.406,-9.68
31.421,-14.64
31.437,-22.07
31.453,-30.04
31.468,-36.1
31.484,-38.31
31.500,-35.84
31.515,-29.34
31.531,-20.4
31.546,-10.65
31.562,-1.31
31.578,7.18
31.593,14.8
31.609,21.77
31.625,28.77
31.640,37.0
31.656,48.09
31.671,63.35
31.687,82.8
31.703,104.5
31.718,124.91
31.734,140.15
31.750,147.63
31.765,147.1
31.781,140.55
31.796,131.0
31.812,121.05
31.828,111.98
31.843,103.8
31.859,95.96
31.875,88.19
31.890,80.86
31.906,74.65
31.921,69.98
31.937,66.64
31.953,63.73
31.968,60.01
31.984,54.04
32.000,44.85
32.015,31.98
32.031,15.7
32.046,-3.09
32.062,-23.08
32.078,-42.75
32.093,-60.57
32.109,-75.35
32.125,-86.28
32.140,-93.01
32.156,-95.57
32.171,-94.3
32.187,-89.77
32.203,-82.71
32.218,-74.12
32.234,-65.04
32.250,-56.67
32.265,-49.86
32.281,-44.91
32.296,-41.51
32.312,-38.9
32.328,-36.48
32.343,-33.99
32.359,-31.87
32.375,-31.0
32.390,-32.52
32.406,-37.13
32.421,-44.87
32.437,-55.05
32.453,-66.52
32.468,-78.29
32.484,-89.89
32.500,-101.66
32.515,-114.31
32.531,-128.33
32.546,-143.15
32.562,-157.01
32.578,-167.47
32.593,-172.49
32.609,-171.56
32.625,-165.89
32.640,-158.05
32.656,-150.87
32.671,-146.44
32.687,-145.52
32.703,-147.51
32.718,-150.76
32.734,-152.81
32.750,-150.95
32.765,-142.71
32.781,-126.59
32.796,-102.64
32.812,-72.62
32.828,-39.8
32.843,-8.13
32.859,18.65
32.875,37.81
32.890,47.81
32.906,48.46
32.921,40.92
32.937,27.7
32.953,12.4
32.968,-1.16
32.984,-10.11
33.000,-13.73
33.015,-13.7
33.031,-13.46
33.046,-16.33
33.062,-24.11
33.078,-36.12
33.093,-49.62
33.109,-61.13
33.125,-67.84
33.140,-68.1
33.156,-62.2
33.171,-50.7
33.187,-33.7
33.203,-11.65
33.218,13.56
33.234,38.23
33.250,58.12
33.265,69.96
33.281,72.71
33.296,66.87
33.312,54.59
33.328,38.69
33.343,21.17
33.359,2.48
33.375,-18.16
33.390,-41.62
33.406,-68.07
33.421,-96.51
33.437,-126.71
33.453,-156.61
33.468,-181.85
33.484,-197.47
33.500,-200.46
33.515,-190.89
33.531,-171.46
33.546,-146.2
33.562,-118.98
33.578,-98.18
33.593,-88.14
33.609,-87.0
33.625,-89.74
33.640,-92.95
33.656,-96.68
33.671,-102.69
33.687,-112.57
33.703,-126.67
33.718,-155.78
33.734,-204.84
33.750,-268.52
33.765,-335.48
33.781,-396.67
33.796,-448.36
33.812,-489.45
33.828,-519.68
33.843,-539.38
33.859,-569.0
33.875,-621.85
33.890,-695.23
33.906,-774.87
33.921,-847.39
33.937,-905.35
33.953,-944.97
33.968,-963.99
33.984,-961.39
34.000,-962.64
34.015,-983.74
34.031,-1020.64
34.046,-1056.36
34.062,-1079.01
34.078,-1088.26
34.093,-1090.75
34.109,-1094.01
34.125,-950.23
34.140,-608.22
34.156,-139.39
34.171,322.18
34.187,687.02
34.203,935.85
34.218,1087.03
34.234,1168.23
34.250,1204.82
34.265,1216.88
34.281,1194.01
34.296,1131.8
34.312,1043.11
34.328,951.97
34.343,876.05
34.359,820.51
34.375,782.58
34.390,757.31
34.406,740.79
34.421,711.75
34.437,658.67
34.453,586.77
34.468,511.59
34.484,445.04
34.500,390.56
34.515,347.65
34.531,314.43
34.546,292.39
34.562,270.37
34.578,241.35
34.593,206.91
34.609,173.85
34.625,146.64
34.640,125.18
34.656,107.89
34.671,94.41
34.687,86.1
34.703,78.48
34.718,68.97
34.734,58.72
34.750,50.62
34.765,46.25
34.781,44.71
34.796,44.42
34.812,44.61
34.828,45.17
34.843,43.77
34.859,39.08
34.875,32.21
34.890,25.54
34.906,21.66
34.921,22.61
34.937,24.97
34.953,26.61
34.968,25.85
34.984,21.34
35.000,12.1
35.015,-2.29
35.031,-22.02
35.046,-46.26
35.062,-72.92
35.078,-98.67
35.093,-118.79
35.109,-129.41
35.125,-128.52
35.140,-116.82
35.156,-96.78
35.171,-71.99
35.187,-45.32
35.203,-18.57
35.218,7.56
35.234,33.05
35.250,56.95
35.265,77.06
35.281,90.12
35.296,93.26
35.312,84.91
35.328,66.01
35.343,39.85
35.359,11.04
35.375,-15.76
35.390,-37.5
35.406,-52.99
35.421,-62.32
35.437,-65.34
35.453,-61.38
35.468,-49.31
35.484,-28.9
35.500,-1.72
35.515,29.24
35.531,60.26
35.546,88.48
35.562,112.79
35.578,134.22
35.593,155.02
35.609,177.24
35.625,201.11
35.640,224.45
35.656,243.35
35.671,253.33
35.687,250.6
35.703,232.92
35.718,200.25
35.734,154.6
35.750,99.72
35.765,40.41
35.781,-18.5
35.796,-72.54
35.812,-117.95
35.828,-151.55
35.843,-170.78
35.859,-174.12
35.875,-161.89
35.890,-136.82
35.906,-103.47
35.921,-67.29
35.937,-32.71
35.953,-1.62
35.968,26.98
35.984,56.13
36.000,88.82
36.015,126.01
36.031,165.79
36.046,204.31
36.062,237.08
36.078,260.71
36.093,273.79
36.109,276.93
36.125,272.03
36.140,260.91
36.156,244.34
36.171,222.3
36.187,194.88
36.203,163.61
36.218,131.72
36.234,103.13
36.250,80.49
36.265,63.73
36.281,49.89
36.296,34.77
36.312,15.69
36.328,-7.3
36.343,-31.12
36.359,-51.92
36.375,-66.87
36.390,-75.53
36.406,-79.3
36.421,-79.45
36.437,-75.81
36.453,-66.79
36.468,-51.6
36.484,-32.09
36.500,-13.69
36.515,-3.54
36.531,-7.48
36.546,-27.69
36.562,-62.07
36.578,-105.77
36.593,-153.16
36.609,-199.16
36.625,-239.09
36.640,-268.13
36.656,-281.55
36.671,-275.79
36.687,-250.36
36.703,-208.64
36.718,-157.06
36.734,-102.81
36.750,-51.36
36.765,-5.22
36.781,35.59
36.796,72.22
36.812,105.86
36.828,137.36
36.843,167.58
36.859,197.25
36.875,226.77
36.890,255.64
36.906,282.52
36.921,305.55
36.937,323.09
36.953,334.19
36.968,338.42
36.984,335.67
37.000,325.77
37.015,308.41
37.031,283.23
37.046,250.47
37.062,211.2
37.078,167.37
37.093,121.34
37.109,75.37
37.125,31.46
37.140,-8.33
37.156,-41.47
37.171,-65.0
37.187,-76.07
37.203,-73.54
37.218,-58.93
37.234,-36.61
37.250,-12.48
37.265,7.95
37.281,21.32
37.296,27.18
37.312,27.04
37.328,23.23
37.343,17.25
37.359,9.26
37.375,-1.68
37.390,-16.81
37.406,-36.8
37.421,-61.43
37.437,-89.59
37.453,-119.34
37.468,-147.65
37.484,-170.58
37.500,-184.34
37.515,-186.25
37.531,-176.25
37.546,-157.01
37.562,-132.86
37.578,-108.15
37.593,-85.49
37.609,-65.22
37.625,-46.22
37.640,-27.37
37.656,-8.8
37.671,7.89
37.687,20.59
37.703,27.76
37.718,29.21
37.734,25.82
37.750,18.85
37.765,9.17
37.781,-2.77
37.796,-16.52
37.812,-31.55
37.828,-46.85
37.843,-61.4
37.859,-74.61
37.875,-86.51
37.890,-97.77
37.906,-109.1
37.921,-120.6
37.937,-131.07
37.953,-138.35
37.968,-139.77
37.984,-133.13
38.000,-117.93
38.015,-95.64
38.031,-69.52
38.046,-43.2
38.062,-19.05
38.078,2.54
38.093,22.95
38.109,43.97
38.125,66.22
38.140,88.21
38.156,106.43
38.171,117.05
38.187,117.83
38.203,109.44
38.218,95.45
38.234,80.63
38.250,68.78
38.265,61.51
38.281,57.96
38.296,55.94
38.312,53.42
38.328,49.6
38.343,44.91
38.359,40.18
38.375,35.79
38.390,30.96
38.406,24.29
38.421,14.82
38.437,2.79
38.453,-10.27
38.468,-22.12
38.484,-30.91
38.500,-36.29
38.515,-39.66
38.531,-43.63
38.546,-50.91
38.562,-62.89
38.578,-78.79
38.593,-95.83
38.609,-110.53
38.625,-120.39
38.640,-124.39
38.656,-122.95
38.671,-117.04
38.687,-107.2
38.703,-93.35
38.718,-75.26
38.734,-53.17
38.750,-28.46
38.765,-3.67
38.781,18.23
38.796,34.53
38.812,43.35
38.828,44.04
38.843,37.31
38.859,24.98
38.875,10.01
38.890,-4.27
38.906,-15.1
38.921,-20.95
38.937,-22.12
38.953,-20.6
38.968,-19.26
38.984,-20.79
39.000,-26.79
39.015,-37.32
39.031,-51.15
39.046,-66.41
39.062,-81.51
39.078,-95.76
39.093,-109.24
39.109,-121.92
39.125,-133.42
39.140,-142.74
39.156,-148.8
39.171,-151.08
39.187,-150.03
39.203,-146.83
39.218,-142.51
39.234,-137.44
39.250,-131.4
39.265,-124.57
39.281,-118.23
39.296,-114.69
39.312,-115.86
39.328,-121.28
39.343,-127.02
39.359,-126.58
39.375,-113.4
39.390,-84.37
39.406,-41.5
39.421,8.94
39.437,59.46
39.453,104.94
39.468,144.67
39.484,181.27
39.500,217.63
39.515,253.91
39.531,286.6
39.546,310.27
39.562,320.97
39.578,318.98
39.593,309.04
39.609,298.15
39.625,292.05
39.640,292.49
39.656,296.48
39.671,297.94
39.687,290.78
39.703,271.28
39.718,239.12
39.734,196.58
39.750,146.75
39.765,92.1
39.781,34.63
39.796,-22.86
39.812,-75.46
39.828,-115.87
39.843,-136.74
39.859,-134.44
39.875,-111.7
39.890,-78.49
39.906,-48.97
39.921,-36.21
39.937,-47.22
39.953,-81.13
39.968,-130.28
39.984,-184.47
40.000,-235.11
40.015,-277.15
40.031,-308.67
40.046,-328.93
40.062,-336.89
40.078,-330.94
40.093,-310.2
40.109,-276.11
40.125,-233.04
40.140,-187.23
40.156,-144.65
40.171,-109.11
40.187,-81.11
40.203,-58.63
40.218,-38.82
40.234,-19.66
40.250,-0.97
40.265,16.07
40.281,30.12
40.296,40.61
40.312,47.66
40.328,52.06
40.343,54.56
40.359,55.61
40.375,55.72
40.390,55.54
40.406,55.52
40.421,55.53
40.437,54.73
40.453,51.52
40.468,44.61
40.484,33.22
40.500,17.41
40.515,-2.21
40.531,-24.34
40.546,-46.74
40.562,-65.79
40.578,-76.89
40.593,-75.99
40.609,-61.75
40.625,-37.17
40.640,-8.81
40.656,16.22
40.671,34.04
40.687,46.1
40.703,58.2
40.718,76.66
40.734,104.28
40.750,137.9
40.765,169.13
40.781,188.5
40.796,189.87
40.812,173.18
40.828,143.85
40.843,109.75
40.859,77.07
40.875,48.09
40.890,21.74
40.906,-3.85
40.921,-27.98
40.937,-46.2
40.953,-51.79
40.968,-38.85
40.984,-5.64
41.000,43.92
41.015,101.26
41.031,155.69
41.046,197.38
41.062,219.44
41.078,218.82
41.093,195.86
41.109,153.68
41.125,97.15
41.140,32.51
41.156,-32.87
41.171,-91.05
41.187,-134.1
41.203,-155.5
41.218,-151.97
41.234,-124.86
41.250,-80.49
41.265,-28.94
41.281,18.91
41.296,54.53
41.312,73.45
41.328,75.55
41.343,63.9
41.359,43.39
41.375,19.79
41.390,-0.55
41.406,-11.64
41.421,-8.93
41.437,9.79
41.453,43.87
41.468,90.73
41.484,146.78
41.500,208.39
41.515,271.74
41.531,332.19
41.546,383.69
41.562,418.98
41.578,431.81
41.593,419.68
41.609,385.53
41.625,336.82
41.640,282.89
41.656,231.69
41.671,187.71
41.687,151.58
41.703,120.33
41.718,90.31
41.734,59.6
41.750,28.86
41.765,0.49
41.781,-22.65
41.796,-39.49
41.812,-50.59
41.828,-57.23
41.843,-62.43
41.859,-68.74
41.875,-77.06
41.890,-87.08
41.906,-98.67
41.921,-111.48
41.937,-127.18
41.953,-146.88
41.968,-169.53
41.984,-194.57
42.000,-220.73
42.015,-245.14
42.031,-264.74
42.046,-277.86
42.062,-282.21
42.078,-278.11
42.093,-265.15
42.109,-241.3
42.125,-207.96
42.140,-169.04
42.156,-128.44
42.171,-89.74
42.187,-56.82
42.203,-31.31
42.218,-17.78
42.234,-20.28
42.250,-17.3
42.265,5.75
42.281,49.37
42.296,102.34
42.312,152.12
42.328,175.09
42.343,177.52
42.359,166.4
42.375,145.52
42.390,114.48
42.406,80.87
42.421,45.08
42.437,7.93
42.453,-28.03
42.468,-59.63
42.484,-81.93
42.500,-94.54
42.515,-98.18
42.531,-93.45
42.546,-83.72
42.562,-74.16
42.578,-67.41
42.593,-63.96
42.609,-63.05
42.625,-61.92
42.640,-60.47
42.656,-58.8
42.671,-56.36
42.687,-53.83
42.703,-53.25
42.718,-55.22
42.734,-59.49
42.750,-65.64
42.765,-72.38
42.781,-80.24
42.796,-89.76
42.812,-100.96
42.828,-113.8
42.843,-128.74
42.859,-145.37
42.875,-162.97
42.890,-181.04
42.906,-199.28
42.921,-218.56
42.937,-239.49
42.953,-261.38
42.968,-281.44
42.984,-295.16
43.000,-296.67
43.015,-281.32
43.031,-247.87
43.046,-199.42
43.062,-143.54
43.078,-89.15
43.093,-44.02
43.109,-12.27
43.125,5.54
43.140,12.04
43.156,10.7
43.171,4.11
43.187,-6.41
43.203,-21.02
43.218,-40.8
43.234,-68.11
43.250,-106.4
43.265,-159.48
43.281,-229.19
43.296,-313.0
43.312,-403.59
43.328,-489.95
43.343,-561.18
43.359,-610.16
43.375,-635.9
43.390,-642.55
43.406,-636.36
43.421,-622.34
43.437,-602.1
43.453,-574.64
43.468,-538.01
43.484,-491.47
43.500,-435.73
43.515,-372.3
43.531,-302.39
43.546,-226.46
43.562,-144.8
43.578,-58.38
43.593,30.13
43.609,116.78
43.625,196.56
43.640,264.79
43.656,318.43
43.671,356.64
43.687,380.5
43.703,392.21
43.718,394.04
43.734,387.46
43.750,373.09
43.765,350.92
43.781,320.83
43.796,283.25
43.812,239.26
43.828,190.62
43.843,139.56
43.859,88.16
43.875,38.13
43.890,-9.44
43.906,-53.93
43.921,-94.8
43.937,-131.22
43.953,-162.06
43.968,-186.09
43.984,-202.31
44.000,-210.43
44.015,-210.94
44.031,-204.97
44.046,-194.12
44.062,-179.96
44.078,-163.72
44.093,-146.03
44.109,-126.99
44.125,-106.08
44.140,-82.47
44.156,-55.58
44.171,-24.92
44.187,9.45
44.203,46.99
44.218,86.83
44.234,127.87
44.250,168.82
44.265,208.48
44.281,245.99
44.296,280.8
44.312,312.9
44.328,342.45
44.343,369.49
44.359,393.68
44.375,414.26
44.390,430.08
44.406,440.59
44.421,446.77
44.437,451.54
44.453,459.15
44.468,472.82
44.484,492.34
44.500,512.57
44.515,524.33
44.531,517.5
44.546,484.86
44.562,425.04
44.578,342.55
44.593,246.25
44.609,146.82
44.625,54.88
44.640,-19.65
44.656,-68.62
44.671,-87.59
44.687,-78.49
44.703,-51.21
44.718,-21.54
44.734,-5.51
44.750,-12.78
44.765,-41.98
44.781,-81.6
44.796,-115.95
44.812,-132.36
44.828,-125.76
44.843,-99.16
44.859,-60.49
44.875,-18.75
44.890,17.76
44.906,42.21
44.921,49.69
44.937,38.4
44.953,11.23
44.968,-23.58
44.984,-54.33
45.000,-70.15
45.015,-65.11
45.031,-40.25
45.046,-2.5
45.062,38.93
45.078,75.75
45.093,102.84
45.109,118.64
45.125,124.65
45.140,124.29
45.156,121.69
45.171,120.4
45.187,122.23
45.203,126.76
45.218,131.52
45.234,133.62
45.250,130.56
45.265,121.05
45.281,105.24
45.296,84.9
45.312,63.69
45.328,46.74
45.343,39.13
45.359,43.32
45.375,57.47
45.390,74.65
45.406,85.16
45.421,81.11
45.437,60.53
45.453,28.82
45.468,-3.31
45.484,-25.2
45.500,-31.45
45.515,-24.05
45.531,-10.92
45.546,-1.35
45.562,-1.0
45.578,-9.54
45.593,-21.74
45.609,-30.89
45.625,-32.4
45.640,-26.09
45.656,-15.12
45.671,-3.31
45.687,7.88
45.703,21.06
45.718,40.81
45.734,70.58
45.750,109.88
45.765,153.71
45.781,194.62
45.796,226.14
45.812,245.43
45.828,254.09
45.843,256.8
45.859,258.16
45.875,260.83
45.890,265.2
45.906,270.78
45.921,278.16
45.937,289.57
45.953,307.06
45.968,330.29
45.984,354.83
46.000,372.63
46.015,375.23
46.031,357.43
46.046,319.65
46.062,267.84
46.078,210.78
46.093,156.26
46.109,108.42
46.125,67.47
46.140,30.95
46.156,-3.74
46.171,-37.97
46.187,-71.84
46.203,-104.56
46.218,-134.68
46.234,-160.51
46.250,-180.39
46.265,-193.16
46.281,-198.83
46.296,-199.0
46.312,-197.0
46.328,-196.72
46.343,-201.28
46.359,-211.49
46.375,-225.82
46.390,-241.12
46.406,-253.64
46.421,-260.06
46.437,-258.2
46.453,-247.45
46.468,-228.44
46.484,-203.26
46.500,-175.55
46.515,-150.34
46.531,-132.8
46.546,-126.2
46.562,-130.67
46.578,-142.92
46.593,-157.21
46.609,-167.27
46.625,-168.25
46.640,-157.77
46.656,-135.83
46.671,-104.61
46.687,-67.86
46.703,-30.81
46.718,0.71
46.734,22.08
46.750,31.85
46.765,32.49
46.781,29.42
46.796,28.57
46.812,32.94
46.828,41.22
46.843,48.86
46.859,51.02
46.875,45.26
46.890,32.27
46.906,14.8
46.921,-4.23
46.937,-23.33
46.953,-42.7
46.968,-63.2
46.984,-85.05
47.000,-107.16
47.015,-127.56
47.031,-144.27
47.046,-156.14
47.062,-163.21
47.078,-166.51
47.093,-167.29
47.109,-166.54
47.125,-164.67
47.140,-161.79
47.156,-158.16
47.171,-154.68
47.187,-152.65
47.203,-152.83
47.218,-154.54
47.234,-155.08
47.250,-150.43
47.265,-137.2
47.281,-114.36
47.296,-83.27
47.312,-46.74
47.328,-7.64
47.343,32.07
47.359,70.89
47.375,107.11
47.390,138.37
47.406,162.86
47.421,180.99
47.437,196.19
47.453,213.25
47.468,235.59
47.484,262.18
47.500,287.23
47.515,302.38
47.531,301.27
47.546,282.41
47.562,249.76
47.578,209.73
47.593,167.4
47.609,124.32
47.625,78.88
47.640,29.49
47.656,-22.51
47.671,-71.44
47.687,-109.35
47.703,-129.63
47.718,-130.68
47.734,-117.01
47.750,-97.34
47.765,-80.89
47.781,-73.42
47.796,-75.57
47.812,-83.81
47.828,-93.46
47.843,-101.42
47.859,-107.33
47.875,-112.28
47.890,-116.34
47.906,-117.3
47.921,-111.52
47.937,-96.4
47.953,-72.89
47.968,-45.79
47.984,-21.64
48.000,-5.28
48.015,2.5
48.031,5.64
48.046,10.4
48.062,22.9
48.078,46.61
48.093,81.2
48.109,122.73
48.125,164.53
48.140,199.22
48.156,220.69
48.171,226.52
48.187,218.23
48.203,199.92
48.218,175.51
48.234,146.23
48.250,110.42
48.265,65.98
48.281,14.48
48.296,-37.05
48.312,-77.78
48.328,-98.47
48.343,-97.0
48.359,-80.5
48.375,-62.16
48.390,-54.19
48.406,-61.64
48.421,-80.37
48.437,-100.4
48.453,-112.06
48.468,-111.7
48.484,-103.26
48.500,-95.24
48.515,-95.31
48.531,-105.34
48.546,-120.83
48.562,-133.33
48.578,-135.1
48.593,-122.89
48.609,-99.75
48.625,-73.54
48.640,-53.74
48.656,-47.79
48.671,-58.39
48.687,-83.5
48.703,-117.96
48.718,-156.08
48.734,-193.48
48.750,-227.67
48.765,-257.08
48.781,-279.29
48.796,-290.59
48.812,-286.85
48.828,-265.55
48.843,-227.67
48.859,-178.38
48.875,-125.5
48.890,-76.65
48.906,-36.6
48.921,-5.99
48.937,18.06
48.953,40.32
48.968,65.13
48.984,94.88
49.000,129.32
49.015,165.78
49.031,200.11
49.046,227.82
49.062,245.37
49.078,250.87
49.093,244.72
49.109,229.07
49.125,207.25
49.140,183.0
49.156,159.89
49.171,140.9
49.187,128.15
49.203,122.44
49.218,122.54
49.234,125.38
49.250,126.78
49.265,123.26
49.281,113.51
49.296,98.98
49.312,82.82
49.328,68.0
49.343,56.05
49.359,47.25
49.375,42.14
49.390,42.97
49.406,53.3
49.421,75.64
49.437,108.65
49.453,145.83
49.468,177.06
49.484,192.98
49.500,189.33
49.515,168.9
49.531,139.96
49.546,111.91
49.562,91.23
49.578,79.62
49.593,75.24
49.609,75.27
49.625,78.02
49.640,83.42
49.656,92.06
49.671,103.6
49.687,116.34
49.703,127.63
49.718,134.86
49.734,136.3
49.750,131.68
49.765,121.99
49.781,108.8
49.796,93.77
49.812,78.36
49.828,63.49
49.843,49.53
49.859,36.34
49.875,23.61
49.890,11.01
49.906,-1.93
49.921,-16.0
49.937,-32.51
49.953,-53.18
49.968,-79.76
49.984,-112.93
50.000,-151.43
50.015,-191.64
50.031,-227.78
50.046,-253.05
50.062,-261.34
50.078,-249.87
50.093,-220.89
50.109,-181.85
50.125,-142.63
50.140,-111.19
50.156,-89.91
50.171,-74.88
50.187,-58.44
50.203,-34.12
50.218,-0.54
50.234,37.31
50.250,70.53
50.265,90.65
50.281,93.16
50.296,78.72
50.312,52.03
50.328,19.42
50.343,-13.25
50.359,-41.53
50.375,-62.39
50.390,-74.03
50.406,-75.4
50.421,-66.46
50.437,-48.47
50.453,-24.28
50.468,1.87
50.484,25.28
50.500,42.06
50.515,51.02
50.531,53.38
50.546,51.66
50.562,47.98
50.578,43.11
50.593,36.43
50.609,27.24
50.625,15.91
50.640,4.03
50.656,-6.54
50.671,-15.3
50.687,-23.81
50.703,-34.88
50.718,-50.68
50.734,-71.66
50.750,-96.65
50.765,-124.46
50.781,-154.55
50.796,-186.49
50.812,-218.74
50.828,-248.03
50.843,-270.38
50.859,-282.92
50.875,-285.47
50.890,-280.09
50.906,-269.16
50.921,-253.03
50.937,-229.56
50.953,-196.31
50.968,-153.24
50.984,-104.22
51.000,-56.47
51.015,-16.99
51.031,10.53
51.046,27.3
51.062,37.64
51.078,46.51
51.093,56.45
51.109,67.13
51.125,76.81
51.140,84.4
51.156,90.77
51.171,98.69
51.187,110.81
51.203,127.53
51.218,145.84
51.234,159.73
51.250,163.31
51.265,153.71
51.281,132.86
51.296,106.84
51.312,83.12
51.328,67.08
51.343,60.16
51.359,60.12
51.375,63.25
51.390,67.17
51.406,71.39
51.421,76.19
51.437,81.09
51.453,83.61
51.468,79.88
51.484,66.96
51.500,45.15
51.515,18.43
51.531,-6.65
51.546,-24.05
51.562,-30.66
51.578,-27.12
51.593,-17.03
51.609,-5.5
51.625,2.93
51.640,6.2
51.656,4.97
51.671,2.01
51.687,-0.01
51.703,0.15
51.718,1.83
51.734,3.24
51.750,2.45
51.765,-1.28
51.781,-6.7
51.796,-10.88
51.812,-10.85
51.828,-5.66
51.843,2.73
51.859,9.85
51.875,10.98
51.890,3.32
51.906,-12.12
51.921,-30.78
51.937,-46.18
51.953,-52.86
51.968,-49.1
51.984,-38.19
52.000,-27.56
52.015,-25.73
52.031,-38.14
52.046,-64.56
52.062,-99.36
52.078,-134.63
52.093,-163.52
52.109,-182.64
52.125,-191.7
52.140,-191.7
52.156,-183.07
52.171,-164.9
52.187,-135.84
52.203,-96.22
52.218,-49.9
52.234,-4.02
52.250,32.69
52.265,53.04
52.281,54.29
52.296,39.94
52.312,18.9
52.328,2.25
52.343,-1.15
52.359,11.5
52.375,36.08
52.390,63.26
52.406,82.72
52.421,87.37
52.437,75.57
52.453,50.41
52.468,16.84
52.484,-21.42
52.500,-62.97
52.515,-107.19
52.531,-152.37
52.546,-194.18
52.562,-225.96
52.578,-240.96
52.593,-234.71
52.609,-207.6
52.625,-165.17
52.640,-116.52
52.656,-70.69
52.671,-33.54
52.687,-5.94
52.703,15.02
52.718,32.5
52.734,46.94
52.750,54.87
52.765,51.3
52.781,33.58
52.796,4.99
52.812,-25.26
52.828,-45.33
52.843,-46.17
52.859,-26.36
52.875,7.44
52.890,43.82
52.906,72.15
52.921,87.12
52.937,89.69
52.953,84.76
52.968,77.27
52.984,69.49
53.000,60.68
53.015,49.6
53.031,36.76
53.046,25.24
53.062,19.22
53.078,20.82
53.093,27.99
53.109,35.11
53.125,36.07
53.140,27.6
53.156,11.57
53.171,-6.17
53.187,-18.73
53.203,-20.82
53.218,-10.07
53.234,13.21
53.250,46.59
53.265,85.67
53.281,124.16
53.296,154.79
53.312,171.53
53.328,172.61
53.343,162.57
53.359,151.05
53.375,149.07
53.390,164.51
53.406,198.85
53.421,247.07
53.437,300.34
53.453,349.93
53.468,389.52
53.484,415.73
53.500,427.18
53.515,423.45
53.531,404.58
53.546,371.35
53.562,325.79
53.578,271.27
53.593,212.01
53.609,152.49
53.625,96.66
53.640,46.9
53.656,3.27
53.671,-36.09
53.687,-73.75
53.703,-111.38
53.718,-148.66
53.734,-183.75
53.750,-214.61
53.765,-240.69
53.781,-263.35
53.796,-285.06
53.812,-307.22
53.828,-328.96
53.843,-347.19
53.859,-358.4
53.875,-360.95
53.890,-356.33
53.906,-348.51
53.921,-341.83
53.937,-338.77
53.953,-338.54
53.968,-337.92
53.984,-333.13
54.000,-321.76
54.015,-303.42
54.031,-279.04
54.046,-249.58
54.062,-215.37
54.078,-176.08
54.093,-131.72
54.109,-83.49
54.125,-34.16
54.140,13.06
54.156,55.38
54.171,91.44
54.187,122.06
54.203,149.83
54.218,178.06
54.234,208.91
54.250,242.65
54.265,276.84
54.281,306.96
54.296,327.23
54.312,332.15
54.328,317.84
54.343,282.96
54.359,229.3
54.375,161.79
54.390,88.01
54.406,16.6
54.421,-44.42
54.437,-89.53
54.453,-116.68
54.468,-126.95
54.484,-123.54
54.500,-110.74
54.515,-93.43
54.531,-77.09
54.546,-67.57
54.562,-70.0
54.578,-87.05
54.593,-117.02
54.609,-153.36
54.625,-186.68
54.640,-208.13
54.656,-213.31
54.671,-204.06
54.687,-187.11
54.703,-170.15
54.718,-157.58
54.734,-148.64
54.750,-138.39
54.765,-121.09
54.781,-93.84
54.796,-58.54
54.812,-20.72
54.828,13.78
54.843,42.09
54.859,65.7
54.875,89.19
54.890,117.07
54.906,151.17
54.921,190.01
54.937,230.52
54.953,270.29
54.968,309.01
54.984,347.73
55.000,387.04
55.015,425.61
55.031,459.56
55.046,483.6
55.062,493.16
55.078,485.67
55.093,461.7
55.109,424.69
55.125,380.26
55.140,334.86
55.156,294.19
55.171,261.95
55.187,238.98
55.203,223.25
55.218,210.68
55.234,197.25
55.250,180.82
55.265,162.45
55.281,145.88
55.296,135.32
55.312,132.74
55.328,136.49
55.343,141.93
55.359,143.83
55.375,139.17
55.390,128.23
55.406,113.99
55.421,99.72
55.437,86.8
55.453,73.96
55.468,58.59
55.484,38.8
55.500,14.78
55.515,-10.99
55.531,-35.68
55.546,-57.76
55.562,-77.64
55.578,-96.94
55.593,-116.99
55.609,-138.01
55.625,-158.99
55.640,-178.62
55.656,-196.06
55.671,-211.61
55.687,-226.42
55.703,-241.9
55.718,-259.52
55.734,-280.64
55.750,-306.0
55.765,-334.96
55.781,-364.43
55.796,-388.93
55.812,-402.28
55.828,-400.72
55.843,-385.65
55.859,-363.84
55.875,-344.21
55.890,-332.78
55.906,-329.09
55.921,-326.92
55.937,-318.46
55.953,-299.66
55.968,-272.33
55.984,-242.42
56.000,-214.98
56.015,-190.07
56.031,-162.47
56.046,-124.92
56.062,-73.21
56.078,-8.6
56.093,62.69
56.109,132.97
56.125,196.2
56.140,249.09
56.156,290.39
56.171,318.94
56.187,332.92
56.203,330.82
56.218,312.8
56.234,281.66
56.250,242.05
56.265,199.38
56.281,157.96
56.296,119.82
56.312,84.25
56.328,48.67
56.343,10.27
56.359,-32.13
56.375,-76.79
56.390,-118.72
56.406,-150.95
56.421,-167.48
56.437,-165.73
56.453,-148.11
56.468,-120.72
56.484,-90.7
56.500,-63.27
56.515,-40.47
56.531,-22.0
56.546,-7.36
56.562,2.71
56.578,6.47
56.593,2.51
56.609,-8.68
56.625,-24.22
56.640,-39.96
56.656,-52.5
56.671,-60.44
56.687,-64.37
56.703,-65.61
56.718,-65.18
56.734,-62.93
56.750,-58.31
56.765,-50.88
56.781,-40.81
56.796,-29.29
56.812,-19.04
56.828,-14.11
56.843,-18.18
56.859,-32.68
56.875,-55.26
56.890,-80.17
56.906,-100.63
56.921,-112.01
56.937,-113.54
56.953,-107.73
56.968,-98.22
56.984,-87.11
57.000,-74.17
57.015,-57.52
57.031,-35.49
57.046,-8.38
57.062,21.22
57.078,49.15
57.093,71.15
57.109,83.6
57.125,84.36
57.140,73.22
57.156,52.67
57.171,27.76
57.187,4.44
57.203,-12.94
57.218,-23.45
57.234,-28.82
57.250,-31.33
57.265,-31.13
57.281,-25.72
57.296,-11.73
57.312,11.16
57.328,37.47
57.343,56.85
57.359,58.62
57.375,38.08
57.390,0.02
57.406,-42.54
57.421,-75.01
57.437,-88.63
57.453,-84.88
57.468,-74.43
57.484,-70.73
57.500,-82.89
57.515,-111.87
57.531,-152.21
57.546,-196.63
57.562,-240.56
57.578,-283.52
57.593,-326.26
57.609,-366.74
57.625,-397.89
57.640,-409.79
57.656,-394.05
57.671,-349.02
57.687,-281.78
57.703,-206.44
57.718,-139.45
57.734,-93.84
57.750,-74.93
57.765,-78.86
57.781,-94.74
57.796,-109.02
57.812,-110.76
57.828,-95.26
57.843,-64.96
57.859,-27.1
57.875,10.19
57.890,41.51
57.906,66.0
57.921,86.25
57.937,106.16
57.953,128.5
57.968,154.27
57.984,182.88
58.000,213.19
58.015,243.89
58.031,273.25
58.046,298.71
58.062,316.86
58.078,324.08
58.093,317.87
58.109,298.95
58.125,271.57
58.140,242.41
58.156,218.08
58.171,202.43
58.187,195.23
58.203,192.94
58.218,191.33
58.234,187.68
58.250,182.4
58.265,178.09
58.281,176.86
58.296,178.35
58.312,178.89
58.328,172.93
58.343,155.7
58.359,126.07
58.375,87.47
58.390,47.2
58.406,13.6
58.421,-6.93
58.437,-11.56
58.453,-2.11
58.468,15.76
58.484,34.41
58.500,46.61
58.515,46.97
58.531,33.11
58.546,5.06
58.562,-35.72
58.578,-87.06
58.593,-146.49
58.609,-210.56
58.625,-274.09
58.640,-330.46
58.656,-373.35
58.671,-398.81
58.687,-407.02
58.703,-401.99
58.718,-389.25
58.734,-373.27
58.750,-355.48
58.765,-334.16
58.781,-306.87
58.796,-273.25
58.812,-235.93
58.828,-199.97
58.843,-170.2
58.859,-149.14
58.875,-136.1
58.890,-127.9
58.906,-120.1
58.921,-108.36
58.937,-89.21
58.953,-59.9
58.968,-19.13
58.984,33.04
59.000,94.96
59.015,163.26
59.031,233.11
59.046,299.31
59.062,357.32
59.078,404.13
59.093,439.44
59.109,465.39
59.125,486.0
59.140,505.58
59.156,526.58
59.171,547.91
59.187,564.69
59.203,569.66
59.218,555.84
59.234,519.79
59.250,462.82
59.265,391.3
59.281,314.23
59.296,240.44
59.312,176.1
59.328,123.51
59.343,81.68
59.359,47.44
59.375,17.29
59.390,-12.27
59.406,-44.19
59.421,-80.49
59.437,-121.89
59.453,-166.43
59.468,-209.39
59.484,-243.28
59.500,-259.8
59.515,-252.37
59.531,-219.08
59.546,-164.11
59.562,-96.85
59.578,-29.47
59.593,27.37
59.609,67.89
59.625,92.88
59.640,108.2
59.656,121.39
59.671,137.75
59.687,158.06
59.703,178.64
59.718,193.53
59.734,198.15
59.750,191.57
59.765,177.5
59.781,162.16
59.796,151.47
59.812,147.99
59.828,150.09
59.843,153.94
59.859,156.18
59.875,156.48
59.890,157.46
59.906,162.48
59.921,172.23
59.937,183.61
59.953,190.55
59.968,186.87
59.984,169.87
