timestamp,x,y,z,roll,pitch,yaw
00.018,0.0001600467,0.0001160644,0.00031703908,1.4550943e-09,-2.0064983e-09,-3.974705e-09
00.038,0.0007709119,0.0007269297,-0.0002938262,0.0,-0.0,0.0
00.058,-0.00045081854,0.0007269297,-0.0002938262,2.2060654e-08,1.3681312e-08,8.916953e-09
00.098,-0.00045081854,0.0007269297,0.00031703908,0.0,-0.0,-0.0
00.138,-0.0010616838,-0.00049480086,0.00031703908,-0.0,0.0,0.0
00.179,-0.001672549,-0.00049480086,0.00092790433,-3.28015e-08,1.1087718e-07,-6.151294e-08
00.201,-0.0010616838,0.0007269297,0.00092790433,0.0,-0.0,-0.0
00.241,-0.0022834144,-0.00049480086,0.00031703908,-0.0,0.0,0.0
00.278,0.0001600467,0.0001160644,-0.00090469146,3.6064447e-09,-4.973097e-09,2.8111286e-08
00.303,-0.0010616838,-0.00049480086,-0.0015155567,-0.0,-0.0,0.0
00.341,-0.00045081854,0.0001160644,-0.0002938262,-0.0,0.0,0.0
00.363,-0.001672549,-0.0017165313,0.00031703908,-1.3924259e-07,1.3567481e-07,-2.5717751e-08
00.401,0.0007709119,-0.00049480086,-0.00090469146,-0.0,-0.0,0.0
00.441,0.0001600467,-0.00049480086,0.00031703908,-0.0,-0.0,-0.0
00.479,-0.001672549,-0.001105666,0.00092790433,-8.1964316e-08,1.2398803e-07,-6.878663e-08
00.499,0.0001600467,-0.00049480086,-0.00090469146,-0.0,-0.0,0.0
00.540,-0.00045081854,0.0001160644,0.00031703908,0.0,-0.0,-0.0
00.579,0.0001600467,0.0001160644,-0.0002938262,1.3792145e-09,-1.9018642e-09,3.4915904e-09
00.601,0.0013817771,0.0007269297,-0.0002938262,0.0,-0.0,0.0
00.640,-0.00045081854,0.0001160644,0.00092790433,0.0,-0.0,-0.0
00.679,-0.0010616838,-0.00049480086,0.00031703908,-2.0146983e-08,4.3228958e-08,-1.2908994e-08
00.700,-0.001672549,0.0007269297,0.00031703908,0.0,-0.0,-0.0
00.740,-0.00045081854,0.0007269297,-0.0002938262,-0.0,0.0,0.0
00.781,0.0007709119,0.0001160644,-0.0002938262,3.2446141e-09,-2.1551067e-08,8.213997e-09
00.799,0.0001600467,0.0001160644,0.00092790433,-0.0,-0.0,0.0
00.842,-0.00045081854,-0.00049480086,-0.00090469146,-0.0,-0.0,0.0
00.881,-0.00045081854,0.0001160644,0.00092790433,4.042973e-09,1.5703755e-08,-3.23225e-08
00.901,-0.001672549,0.0001160644,0.00092790433,0.0,-0.0,-0.0
00.939,-0.0010616838,-0.001105666,-0.0002938262,-0.0,-0.0,0.0
00.978,0.0001600467,-0.00049480086,-0.00090469146,-1.732512e-08,-5.6039275e-09,3.1677164e-08
00.999,0.0001600467,0.0001160644,-0.00090469146,0.0,-0.0,0.0
01.039,-0.001672549,-0.00049480086,0.00031703908,-0.0,0.0,0.0
01.079,-0.0010616838,-0.0017165313,0.00031703908,-0.0,0.0,0.0
01.120,0.0001600467,0.0001160644,0.00031703908,1.4550943e-09,-2.0064983e-09,-3.974705e-09
01.141,0.0007709119,-0.001105666,0.00031703908,-0.0,-0.0,-0.0
01.179,-0.0022834144,0.0056138514,-0.00090469146,-0.0,0.0,0.0
01.201,-0.0035051447,0.0056138514,0.00031703908,1.2481086e-06,7.792869e-07,-7.0486706e-08
01.254,-0.0010616838,0.0013377949,0.00031703908,0.0,-0.0,-0.0
01.293,0.0007709119,0.0019486601,-0.0002938262,1.3836426e-07,-5.473846e-08,2.0863078e-08
01.319,0.0013817771,0.0007269297,-0.0002938262,3.8751885e-08,-7.366114e-08,1.5663579e-08
01.339,-0.001672549,0.0007269297,0.00031703908,0.0,-0.0,-0.0
01.379,0.0001600467,0.0001160644,-0.0002938262,0.0,-0.0,0.0
01.420,0.0007709119,0.0001160644,-0.0002938262,3.2446141e-09,-2.1551067e-08,8.213997e-09
01.441,-0.0022834144,-0.001105666,0.00031703908,-0.0,0.0,0.0
01.480,0.0001600467,-0.00049480086,-0.0002938262,-0.0,-0.0,0.0
01.520,-0.001672549,-0.00049480086,0.0015387696,-3.8617248e-08,1.3053585e-07,-1.200949e-07
01.539,-0.0022834144,0.0001160644,-0.0002938262,-0.0,0.0,0.0
01.579,-0.00045081854,-0.00049480086,0.0015387696,-0.0,0.0,0.0
01.619,-0.0010616838,0.0007269297,-0.0002938262,3.2192744e-08,4.7017632e-08,1.301236e-08
01.640,0.0007709119,-0.00049480086,0.00031703908,-0.0,-0.0,-0.0
01.679,0.0007709119,-0.00049480086,-0.0002938262,-0.0,-0.0,0.0
01.719,-0.001672549,0.0001160644,0.00031703908,6.6450814e-09,9.5759106e-08,-1.8151562e-08
01.741,0.0007709119,0.0007269297,0.00031703908,-0.0,-0.0,0.0
01.778,-0.006559471,0.0056138514,0.00031703908,0.0,-0.0,-0.0
01.820,-0.0028942795,0.0031703906,-0.00090469146,4.6670314e-07,4.2605777e-07,1.3317667e-07
01.840,-0.001672549,0.0007269297,0.00092790433,0.0,-0.0,-0.0
01.879,0.0026035078,-0.0017165313,0.00031703908,-0.0,-0.0,-0.0
01.920,0.0013817771,-0.001105666,-0.0002938262,-6.655432e-08,-8.317452e-08,1.7686533e-08
01.940,-0.001672549,0.0031703906,0.00031703908,0.0,-0.0,-0.0
01.979,-0.0010616838,0.0001160644,-0.0002938262,-0.0,0.0,0.0
02.019,0.0013817771,-0.0029382617,-0.0015155567,-3.532776e-07,-1.6613599e-07,1.8222073e-07
02.040,0.0001600467,-0.0029382617,-0.0002938262,-0.0,-0.0,0.0
02.079,0.0007709119,0.0007269297,0.00031703908,-0.0,-0.0,0.0
02.120,0.0013817771,0.0001160644,0.00031703908,5.5395977e-09,-6.595037e-08,-1.5131851e-08
02.141,-0.001672549,0.0019486601,0.00031703908,0.0,-0.0,-0.0
02.179,0.0001600467,0.009279043,0.00031703908,-0.0,-0.0,0.0
02.220,0.0019926424,0.0013377949,-0.00090469146,0.0,-0.0,0.0
02.260,-0.0010616838,0.0013377949,0.00031703908,7.7974846e-08,6.18814e-08,-1.8478973e-08
02.279,0.0019926424,-0.0035491271,-0.00090469146,-0.0,-0.0,0.0
02.318,0.0001600467,0.0025595254,0.00031703908,-0.0,-0.0,0.0
02.362,-0.001672549,0.0019486601,0.00092790433,1.7853785e-07,1.5324031e-07,-8.501537e-08
02.381,0.0013817771,0.0007269297,0.00031703908,-0.0,-0.0,0.0
02.419,-0.00045081854,0.0007269297,-0.0002938262,-0.0,0.0,0.0
02.459,0.0007709119,0.0001160644,0.00031703908,3.2775886e-09,-2.1770086e-08,-8.952992e-09
02.482,-0.00045081854,0.0007269297,0.00031703908,0.0,-0.0,-0.0
02.521,0.0013817771,-0.0017165313,-0.0002938262,-0.0,-0.0,0.0
02.560,-0.0010616838,0.0007269297,-0.0002938262,3.2192744e-08,4.7017632e-08,1.301236e-08
02.580,0.0001600467,-0.001105666,-0.0002938262,-0.0,-0.0,0.0
02.619,-0.001672549,0.0001160644,0.00031703908,0.0,-0.0,-0.0
02.659,-0.008392067,0.0050029866,-0.37231076,6.22766e-05,0.000105018175,0.004652651
02.680,-0.0035051447,0.009279043,-0.5928331,-0.0,0.0,0.0
02.719,-0.0059486055,0.011722503,-0.61177,-0.0,0.0,0.0
02.763,-0.00045081854,0.008668178,-0.18294254,5.3267857e-05,2.8004044e-06,0.0011242551
02.782,-0.004726875,0.0056138514,-0.033891413,-0.0,0.0,0.0
02.820,-0.001672549,0.0025595254,-0.0002938262,-0.0,0.0,0.0
02.859,-0.0028942795,0.0001160644,-0.0015155567,1.2731533e-08,3.1748488e-07,1.6624736e-07
02.881,-0.00045081854,-0.0035491271,0.00092790433,-0.0,0.0,0.0
02.919,0.0001600467,0.0001160644,0.00031703908,-0.0,-0.0,0.0
02.958,0.0013817771,-0.00049480086,0.0021496348,-4.3215266e-08,-1.2068259e-07,-1.8774627e-07
03.000,0.0007709119,-0.00049480086,0.00031703908,-1.6093951e-08,-2.507477e-08,-1.0312051e-08
03.019,-0.0010616838,0.0007269297,-0.00090469146,-0.0,0.0,0.0
03.059,0.0007709119,-0.001105666,-0.0002938262,-5.1181e-08,-3.5685318e-08,1.360114e-08
03.099,0.0001600467,0.0001160644,0.00031703908,1.4550943e-09,-2.0064983e-09,-3.974705e-09
03.120,-0.0010616838,-0.00049480086,-0.00090469146,-0.0,-0.0,0.0
03.160,-0.00045081854,0.0001160644,0.00031703908,0.0,-0.0,-0.0
03.200,-0.00045081854,0.0013377949,-0.00090469146,7.526632e-08,2.536372e-08,5.089928e-08
03.220,0.0001600467,0.0001160644,0.00092790433,-0.0,-0.0,0.0
03.259,-0.001672549,0.0001160644,-0.0002938262,-0.0,0.0,0.0
03.300,-0.00045081854,0.0007269297,0.00092790433,3.0782598e-08,1.9090383e-08,-3.9293077e-08
03.319,-0.0010616838,-0.001105666,-0.0002938262,-0.0,-0.0,0.0
03.360,0.0001600467,-0.001105666,0.00092790433,-0.0,-0.0,-0.0
03.400,-0.0010616838,0.0001160644,0.00092790433,5.509891e-09,5.0400992e-08,-4.405012e-08
03.419,-0.00045081854,0.0001160644,0.0015387696,0.0,-0.0,-0.0
03.460,-0.001672549,-0.001105666,-0.0002938262,-0.0,-0.0,0.0
03.500,0.0001600467,-0.001105666,-0.0002938262,-4.2857256e-08,-6.2036474e-09,1.13891385e-08
03.519,-0.00045081854,0.0001160644,0.00031703908,0.0,-0.0,-0.0
03.559,0.0038252382,-0.008436049,-0.0002938262,-0.0,-0.0,0.0
03.601,-0.00045081854,-0.0047708573,-0.0002938262,-7.6857793e-07,7.2626165e-08,4.7334986e-08
03.620,0.0007709119,-0.0023273965,-0.0002938262,-0.0,-0.0,0.0
03.659,0.0013817771,-0.001105666,0.00092790433,-0.0,-0.0,-0.0
03.699,0.0001600467,0.0001160644,-0.00090469146,3.6064447e-09,-4.973097e-09,2.8111286e-08
03.738,-0.0010616838,-0.00049480086,0.00031703908,-2.0146983e-08,4.3228958e-08,-1.2908994e-08
03.759,-0.0010616838,-0.00049480086,0.00031703908,-0.0,0.0,0.0
03.798,0.0001600467,0.0001160644,0.00031703908,1.4550943e-09,-2.0064983e-09,-3.974705e-09
03.841,-0.00045081854,0.0001160644,0.00031703908,2.1934645e-09,8.519877e-09,-5.991622e-09
03.858,0.0007709119,0.0007269297,0.00031703908,-0.0,-0.0,0.0
03.898,0.0007709119,0.0001160644,-0.0002938262,3.2446141e-09,-2.1551067e-08,8.213997e-09
03.938,0.0001600467,-0.001105666,0.00031703908,-4.308436e-08,-6.23652e-09,-1.23540245e-08
03.959,-0.00045081854,0.0001160644,0.00031703908,0.0,-0.0,-0.0
03.999,-0.0010616838,-0.00049480086,0.00031703908,-2.0146983e-08,4.3228958e-08,-1.2908994e-08
04.039,0.0007709119,0.0001160644,0.00092790433,4.719844e-09,-3.1349703e-08,-3.7733916e-08
04.058,-0.0010616838,-0.001105666,0.00031703908,-0.0,0.0,0.0
04.099,-0.001672549,0.0001160644,0.00092790433,7.462673e-09,1.0754099e-07,-5.966208e-08
04.139,-0.00045081854,-0.00049480086,0.00031703908,-1.2297021e-08,1.12039515e-08,-7.879203e-09
04.158,-0.0010616838,-0.00049480086,0.0015387696,-0.0,0.0,0.0
04.199,-0.001672549,0.0001160644,-0.0002938262,-0.0,0.0,0.0
04.240,0.0007709119,-0.00049480086,-0.00090469146,-2.1375689e-08,-3.3303852e-08,3.9083204e-08
04.259,0.0007709119,-0.001105666,-0.0002938262,-0.0,-0.0,0.0
04.299,0.0001600467,-0.001105666,0.00031703908,-0.0,-0.0,-0.0
04.339,-0.0010616838,-0.001105666,-0.00090469146,-6.603524e-08,6.340842e-08,5.4032157e-08
04.359,0.0001600467,-0.001105666,0.0015387696,-0.0,-0.0,-0.0
04.398,-0.00045081854,-0.00049480086,0.00092790433,-0.0,0.0,0.0
04.444,0.0001600467,-0.00049480086,-0.0002938262,-9.91696e-09,-3.2077079e-09,5.88896e-09
04.478,0.0001600467,-0.001105666,0.00092790433,-5.3879603e-08,-7.799146e-09,-4.5217195e-08
04.499,-0.0010616838,-0.00049480086,0.00031703908,-0.0,0.0,0.0
04.541,-0.00045081854,-0.001105666,0.00031703908,-4.583387e-08,1.8688063e-08,-1.314242e-08
04.561,-0.0010616838,-0.00049480086,0.0015387696,-0.0,0.0,0.0
04.600,-0.0010616838,0.0001160644,0.00092790433,0.0,-0.0,-0.0
04.639,-0.00045081854,0.0007269297,-0.0002938262,2.2060654e-08,1.3681312e-08,8.916953e-09
04.679,-0.001672549,-0.00049480086,0.00031703908,-2.9433103e-08,9.949116e-08,-1.8858989e-08
04.700,0.0001600467,0.0013377949,-0.0002938262,0.0,-0.0,0.0
04.741,0.0001600467,-0.00049480086,0.00031703908,-1.0112112e-08,-3.2708314e-09,-6.4792425e-09
04.780,-0.0010616838,-0.001105666,0.00092790433,-6.647711e-08,6.3832715e-08,-5.5789354e-08
04.800,-0.00045081854,-0.00049480086,0.00092790433,-0.0,0.0,0.0
04.838,-0.020609371,0.044098362,0.0033713654,7.219915e-05,3.3742035e-05,-5.520911e-06
04.899,0.004436103,-0.00965778,-0.00090469146,-3.4565385e-06,-1.5876908e-06,3.2378813e-07
04.940,0.0013817771,0.0001160644,-0.0002938262,5.520153e-09,-6.571886e-08,1.3974701e-08
04.978,-0.00045081854,0.0001160644,0.00031703908,2.1934645e-09,8.519877e-09,-5.991622e-09
04.998,-0.00045081854,0.0001160644,0.00092790433,0.0,-0.0,-0.0
05.038,-0.00045081854,-0.00049480086,0.00031703908,-1.2297021e-08,1.12039515e-08,-7.879203e-09
05.078,-0.00045081854,0.0001160644,0.00031703908,2.1934645e-09,8.519877e-09,-5.991622e-09
05.100,0.0001600467,-0.00049480086,-0.0002938262,-0.0,-0.0,0.0
05.139,-0.00045081854,-0.00049480086,0.00092790433,-0.0,0.0,0.0
05.179,-0.00045081854,0.0007269297,0.00092790433,3.0782598e-08,1.9090383e-08,-3.9293077e-08
05.199,-0.00045081854,-0.00049480086,-0.0002938262,-0.0,-0.0,0.0
05.239,-0.0010616838,-0.0023273965,0.00031703908,-0.0,0.0,0.0
05.279,0.0001600467,-0.001105666,0.00031703908,-4.308436e-08,-6.23652e-09,-1.23540245e-08
05.319,0.0007709119,0.0001160644,-0.0002938262,3.2446141e-09,-2.1551067e-08,8.213997e-09
05.340,0.0007709119,-0.00049480086,0.00031703908,-0.0,-0.0,-0.0
05.378,-0.001672549,0.0001160644,0.00031703908,6.6450814e-09,9.5759106e-08,-1.8151562e-08
05.418,-0.001672549,-0.001105666,0.00031703908,-7.5308705e-08,1.1392003e-07,-2.1594042e-08
05.439,-0.001672549,-0.0017165313,0.00092790433,-0.0,0.0,0.0
05.478,0.0001600467,0.0001160644,0.00031703908,1.4550943e-09,-2.0064983e-09,-3.974705e-09
05.521,-0.0022834144,-0.001105666,-0.00090469146,-9.992887e-08,2.0637243e-07,8.176501e-08
05.539,0.0007709119,0.0013377949,0.00031703908,-0.0,-0.0,0.0
05.581,0.0001600467,-0.00049480086,0.00031703908,-1.0112112e-08,-3.2708314e-09,-6.4792425e-09
05.620,0.0007709119,0.0001160644,0.00031703908,3.2775886e-09,-2.1770086e-08,-8.952992e-09
05.642,-0.00045081854,0.0007269297,-0.00090469146,-0.0,0.0,0.0
05.682,-0.001672549,-0.001105666,-0.0002938262,-7.517902e-08,1.1372384e-07,1.9978517e-08
05.719,0.0007709119,-0.00049480086,0.00031703908,-1.6093951e-08,-2.507477e-08,-1.0312051e-08
05.741,-0.00045081854,-0.00049480086,-0.0002938262,-0.0,-0.0,0.0
05.781,-0.00045081854,-0.0017165313,0.00092790433,-1.15348776e-07,3.0294448e-08,-6.235402e-08
05.821,0.0007709119,0.0001160644,-0.0002938262,3.2446141e-09,-2.1551067e-08,8.213997e-09
05.842,0.0001600467,0.0001160644,0.00092790433,-0.0,-0.0,0.0
05.883,-0.0010616838,0.0056138514,0.00031703908,1.0778792e-06,2.03847e-07,-6.087273e-08
05.918,0.0007709119,-0.001105666,-0.0002938262,-5.1181e-08,-3.5685318e-08,1.360114e-08
05.938,-0.0010616838,-0.00049480086,0.00031703908,-0.0,0.0,0.0
05.980,-0.00045081854,-0.001105666,-0.0002938262,-4.5620457e-08,1.8601048e-08,1.2123448e-08
06.018,0.0013817771,0.0007269297,0.00031703908,3.8860584e-08,-7.386776e-08,-1.6948439e-08
06.059,0.0007709119,0.0001160644,0.00092790433,4.719844e-09,-3.1349703e-08,-3.7733916e-08
06.078,0.0007709119,0.0001160644,-0.0002938262,3.2446141e-09,-2.1551067e-08,8.213997e-09
06.118,0.0007709119,0.0007269297,0.00031703908,2.6977341e-08,-2.8609582e-08,-1.1765748e-08
06.159,-0.0010616838,-0.001105666,-0.00090469146,-6.603524e-08,6.340842e-08,5.4032157e-08
06.180,-0.001672549,0.0001160644,-0.0002938262,-0.0,0.0,0.0
06.219,0.0001600467,0.0001160644,-0.0002938262,1.3792145e-09,-1.9018642e-09,3.4915904e-09
06.259,0.0007709119,-0.00049480086,-0.0002938262,-1.5972056e-08,-2.4884855e-08,9.48464e-09
06.278,0.0001600467,-0.0017165313,0.0021496348,-0.0,-0.0,-0.0
06.320,0.0001600467,-0.001105666,0.00092790433,-5.3879603e-08,-7.799146e-09,-4.5217195e-08
06.361,0.0001600467,-0.00049480086,0.00092790433,-1.7660293e-08,-5.7123413e-09,-3.31185e-08
06.380,-0.00045081854,-0.001105666,0.00031703908,-0.0,0.0,0.0
06.419,-0.0022834144,-0.0017165313,0.00092790433,-1.7299764e-07,2.3013e-07,-9.3517215e-08
06.460,0.0007709119,-0.0017165313,0.00092790433,-1.2084156e-07,-5.427119e-08,-6.5323256e-08
06.480,0.0001600467,-0.001105666,0.00092790433,-0.0,-0.0,-0.0
06.520,-0.00045081854,-0.00049480086,-0.00090469146,-1.8684798e-08,1.7023925e-08,3.416319e-08
06.559,-0.0010616838,0.0007269297,0.00031703908,3.232351e-08,4.7208616e-08,-1.4097397e-08
06.579,-0.0010616838,-0.00049480086,0.00031703908,-0.0,0.0,0.0
06.618,0.0019926424,0.0007269297,0.00031703908,5.231192e-08,-1.4339619e-07,-2.2815026e-08
06.659,0.0001600467,0.0007269297,0.00031703908,1.9734019e-08,-4.3448005e-09,-8.606685e-09
06.680,-0.00045081854,0.0007269297,0.00031703908,0.0,-0.0,-0.0
06.719,0.0001600467,0.0007269297,0.00031703908,1.9734019e-08,-4.3448005e-09,-8.606685e-09
06.758,0.0001600467,0.0001160644,0.00031703908,1.4550943e-09,-2.0064983e-09,-3.974705e-09
06.781,0.0001600467,0.0001160644,0.00092790433,-0.0,-0.0,0.0
06.821,-0.00045081854,-0.00049480086,0.00031703908,-1.2297021e-08,1.12039515e-08,-7.879203e-09
06.861,-0.00045081854,0.0001160644,0.00031703908,2.1934645e-09,8.519877e-09,-5.991622e-09
06.881,-0.00045081854,0.0001160644,0.00031703908,0.0,-0.0,-0.0
06.920,0.0007709119,0.0007269297,0.00031703908,2.6977341e-08,-2.8609582e-08,-1.1765748e-08
06.962,0.0001600467,-0.00049480086,0.00031703908,-1.0112112e-08,-3.2708314e-09,-6.4792425e-09
07.000,-0.0010616838,-0.00049480086,-0.00090469146,-2.4572463e-08,5.272461e-08,4.4928168e-08
07.020,0.0013817771,-0.001105666,0.00031703908,-6.670079e-08,-8.335756e-08,-1.9125812e-08
07.059,0.0001600467,-0.00049480086,0.00031703908,-1.0112112e-08,-3.2708314e-09,-6.4792425e-09
07.080,0.0001600467,-0.001105666,0.00031703908,-0.0,-0.0,-0.0
07.121,-0.001672549,0.0001160644,0.00092790433,0.0,-0.0,-0.0
07.160,0.0001600467,0.0007269297,0.00031703908,1.9734019e-08,-4.3448005e-09,-8.606685e-09
07.181,0.0001600467,0.0001160644,-0.0002938262,0.0,-0.0,0.0
07.220,-0.00045081854,0.0007269297,-0.00090469146,-0.0,0.0,0.0
07.261,0.0001600467,-0.00049480086,0.00031703908,-1.0112112e-08,-3.2708314e-09,-6.4792425e-09
07.300,0.0007709119,0.0001160644,0.00031703908,3.2775886e-09,-2.1770086e-08,-8.952992e-09
07.321,0.0013817771,0.0007269297,0.00092790433,-0.0,-0.0,0.0
07.360,-0.0010616838,-0.00049480086,0.00092790433,-2.4809918e-08,5.323412e-08,-4.6526257e-08
07.401,-0.00045081854,-0.00049480086,0.00092790433,-1.8995994e-08,1.730746e-08,-3.562335e-08
07.420,-0.0010616838,-0.00049480086,0.00031703908,-0.0,0.0,0.0
07.459,0.0001600467,-0.00049480086,0.00031703908,-1.0112112e-08,-3.2708314e-09,-6.4792425e-09
07.500,0.0007709119,0.0001160644,0.00031703908,3.2775886e-09,-2.1770086e-08,-8.952992e-09
07.520,-0.0010616838,-0.00049480086,-0.0002938262,-0.0,-0.0,0.0
07.560,-0.00045081854,-0.001105666,0.00031703908,-4.583387e-08,1.8688063e-08,-1.314242e-08
07.599,0.0001600467,-0.00049480086,0.00092790433,-1.7660293e-08,-5.7123413e-09,-3.31185e-08
07.620,0.0001600467,0.0007269297,0.00031703908,-0.0,-0.0,0.0
07.660,-0.0010616838,-0.00049480086,-0.0002938262,-2.0049743e-08,4.302031e-08,1.1906082e-08
07.698,-0.00045081854,-0.00049480086,0.00031703908,-1.2297021e-08,1.12039515e-08,-7.879203e-09
07.738,-0.001672549,-0.001105666,-0.0002938262,-7.517902e-08,1.1372384e-07,1.9978517e-08
07.758,-0.001672549,0.0001160644,0.00031703908,6.6450814e-09,9.5759106e-08,-1.8151562e-08
07.802,0.0013817771,0.0007269297,-0.0002938262,3.8751885e-08,-7.366114e-08,1.5663579e-08
07.843,0.0007709119,-0.001105666,-0.0002938262,-5.1181e-08,-3.5685318e-08,1.360114e-08
07.859,0.0007709119,0.0007269297,-0.0002938262,2.6820524e-08,-2.8443276e-08,1.0840901e-08
07.898,-0.0010616838,-0.001105666,0.00031703908,-5.8072853e-08,5.5762772e-08,-1.6651828e-08
07.938,0.0001600467,0.0007269297,0.0015387696,4.16938e-08,-9.179645e-09,-8.8257714e-08
07.959,0.0001600467,0.0001160644,0.0015387696,6.041958e-09,-8.331543e-09,-8.0103646e-08
07.998,0.0001600467,0.0007269297,-0.0002938262,1.9519094e-08,-4.297481e-09,7.889651e-09
08.039,0.0007709119,0.0001160644,-0.00090469146,4.650993e-09,-3.089238e-08,3.625326e-08
08.058,-0.0010616838,-0.001105666,-0.0002938262,-5.790457e-08,5.560118e-08,1.5387903e-08
08.101,-0.00045081854,0.0001160644,0.00031703908,2.1934645e-09,8.519877e-09,-5.991622e-09
08.140,-0.009002931,0.033102788,0.0015387696,3.8142658e-05,1.0373584e-05,-1.7732433e-06
08.160,-0.001672549,0.003781256,0.00092790433,0.0,-0.0,-0.0
08.199,0.0019926424,-0.013933836,0.00031703908,-6.5826002e-06,-9.413604e-07,-1.4977819e-07
08.238,0.0001600467,-0.00049480086,0.0015387696,-2.6967374e-08,-8.722779e-09,-8.38652e-08
08.259,0.0007709119,-0.00049480086,0.00092790433,-0.0,-0.0,-0.0
08.299,0.0001600467,0.0001160644,0.00031703908,1.4550943e-09,-2.0064983e-09,-3.974705e-09
08.339,-0.0010616838,-0.001105666,0.00031703908,-5.8072853e-08,5.5762772e-08,-1.6651828e-08
08.357,-0.0010616838,-0.00049480086,0.00092790433,-0.0,0.0,0.0
08.400,0.0001600467,-0.00049480086,-0.0002938262,-9.91696e-09,-3.2077079e-09,5.88896e-09
08.440,0.0007709119,0.0007269297,-0.0002938262,2.6820524e-08,-2.8443276e-08,1.0840901e-08
08.459,-0.001672549,-0.00049480086,0.00031703908,-0.0,0.0,0.0
08.500,0.0007709119,-0.001105666,0.00092790433,-6.071048e-08,-4.2329628e-08,-5.0949847e-08
08.540,0.0001600467,-0.00049480086,-0.0002938262,-9.91696e-09,-3.2077079e-09,5.88896e-09
08.579,-0.00045081854,-0.001105666,0.00092790433,-5.6102518e-08,2.2874952e-08,-4.708272e-08
08.599,-0.00045081854,-0.00049480086,0.00092790433,-1.8995994e-08,1.730746e-08,-3.562335e-08
08.640,0.0001600467,-0.0017165313,0.0015387696,-1.3309705e-07,-1.2409752e-08,-1.193137e-07
08.678,-0.00045081854,-0.00049480086,0.00092790433,-1.8995994e-08,1.730746e-08,-3.562335e-08
08.699,0.0026035078,0.0007269297,0.00092790433,6.9709465e-08,-2.4966536e-07,-8.8982084e-08
08.738,-0.00045081854,-0.00049480086,0.00031703908,-1.2297021e-08,1.12039515e-08,-7.879203e-09
08.781,-0.0010616838,-0.001105666,0.00031703908,-5.8072853e-08,5.5762772e-08,-1.6651828e-08
08.799,0.0001600467,0.0007269297,-0.0002938262,1.9519094e-08,-4.297481e-09,7.889651e-09
08.841,0.0007709119,-0.001105666,0.00031703908,-5.1371327e-08,-3.581802e-08,-1.4730234e-08
08.861,-0.00045081854,0.0007269297,-0.0002938262,-0.0,0.0,0.0
08.898,-0.00045081854,0.0007269297,-0.00090469146,3.0368717e-08,1.8833706e-08,3.7795015e-08
08.941,-0.00045081854,-0.00049480086,-0.0002938262,-1.21370505e-08,1.10582015e-08,7.2073103e-09
08.978,-0.00045081854,0.0001160644,0.00031703908,2.1934645e-09,8.519877e-09,-5.991622e-09
08.999,0.0001600467,-0.00049480086,0.00031703908,-1.0112112e-08,-3.2708314e-09,-6.4792425e-09
09.039,0.0007709119,0.0001160644,-0.0002938262,3.2446141e-09,-2.1551067e-08,8.213997e-09
09.079,0.0001600467,-0.001105666,0.00031703908,-4.308436e-08,-6.23652e-09,-1.23540245e-08
09.100,-0.00045081854,-0.001105666,0.00031703908,-0.0,0.0,0.0
09.140,0.0001600467,-0.001105666,0.00031703908,-4.308436e-08,-6.23652e-09,-1.23540245e-08
09.179,-0.0010616838,0.0007269297,-0.00090469146,3.836612e-08,5.6033876e-08,4.7748088e-08
09.199,-0.0010616838,-0.0066034533,-0.00090469146,-0.0,-0.0,0.0
09.239,0.0019926424,-0.001105666,0.00092790433,-9.128505e-08,-1.6451482e-07,-7.660884e-08
09.278,0.0001600467,-0.0017165313,0.00092790433,-1.12765626e-07,-1.05140865e-08,-6.0957646e-08
09.298,0.0001600467,0.0007269297,-0.00090469146,0.0,-0.0,0.0
09.338,0.0007709119,-0.00049480086,0.00031703908,-1.6093951e-08,-2.507477e-08,-1.0312051e-08
09.378,-0.0010616838,-0.00049480086,0.00031703908,-2.0146983e-08,4.3228958e-08,-1.2908994e-08
09.399,-0.0022834144,0.0001160644,0.00031703908,0.0,-0.0,-0.0
09.439,0.0001600467,-0.001105666,0.00092790433,-5.3879603e-08,-7.799146e-09,-4.5217195e-08
09.478,0.0001600467,-0.00049480086,-0.0002938262,-9.91696e-09,-3.2077079e-09,5.88896e-09
09.518,0.0001600467,-0.001105666,-0.0002938262,-4.2857256e-08,-6.2036474e-09,1.13891385e-08
09.538,0.0007709119,0.0001160644,0.00031703908,3.2775886e-09,-2.1770086e-08,-8.952992e-09
09.578,-0.00045081854,-0.001105666,-0.0002938262,-4.5620457e-08,1.8601048e-08,1.2123448e-08
09.618,-0.001672549,-0.00049480086,0.00092790433,-3.28015e-08,1.1087718e-07,-6.151294e-08
09.639,0.0001600467,0.0007269297,0.00031703908,1.9734019e-08,-4.3448005e-09,-8.606685e-09
09.678,-0.0010616838,-0.001105666,0.00031703908,-5.8072853e-08,5.5762772e-08,-1.6651828e-08
09.718,-0.0010616838,0.0001160644,-0.0002938262,4.313871e-09,3.9460566e-08,1.0920905e-08
09.739,-0.00045081854,-0.00049480086,-0.0002938262,-1.21370505e-08,1.10582015e-08,7.2073103e-09
09.780,-0.0022834144,-0.001105666,0.00031703908,-9.485557e-08,1.9589511e-07,-2.7198913e-08
09.819,-0.00045081854,-0.00049480086,0.00092790433,-1.8995994e-08,1.730746e-08,-3.562335e-08
09.840,-0.00045081854,-0.00049480086,0.00092790433,-1.8995994e-08,1.730746e-08,-3.562335e-08
09.879,-0.0010616838,0.0007269297,0.00092790433,3.8694555e-08,5.6513553e-08,-4.9392458e-08
09.919,0.0001600467,0.0001160644,-0.0002938262,1.3792145e-09,-1.9018642e-09,3.4915904e-09
09.940,0.0001600467,-0.001105666,-0.0002938262,-4.2857256e-08,-6.2036474e-09,1.13891385e-08
09.979,-0.0010616838,-0.001105666,0.00031703908,-5.8072853e-08,5.5762772e-08,-1.6651828e-08
10.018,0.0001600467,0.0001160644,-0.0002938262,1.3792145e-09,-1.9018642e-09,3.4915904e-09
10.041,0.0007709119,0.0007269297,-0.0002938262,2.6820524e-08,-2.8443276e-08,1.0840901e-08
10.080,-0.00045081854,-0.001105666,0.00092790433,-5.6102518e-08,2.2874952e-08,-4.708272e-08
10.106,-0.001672549,-0.00049480086,0.00031703908,-0.0,0.0,0.0
10.144,-0.0010616838,0.0001160644,0.00031703908,0.0,-0.0,-0.0
10.181,-0.00045081854,0.0007269297,0.00031703908,2.2251044e-08,1.3799386e-08,-9.704447e-09
10.220,-0.00045081854,-0.001105666,0.00092790433,-5.6102518e-08,2.2874952e-08,-4.708272e-08
10.239,0.0007709119,0.0007269297,-0.00090469146,0.0,-0.0,0.0
10.280,-0.00045081854,0.0007269297,0.00092790433,3.0782598e-08,1.9090383e-08,-3.9293077e-08
10.320,0.0007709119,-0.00049480086,-0.0002938262,-1.5972056e-08,-2.4884855e-08,9.48464e-09
10.341,-0.00045081854,-0.0017165313,-0.00090469146,-0.0,-0.0,0.0
10.380,-0.0010616838,0.0001160644,-0.0002938262,4.313871e-09,3.9460566e-08,1.0920905e-08
10.421,0.0007709119,-0.00049480086,-0.0002938262,-1.5972056e-08,-2.4884855e-08,9.48464e-09
10.440,-0.00045081854,-0.00049480086,0.00031703908,-0.0,0.0,0.0
10.479,0.0013817771,-0.00049480086,0.00031703908,-2.492986e-08,-6.9618935e-08,-1.5973578e-08
10.520,-0.0010616838,0.0001160644,-0.0002938262,4.313871e-09,3.9460566e-08,1.0920905e-08
10.561,-0.0010616838,-0.001105666,0.00031703908,-5.8072853e-08,5.5762772e-08,-1.6651828e-08
10.579,-0.00045081854,-0.001105666,-0.00090469146,-5.5578237e-08,2.2661181e-08,4.54759e-08
10.622,0.0001600467,0.0001160644,-0.00090469146,3.6064447e-09,-4.973097e-09,2.8111286e-08
10.660,-0.0010616838,-0.0017165313,0.00031703908,-1.1767561e-07,7.2782996e-08,-2.173439e-08
10.680,0.0007709119,-0.00049480086,0.00031703908,-1.6093951e-08,-2.507477e-08,-1.0312051e-08
10.720,-0.0022834144,-0.00049480086,0.00031703908,-3.9146347e-08,1.8065316e-07,-2.508266e-08
10.759,0.0001600467,-0.001105666,0.00031703908,-4.308436e-08,-6.23652e-09,-1.23540245e-08
10.778,-0.0010616838,-0.001105666,0.00031703908,-5.8072853e-08,5.5762772e-08,-1.6651828e-08
10.818,-0.00045081854,0.0007269297,0.00031703908,2.2251044e-08,1.3799386e-08,-9.704447e-09
10.866,0.0007709119,-0.00049480086,0.00092790433,-2.164824e-08,-3.3728494e-08,-4.0597133e-08
10.882,-0.00045081854,-0.0017165313,0.00031703908,-1.0383858e-07,2.7271485e-08,-1.9178726e-08
10.920,0.0007709119,0.0001160644,0.00092790433,4.719844e-09,-3.1349703e-08,-3.7733916e-08
10.959,0.0007709119,0.0007269297,0.00031703908,2.6977341e-08,-2.8609582e-08,-1.1765748e-08
10.979,-0.00045081854,-0.001105666,0.0021496348,-9.122876e-08,3.719715e-08,-1.7736686e-07
11.018,0.0007709119,-0.00049480086,0.0015387696,-2.9732135e-08,-4.6323397e-08,-9.246326e-08
11.058,0.0001600467,-0.00049480086,0.00031703908,-1.0112112e-08,-3.2708314e-09,-6.4792425e-09
11.079,0.0001600467,0.0007269297,0.00031703908,1.9734019e-08,-4.3448005e-09,-8.606685e-09
11.120,-0.00045081854,-0.00049480086,-0.0002938262,-1.21370505e-08,1.10582015e-08,7.2073103e-09
11.159,0.0007709119,0.0007269297,-0.00090469146,3.3984218e-08,-3.60404e-08,4.229464e-08
11.180,-0.0010616838,-0.00049480086,0.00031703908,-0.0,0.0,0.0
11.219,-0.0010616838,-0.0017165313,0.00031703908,-1.1767561e-07,7.2782996e-08,-2.173439e-08
11.259,-0.00045081854,-0.001105666,-0.0002938262,-4.5620457e-08,1.8601048e-08,1.2123448e-08
11.300,0.0007709119,0.0007269297,-0.0002938262,2.6820524e-08,-2.8443276e-08,1.0840901e-08
11.319,0.0001600467,-0.00049480086,-0.0002938262,-9.91696e-09,-3.2077079e-09,5.88896e-09
11.359,-0.00045081854,-0.001105666,0.00031703908,-4.583387e-08,1.8688063e-08,-1.314242e-08
11.398,-0.00045081854,0.0001160644,0.00031703908,2.1934645e-09,8.519877e-09,-5.991622e-09
11.419,0.0007709119,-0.00049480086,0.00092790433,-2.164824e-08,-3.3728494e-08,-4.0597133e-08
11.460,0.0001600467,0.0001160644,0.00031703908,1.4550943e-09,-2.0064983e-09,-3.974705e-09
11.498,-0.00045081854,-0.00049480086,0.00092790433,-1.8995994e-08,1.730746e-08,-3.562335e-08
11.520,-0.00045081854,-0.00049480086,0.00031703908,-1.2297021e-08,1.12039515e-08,-7.879203e-09
11.560,-0.00045081854,0.0007269297,-0.0002938262,2.2060654e-08,1.3681312e-08,8.916953e-09
11.600,-0.001672549,-0.00049480086,0.00092790433,-3.28015e-08,1.1087718e-07,-6.151294e-08
11.620,-0.001672549,-0.0017165313,-0.00090469146,-1.4754751e-07,1.4376694e-07,7.7764376e-08
11.660,0.0007709119,-0.00049480086,0.00092790433,-2.164824e-08,-3.3728494e-08,-4.0597133e-08
11.700,0.0001600467,-0.001105666,0.00031703908,-4.308436e-08,-6.23652e-09,-1.23540245e-08
11.719,0.0007709119,-0.00049480086,0.0015387696,-2.9732135e-08,-4.6323397e-08,-9.246326e-08
11.759,0.0038252382,0.0007269297,-0.0002938262,9.524397e-08,-5.0119127e-07,3.849779e-08
11.798,-0.0022834144,-0.0017165313,0.00031703908,-1.6554546e-07,2.202167e-07,-3.057582e-08
11.819,0.0001600467,0.0001160644,-0.00090469146,3.6064447e-09,-4.973097e-09,2.8111286e-08
11.859,0.0001600467,-0.00049480086,-0.0002938262,-9.91696e-09,-3.2077079e-09,5.88896e-09
11.899,-0.0010616838,-0.001105666,-0.0002938262,-5.790457e-08,5.560118e-08,1.5387903e-08
11.920,-0.0010616838,-0.00049480086,-0.00090469146,-2.4572463e-08,5.272461e-08,4.4928168e-08
11.958,0.0013817771,0.0001160644,-0.00090469146,6.4479697e-09,-7.676475e-08,5.0260212e-08
11.999,-0.0010616838,-0.001105666,-0.0002938262,-5.790457e-08,5.560118e-08,1.5387903e-08
12.039,0.0013817771,0.0001160644,-0.00090469146,0.0,-0.0,0.0
12.061,0.0007709119,0.0001160644,-0.0002938262,3.2446141e-09,-2.1551067e-08,8.213997e-09
12.100,-0.001672549,-0.00049480086,-0.0002938262,-2.936663e-08,9.926646e-08,1.7438705e-08
12.121,-0.0010616838,-0.001105666,0.00092790433,-6.647711e-08,6.3832715e-08,-5.5789354e-08
12.161,-0.00045081854,-0.0017165313,0.00092790433,-1.15348776e-07,3.0294448e-08,-6.235402e-08
12.200,-0.00045081854,-0.001105666,-0.00090469146,-5.5578237e-08,2.2661181e-08,4.54759e-08
12.221,0.0001600467,-0.00049480086,0.00031703908,-0.0,-0.0,-0.0
12.260,-0.0010616838,0.0001160644,0.0015387696,7.2946937e-09,6.672722e-08,-9.6712235e-08
12.300,0.0001600467,0.0001160644,0.00031703908,1.4550943e-09,-2.0064983e-09,-3.974705e-09
12.340,-0.00045081854,0.0001160644,0.00092790433,4.042973e-09,1.5703755e-08,-3.23225e-08
12.360,0.0001600467,0.0001160644,-0.0002938262,1.3792145e-09,-1.9018642e-09,3.4915904e-09
12.400,-0.00045081854,0.0007269297,-0.0002938262,2.2060654e-08,1.3681312e-08,8.916953e-09
12.440,-0.0010616838,-0.00049480086,-0.0002938262,-2.0049743e-08,4.302031e-08,1.1906082e-08
12.460,-0.0010616838,-0.00049480086,-0.0002938262,-2.0049743e-08,4.302031e-08,1.1906082e-08
12.500,-0.001672549,-0.00049480086,-0.00090469146,-3.2622275e-08,1.1027133e-07,5.9646396e-08
12.541,0.0001600467,-0.001105666,0.00092790433,-5.3879603e-08,-7.799146e-09,-4.5217195e-08
12.560,-0.0010616838,0.0001160644,-0.0002938262,4.313871e-09,3.9460566e-08,1.0920905e-08
12.601,-0.001672549,-0.00049480086,0.00031703908,-2.9433103e-08,9.949116e-08,-1.8858989e-08
12.639,-0.0010616838,-0.001105666,0.00092790433,-6.647711e-08,6.3832715e-08,-5.5789354e-08
12.661,0.0001600467,-0.001105666,0.00031703908,-4.308436e-08,-6.23652e-09,-1.23540245e-08
12.699,-0.0010616838,0.0001160644,0.00092790433,5.509891e-09,5.0400992e-08,-4.405012e-08
12.740,0.0007709119,-0.0023273965,0.00092790433,-2.0472201e-07,-6.78108e-08,-8.162015e-08
12.759,0.0001600467,-0.001105666,0.00092790433,-5.3879603e-08,-7.799146e-09,-4.5217195e-08
12.798,-0.001672549,-0.00049480086,-0.0002938262,-2.936663e-08,9.926646e-08,1.7438705e-08
12.840,-0.0010616838,-0.00049480086,-0.0002938262,-2.0049743e-08,4.302031e-08,1.1906082e-08
12.860,-0.0010616838,-0.001105666,-0.0002938262,-5.790457e-08,5.560118e-08,1.5387903e-08
12.898,0.0007709119,-0.00049480086,0.00031703908,-1.6093951e-08,-2.507477e-08,-1.0312051e-08
12.939,-0.001672549,0.0001160644,0.00031703908,6.6450814e-09,9.5759106e-08,-1.8151562e-08
12.978,-0.00045081854,0.0001160644,0.00092790433,0.0,-0.0,-0.0
12.999,-0.00045081854,-0.001105666,-0.0002938262,-4.5620457e-08,1.8601048e-08,1.2123448e-08
13.040,0.0007709119,0.0007269297,0.00092790433,3.4354567e-08,-3.643316e-08,-4.3852594e-08
13.080,-0.00045081854,0.0013377949,-0.00090469146,-0.0,0.0,0.0
13.100,-0.00045081854,0.0007269297,0.00031703908,2.2251044e-08,1.3799386e-08,-9.704447e-09
13.141,0.0001600467,-0.00049480086,-0.0002938262,-9.91696e-09,-3.2077079e-09,5.88896e-09
13.180,-0.00045081854,-0.00049480086,0.00031703908,-0.0,0.0,0.0
13.200,-0.001672549,-0.001105666,0.00031703908,-7.5308705e-08,1.1392003e-07,-2.1594042e-08
13.239,0.0015699236,-0.00026511552,0.0008252789,-1.5953107e-08,-9.446884e-08,-4.9660468e-08
13.280,0.00095905847,-0.00026511552,0.0002144137,-9.054739e-09,-3.2755622e-08,-7.323072e-09
13.300,-0.00026267205,-0.0008759807,0.0002144137,-2.7609307e-08,8.278942e-09,-6.7579267e-09
13.342,0.0003481932,-0.00026511552,0.0002144137,-4.335259e-09,-5.693773e-09,-3.5061654e-09
13.380,-0.00026267205,0.00034574972,0.0008252789,1.08187646e-08,8.219203e-09,-2.5823589e-08
13.400,0.0003481932,-0.0020977114,0.0008252789,-1.6055014e-07,-2.6649259e-08,-6.316343e-08
13.440,0.0003481932,0.00095661497,0.0008252789,4.2065622e-08,-1.5311242e-08,-3.6290327e-08
13.481,0.00095905847,0.00034574972,0.0008252789,1.5217003e-08,-4.220971e-08,-3.6321858e-08
13.499,-0.0008735373,-0.00026511552,0.0008252789,-1.0947398e-08,3.6070922e-08,-3.407819e-08
13.539,0.00095905847,-0.0008759807,-0.00039645153,-3.9917314e-08,-4.370306e-08,1.8065787e-08
13.580,-0.0014844026,-0.00026511552,-0.0010073169,-1.613166e-08,9.032241e-08,6.1292866e-08
13.600,-0.0008735373,-0.00026511552,-0.00039645153,-8.853568e-09,2.9171895e-08,1.3239552e-08
13.640,-0.0014844026,0.00034574972,-0.00039645153,1.8270576e-08,7.844082e-08,2.094983e-08
13.680,-0.00026267205,-0.00026511552,0.0002144137,-3.828876e-09,3.7935863e-09,-3.0966252e-09
13.719,-0.0008735373,-0.00026511552,0.0002144137,-0.0,0.0,0.0
13.740,0.0003481932,0.00034574972,-0.00039645153,7.3186137e-09,-7.3703355e-09,8.391838e-09
13.779,-0.00026267205,0.00034574972,-0.00039645153,6.821341e-09,5.1822906e-09,7.821643e-09
13.819,-0.00026267205,-0.00026511552,-0.00039645153,-0.0,-0.0,0.0
13.839,-0.00026267205,0.00034574972,0.0014361442,1.7406212e-08,1.3223799e-08,-7.230036e-08
13.879,-0.00026267205,-0.00026511552,0.0008252789,-8.057298e-09,7.983037e-09,-2.5081588e-08
13.919,-0.0008735373,0.00034574972,-0.00039645153,-0.0,0.0,0.0
13.938,0.0003481932,0.00034574972,-0.00039645153,7.3186137e-09,-7.3703355e-09,8.391838e-09
13.979,-0.00026267205,0.00034574972,0.0002144137,5.618171e-09,4.2682218e-09,-3.48406e-09
14.019,-0.00026267205,-0.00026511552,0.0008252789,-0.0,0.0,0.0
14.040,-0.0008735373,-0.00026511552,0.0002144137,-8.341808e-09,2.7485683e-08,-6.746485e-09
14.079,0.0015699236,0.00034574972,0.0002144137,1.8814996e-08,-8.543205e-08,-1.16679555e-08
14.121,-0.00026267205,-0.0008759807,-0.00039645153,-0.0,-0.0,0.0
14.140,0.0003481932,0.00095661497,-0.00039645153,3.506733e-08,-1.276397e-08,1.4533012e-08
14.179,-0.00026267205,-0.0008759807,-0.00039645153,-2.9297537e-08,8.785175e-09,1.3259485e-08
14.221,-0.00026267205,-0.0008759807,0.0002144137,-0.0,0.0,0.0
14.239,0.0003481932,0.00034574972,-0.00039645153,7.3186137e-09,-7.3703355e-09,8.391838e-09
14.280,-0.00026267205,0.00034574972,-0.00039645153,6.821341e-09,5.1822906e-09,7.821643e-09
14.320,-0.00026267205,-0.00026511552,-0.00039645153,-4.843571e-09,4.7989297e-09,7.2430355e-09
14.340,0.0003481932,-0.0008759807,-0.00039645153,-3.0057944e-08,-1.1947719e-08,1.3603631e-08
14.381,0.0003481932,-0.0008759807,-0.0010073169,-4.055033e-08,-1.6118333e-08,4.6630056e-08
14.420,-0.00026267205,-0.00026511552,-0.00039645153,-4.843571e-09,4.7989297e-09,7.2430355e-09
14.439,-0.00026267205,0.00034574972,-0.00039645153,6.821341e-09,5.1822906e-09,7.821643e-09
14.480,-0.00026267205,-0.0008759807,-0.00039645153,-2.9297537e-08,8.785175e-09,1.3259485e-08
14.520,0.0003481932,0.00034574972,-0.00039645153,7.3186137e-09,-7.3703355e-09,8.391838e-09
14.540,-0.00026267205,0.00034574972,-0.00039645153,6.821341e-09,5.1822906e-09,7.821643e-09
14.583,-0.0014844026,0.00095661497,-0.00039645153,5.8095374e-08,9.0148e-08,2.4076561e-08
14.618,0.0034025195,-0.015536747,-0.001618182,-8.33448e-06,-1.82524e-06,8.6804465e-07
14.647,0.0015699236,-0.0033194418,-0.00039645153,-4.11368e-07,-1.9455571e-07,4.9130954e-08
14.680,-0.00026267205,-0.001486846,0.0002144137,-7.608357e-08,1.3441222e-08,-1.0971788e-08
14.718,-0.0014844026,-0.0008759807,0.0008252789,-5.616976e-08,9.518308e-08,-5.2918654e-08
14.759,0.0015699236,0.00034574972,-0.00039645153,0.0,-0.0,0.0
14.778,-0.00026267205,0.00034574972,0.0002144137,5.618171e-09,4.2682218e-09,-3.48406e-09
14.818,-0.0008735373,0.00034574972,-0.00039645153,1.1829962e-08,2.9888422e-08,1.3564744e-08
14.858,-0.0008735373,-0.0008759807,-0.00039645153,-0.0,-0.0,0.0
14.878,-0.0014844026,0.0015674802,-0.00039645153,1.1544314e-07,1.09324574e-07,2.9198201e-08
14.918,0.00095905847,-0.0008759807,-0.00039645153,-3.9917314e-08,-4.370306e-08,1.8065787e-08
14.959,-0.00026267205,0.00034574972,-0.00039645153,-0.0,0.0,0.0
14.981,-0.0008735373,-0.00026511552,0.0002144137,-8.341808e-09,2.7485683e-08,-6.746485e-09
15.018,-0.00026267205,-0.00026511552,0.0008252789,-8.057298e-09,7.983037e-09,-2.5081588e-08
15.059,-0.00026267205,0.00034574972,-0.00039645153,-0.0,0.0,0.0
15.079,-0.0008735373,-0.00026511552,0.0014361442,-1.5138193e-08,4.9879308e-08,-8.200437e-08
15.121,-0.00026267205,0.00034574972,0.0002144137,5.618171e-09,4.2682218e-09,-3.48406e-09
15.164,-0.0008735373,-0.00026511552,-0.00039645153,-0.0,-0.0,0.0
15.180,-0.00026267205,-0.001486846,0.0002144137,-7.608357e-08,1.3441222e-08,-1.0971788e-08
15.219,0.011954633,-0.03447357,-0.0022290472,-4.2285275e-05,-1.4663617e-05,2.7338403e-06
15.259,0.002791654,-0.008206364,0.0002144137,-2.3876053e-06,-8.1221935e-07,-6.2383684e-08
15.298,-0.00026267205,-0.0033194418,0.0002144137,-0.0,0.0,0.0
15.318,-0.00026267205,-0.0027085764,0.0002144137,-2.4808963e-07,2.4059213e-08,-1.9639026e-08
15.359,-0.00026267205,-0.0027085764,0.0002144137,-2.4808963e-07,2.4059213e-08,-1.9639026e-08
15.400,-0.00026267205,-0.0008759807,0.0008252789,-0.0,0.0,0.0
15.420,-0.0020952679,-0.0020977114,-0.0010073169,-2.2040655e-07,2.2014977e-07,1.058388e-07
15.458,-0.00026267205,0.00034574972,-0.00039645153,6.821341e-09,5.1822906e-09,7.821643e-09
15.498,-0.0008735373,0.00034574972,-0.00039645153,-0.0,0.0,0.0
15.519,-0.0008735373,-0.00026511552,0.0002144137,-8.341808e-09,2.7485683e-08,-6.746485e-09
15.560,-0.00026267205,-0.00026511552,0.0002144137,-3.828876e-09,3.7935863e-09,-3.0966252e-09
15.582,0.0003481932,0.00095661497,-0.00039645153,3.506733e-08,-1.276397e-08,1.4533012e-08
15.620,0.00095905847,-0.00026511552,-0.00039645153,-9.528284e-09,-3.4468677e-08,1.4248516e-08
15.659,-0.0008735373,-0.0008759807,0.0002144137,-3.6904154e-08,3.6801218e-08,-9.033025e-09
15.700,-0.0014844026,-0.00026511552,0.0008252789,-0.0,0.0,0.0
15.719,-0.0008735373,0.00034574972,-0.00039645153,1.1829962e-08,2.9888422e-08,1.3564744e-08
15.758,0.00095905847,0.00034574972,0.0002144137,1.2086163e-08,-3.3525225e-08,-7.495129e-09
15.800,-0.0008735373,-0.00026511552,0.0002144137,-0.0,0.0,0.0
15.821,0.0015699236,0.00095661497,0.0002144137,5.9410688e-08,-9.75003e-08,-1.3316186e-08
15.859,-0.0008735373,-0.00026511552,0.0008252789,-1.0947398e-08,3.6070922e-08,-3.407819e-08
15.899,0.00095905847,0.00034574972,0.0002144137,-0.0,-0.0,0.0
15.920,-0.00026267205,-0.00026511552,0.0002144137,-3.828876e-09,3.7935863e-09,-3.0966252e-09
15.958,-0.0014844026,-0.0008759807,0.0002144137,-5.1052293e-08,8.6511214e-08,-1.2496063e-08
15.999,-0.00026267205,-0.0008759807,0.0002144137,-0.0,0.0,0.0
16.021,0.0003481932,0.00095661497,0.0008252789,4.2065622e-08,-1.5311242e-08,-3.6290327e-08
16.060,0.0003481932,0.00095661497,0.0002144137,3.3393786e-08,-1.21548265e-08,-7.4848145e-09
16.100,0.0003481932,0.00034574972,-0.00039645153,0.0,-0.0,0.0
16.119,-0.00026267205,0.00034574972,0.0002144137,5.618171e-09,4.2682218e-09,-3.48406e-09
16.159,0.0003481932,0.00095661497,-0.0010073169,4.5969937e-08,-1.673235e-08,4.8406406e-08
16.200,-0.00026267205,0.00034574972,0.0002144137,0.0,-0.0,-0.0
16.221,0.0003481932,0.00095661497,0.0008252789,4.2065622e-08,-1.5311242e-08,-3.6290327e-08
16.262,-0.00026267205,-0.00026511552,-0.00039645153,-4.843571e-09,4.7989297e-09,7.2430355e-09
16.300,0.0015699236,0.00034574972,0.0002144137,1.8814996e-08,-8.543205e-08,-1.16679555e-08
16.322,0.0015699236,0.00095661497,0.0008252789,6.468386e-08,-1.06154225e-07,-5.580325e-08
16.362,0.00095905847,-0.0008759807,0.0002144137,-3.869522e-08,-4.2365063e-08,-9.471425e-09
16.403,0.0015699236,-0.00026511552,-0.0010073169,-1.6760104e-08,-9.9247636e-08,6.3680694e-08
16.422,0.0003481932,0.00095661497,0.0008252789,4.2065622e-08,-1.5311242e-08,-3.6290327e-08
16.461,-0.0008735373,-0.00026511552,-0.00039645153,-8.853568e-09,2.9171895e-08,1.3239552e-08
16.499,0.0003481932,-0.00026511552,0.0008252789,-8.309887e-09,-1.0913906e-08,-2.5867873e-08
16.540,-0.0008735373,-0.00026511552,0.0002144137,-0.0,0.0,0.0
16.562,-0.0014844026,-0.0008759807,0.0008252789,-5.616976e-08,9.518308e-08,-5.2918654e-08
16.601,0.0015699236,0.00095661497,0.0008252789,6.468386e-08,-1.06154225e-07,-5.580325e-08
16.640,-0.00026267205,-0.00026511552,-0.00039645153,-0.0,-0.0,0.0
16.660,0.002180789,-0.00026511552,0.0008252789,-2.0876179e-08,-1.7172336e-07,-6.498551e-08
16.701,-0.00026267205,-0.00026511552,-0.00039645153,-4.843571e-09,4.7989297e-09,7.2430355e-09
16.742,0.0003481932,-0.0008759807,0.0002144137,-0.0,-0.0,-0.0
16.761,-0.0008735373,-0.001486846,0.0008252789,-9.537872e-08,5.603598e-08,-5.2940276e-08
16.802,0.0003481932,0.00034574972,-0.0010073169,1.2999141e-08,-1.3091008e-08,3.787206e-08
16.838,-0.00026267205,-0.00026511552,0.0002144137,-0.0,0.0,0.0
16.859,-0.0008735373,0.00095661497,0.0002144137,4.2147803e-08,3.8487457e-08,-9.446922e-09
16.898,-0.0008735373,-0.001486846,0.0002144137,-8.669648e-08,5.0935075e-08,-1.2502244e-08
16.938,-0.00026267205,0.00095661497,0.0002144137,0.0,-0.0,-0.0
16.978,-0.00026267205,-0.0008759807,0.0008252789,-0.0,0.0,0.0
16.999,-0.00026267205,-0.0008759807,0.0002144137,-2.7609307e-08,8.278942e-09,-6.7579267e-09
17.040,0.0003481932,0.00034574972,0.0014361442,-0.0,-0.0,0.0
17.079,-0.0008735373,0.00095661497,0.0002144137,0.0,-0.0,-0.0
17.099,-0.00026267205,0.00034574972,-0.00039645153,6.821341e-09,5.1822906e-09,7.821643e-09
17.139,0.0003481932,-0.0020977114,-0.00039645153,-0.0,-0.0,0.0
17.160,0.00095905847,0.0015674802,0.0002144137,9.730612e-08,-5.9536486e-08,-1.3310383e-08
17.199,-0.0020952679,-0.00026511552,-0.00039645153,-1.9115847e-08,1.5107683e-07,2.8585676e-08
17.239,-0.00026267205,-0.00026511552,0.0008252789,-8.057298e-09,7.983037e-09,-2.5081588e-08
17.262,-0.002706133,-0.00026511552,0.0002144137,-2.4263555e-08,2.4766717e-07,-1.9623286e-08
17.299,0.0003481932,0.00034574972,-0.00039645153,7.3186137e-09,-7.3703355e-09,8.391838e-09
17.340,0.0003481932,-0.00026511552,-0.00039645153,-5.2530327e-09,-6.8991444e-09,7.855341e-09
17.379,0.0003481932,-0.00026511552,0.0002144137,-0.0,-0.0,-0.0
17.400,0.00095905847,-0.0008759807,-0.00039645153,-3.9917314e-08,-4.370306e-08,1.8065787e-08
17.440,0.0015699236,0.0015674802,-0.0010073169,1.2814786e-07,-1.2834762e-07,8.2352244e-08
17.480,0.00095905847,0.00034574972,0.0002144137,-0.0,-0.0,0.0
17.500,0.00095905847,-0.00026511552,-0.00039645153,-9.528284e-09,-3.4468677e-08,1.4248516e-08
17.540,-0.0014844026,-0.001486846,0.0008252789,-1.1261559e-07,1.1243051e-07,-6.250765e-08
17.580,0.0003481932,-0.00026511552,0.0014361442,-0.0,-0.0,-0.0
17.599,-0.0014844026,-0.0008759807,0.0002144137,-5.1052293e-08,8.6511214e-08,-1.2496063e-08
17.638,-0.0008735373,-0.0008759807,0.0002144137,-3.6904154e-08,3.6801218e-08,-9.033025e-09
17.679,-0.0008735373,-0.0008759807,0.0002144137,-0.0,0.0,0.0
17.699,0.0015699236,0.0015674802,0.0008252789,1.2449506e-07,-1.2468912e-07,-6.554669e-08
17.739,-0.00026267205,-0.0008759807,0.0002144137,-2.7609307e-08,8.278942e-09,-6.7579267e-09
17.778,-0.00026267205,-0.00026511552,0.0002144137,-0.0,0.0,0.0
17.818,-0.0014844026,-0.001486846,0.0002144137,-0.0,0.0,0.0
17.838,-0.00026267205,0.00095661497,-0.0010073169,4.5380713e-08,1.246086e-08,4.778595e-08
17.878,0.00095905847,-0.00026511552,0.0008252789,-0.0,-0.0,-0.0
17.918,0.00095905847,-0.00026511552,0.0002144137,-0.0,-0.0,-0.0
17.938,-0.0014844026,0.00095661497,-0.00039645153,5.8095374e-08,9.0148e-08,2.4076561e-08
17.978,0.0003481932,0.00034574972,0.0002144137,-0.0,-0.0,0.0
18.018,-0.0014844026,-0.00026511552,0.0002144137,-0.0,0.0,0.0
18.040,0.0003481932,0.00034574972,0.0008252789,1.1138989e-08,-1.121771e-08,-2.658794e-08
18.079,-0.00026267205,-0.00026511552,0.0008252789,-0.0,0.0,0.0
18.119,0.0003481932,0.00034574972,0.0008252789,-0.0,-0.0,0.0
18.139,0.0015699236,0.00034574972,0.0002144137,1.8814996e-08,-8.543205e-08,-1.16679555e-08
18.181,-0.0014844026,-0.0008759807,-0.00039645153,-0.0,-0.0,0.0
18.220,-0.0008735373,0.00034574972,-0.001618182,-0.0,0.0,0.0
18.241,-0.0014844026,-0.00026511552,0.0002144137,-1.3548834e-08,7.586099e-08,-1.0957696e-08
18.279,0.00095905847,0.00095661497,0.0008252789,5.091451e-08,-5.1044562e-08,-4.392433e-08
18.320,-0.00026267205,-0.00026511552,0.0002144137,-0.0,0.0,0.0
18.341,-0.00026267205,-0.0008759807,0.0002144137,-2.7609307e-08,8.278942e-09,-6.7579267e-09
18.379,-0.0020952679,0.0015674802,-0.00039645153,1.3919856e-07,1.8606825e-07,3.5206483e-08
18.420,0.0003481932,-0.001486846,0.0008252789,-0.0,-0.0,-0.0
18.440,0.002791654,-0.00026511552,0.0002144137,-2.501855e-08,-2.6344412e-07,-2.0233896e-08
18.480,-0.0014844026,-0.0027085764,0.0008252789,-2.9056014e-07,1.5923798e-07,-8.8531046e-08
18.519,-0.0008735373,0.00034574972,0.0002144137,0.0,-0.0,-0.0
18.540,-0.0008735373,-0.00026511552,0.0002144137,-8.341808e-09,2.7485683e-08,-6.746485e-09
18.579,-0.00026267205,-0.0008759807,0.0002144137,-2.7609307e-08,8.278942e-09,-6.7579267e-09
18.618,-0.002706133,-0.0008759807,0.0002144137,-0.0,0.0,0.0
18.640,-0.0020952679,-0.001486846,0.0002144137,-1.2862435e-07,1.8125782e-07,-1.8548526e-08
18.679,0.00095905847,0.00034574972,-0.0010073169,1.6627022e-08,-4.612089e-08,4.8441624e-08
18.720,-0.0014844026,0.00034574972,-0.00039645153,-0.0,0.0,0.0
18.762,0.00095905847,0.00034574972,0.0002144137,-0.0,-0.0,0.0
18.779,0.0003481932,-0.0008759807,0.0002144137,-2.8414929e-08,-1.1294638e-08,-6.955119e-09
18.819,0.0003481932,-0.00026511552,0.0008252789,-0.0,-0.0,-0.0
18.860,-0.0020952679,-0.0008759807,0.0002144137,-0.0,0.0,0.0
18.878,0.0003481932,-0.0008759807,-0.0010073169,-4.055033e-08,-1.6118333e-08,4.6630056e-08
18.918,-0.0014844026,-0.0008759807,-0.00039645153,-0.0,-0.0,0.0
18.958,-0.00026267205,-0.00026511552,0.0008252789,-0.0,0.0,0.0
18.978,-0.0014844026,-0.00026511552,0.0002144137,-1.3548834e-08,7.586099e-08,-1.0957696e-08
19.018,-0.005149594,0.011341324,0.0002144137,0.0,-0.0,-0.0
19.058,-0.002706133,0.0027892108,-0.00039645153,-0.0,0.0,0.0
19.099,-0.0014844026,0.00034574972,0.0008252789,2.0107933e-08,8.632911e-08,-4.7996142e-08
19.118,0.0015699236,-0.0008759807,0.0002144137,-0.0,-0.0,-0.0
19.158,0.00095905847,-0.0008759807,-0.0010073169,-0.0,-0.0,0.0
19.178,-0.0008735373,0.00034574972,-0.00039645153,1.1829962e-08,2.9888422e-08,1.3564744e-08
19.218,-0.00026267205,-0.00026511552,0.0014361442,-1.319998e-08,1.3078322e-08,-7.1504964e-08
19.259,-0.00026267205,-0.0008759807,0.0002144137,-0.0,0.0,0.0
19.279,-0.0008735373,-0.001486846,0.0002144137,-8.669648e-08,5.0935075e-08,-1.2502244e-08
19.319,0.00095905847,0.00034574972,-0.00039645153,1.2690241e-08,-3.520085e-08,1.4551177e-08
19.359,-0.0014844026,0.00095661497,0.0014361442,0.0,-0.0,-0.0
19.378,-0.0008735373,0.00095661497,0.0002144137,4.2147803e-08,3.8487457e-08,-9.446922e-09
19.418,0.0003481932,-0.0008759807,0.0008252789,-3.6825448e-08,-1.463773e-08,-3.469399e-08
19.457,-0.0008735373,-0.0008759807,0.0008252789,-0.0,0.0,0.0
19.498,-0.0008735373,0.00034574972,0.0002144137,0.0,-0.0,-0.0
19.519,-0.0008735373,0.00034574972,-0.00039645153,1.1829962e-08,2.9888422e-08,1.3564744e-08
19.560,0.00095905847,-0.00026511552,0.0014361442,-0.0,-0.0,-0.0
19.581,0.0003481932,0.00034574972,0.0008252789,1.1138989e-08,-1.121771e-08,-2.658794e-08
19.621,0.0003481932,0.00034574972,-0.00039645153,7.3186137e-09,-7.3703355e-09,8.391838e-09
19.660,-0.0014844026,-0.0008759807,-0.00039645153,-0.0,-0.0,0.0
19.680,-0.0008735373,-0.00026511552,-0.0010073169,-1.209319e-08,3.984622e-08,4.5948546e-08
19.720,0.00095905847,0.00095661497,0.0002144137,4.4021764e-08,-4.4134207e-08,-9.8669455e-09
19.760,-0.0008735373,0.00095661497,0.0002144137,0.0,-0.0,-0.0
19.782,-0.00026267205,0.00034574972,-0.00039645153,6.821341e-09,5.1822906e-09,7.821643e-09
19.819,0.007067711,-0.016758475,-0.001618182,-1.0267826e-05,-4.3303535e-06,9.914291e-07
19.858,-0.0033169982,0.010119594,0.0014361442,0.0,-0.0,-0.0
19.897,-0.0008735373,0.0027892108,0.0002144137,0.0,-0.0,-0.0
19.917,0.0003481932,-0.0008759807,0.0008252789,-3.6825448e-08,-1.463773e-08,-3.469399e-08
19.958,0.0003481932,-0.00026511552,-0.00039645153,-0.0,-0.0,0.0
19.997,-0.0020952679,0.00034574972,0.0002144137,0.0,-0.0,-0.0
20.018,0.00095905847,-0.001486846,0.0002144137,-8.891781e-08,-5.7354544e-08,-1.28225786e-08
20.057,0.0015699236,-0.001486846,0.0002144137,-0.0,-0.0,-0.0
20.098,-0.0014844026,-0.00026511552,-0.00039645153,-0.0,-0.0,0.0
20.118,0.0003481932,-0.001486846,0.0002144137,-7.693337e-08,-1.8016442e-08,-1.1094336e-08
20.158,-0.00026267205,-0.00026511552,-0.00039645153,-0.0,-0.0,0.0
20.200,0.0003481932,-0.00026511552,0.0008252789,-0.0,-0.0,-0.0
20.220,0.0003481932,-0.0008759807,0.0002144137,-2.8414929e-08,-1.1294638e-08,-6.955119e-09
20.260,0.0003481932,-0.0008759807,0.0002144137,-2.8414929e-08,-1.1294638e-08,-6.955119e-09
20.298,-0.00026267205,0.00034574972,0.0002144137,0.0,-0.0,-0.0
20.339,0.00095905847,0.00034574972,0.0002144137,-0.0,-0.0,0.0
20.359,-0.0008735373,-0.0008759807,-0.0010073169,-4.6891767e-08,4.676097e-08,5.3922268e-08
20.399,0.0003481932,-0.00026511552,0.0002144137,-0.0,-0.0,-0.0
20.421,0.00095905847,0.00034574972,0.0002144137,1.2086163e-08,-3.3525225e-08,-7.495129e-09
20.462,-0.0008735373,-0.001486846,0.0002144137,-8.669648e-08,5.0935075e-08,-1.2502244e-08
20.499,-0.0008735373,-0.0020977114,-0.0010073169,-0.0,-0.0,0.0
20.522,-0.00026267205,0.00034574972,0.0002144137,5.618171e-09,4.2682218e-09,-3.48406e-09
20.561,-0.00026267205,0.00034574972,0.0008252789,1.08187646e-08,8.219203e-09,-2.5823589e-08
20.599,0.0003481932,0.00034574972,0.0002144137,-0.0,-0.0,0.0
20.640,0.0003481932,0.00034574972,0.0002144137,-0.0,-0.0,0.0
20.659,0.0003481932,0.00034574972,0.0002144137,6.2125083e-09,-6.2564127e-09,-3.852633e-09
20.701,-0.00026267205,-0.00026511552,0.0008252789,-0.0,0.0,0.0
20.722,-0.0008735373,-0.0008759807,0.0002144137,-3.6904154e-08,3.6801218e-08,-9.033025e-09
20.761,0.0003481932,-0.00026511552,-0.00039645153,-5.2530327e-09,-6.8991444e-09,7.855341e-09
20.799,-0.0008735373,-0.0008759807,0.0002144137,-0.0,0.0,0.0
20.840,0.0003481932,-0.0008759807,0.0002144137,-0.0,-0.0,-0.0
20.863,0.00095905847,0.0015674802,0.0008252789,1.0595004e-07,-6.4825244e-08,-5.578274e-08
20.899,-0.0020952679,0.00034574972,0.0008252789,0.0,-0.0,-0.0
20.937,-0.00026267205,-0.00026511552,0.0002144137,-0.0,0.0,0.0
20.958,-0.00026267205,0.00034574972,-0.00039645153,6.821341e-09,5.1822906e-09,7.821643e-09
20.998,-0.0020952679,-0.0020977114,-0.00039645153,-0.0,-0.0,0.0
21.041,0.0003481932,-0.001486846,0.0002144137,-7.693337e-08,-1.8016442e-08,-1.1094336e-08
21.059,-0.0014844026,-0.00026511552,0.0002144137,-1.3548834e-08,7.586099e-08,-1.0957696e-08
21.098,-0.0008735373,-0.00026511552,0.0008252789,-0.0,0.0,0.0
21.137,0.0003481932,0.00034574972,0.0002144137,-0.0,-0.0,0.0
21.178,-0.00026267205,0.00095661497,0.0008252789,0.0,-0.0,-0.0
21.198,0.0015699236,0.00034574972,0.0008252789,2.0963917e-08,-9.518953e-08,-5.003932e-08
21.237,-0.00026267205,-0.0008759807,0.0008252789,-0.0,0.0,0.0
21.277,-0.00026267205,-0.001486846,-0.00039645153,-0.0,-0.0,0.0
21.297,-0.00026267205,-0.00026511552,0.0002144137,-3.828876e-09,3.7935863e-09,-3.0966252e-09
21.337,0.002180789,0.00034574972,0.0008252789,-0.0,-0.0,0.0
21.377,0.00095905847,-0.00026511552,0.0002144137,-0.0,-0.0,-0.0
21.397,0.0003481932,-0.00026511552,-0.0010073169,-9.770052e-09,-1.2831635e-08,3.7121698e-08
21.437,0.0015699236,-0.0008759807,-0.00039645153,-0.0,-0.0,0.0
21.477,-0.0008735373,-0.00026511552,0.0002144137,-0.0,0.0,0.0
21.497,-0.0020952679,-0.0008759807,-0.00039645153,-6.776139e-08,1.6207922e-07,3.0667472e-08
21.537,0.0003481932,0.00034574972,0.0002144137,-0.0,-0.0,0.0
21.577,-0.0020952679,-0.00026511552,0.0002144137,-0.0,0.0,0.0
21.598,0.00095905847,0.00034574972,-0.00039645153,1.2690241e-08,-3.520085e-08,1.4551177e-08
21.637,-0.0014844026,-0.0020977114,-0.00039645153,-0.0,-0.0,0.0
21.677,0.0003481932,-0.0008759807,0.0002144137,-0.0,-0.0,-0.0
21.696,0.0003481932,-0.005152038,-0.00039645153,-8.953107e-07,-6.0508334e-08,6.8894515e-08
21.737,0.011954633,-0.009428094,0.0008252789,-0.0,-0.0,-0.0
21.777,0.00462425,-0.010649825,0.0002144137,-0.0,-0.0,-0.0
21.797,0.006456846,-0.013093285,-0.0010073169,-6.4290525e-06,-3.1704365e-06,4.9460164e-07
21.837,0.002791654,-0.008817229,-0.00039645153,-0.0,-0.0,0.0
21.876,0.00095905847,0.00034574972,0.0008252789,-0.0,-0.0,0.0
21.917,0.0015699236,0.0015674802,0.0002144137,1.1722667e-07,-1.1740941e-07,-1.6035287e-08
21.938,-0.004538729,-0.01003896,-0.00039645153,-0.0,-0.0,0.0
21.977,-0.011258246,0.009508728,0.0008252789,0.0,-0.0,-0.0
22.017,-0.011258246,0.006454402,-0.00039645153,2.8118297e-06,4.904603e-06,1.7270537e-07
22.037,-0.011258246,0.010119594,-0.00039645153,-0.0,0.0,0.0
22.078,-0.0014844026,0.0076761325,0.0008252789,0.0,-0.0,-0.0
22.118,0.0003481932,0.0015674802,-0.00039645153,8.6988706e-08,-1.932329e-08,2.200143e-08
22.139,-0.0014844026,-0.001486846,0.0008252789,-0.0,0.0,0.0
22.178,-0.0014844026,-0.00026511552,0.0008252789,-0.0,0.0,0.0
22.217,-0.00026267205,0.00095661497,0.0002144137,0.0,-0.0,-0.0
22.238,0.0003481932,-0.0008759807,-0.00039645153,-3.0057944e-08,-1.1947719e-08,1.3603631e-08
22.278,0.0015699236,-0.00026511552,0.0002144137,-0.0,-0.0,-0.0
22.318,-0.002706133,0.0076761325,0.0002144137,0.0,-0.0,-0.0
22.337,-0.0039278637,0.010730459,0.0008252789,4.1249737e-06,1.5099376e-06,-3.1725452e-07
22.379,0.0003481932,0.0015674802,-0.00039645153,0.0,-0.0,0.0
22.418,0.00095905847,0.0021783453,0.0002144137,-0.0,-0.0,0.0
22.439,0.0015699236,0.00034574972,-0.00039645153,1.9208619e-08,-8.721934e-08,2.2025429e-08
22.477,-0.00026267205,0.0015674802,0.0008252789,0.0,-0.0,-0.0
22.517,-0.0014844026,-0.00026511552,0.0008252789,-0.0,0.0,0.0
22.539,-0.00026267205,0.00034574972,-0.00039645153,6.821341e-09,5.1822906e-09,7.821643e-09
22.577,0.03028059,-0.06440597,-0.0028399124,-0.0,-0.0,0.0
22.618,-0.00820392,0.020504303,0.0008252789,0.0,-0.0,-0.0
22.638,-0.0014844026,0.0046218066,0.0008252789,7.636219e-07,2.452552e-07,-1.3635395e-07
22.678,-0.0008735373,-0.00026511552,0.0002144137,-0.0,0.0,0.0
22.718,0.00095905847,-0.00026511552,-0.00039645153,-0.0,-0.0,0.0
22.738,-0.0008735373,0.00034574972,-0.00039645153,1.1829962e-08,2.9888422e-08,1.3564744e-08
22.778,0.00095905847,-0.00026511552,-0.00039645153,-0.0,-0.0,0.0
22.817,-0.00026267205,-0.001486846,0.0008252789,-0.0,0.0,0.0
22.858,-0.0014844026,-0.0008759807,0.0008252789,-5.616976e-08,9.518308e-08,-5.2918654e-08
22.878,-0.00026267205,-0.00026511552,0.0002144137,-0.0,0.0,0.0
22.918,0.0003481932,-0.0008759807,0.0008252789,-0.0,-0.0,-0.0
22.958,-0.00026267205,-0.0008759807,0.0008252789,-3.6207446e-08,1.0857186e-08,-3.411176e-08
22.978,0.00095905847,-0.001486846,-0.00039645153,-0.0,-0.0,0.0
23.018,0.00095905847,-0.001486846,0.0008252789,-0.0,-0.0,-0.0
23.058,0.00095905847,0.00034574972,0.0008252789,1.5217003e-08,-4.220971e-08,-3.6321858e-08
23.078,0.002180789,0.00095661497,0.0008252789,-0.0,-0.0,0.0
23.118,-0.00026267205,0.00095661497,0.0002144137,0.0,-0.0,-0.0
23.158,0.0003481932,-0.00026511552,0.0002144137,-4.335259e-09,-5.693773e-09,-3.5061654e-09
23.179,-0.00026267205,-0.001486846,0.0002144137,-0.0,0.0,0.0
23.218,-0.002706133,0.010730459,0.0008252789,0.0,-0.0,-0.0
23.258,0.00095905847,0.007065268,0.0008252789,1.7016167e-06,-2.309822e-07,-1.9876204e-07
23.278,0.005235115,-0.0027085764,0.0002144137,-0.0,-0.0,-0.0
23.318,0.025393669,-0.03691703,-0.0010073169,-0.0,-0.0,0.0
23.358,0.010122037,-0.01248242,-0.001618182,-0.0,-0.0,0.0
23.378,0.00462425,-0.0027085764,0.0002144137,-4.874511e-07,-8.322068e-07,-3.8587334e-08
23.418,0.002180789,-0.0008759807,-0.00039645153,-0.0,-0.0,0.0
23.458,0.0015699236,-0.008206364,-0.0010073169,-0.0,-0.0,0.0
23.478,0.005235115,-0.01126069,-0.0010073169,-4.7075473e-06,-2.1885483e-06,4.211051e-07
23.518,-0.005149594,-0.0008759807,-0.0010073169,-0.0,-0.0,0.0
23.558,-0.012479977,0.008286998,0.0008252789,0.0,-0.0,-0.0
23.578,-0.010036516,0.009508728,0.0002144137,4.41173e-06,4.6566056e-06,-9.949101e-08
23.618,-0.0020952679,0.00034574972,-0.00039645153,-0.0,0.0,0.0
23.658,-0.0020952679,-0.0020977114,0.0002144137,-0.0,0.0,0.0
23.698,-0.00026267205,-0.00026511552,0.0002144137,-3.828876e-09,3.7935863e-09,-3.0966252e-09
23.717,-0.00026267205,-0.00026511552,-0.00039645153,-0.0,-0.0,0.0
23.759,-0.00026267205,0.00034574972,-0.0010073169,-0.0,0.0,0.0
23.798,0.0003481932,-0.001486846,0.0008252789,-8.660001e-08,-2.0280199e-08,-4.806763e-08
23.819,-0.0008735373,0.00034574972,-0.00039645153,-0.0,0.0,0.0
23.858,0.00095905847,0.00034574972,0.0002144137,-0.0,-0.0,0.0
23.898,-0.0008735373,-0.0008759807,0.0002144137,-3.6904154e-08,3.6801218e-08,-9.033025e-09
23.919,0.0003481932,-0.00026511552,-0.0010073169,-0.0,-0.0,0.0
23.958,-0.0008735373,-0.0008759807,0.0002144137,-0.0,0.0,0.0
23.999,-0.00026267205,-0.00026511552,0.0014361442,-1.319998e-08,1.3078322e-08,-7.1504964e-08
24.019,-0.00026267205,-0.00026511552,0.0008252789,-0.0,0.0,0.0
24.060,-0.00026267205,-0.00026511552,0.0002144137,-0.0,0.0,0.0
24.099,0.002180789,0.00034574972,-0.00039645153,2.602592e-08,-1.641564e-07,2.9842443e-08
24.119,0.00095905847,0.00034574972,-0.00039645153,0.0,-0.0,0.0
24.158,0.002180789,0.0015674802,-0.0010073169,0.0,-0.0,0.0
24.199,-0.0008735373,-0.0008759807,0.0002144137,-3.6904154e-08,3.6801218e-08,-9.033025e-09
24.218,0.002180789,-0.00026511552,0.0002144137,-0.0,-0.0,-0.0
24.259,-0.0008735373,0.00034574972,0.0002144137,0.0,-0.0,-0.0
24.299,-0.0020952679,-0.00026511552,0.0002144137,-0.0,0.0,0.0
24.318,-0.00026267205,-0.0008759807,0.0002144137,-2.7609307e-08,8.278942e-09,-6.7579267e-09
24.358,0.00095905847,0.00034574972,0.0014361442,-0.0,-0.0,0.0
24.399,0.00095905847,0.0015674802,0.0002144137,-0.0,-0.0,0.0
24.418,0.0015699236,0.00095661497,0.0002144137,5.9410688e-08,-9.75003e-08,-1.3316186e-08
24.458,0.0003481932,-0.001486846,0.0008252789,-0.0,-0.0,-0.0
24.498,0.00095905847,0.00034574972,0.0008252789,-0.0,-0.0,0.0
24.519,-0.00026267205,-0.0020977114,-0.00039645153,-1.5139966e-07,1.8958021e-08,2.8613387e-08
24.558,0.0003481932,0.00034574972,-0.00039645153,0.0,-0.0,0.0
24.599,0.00095905847,0.00095661497,0.0002144137,-0.0,-0.0,0.0
24.638,0.002180789,0.00095661497,-0.00039645153,7.749105e-08,-1.7665585e-07,3.211475e-08
24.658,0.0003481932,-0.001486846,0.0002144137,-0.0,-0.0,-0.0
24.699,0.002791654,-0.003930307,-0.00039645153,-0.0,-0.0,0.0
24.738,-0.0033169982,0.005843537,0.0014361442,1.3472603e-06,7.6475226e-07,-3.311116e-07
24.758,0.007067711,0.00034574972,0.0008252789,-0.0,-0.0,0.0
24.800,0.002791654,0.0027892108,0.0008252789,-0.0,-0.0,0.0
24.838,0.008900307,-0.009428094,0.0008252789,-4.1099966e-06,-3.879916e-06,-3.597724e-07
24.858,0.007678576,-0.0075954986,0.0002144137,-0.0,-0.0,-0.0
24.898,0.0015699236,-0.0008759807,-0.00039645153,-0.0,-0.0,0.0
24.938,0.007067711,-0.005152038,0.0002144137,-1.5124426e-06,-2.0748114e-06,-6.294528e-08
24.958,0.011343767,-0.0057629026,0.0002144137,-0.0,-0.0,-0.0
24.998,0.010732902,-0.011871555,0.0008252789,-0.0,-0.0,-0.0
25.038,0.005235115,-0.010649825,0.0002144137,-4.2413435e-06,-2.0849093e-06,-8.539569e-08
25.058,0.0003481932,-0.005152038,0.0002144137,-0.0,-0.0,-0.0
25.098,-0.005760459,0.0015674802,0.0002144137,0.0,-0.0,-0.0
25.139,0.00095905847,0.0015674802,0.0008252789,1.0595004e-07,-6.4825244e-08,-5.578274e-08
25.158,0.0003481932,0.00095661497,0.0002144137,-0.0,-0.0,0.0
25.198,-0.0008735373,-0.00026511552,0.0002144137,-0.0,0.0,0.0
25.239,0.0015699236,0.00034574972,0.0008252789,2.0963917e-08,-9.518953e-08,-5.003932e-08
25.258,0.0015699236,-0.0020977114,0.0002144137,-0.0,-0.0,-0.0
25.299,0.0003481932,0.0015674802,-0.0010073169,0.0,-0.0,0.0
25.339,-0.0008735373,-0.0008759807,0.0014361442,-0.0,0.0,0.0
25.378,0.00095905847,-0.001486846,0.0002144137,-8.891781e-08,-5.7354544e-08,-1.28225786e-08
25.397,-0.00026267205,-0.0008759807,0.0008252789,-0.0,0.0,0.0
25.441,0.00095905847,-0.0008759807,0.0002144137,-0.0,-0.0,-0.0
25.478,0.0003481932,0.00034574972,0.0008252789,1.1138989e-08,-1.121771e-08,-2.658794e-08
25.498,-0.0008735373,-0.0008759807,0.0008252789,-0.0,0.0,0.0
25.538,-0.00026267205,0.00034574972,0.0008252789,0.0,-0.0,-0.0
25.577,-0.00026267205,0.00095661497,0.0008252789,4.1420897e-08,1.1373554e-08,-3.573412e-08
25.598,0.0015699236,-0.0008759807,0.0002144137,-0.0,-0.0,-0.0
25.639,-0.0008735373,-0.0008759807,0.0002144137,-0.0,0.0,0.0
25.678,-0.00026267205,-0.0008759807,0.0014361442,-5.00446e-08,1.5006403e-08,-8.2046625e-08
25.698,0.0015699236,0.00095661497,0.0002144137,-0.0,-0.0,0.0
25.738,-0.00026267205,0.0015674802,0.0002144137,0.0,-0.0,-0.0
25.778,-0.0014844026,-0.00026511552,-0.00039645153,-1.3869781e-08,7.765799e-08,2.0740753e-08
25.799,0.0003481932,-0.0008759807,-0.00039645153,-0.0,-0.0,0.0
25.838,0.0015699236,0.00034574972,0.0008252789,-0.0,-0.0,0.0
25.878,0.0003481932,0.00095661497,0.0008252789,4.2065622e-08,-1.5311242e-08,-3.6290327e-08
25.898,0.0003481932,0.00095661497,0.0002144137,-0.0,-0.0,0.0
25.938,-0.0014844026,-0.0008759807,0.0008252789,-0.0,0.0,0.0
25.978,0.00095905847,0.00034574972,0.0002144137,1.2086163e-08,-3.3525225e-08,-7.495129e-09
25.998,-0.00026267205,-0.00026511552,-0.00039645153,-0.0,-0.0,0.0
26.039,0.0003481932,-0.00026511552,0.0002144137,-0.0,-0.0,-0.0
26.078,-0.00026267205,0.00034574972,0.0008252789,1.08187646e-08,8.219203e-09,-2.5823589e-08
26.098,0.0003481932,-0.00026511552,0.0008252789,-0.0,-0.0,-0.0
26.138,-0.00026267205,-0.0008759807,0.0002144137,-0.0,0.0,0.0
26.178,-0.00026267205,-0.0008759807,0.0002144137,-2.7609307e-08,8.278942e-09,-6.7579267e-09
26.219,-0.011869112,0.0015674802,0.0002144137,6.297882e-07,4.768816e-06,-8.614943e-08
26.240,-0.00820392,0.010119594,0.0008252789,0.0,-0.0,-0.0
26.278,-0.011869112,0.009508728,-0.00039645153,-0.0,0.0,0.0
26.318,-0.0014844026,0.0046218066,0.0014361442,7.850748e-07,2.5214527e-07,-2.439481e-07
26.338,0.005235115,0.00095661497,0.0002144137,-0.0,-0.0,0.0
26.379,0.00462425,-0.00026511552,-0.00039645153,-0.0,-0.0,0.0
26.419,0.0003481932,-0.00026511552,-0.00039645153,-5.2530327e-09,-6.8991444e-09,7.855341e-09
26.438,0.0082894415,-0.0063737677,-0.00039645153,-0.0,-0.0,0.0
26.478,0.00462425,-0.010649825,-0.00039645153,-0.0,-0.0,0.0
26.519,0.009511172,-0.010649825,0.0008252789,-5.110992e-06,-4.5645356e-06,-3.9607386e-07
26.537,0.0034025195,-0.008206364,-0.00039645153,-0.0,-0.0,0.0
26.580,-0.00820392,0.00095661497,-0.0010073169,-0.0,0.0,0.0
26.618,-0.0020952679,-0.0008759807,0.0014361442,-7.897924e-08,1.8891134e-07,-1.2948412e-07
26.640,0.00095905847,-0.0008759807,-0.00039645153,-0.0,-0.0,0.0
26.678,-0.0008735373,-0.0008759807,0.0014361442,-0.0,0.0,0.0
26.718,-0.0008735373,0.00034574972,-0.00039645153,1.1829962e-08,2.9888422e-08,1.3564744e-08
26.742,-0.0008735373,-0.0008759807,-0.00039645153,-0.0,-0.0,0.0
26.779,-0.00026267205,0.00034574972,0.0002144137,0.0,-0.0,-0.0
26.818,0.0003481932,0.00095661497,0.0002144137,3.3393786e-08,-1.21548265e-08,-7.4848145e-09
26.838,0.0003481932,-0.0008759807,-0.00039645153,-0.0,-0.0,0.0
26.879,-0.0014844026,-0.00026511552,0.0002144137,-0.0,0.0,0.0
26.918,0.00095905847,0.00034574972,0.0008252789,1.5217003e-08,-4.220971e-08,-3.6321858e-08
26.938,0.0003481932,0.00034574972,0.0008252789,-0.0,-0.0,0.0
26.978,0.00095905847,-0.00026511552,-0.00039645153,-0.0,-0.0,0.0
27.018,-0.00026267205,0.00034574972,0.0002144137,5.618171e-09,4.2682218e-09,-3.48406e-09
27.039,0.0003481932,-0.00026511552,0.0002144137,-0.0,-0.0,-0.0
27.078,0.00095905847,0.00095661497,-0.00039645153,0.0,-0.0,0.0
27.118,0.0003481932,-0.0008759807,0.0008252789,-3.6825448e-08,-1.463773e-08,-3.469399e-08
27.157,-0.00026267205,-0.0008759807,0.0008252789,-3.6207446e-08,1.0857186e-08,-3.411176e-08
27.178,0.0003481932,0.00034574972,0.0002144137,-0.0,-0.0,0.0
27.218,0.0003481932,0.00034574972,-0.00039645153,7.3186137e-09,-7.3703355e-09,8.391838e-09
27.257,-0.0014844026,-0.0008759807,0.0002144137,-5.1052293e-08,8.6511214e-08,-1.2496063e-08
27.278,-0.0008735373,-0.001486846,-0.00039645153,-0.0,-0.0,0.0
27.320,0.0003481932,-0.00026511552,0.0008252789,-0.0,-0.0,-0.0
27.359,-0.0014844026,-0.001486846,-0.00039645153,-1.0666881e-07,1.0649351e-07,2.8442097e-08
27.379,0.0003481932,-0.00026511552,0.0008252789,-0.0,-0.0,-0.0
27.418,-0.00026267205,-0.0008759807,-0.00039645153,-0.0,-0.0,0.0
27.459,0.0003481932,-0.001486846,0.0002144137,-7.693337e-08,-1.8016442e-08,-1.1094336e-08
27.479,-0.00026267205,-0.001486846,-0.00039645153,-0.0,-0.0,0.0
27.518,0.0003481932,0.00034574972,0.0002144137,-0.0,-0.0,0.0
27.559,0.0003481932,-0.00026511552,0.0002144137,-4.335259e-09,-5.693773e-09,-3.5061654e-09
27.578,-0.0008735373,-0.0008759807,0.0008252789,-0.0,0.0,0.0
27.618,-0.0008735373,-0.00026511552,0.0002144137,-0.0,0.0,0.0
27.659,-0.00026267205,-0.00026511552,0.0008252789,-8.057298e-09,7.983037e-09,-2.5081588e-08
27.682,0.0003481932,-0.00026511552,-0.00039645153,-0.0,-0.0,0.0
27.719,-0.010036516,0.00095661497,-0.00039645153,-0.0,0.0,0.0
27.757,-0.002706133,0.010119594,0.0008252789,3.567944e-06,9.541218e-07,-2.9097671e-07
27.779,0.00095905847,0.0021783453,0.0008252789,-0.0,-0.0,0.0
27.817,-0.0014844026,0.0076761325,0.0014361442,0.0,-0.0,-0.0
27.857,0.006456846,-0.0033194418,0.0002144137,-8.090008e-07,-1.573636e-06,-5.2256663e-08
27.898,-0.00026267205,-0.00026511552,0.0008252789,-8.057298e-09,7.983037e-09,-2.5081588e-08
27.918,-0.0008735373,-0.0008759807,0.0002144137,-0.0,0.0,0.0
27.958,0.0040133847,0.003400076,0.0014361442,6.220681e-07,-7.342775e-07,-2.6275265e-07
27.997,0.0034025195,0.00095661497,-0.00039645153,1.1416224e-07,-4.0605596e-07,4.731247e-08
28.018,0.009511172,-0.005152038,0.0002144137,-0.0,-0.0,-0.0
28.057,0.009511172,-0.01126069,-0.00039645153,-5.5714377e-06,-4.7058315e-06,1.9613876e-07
28.097,0.007067711,-0.020423668,-0.0010073169,-1.4826881e-05,-5.130921e-06,7.312395e-07
28.118,0.010732902,-0.030808378,-0.001618182,-0.0,-0.0,0.0
28.157,0.00095905847,-0.005152038,0.0002144137,-9.0670994e-07,-1.687852e-07,-3.773486e-08
28.198,0.00095905847,-0.0020977114,-0.00039645153,-1.6473327e-07,-7.531485e-08,3.113333e-08
28.217,0.0003481932,-0.0020977114,0.0002144137,-0.0,-0.0,-0.0
28.258,0.00095905847,-0.001486846,0.0014361442,-0.0,-0.0,-0.0
28.299,-0.0008735373,-0.0008759807,0.0008252789,-4.3710664e-08,4.358874e-08,-4.118069e-08
28.318,0.0003481932,-0.0020977114,0.0014361442,-0.0,-0.0,-0.0
28.357,-0.0014844026,-0.0008759807,0.0008252789,-0.0,0.0,0.0
28.398,0.002180789,0.00095661497,0.0002144137,7.674822e-08,-1.7496242e-07,-1.7202181e-08
28.423,0.0003481932,-0.00026511552,0.0008252789,-0.0,-0.0,-0.0
28.457,0.0003481932,-0.00026511552,-0.00039645153,-0.0,-0.0,0.0
28.498,0.0003481932,-0.00026511552,0.0002144137,-4.335259e-09,-5.693773e-09,-3.5061654e-09
28.520,0.0003481932,0.00034574972,0.0002144137,-0.0,-0.0,0.0
28.559,0.022950206,-0.049134336,-0.001618182,-0.0,-0.0,0.0
28.598,-0.008814786,0.018060843,0.0008252789,1.2189552e-05,5.949236e-06,-5.5703015e-07
28.618,0.00095905847,0.00034574972,0.0002144137,-0.0,-0.0,0.0
28.657,-0.00026267205,0.00034574972,0.0008252789,0.0,-0.0,-0.0
28.697,-0.0008735373,0.00034574972,0.0002144137,1.1179496e-08,2.8245019e-08,-6.932868e-09
28.739,-0.00026267205,0.00095661497,-0.00039645153,3.4291276e-08,9.415867e-09,1.421139e-08
28.757,-0.0008735373,0.0015674802,-0.00039645153,-0.0,0.0,0.0
28.797,0.00095905847,0.0015674802,0.0002144137,9.730612e-08,-5.9536486e-08,-1.3310383e-08
28.838,-0.00026267205,-0.00026511552,-0.00039645153,-4.843571e-09,4.7989297e-09,7.2430355e-09
28.858,-0.0008735373,-0.0008759807,0.0002144137,-0.0,0.0,0.0
28.897,-0.0008735373,0.00034574972,-0.00039645153,1.1829962e-08,2.9888422e-08,1.3564744e-08
28.937,0.00095905847,-0.00026511552,0.0002144137,-9.054739e-09,-3.2755622e-08,-7.323072e-09
28.958,0.0015699236,-0.00026511552,-0.00039645153,-0.0,-0.0,0.0
28.998,-0.00026267205,0.00095661497,-0.0010073169,4.5380713e-08,1.246086e-08,4.778595e-08
29.039,0.00095905847,-0.00026511552,0.0008252789,-1.1499917e-08,-4.160108e-08,-3.5798124e-08
29.058,0.0003481932,0.00095661497,0.0008252789,-0.0,-0.0,0.0
29.098,-0.00026267205,0.00095661497,0.0002144137,3.257789e-08,8.945398e-09,-7.301941e-09
29.137,-0.00026267205,-0.0008759807,0.0008252789,-3.6207446e-08,1.0857186e-08,-3.411176e-08
29.158,-0.0008735373,-0.001486846,0.0002144137,-0.0,0.0,0.0
29.199,-0.00026267205,0.00034574972,-0.0010073169,1.27258115e-08,9.668019e-09,3.7075733e-08
29.238,0.0034025195,-0.01003896,-0.00039645153,-3.5730893e-06,-1.2110327e-06,1.4110377e-07
29.258,-0.011869112,0.03883026,0.0026578745,0.0,-0.0,-0.0
29.297,-0.0069821896,0.007065268,0.0002144137,0.0,-0.0,-0.0
29.349,-0.010647381,0.008897863,0.0002144137,4.1433013e-06,4.9579658e-06,-9.985227e-08
29.375,-0.00820392,0.007065268,0.0002144137,0.0,-0.0,-0.0
29.398,-0.00026267205,0.0015674802,0.0014361442,0.0,-0.0,-0.0
29.437,-0.00026267205,0.012563055,0.0008252789,5.3084773e-06,1.1099028e-07,-3.4871914e-07
29.460,-0.0039278637,0.007065268,0.0014361442,0.0,-0.0,-0.0
29.497,0.011343767,-0.0063737677,0.0014361442,-0.0,-0.0,-0.0
29.537,0.008900307,-0.0033194418,0.0002144137,-1.0583055e-06,-2.8375985e-06,-6.836094e-08
29.559,0.011954633,-0.008817229,0.0002144137,-0.0,-0.0,-0.0
29.597,0.006456846,-0.009428094,-0.00039645153,-0.0,-0.0,0.0
29.638,0.0015699236,-0.001486846,0.0008252789,-1.1546615e-07,-1.2191782e-07,-6.408988e-08
29.679,-0.00026267205,-0.0008759807,0.0008252789,-3.6207446e-08,1.0857186e-08,-3.411176e-08
29.699,0.0015699236,0.0015674802,-0.00039645153,0.0,-0.0,0.0
29.738,-0.00026267205,0.00034574972,0.0008252789,1.08187646e-08,8.219203e-09,-2.5823589e-08
29.780,-0.0008735373,-0.00026511552,0.0002144137,-8.341808e-09,2.7485683e-08,-6.746485e-09
29.797,0.0003481932,0.00034574972,-0.00039645153,0.0,-0.0,0.0
29.843,0.0015699236,0.00034574972,-0.00039645153,1.9208619e-08,-8.721934e-08,2.2025429e-08
29.861,-0.0008735373,-0.001486846,0.0002144137,-0.0,0.0,0.0
29.899,0.0015699236,0.00095661497,0.0002144137,-0.0,-0.0,0.0
29.939,-0.0008735373,-0.00026511552,0.0008252789,-1.0947398e-08,3.6070922e-08,-3.407819e-08
29.980,-0.00026267205,-0.00026511552,0.0008252789,-8.057298e-09,7.983037e-09,-2.5081588e-08
30.000,-0.0008735373,-0.00026511552,-0.00039645153,-0.0,-0.0,0.0
30.040,0.00095905847,-0.00026511552,0.0008252789,-1.1499917e-08,-4.160108e-08,-3.5798124e-08
30.080,0.0003481932,-0.0008759807,0.0002144137,-2.8414929e-08,-1.1294638e-08,-6.955119e-09
30.100,0.00095905847,0.00034574972,0.0002144137,-0.0,-0.0,0.0
30.139,-0.00026267205,-0.00026511552,0.0008252789,-8.057298e-09,7.983037e-09,-2.5081588e-08
30.180,0.00095905847,0.00034574972,0.0002144137,1.2086163e-08,-3.3525225e-08,-7.495129e-09
30.199,-0.00026267205,-0.00026511552,0.0002144137,-0.0,0.0,0.0
30.240,-0.0008735373,-0.00026511552,0.0008252789,-1.0947398e-08,3.6070922e-08,-3.407819e-08
30.282,0.00095905847,-0.00026511552,0.0008252789,-1.1499917e-08,-4.160108e-08,-3.5798124e-08
30.300,0.0003481932,0.00034574972,0.0002144137,-0.0,-0.0,0.0
30.340,0.0015699236,-0.00026511552,0.0008252789,-1.5953107e-08,-9.446884e-08,-4.9660468e-08
30.381,0.0003481932,-0.00026511552,-0.00039645153,-5.2530327e-09,-6.8991444e-09,7.855341e-09
30.399,0.0034025195,-0.01248242,-0.0010073169,-0.0,-0.0,0.0
30.439,-0.0020952679,-0.001486846,-0.00039645153,-1.2969583e-07,1.8276776e-07,3.4582015e-08
30.480,-0.0008735373,-0.00026511552,0.0002144137,-8.341808e-09,2.7485683e-08,-6.746485e-09
30.523,0.0015699236,0.0015674802,0.0008252789,1.2449506e-07,-1.2468912e-07,-6.554669e-08
30.539,-0.0008735373,-0.0008759807,0.0008252789,-0.0,0.0,0.0
30.578,-0.0008735373,0.00095661497,0.0014361442,6.2081604e-08,5.6690094e-08,-9.320169e-08
30.618,-0.00026267205,-0.00026511552,-0.00039645153,-4.843571e-09,4.7989297e-09,7.2430355e-09
30.639,0.00462425,-0.00026511552,0.0002144137,-0.0,-0.0,-0.0
30.679,-0.00026267205,0.00034574972,-0.00039645153,6.821341e-09,5.1822906e-09,7.821643e-09
30.722,0.00095905847,-0.00026511552,0.0008252789,-1.1499917e-08,-4.160108e-08,-3.5798124e-08
30.739,0.0003481932,0.00095661497,0.0002144137,-0.0,-0.0,0.0
30.772,-0.0014844026,-0.00026511552,0.0002144137,-1.3548834e-08,7.586099e-08,-1.0957696e-08
30.829,-0.00026267205,0.00034574972,0.0002144137,5.618171e-09,4.2682218e-09,-3.48406e-09
30.857,0.0003481932,-0.0008759807,0.0002144137,-0.0,-0.0,-0.0
30.879,0.0003481932,-0.001486846,0.0002144137,-7.693337e-08,-1.8016442e-08,-1.1094336e-08
30.919,-0.0014844026,-0.00026511552,0.0008252789,-1.5291521e-08,8.561844e-08,-4.760103e-08
30.939,0.0015699236,0.00034574972,-0.00039645153,0.0,-0.0,0.0
30.979,0.0003481932,-0.00026511552,0.0008252789,-8.309887e-09,-1.0913906e-08,-2.5867873e-08
31.021,-0.0008735373,-0.001486846,0.0008252789,-9.537872e-08,5.603598e-08,-5.2940276e-08
31.039,-0.0020952679,-0.001486846,0.0008252789,-0.0,0.0,0.0
31.079,-0.00026267205,0.00034574972,0.0008252789,1.08187646e-08,8.219203e-09,-2.5823589e-08
31.119,-0.00026267205,-0.0008759807,0.0002144137,-2.7609307e-08,8.278942e-09,-6.7579267e-09
31.139,-0.0008735373,-0.00026511552,0.0002144137,-0.0,0.0,0.0
31.180,-0.0008735373,0.00095661497,-0.00039645153,4.3485745e-08,3.9709207e-08,1.802187e-08
31.219,-0.0014844026,-0.0008759807,0.0002144137,-5.1052293e-08,8.6511214e-08,-1.2496063e-08
31.239,-0.0008735373,-0.00026511552,0.0008252789,-0.0,0.0,0.0
31.279,-0.0014844026,-0.0008759807,-0.00039645153,-5.19847e-08,8.8091234e-08,2.3527248e-08
31.320,0.0015699236,0.00034574972,0.0008252789,2.0963917e-08,-9.518953e-08,-5.003932e-08
31.360,0.0003481932,-0.0008759807,-0.00039645153,-3.0057944e-08,-1.1947719e-08,1.3603631e-08
31.379,-0.00026267205,-0.00026511552,0.0002144137,-3.828876e-09,3.7935863e-09,-3.0966252e-09
31.419,0.00095905847,0.00095661497,0.0002144137,4.4021764e-08,-4.4134207e-08,-9.8669455e-09
31.459,0.0003481932,0.00034574972,-0.00039645153,7.3186137e-09,-7.3703355e-09,8.391838e-09
31.479,0.0003481932,-0.00026511552,0.0002144137,-4.335259e-09,-5.693773e-09,-3.5061654e-09
31.519,-0.00026267205,-0.001486846,-0.00039645153,-7.7881275e-08,1.3758811e-08,2.0766207e-08
31.559,0.0003481932,-0.0008759807,0.0008252789,-3.6825448e-08,-1.463773e-08,-3.469399e-08
31.580,0.00095905847,0.00034574972,-0.00039645153,0.0,-0.0,0.0
31.620,0.00095905847,0.00034574972,0.0002144137,1.2086163e-08,-3.3525225e-08,-7.495129e-09
31.660,0.0003481932,0.00095661497,0.0008252789,4.2065622e-08,-1.5311242e-08,-3.6290327e-08
31.681,-0.00026267205,0.00034574972,0.0002144137,0.0,-0.0,-0.0
31.720,0.0003481932,-0.0008759807,0.0008252789,-3.6825448e-08,-1.463773e-08,-3.469399e-08
31.759,0.00095905847,0.00034574972,0.0002144137,1.2086163e-08,-3.3525225e-08,-7.495129e-09
31.779,0.00095905847,-0.0008759807,0.0002144137,-0.0,-0.0,-0.0
31.820,0.009511172,-0.02531059,-0.0010073169,-2.297937e-05,-8.635162e-06,9.144394e-07
31.858,-0.0008735373,-0.00026511552,-0.00039645153,-8.853568e-09,2.9171895e-08,1.3239552e-08
31.879,0.00095905847,0.00034574972,0.0008252789,-0.0,-0.0,0.0
31.919,-0.00026267205,-0.0008759807,0.0008252789,-3.6207446e-08,1.0857186e-08,-3.411176e-08
31.959,0.0003481932,-0.00026511552,0.0002144137,-4.335259e-09,-5.693773e-09,-3.5061654e-09
31.979,0.00095905847,-0.001486846,0.0002144137,-0.0,-0.0,-0.0
32.019,-0.0014844026,-0.00026511552,0.0002144137,-1.3548834e-08,7.586099e-08,-1.0957696e-08
32.058,0.00095905847,0.00034574972,0.0008252789,1.5217003e-08,-4.220971e-08,-3.6321858e-08
32.079,0.0015699236,0.00034574972,0.0002144137,-0.0,-0.0,0.0
32.119,-0.00026267205,-0.00026511552,0.0002144137,-3.828876e-09,3.7935863e-09,-3.0966252e-09
32.159,0.0003481932,0.00034574972,0.0020470095,2.4421032e-08,-2.4593623e-08,-1.4458462e-07
32.198,0.00095905847,-0.001486846,0.0008252789,-9.7402236e-08,-6.282725e-08,-5.4063445e-08
32.219,0.00095905847,-0.001486846,-0.00039645153,-9.0460816e-08,-5.834983e-08,2.4120403e-08
32.259,0.0003481932,-0.0008759807,0.0008252789,-3.6825448e-08,-1.463773e-08,-3.469399e-08
32.299,0.0015699236,-0.00026511552,0.0002144137,-1.42913175e-08,-8.46283e-08,-1.15581855e-08
32.319,0.0015699236,0.00034574972,0.0008252789,2.0963917e-08,-9.518953e-08,-5.003932e-08
32.359,-0.00026267205,0.00034574972,0.0008252789,1.08187646e-08,8.219203e-09,-2.5823589e-08
32.400,0.0003481932,-0.00026511552,0.0014361442,-1.3355661e-08,-1.7540843e-08,-7.2348286e-08
32.419,-0.00026267205,-0.00026511552,-0.00039645153,-4.843571e-09,4.7989297e-09,7.2430355e-09
32.460,-0.0014844026,0.00034574972,0.0002144137,1.785629e-08,7.666217e-08,-1.1073425e-08
32.500,0.00095905847,-0.00026511552,0.0002144137,-9.054739e-09,-3.2755622e-08,-7.323072e-09
32.521,0.0003481932,0.0015674802,0.0008252789,-0.0,-0.0,0.0
32.562,-0.0008735373,-0.001486846,0.0014361442,-1.1196214e-07,6.577892e-08,-1.081442e-07
32.602,-0.00026267205,-0.00026511552,0.0002144137,-3.828876e-09,3.7935863e-09,-3.0966252e-09
32.624,-0.00026267205,-0.00026511552,0.0002144137,-0.0,0.0,0.0
32.661,-0.00026267205,-0.0008759807,0.0014361442,-5.00446e-08,1.5006403e-08,-8.2046625e-08
32.700,-0.0008735373,-0.0008759807,0.0008252789,-4.3710664e-08,4.358874e-08,-4.118069e-08
32.719,0.0003481932,-0.001486846,-0.00039645153,-0.0,-0.0,0.0
32.760,0.0003481932,-0.0008759807,0.0002144137,-2.8414929e-08,-1.1294638e-08,-6.955119e-09
32.800,-0.0014844026,-0.00026511552,0.0008252789,-1.5291521e-08,8.561844e-08,-4.760103e-08
32.821,0.00095905847,0.0015674802,0.0008252789,-0.0,-0.0,0.0
32.863,0.0003481932,-0.00026511552,-0.00039645153,-5.2530327e-09,-6.8991444e-09,7.855341e-09
32.900,0.0003481932,-0.0008759807,0.0002144137,-2.8414929e-08,-1.1294638e-08,-6.955119e-09
32.919,0.00095905847,-0.00026511552,0.0002144137,-0.0,-0.0,-0.0
32.959,0.0003481932,-0.00026511552,0.0002144137,-4.335259e-09,-5.693773e-09,-3.5061654e-09
33.000,0.0003481932,-0.00026511552,0.0008252789,-8.309887e-09,-1.0913906e-08,-2.5867873e-08
33.021,-0.00026267205,0.00034574972,-0.0010073169,-0.0,0.0,0.0
33.063,-0.00026267205,-0.0008759807,0.0008252789,-3.6207446e-08,1.0857186e-08,-3.411176e-08
33.101,0.0003481932,0.00034574972,0.0008252789,1.1138989e-08,-1.121771e-08,-2.658794e-08
33.122,0.0015699236,-0.00026511552,0.0002144137,-0.0,-0.0,-0.0
33.160,-0.00026267205,-0.0008759807,0.0002144137,-2.7609307e-08,8.278942e-09,-6.7579267e-09
33.201,0.0003481932,-0.00026511552,-0.00039645153,-5.2530327e-09,-6.8991444e-09,7.855341e-09
33.241,0.0003481932,0.00034574972,0.0008252789,1.1138989e-08,-1.121771e-08,-2.658794e-08
33.261,0.00095905847,-0.00026511552,0.0002144137,-9.054739e-09,-3.2755622e-08,-7.323072e-09
33.300,0.0003481932,-0.00026511552,0.0008252789,-8.309887e-09,-1.0913906e-08,-2.5867873e-08
33.322,0.002180789,-0.0008759807,-0.00039645153,-0.0,-0.0,0.0
33.360,0.00095905847,0.00095661497,-0.00039645153,4.53044e-08,-4.542012e-08,1.8775578e-08
33.400,-0.00026267205,0.00034574972,-0.00039645153,6.821341e-09,5.1822906e-09,7.821643e-09
33.441,0.0003481932,0.00034574972,0.0002144137,6.2125083e-09,-6.2564127e-09,-3.852633e-09
33.460,0.002180789,0.0015674802,-0.00039645153,1.4278609e-07,-1.9865409e-07,3.6113878e-08
33.501,-0.00026267205,0.00095661497,0.0002144137,3.257789e-08,8.945398e-09,-7.301941e-09
33.540,0.0003481932,-0.00026511552,0.0002144137,-4.335259e-09,-5.693773e-09,-3.5061654e-09
33.560,-0.00026267205,-0.00026511552,-0.00039645153,-0.0,-0.0,0.0
33.602,-0.00026267205,-0.00026511552,0.0008252789,-8.057298e-09,7.983037e-09,-2.5081588e-08
33.640,-0.0008735373,-0.0027085764,0.0002144137,-2.593868e-07,8.36543e-08,-2.0533315e-08
33.661,-0.00026267205,0.00034574972,0.0002144137,0.0,-0.0,-0.0
33.701,-0.00026267205,0.00034574972,0.0014361442,1.7406212e-08,1.3223799e-08,-7.230036e-08
33.742,-0.00026267205,-0.0020977114,0.0008252789,-1.5974204e-07,2.0002648e-08,-6.284551e-08
33.761,-0.0008735373,-0.00026511552,0.0002144137,-0.0,0.0,0.0
33.799,0.00095905847,-0.0008759807,0.0002144137,-3.869522e-08,-4.2365063e-08,-9.471425e-09
33.840,-0.00026267205,-0.00026511552,0.0002144137,-3.828876e-09,3.7935863e-09,-3.0966252e-09
33.879,0.00095905847,-0.0020977114,-0.00039645153,-1.6473327e-07,-7.531485e-08,3.113333e-08
33.900,0.00095905847,-0.0008759807,0.0008252789,-4.5233012e-08,-4.9522896e-08,-4.2614925e-08
33.940,0.0003481932,-0.00026511552,0.0008252789,-8.309887e-09,-1.0913906e-08,-2.5867873e-08
33.978,0.0003481932,-0.0008759807,0.0002144137,-2.8414929e-08,-1.1294638e-08,-6.955119e-09
33.998,0.0003481932,0.00034574972,0.0008252789,1.1138989e-08,-1.121771e-08,-2.658794e-08
34.039,0.002180789,0.00095661497,-0.00039645153,7.749105e-08,-1.7665585e-07,3.211475e-08
34.080,0.00095905847,0.00095661497,0.0002144137,4.4021764e-08,-4.4134207e-08,-9.8669455e-09
34.100,-0.0008735373,-0.0020977114,0.0002144137,-1.6065374e-07,6.690007e-08,-1.642092e-08
34.143,0.0015699236,-0.001486846,0.0002144137,-1.0840485e-07,-1.14461976e-07,-1.563275e-08
34.182,0.0015699236,0.00095661497,0.0002144137,5.9410688e-08,-9.75003e-08,-1.3316186e-08
34.201,0.00095905847,-0.0008759807,0.0008252789,-4.5233012e-08,-4.9522896e-08,-4.2614925e-08
34.241,0.00095905847,-0.0033194418,-0.001618182,-4.2496274e-07,-1.2278096e-07,2.0716344e-07
34.263,0.005235115,-0.00026511552,0.0002144137,-0.0,-0.0,-0.0
34.300,0.0015699236,-0.008817229,-0.00039645153,-2.6522625e-06,-4.7224032e-07,1.192538e-07
34.341,0.0015699236,-0.0075954986,-0.00039645153,-1.9793072e-06,-4.0910572e-07,1.03310704e-07
34.381,0.0003481932,-0.003930307,0.0008252789,-5.316162e-07,-4.709684e-08,-1.1162785e-07
34.400,0.0015699236,-0.0027085764,0.0002144137,-2.8519594e-07,-1.6530302e-07,-2.2576428e-08
34.440,0.00095905847,-0.0033194418,-0.00039645153,-3.8737335e-07,-1.1192054e-07,4.6265214e-08
34.480,0.0003481932,-0.0020977114,-0.00039645153,-1.5225204e-07,-2.5271888e-08,2.8774478e-08
34.500,-0.00026267205,-0.0008759807,0.0014361442,-5.00446e-08,1.5006403e-08,-8.2046625e-08
34.541,-0.00026267205,-0.00026511552,-0.00039645153,-4.843571e-09,4.7989297e-09,7.2430355e-09
34.580,-0.00026267205,-0.001486846,0.0002144137,-7.608357e-08,1.3441222e-08,-1.0971788e-08
34.601,-0.0008735373,-0.0008759807,0.0008252789,-0.0,0.0,0.0
34.640,0.0003481932,-0.0008759807,0.0002144137,-2.8414929e-08,-1.1294638e-08,-6.955119e-09
34.681,-0.0008735373,-0.0008759807,-0.00039645153,-3.8183618e-08,3.807711e-08,1.7281149e-08
34.701,-0.00026267205,-0.0020977114,0.0014361442,-0.0,0.0,0.0
34.740,0.0003481932,0.00095661497,0.0002144137,3.3393786e-08,-1.21548265e-08,-7.4848145e-09
34.781,0.00095905847,0.00095661497,0.0002144137,4.4021764e-08,-4.4134207e-08,-9.8669455e-09
34.801,-0.00026267205,-0.001486846,0.0002144137,-0.0,0.0,0.0
34.839,0.00095905847,-0.00026511552,0.0008252789,-1.1499917e-08,-4.160108e-08,-3.5798124e-08
34.879,-0.0014844026,-0.0008759807,-0.00039645153,-5.19847e-08,8.8091234e-08,2.3527248e-08
34.919,0.0015699236,0.00034574972,0.0002144137,1.8814996e-08,-8.543205e-08,-1.16679555e-08
34.938,-0.0008735373,0.00095661497,-0.00039645153,4.3485745e-08,3.9709207e-08,1.802187e-08
34.980,0.00095905847,0.00034574972,0.0002144137,1.2086163e-08,-3.3525225e-08,-7.495129e-09
35.020,0.0003481932,-0.00026511552,-0.00039645153,-5.2530327e-09,-6.8991444e-09,7.855341e-09
35.039,-0.0008735373,-0.00026511552,0.0002144137,-8.341808e-09,2.7485683e-08,-6.746485e-09
35.079,0.0003481932,0.00095661497,-0.00039645153,3.506733e-08,-1.276397e-08,1.4533012e-08
35.121,0.0003481932,-0.00026511552,0.0008252789,-8.309887e-09,-1.0913906e-08,-2.5867873e-08
35.141,0.00095905847,-0.0008759807,0.0002144137,-3.869522e-08,-4.2365063e-08,-9.471425e-09
35.180,-0.00026267205,0.00095661497,0.0002144137,3.257789e-08,8.945398e-09,-7.301941e-09
35.219,-0.00026267205,-0.00026511552,0.0002144137,-3.828876e-09,3.7935863e-09,-3.0966252e-09
35.239,0.00095905847,0.00034574972,0.0002144137,1.2086163e-08,-3.3525225e-08,-7.495129e-09
35.280,0.0003481932,-0.00026511552,0.0002144137,-4.335259e-09,-5.693773e-09,-3.5061654e-09
35.321,0.0003481932,0.00034574972,0.0008252789,1.1138989e-08,-1.121771e-08,-2.658794e-08
35.340,-0.00026267205,0.00034574972,0.0002144137,5.618171e-09,4.2682218e-09,-3.48406e-09
35.381,0.00095905847,0.0015674802,-0.0010073169,1.1021917e-07,-6.743729e-08,7.083065e-08
35.420,0.00095905847,-0.0008759807,0.0002144137,-3.869522e-08,-4.2365063e-08,-9.471425e-09
35.440,0.00095905847,-0.00026511552,0.0002144137,-9.054739e-09,-3.2755622e-08,-7.323072e-09
35.481,0.00095905847,-0.00026511552,0.0008252789,-1.1499917e-08,-4.160108e-08,-3.5798124e-08
35.508,0.00095905847,-0.001486846,0.0008252789,-0.0,-0.0,-0.0
35.542,-0.00026267205,-0.0020977114,0.0014361442,-0.0,0.0,0.0
35.581,0.0003481932,-0.00026511552,-0.00039645153,-5.2530327e-09,-6.8991444e-09,7.855341e-09
35.623,0.0003481932,-0.0008759807,0.0002144137,-2.8414929e-08,-1.1294638e-08,-6.955119e-09
35.641,0.00095905847,0.00095661497,0.0002144137,-0.0,-0.0,0.0
35.682,-0.0008735373,0.0015674802,0.0008252789,1.0388385e-07,5.7893182e-08,-5.4694894e-08
35.721,-0.00026267205,0.00034574972,0.0008252789,1.08187646e-08,8.219203e-09,-2.5823589e-08
35.760,-0.0008735373,0.0027892108,0.0002144137,2.7428112e-07,8.590057e-08,-2.1084697e-08
35.783,-0.00026267205,0.00034574972,-0.00039645153,6.821341e-09,5.1822906e-09,7.821643e-09
35.819,-0.00026267205,0.00095661497,-0.00039645153,3.4291276e-08,9.415867e-09,1.421139e-08
35.842,-0.0008735373,-0.0008759807,0.0008252789,-0.0,0.0,0.0
35.880,-0.00026267205,0.00095661497,0.0008252789,4.1420897e-08,1.1373554e-08,-3.573412e-08
35.919,-0.0008735373,-0.001486846,0.0002144137,-8.669648e-08,5.0935075e-08,-1.2502244e-08
35.960,-0.0008735373,-0.0063737677,-0.0010073169,-1.3926524e-06,1.9086558e-07,2.2009637e-07
35.979,0.0015699236,-0.009428094,-0.00039645153,-3.0262859e-06,-5.039236e-07,1.2725461e-07
36.019,-0.00026267205,-0.008817229,-0.0010073169,-2.6267583e-06,7.825276e-08,3.000919e-07
36.060,-0.0008735373,-0.0020977114,0.0008252789,-1.701653e-07,7.0860914e-08,-6.694621e-08
36.079,-0.0020952679,-0.0020977114,0.0002144137,-2.0923585e-07,2.0899212e-07,-2.1386635e-08
36.119,0.002791654,-0.001486846,0.0002144137,-1.5816096e-07,-2.969579e-07,-2.280795e-08
36.160,-0.0008735373,-0.0020977114,-0.0010073169,-1.7495435e-07,7.285518e-08,8.401274e-08
36.180,-0.0008735373,0.00034574972,0.0002144137,1.1179496e-08,2.8245019e-08,-6.932868e-09
36.220,-0.0014844026,0.00034574972,-0.00039645153,1.8270576e-08,7.844082e-08,2.094983e-08
36.259,-0.0014844026,-0.00026511552,0.0008252789,-1.5291521e-08,8.561844e-08,-4.760103e-08
36.280,-0.0008735373,-0.00026511552,-0.00039645153,-8.853568e-09,2.9171895e-08,1.3239552e-08
36.321,0.0015699236,0.00034574972,0.0008252789,2.0963917e-08,-9.518953e-08,-5.003932e-08
36.360,0.0003481932,-0.001486846,0.0002144137,-7.693337e-08,-1.8016442e-08,-1.1094336e-08
36.380,0.0003481932,0.00034574972,0.0002144137,6.2125083e-09,-6.2564127e-09,-3.852633e-09
36.421,-0.0014844026,-0.0008759807,-0.00039645153,-5.19847e-08,8.8091234e-08,2.3527248e-08
36.461,0.0003481932,0.0021783453,0.0002144137,1.6200316e-07,-2.589507e-08,-1.5945908e-08
36.482,-0.00026267205,-0.0008759807,0.0014361442,-5.00446e-08,1.5006403e-08,-8.2046625e-08
36.521,0.002180789,-0.001486846,0.0008252789,-1.3796837e-07,-2.0236114e-07,-7.6579816e-08
36.563,0.00095905847,0.00034574972,-0.00039645153,1.2690241e-08,-3.520085e-08,1.4551177e-08
36.604,-0.00026267205,-0.00026511552,0.0002144137,-3.828876e-09,3.7935863e-09,-3.0966252e-09
36.622,-0.00026267205,-0.00026511552,0.0002144137,-3.828876e-09,3.7935863e-09,-3.0966252e-09
36.660,0.0015699236,0.0015674802,0.0002144137,1.1722667e-07,-1.1740941e-07,-1.6035287e-08
36.700,0.0003481932,0.0015674802,-0.00039645153,8.6988706e-08,-1.932329e-08,2.200143e-08
36.719,0.0015699236,-0.00026511552,0.0008252789,-1.5953107e-08,-9.446884e-08,-4.9660468e-08
36.759,-0.0008735373,0.00034574972,0.0008252789,1.4507342e-08,3.6652825e-08,-3.462795e-08
36.799,-0.00026267205,0.00034574972,0.0002144137,5.618171e-09,4.2682218e-09,-3.48406e-09
36.820,0.0003481932,0.00095661497,0.0014361442,5.6505154e-08,-2.0567013e-08,-8.48299e-08
36.859,-0.0008735373,-0.0008759807,0.0014361442,-5.571449e-08,5.555909e-08,-9.134225e-08
36.899,-0.0008735373,-0.00026511552,0.0002144137,-8.341808e-09,2.7485683e-08,-6.746485e-09
36.919,-0.00026267205,-0.001486846,0.0008252789,-8.584597e-08,1.5165888e-08,-4.76491e-08
36.959,-0.0008735373,-0.00026511552,0.0014361442,-1.5138193e-08,4.9879308e-08,-8.200437e-08
36.998,0.0015699236,0.00095661497,-0.00039645153,6.0367235e-08,-9.907011e-08,2.5018098e-08
37.020,0.00095905847,-0.0008759807,0.0008252789,-4.5233012e-08,-4.9522896e-08,-4.2614925e-08
37.059,0.00095905847,0.00034574972,0.0002144137,1.2086163e-08,-3.3525225e-08,-7.495129e-09
37.100,0.0003481932,-0.00026511552,-0.00039645153,-5.2530327e-09,-6.8991444e-09,7.855341e-09
37.120,0.0003481932,-0.00026511552,0.0008252789,-8.309887e-09,-1.0913906e-08,-2.5867873e-08
37.159,0.0015699236,0.00034574972,0.0008252789,2.0963917e-08,-9.518953e-08,-5.003932e-08
37.200,0.00095905847,-0.00026511552,-0.00039645153,-9.528284e-09,-3.4468677e-08,1.4248516e-08
37.239,0.00095905847,-0.001486846,0.0014361442,-0.0,-0.0,-0.0
37.261,0.00095905847,0.00095661497,-0.00039645153,4.53044e-08,-4.542012e-08,1.8775578e-08
37.300,0.0003481932,-0.00026511552,0.0002144137,-4.335259e-09,-5.693773e-09,-3.5061654e-09
37.321,-0.0008735373,0.00034574972,0.0002144137,1.1179496e-08,2.8245019e-08,-6.932868e-09
37.360,0.0003481932,0.0015674802,-0.00039645153,8.6988706e-08,-1.932329e-08,2.200143e-08
37.399,0.00095905847,-0.00026511552,0.0008252789,-1.1499917e-08,-4.160108e-08,-3.5798124e-08
37.422,0.00095905847,-0.00026511552,0.0014361442,-1.5542444e-08,-5.6224962e-08,-8.419419e-08
37.459,0.00095905847,-0.00026511552,0.0002144137,-9.054739e-09,-3.2755622e-08,-7.323072e-09
37.500,-0.00026267205,-0.0020977114,0.0008252789,-1.5974204e-07,2.0002648e-08,-6.284551e-08
37.540,0.0003481932,0.00095661497,0.0008252789,4.2065622e-08,-1.5311242e-08,-3.6290327e-08
37.561,0.0003481932,0.0015674802,0.0002144137,8.520221e-08,-1.8926446e-08,-1.1654706e-08
37.599,0.00095905847,0.0052326717,-0.00039645153,9.366432e-07,-1.7167051e-07,7.096452e-08
37.625,0.002180789,0.008897863,-0.00039645153,0.0,-0.0,0.0
37.659,-0.005760459,0.0015674802,-0.0010073169,3.1843138e-07,1.1702296e-06,2.0463487e-07
37.699,-0.002706133,0.006454402,0.0002144137,1.5164565e-06,6.3580364e-07,-5.03768e-08
37.742,-0.0020952679,0.0052326717,0.0002144137,9.903821e-07,3.9656905e-07,-4.0582044e-08
37.758,-0.00026267205,0.006454402,0.0002144137,1.3997819e-06,5.6966293e-08,-4.650046e-08
37.800,-0.00026267205,0.0027892108,0.0008252789,2.7333803e-07,2.5741416e-08,-8.087597e-08
37.839,0.00095905847,-0.00026511552,0.0002144137,-9.054739e-09,-3.2755622e-08,-7.323072e-09
37.860,0.00095905847,0.0015674802,-0.0010073169,1.1021917e-07,-6.743729e-08,7.083065e-08
37.899,0.0003481932,0.00095661497,-0.00039645153,3.506733e-08,-1.276397e-08,1.4533012e-08
37.938,0.0003481932,0.0027892108,-0.00039645153,2.656732e-07,-3.316551e-08,3.776214e-08
37.980,0.0003481932,0.00095661497,0.0002144137,-0.0,-0.0,0.0
37.998,0.0015699236,0.00095661497,0.0008252789,6.468386e-08,-1.06154225e-07,-5.580325e-08
38.040,-0.00026267205,-0.0020977114,0.0020470095,-2.0713118e-07,2.5936655e-08,-2.021248e-07
38.079,0.0003481932,0.00034574972,0.0002144137,-0.0,-0.0,0.0
38.100,-0.0008735373,-0.0008759807,0.0002144137,-3.6904154e-08,3.6801218e-08,-9.033025e-09
38.141,-0.00026267205,0.00034574972,0.0002144137,5.618171e-09,4.2682218e-09,-3.48406e-09
38.160,-0.00026267205,-0.00026511552,-0.00039645153,-4.843571e-09,4.7989297e-09,7.2430355e-09
38.201,0.0015699236,-0.0008759807,-0.0010073169,-6.0571686e-08,-1.0855596e-07,6.965323e-08
38.239,-0.00026267205,-0.0008759807,-0.00039645153,-2.9297537e-08,8.785175e-09,1.3259485e-08
38.261,-0.0014844026,-0.0008759807,0.0002144137,-5.1052293e-08,8.6511214e-08,-1.2496063e-08
38.299,-0.00026267205,-0.00026511552,0.0008252789,-8.057298e-09,7.983037e-09,-2.5081588e-08
38.345,-0.00026267205,-0.00026511552,0.0002144137,-3.828876e-09,3.7935863e-09,-3.0966252e-09
38.381,0.0003481932,0.0015674802,-0.00039645153,0.0,-0.0,0.0
38.400,0.0015699236,0.00034574972,-0.00039645153,1.9208619e-08,-8.721934e-08,2.2025429e-08
38.439,-0.00026267205,0.00095661497,-0.0010073169,4.5380713e-08,1.246086e-08,4.778595e-08
38.479,-0.00026267205,0.00034574972,-0.00039645153,-0.0,0.0,0.0
38.500,-0.00026267205,-0.00026511552,0.0008252789,-8.057298e-09,7.983037e-09,-2.5081588e-08
38.547,-0.00026267205,-0.001486846,0.0002144137,-7.608357e-08,1.3441222e-08,-1.0971788e-08
38.580,0.0015699236,0.00034574972,0.0002144137,1.8814996e-08,-8.543205e-08,-1.16679555e-08
38.599,-0.0008735373,0.00034574972,0.0008252789,1.4507342e-08,3.6652825e-08,-3.462795e-08
38.640,-0.00026267205,0.00034574972,0.0008252789,1.08187646e-08,8.219203e-09,-2.5823589e-08
38.679,-0.00026267205,-0.00026511552,0.0002144137,-3.828876e-09,3.7935863e-09,-3.0966252e-09
38.700,0.0003481932,-0.00026511552,-0.00039645153,-5.2530327e-09,-6.8991444e-09,7.855341e-09
38.740,-0.00026267205,-0.00026511552,0.0008252789,-8.057298e-09,7.983037e-09,-2.5081588e-08
38.779,-0.0008735373,-0.001486846,0.0008252789,-9.537872e-08,5.603598e-08,-5.2940276e-08
38.799,0.002180789,0.00034574972,-0.0010073169,2.8156073e-08,-1.7759214e-07,8.203067e-08
38.839,-0.00026267205,-0.00026511552,0.0014361442,-1.319998e-08,1.3078322e-08,-7.1504964e-08
38.879,0.0003481932,-0.00026511552,0.0002144137,-4.335259e-09,-5.693773e-09,-3.5061654e-09
38.919,-0.00026267205,-0.00026511552,0.0002144137,-0.0,0.0,0.0
38.939,-0.00026267205,0.00034574972,0.0008252789,1.08187646e-08,8.219203e-09,-2.5823589e-08
38.979,0.0003481932,-0.00026511552,0.0002144137,-4.335259e-09,-5.693773e-09,-3.5061654e-09
39.019,0.0003481932,0.00034574972,0.0014361442,-0.0,-0.0,0.0
39.039,0.0003481932,-0.00026511552,0.0002144137,-4.335259e-09,-5.693773e-09,-3.5061654e-09
39.079,0.0003481932,0.0015674802,0.0014361442,1.1330411e-07,-2.5168886e-08,-1.0381059e-07
39.121,0.0003481932,-0.00026511552,0.0002144137,-0.0,-0.0,-0.0
39.140,0.0015699236,-0.00026511552,0.0008252789,-1.5953107e-08,-9.446884e-08,-4.9660468e-08
39.180,0.00095905847,-0.00026511552,0.0002144137,-9.054739e-09,-3.2755622e-08,-7.323072e-09
39.219,0.0003481932,0.00034574972,-0.00039645153,0.0,-0.0,0.0
39.241,-0.00026267205,-0.00026511552,0.0002144137,-3.828876e-09,3.7935863e-09,-3.0966252e-09
39.282,0.0003481932,0.00034574972,-0.00039645153,7.3186137e-09,-7.3703355e-09,8.391838e-09
39.320,0.00095905847,-0.00026511552,0.0002144137,-0.0,-0.0,-0.0
39.341,0.0003481932,0.00034574972,0.0002144137,6.2125083e-09,-6.2564127e-09,-3.852633e-09
39.380,-0.00026267205,-0.001486846,0.0002144137,-7.608357e-08,1.3441222e-08,-1.0971788e-08
39.420,-0.00026267205,-0.00026511552,0.0002144137,-0.0,0.0,0.0
39.439,-0.0008735373,-0.0008759807,0.0008252789,-4.3710664e-08,4.358874e-08,-4.118069e-08
39.480,0.0003481932,-0.0008759807,0.0002144137,-2.8414929e-08,-1.1294638e-08,-6.955119e-09
39.519,-0.00026267205,0.00095661497,-0.0010073169,4.5380713e-08,1.246086e-08,4.778595e-08
39.539,0.00095905847,-0.00026511552,0.0008252789,-1.1499917e-08,-4.160108e-08,-3.5798124e-08
39.580,-0.0008735373,-0.0020977114,-0.00039645153,-1.6235937e-07,6.761034e-08,3.0684696e-08
39.620,-0.00026267205,-0.0008759807,0.0002144137,-2.7609307e-08,8.278942e-09,-6.7579267e-09
39.639,0.00095905847,0.00034574972,0.0008252789,1.5217003e-08,-4.220971e-08,-3.6321858e-08
39.680,0.0015699236,-0.00026511552,-0.00039645153,-1.4595946e-08,-8.643221e-08,2.1826656e-08
39.720,0.0015699236,-0.001486846,0.0002144137,-1.0840485e-07,-1.14461976e-07,-1.563275e-08
39.758,0.00095905847,-0.0008759807,0.0002144137,-0.0,-0.0,-0.0
39.781,-0.0020952679,0.00034574972,0.0002144137,2.4762103e-08,1.500601e-07,-1.5356004e-08
39.819,-0.00026267205,0.00034574972,0.0002144137,5.618171e-09,4.2682218e-09,-3.48406e-09
39.861,-0.0014844026,0.00034574972,0.0002144137,0.0,-0.0,-0.0
39.879,0.0003481932,0.00034574972,0.0002144137,6.2125083e-09,-6.2564127e-09,-3.852633e-09
39.919,0.0003481932,-0.001486846,0.0002144137,-7.693337e-08,-1.8016442e-08,-1.1094336e-08
39.941,-0.00026267205,-0.001486846,-0.0010073169,-9.055318e-08,1.5997475e-08,6.134848e-08
39.979,-0.00026267205,0.00034574972,0.0008252789,1.08187646e-08,8.219203e-09,-2.5823589e-08
40.019,0.00095905847,0.00095661497,0.0002144137,4.4021764e-08,-4.4134207e-08,-9.8669455e-09
40.060,0.00095905847,-0.00026511552,0.0002144137,-0.0,-0.0,-0.0
40.079,-0.00026267205,-0.0008759807,-0.00039645153,-2.9297537e-08,8.785175e-09,1.3259485e-08
40.119,-0.0008735373,-0.00026511552,0.0002144137,-8.341808e-09,2.7485683e-08,-6.746485e-09
40.161,-0.0008735373,-0.0020977114,0.0002144137,-0.0,0.0,0.0
40.180,-0.00026267205,0.0021783453,0.0002144137,1.6113943e-07,1.943072e-08,-1.5860893e-08
40.220,0.00095905847,0.00095661497,-0.00039645153,4.53044e-08,-4.542012e-08,1.8775578e-08
40.260,0.00095905847,0.00034574972,0.0008252789,-0.0,-0.0,0.0
40.279,0.0015699236,0.00034574972,-0.00039645153,1.9208619e-08,-8.721934e-08,2.2025429e-08
40.320,0.0003481932,-0.00026511552,0.0002144137,-4.335259e-09,-5.693773e-09,-3.5061654e-09
40.360,-0.00026267205,0.00095661497,0.0002144137,0.0,-0.0,-0.0
40.379,0.0003481932,-0.00026511552,0.0002144137,-4.335259e-09,-5.693773e-09,-3.5061654e-09
40.420,0.0015699236,0.00095661497,0.0002144137,5.9410688e-08,-9.75003e-08,-1.3316186e-08
40.461,0.0003481932,0.00034574972,-0.0010073169,0.0,-0.0,0.0
40.480,-0.00026267205,0.00095661497,0.0002144137,3.257789e-08,8.945398e-09,-7.301941e-09
40.520,0.00095905847,0.00034574972,0.0002144137,1.2086163e-08,-3.3525225e-08,-7.495129e-09
40.564,0.0015699236,-0.00026511552,-0.00039645153,-1.4595946e-08,-8.643221e-08,2.1826656e-08
40.581,-0.0033169982,-0.0008759807,-0.00039645153,-1.0151027e-07,3.8437986e-07,4.594155e-08
40.622,-0.0014844026,-0.0008759807,-0.0010073169,-5.8679277e-08,9.9435596e-08,6.747708e-08
40.660,0.0003481932,0.00034574972,-0.00039645153,7.3186137e-09,-7.3703355e-09,8.391838e-09
40.682,0.0003481932,-0.00026511552,0.0002144137,-4.335259e-09,-5.693773e-09,-3.5061654e-09
40.720,0.0015699236,0.00034574972,0.0008252789,2.0963917e-08,-9.518953e-08,-5.003932e-08
40.759,0.0003481932,-0.001486846,0.0002144137,-7.693337e-08,-1.8016442e-08,-1.1094336e-08
40.799,0.0003481932,0.00034574972,0.0014361442,-0.0,-0.0,0.0
40.818,0.0003481932,-0.0008759807,0.0008252789,-3.6825448e-08,-1.463773e-08,-3.469399e-08
40.860,-0.0008735373,-0.0008759807,0.0002144137,-3.6904154e-08,3.6801218e-08,-9.033025e-09
40.898,0.002180789,-0.00026511552,-0.00039645153,-0.0,-0.0,0.0
40.918,0.0003481932,-0.0020977114,0.0002144137,-1.5043189e-07,-2.4969761e-08,-1.537612e-08
40.959,-0.00026267205,-0.001486846,-0.00039645153,-7.7881275e-08,1.3758811e-08,2.0766207e-08
40.998,0.0015699236,0.00034574972,-0.0010073169,0.0,-0.0,0.0
41.018,0.0003481932,-0.00026511552,0.0002144137,-4.335259e-09,-5.693773e-09,-3.5061654e-09
41.058,-0.00026267205,0.00034574972,0.0008252789,1.08187646e-08,8.219203e-09,-2.5823589e-08
41.100,0.00095905847,0.00034574972,0.0008252789,-0.0,-0.0,0.0
41.120,0.00095905847,-0.00026511552,0.0002144137,-9.054739e-09,-3.2755622e-08,-7.323072e-09
41.160,0.00095905847,0.0015674802,-0.00039645153,9.887416e-08,-6.0495886e-08,2.5007537e-08
41.199,0.0015699236,0.00034574972,0.0002144137,-0.0,-0.0,0.0
41.219,-0.00026267205,0.0021783453,0.0014361442,1.9167547e-07,2.3112847e-08,-1.2636822e-07
41.263,0.00095905847,0.00095661497,0.0008252789,5.091451e-08,-5.1044562e-08,-4.392433e-08
41.301,0.00095905847,0.00095661497,-0.00039645153,0.0,-0.0,0.0
41.339,-0.0008735373,0.00034574972,0.0008252789,0.0,-0.0,-0.0
41.361,0.0003481932,-0.00026511552,0.0002144137,-4.335259e-09,-5.693773e-09,-3.5061654e-09
41.403,-0.002706133,-0.00026511552,0.0014361442,-0.0,0.0,0.0
41.421,0.00095905847,-0.00026511552,-0.0010073169,-1.2595543e-08,-4.5564526e-08,4.7857267e-08
41.461,0.0003481932,-0.0008759807,-0.00039645153,-3.0057944e-08,-1.1947719e-08,1.3603631e-08
41.499,0.00095905847,-0.00026511552,0.0002144137,-9.054739e-09,-3.2755622e-08,-7.323072e-09
41.522,0.0003481932,-0.0008759807,0.0002144137,-2.8414929e-08,-1.1294638e-08,-6.955119e-09
41.560,0.0003481932,0.00095661497,0.0002144137,3.3393786e-08,-1.21548265e-08,-7.4848145e-09
41.598,0.0003481932,-0.0008759807,-0.00039645153,-3.0057944e-08,-1.1947719e-08,1.3603631e-08
41.640,0.0003481932,-0.00026511552,0.0002144137,-0.0,-0.0,-0.0
41.660,0.00095905847,0.00095661497,0.0002144137,4.4021764e-08,-4.4134207e-08,-9.8669455e-09
41.700,-0.0008735373,-0.0008759807,0.0002144137,-3.6904154e-08,3.6801218e-08,-9.033025e-09
41.740,0.00095905847,-0.00026511552,0.0002144137,-0.0,-0.0,-0.0
41.759,0.0003481932,-0.00026511552,-0.00039645153,-5.2530327e-09,-6.8991444e-09,7.855341e-09
41.798,-0.0014844026,-0.00026511552,-0.0010073169,-1.613166e-08,9.032241e-08,6.1292866e-08
41.838,-0.00026267205,-0.0008759807,0.0008252789,-0.0,0.0,0.0
41.858,-0.00026267205,-0.0008759807,0.0002144137,-2.7609307e-08,8.278942e-09,-6.7579267e-09
41.898,-0.0020952679,-0.001486846,0.0008252789,-1.3462929e-07,1.8972e-07,-7.472643e-08
41.939,0.00095905847,0.00034574972,-0.00039645153,0.0,-0.0,0.0
41.958,0.0015699236,-0.00026511552,0.0002144137,-1.42913175e-08,-8.46283e-08,-1.15581855e-08
41.998,-0.00026267205,-0.00026511552,0.0002144137,-3.828876e-09,3.7935863e-09,-3.0966252e-09
42.040,0.0003481932,-0.00026511552,-0.00039645153,-0.0,-0.0,0.0
42.064,0.0015699236,0.00034574972,0.0014361442,2.5008323e-08,-1.1355371e-07,-1.03877355e-07
42.102,0.00095905847,-0.0008759807,0.0002144137,-3.869522e-08,-4.2365063e-08,-9.471425e-09
42.139,0.0015699236,0.00095661497,-0.0010073169,0.0,-0.0,0.0
42.159,0.00095905847,-0.00026511552,-0.00039645153,-9.528284e-09,-3.4468677e-08,1.4248516e-08
42.200,0.00095905847,0.00034574972,0.0002144137,1.2086163e-08,-3.3525225e-08,-7.495129e-09
42.239,-0.0014844026,-0.00026511552,-0.00039645153,-0.0,-0.0,0.0
42.267,-0.0008735373,-0.0008759807,0.0008252789,-4.3710664e-08,4.358874e-08,-4.118069e-08
42.299,0.00095905847,0.00034574972,-0.0010073169,1.6627022e-08,-4.612089e-08,4.8441624e-08
42.341,-0.0008735373,-0.001486846,-0.00039645153,-0.0,-0.0,0.0
42.379,0.00095905847,0.00034574972,0.0002144137,-0.0,-0.0,0.0
42.398,0.0015699236,-0.00026511552,0.0008252789,-1.5953107e-08,-9.446884e-08,-4.9660468e-08
42.439,0.0003481932,-0.00026511552,0.0002144137,-0.0,-0.0,-0.0
42.479,0.0003481932,-0.00026511552,0.0008252789,-0.0,-0.0,-0.0
42.499,0.0003481932,-0.00026511552,0.0008252789,-8.309887e-09,-1.0913906e-08,-2.5867873e-08
42.539,0.00095905847,0.00034574972,0.0002144137,1.2086163e-08,-3.3525225e-08,-7.495129e-09
42.579,0.00095905847,-0.00026511552,-0.0010073169,-0.0,-0.0,0.0
42.599,0.0003481932,0.00095661497,0.0002144137,3.3393786e-08,-1.21548265e-08,-7.4848145e-09
42.639,0.0003481932,-0.00026511552,0.0002144137,-4.335259e-09,-5.693773e-09,-3.5061654e-09
42.663,0.00095905847,-0.0008759807,0.0002144137,-3.869522e-08,-4.2365063e-08,-9.471425e-09
42.699,0.0015699236,0.00034574972,0.0002144137,1.8814996e-08,-8.543205e-08,-1.16679555e-08
42.739,0.00095905847,0.0015674802,-0.0010073169,1.1021917e-07,-6.743729e-08,7.083065e-08
42.777,0.0003481932,0.0015674802,0.0008252789,-0.0,-0.0,0.0
42.800,0.0003481932,0.00095661497,0.0002144137,3.3393786e-08,-1.21548265e-08,-7.4848145e-09
42.838,-0.00026267205,0.00034574972,0.0002144137,5.618171e-09,4.2682218e-09,-3.48406e-09
42.877,-0.00026267205,-0.0008759807,0.0002144137,-0.0,0.0,0.0
42.898,0.0003481932,0.00095661497,-0.00039645153,3.506733e-08,-1.276397e-08,1.4533012e-08
42.938,0.00095905847,-0.00026511552,0.0002144137,-9.054739e-09,-3.2755622e-08,-7.323072e-09
42.977,-0.00026267205,-0.0020977114,0.0002144137,-0.0,0.0,0.0
43.017,0.0003481932,0.00034574972,-0.00039645153,0.0,-0.0,0.0
43.037,-0.00026267205,0.00095661497,0.0002144137,3.257789e-08,8.945398e-09,-7.301941e-09
43.079,0.0003481932,0.00095661497,-0.00039645153,0.0,-0.0,0.0
43.119,0.00095905847,0.00034574972,-0.00039645153,0.0,-0.0,0.0
43.140,0.0003481932,-0.0008759807,0.0002144137,-2.8414929e-08,-1.1294638e-08,-6.955119e-09
43.179,-0.00026267205,0.00095661497,0.0002144137,0.0,-0.0,-0.0
43.220,0.0003481932,-0.0008759807,0.0002144137,-0.0,-0.0,-0.0
43.241,-0.00026267205,0.00034574972,-0.00039645153,6.821341e-09,5.1822906e-09,7.821643e-09
43.280,0.0003481932,-0.001486846,0.0008252789,-0.0,-0.0,-0.0
43.318,0.0015699236,0.00034574972,-0.00039645153,0.0,-0.0,0.0
43.338,0.0003481932,0.00034574972,0.0008252789,1.1138989e-08,-1.121771e-08,-2.658794e-08
43.382,0.0003481932,0.00095661497,-0.00039645153,0.0,-0.0,0.0
43.419,0.0003481932,0.0015674802,0.0002144137,-0.0,-0.0,0.0
43.439,0.0003481932,-0.00026511552,-0.00039645153,-5.2530327e-09,-6.8991444e-09,7.855341e-09
43.478,0.00095905847,0.00034574972,-0.00039645153,1.2690241e-08,-3.520085e-08,1.4551177e-08
43.518,0.00095905847,-0.00026511552,0.0002144137,-0.0,-0.0,-0.0
43.539,-0.00026267205,-0.00026511552,0.0008252789,-8.057298e-09,7.983037e-09,-2.5081588e-08
43.579,0.0003481932,0.0015674802,0.0002144137,8.520221e-08,-1.8926446e-08,-1.1654706e-08
43.620,-0.00026267205,0.00095661497,-0.00039645153,-0.0,0.0,0.0
43.638,0.00095905847,0.00034574972,-0.00039645153,1.2690241e-08,-3.520085e-08,1.4551177e-08
43.679,0.0003481932,0.00034574972,-0.00039645153,7.3186137e-09,-7.3703355e-09,8.391838e-09
43.705,0.00095905847,0.00034574972,-0.00039645153,1.2690241e-08,-3.520085e-08,1.4551177e-08
43.741,0.00095905847,-0.00026511552,-0.00039645153,-9.528284e-09,-3.4468677e-08,1.4248516e-08
43.780,-0.00026267205,-0.0008759807,-0.00039645153,-2.9297537e-08,8.785175e-09,1.3259485e-08
43.817,-0.0008735373,-0.001486846,-0.00039645153,-0.0,-0.0,0.0
43.860,0.00095905847,0.00034574972,-0.00039645153,0.0,-0.0,0.0
43.878,-0.0008735373,-0.00026511552,0.0008252789,-1.0947398e-08,3.6070922e-08,-3.407819e-08
43.917,0.00095905847,0.00034574972,0.0008252789,-0.0,-0.0,0.0
43.957,-0.00026267205,-0.00026511552,-0.00039645153,-0.0,-0.0,0.0
43.978,0.0003481932,-0.0020977114,0.0002144137,-1.5043189e-07,-2.4969761e-08,-1.537612e-08
44.018,-0.0008735373,-0.00026511552,-0.00039645153,-0.0,-0.0,0.0
44.058,-0.0014844026,-0.00026511552,0.0002144137,-0.0,0.0,0.0
44.078,0.0015699236,0.00095661497,-0.0010073169,6.728835e-08,-1.10428495e-07,7.085472e-08
44.119,0.00095905847,-0.001486846,0.0002144137,-0.0,-0.0,-0.0
44.160,-0.0020952679,0.00034574972,0.0002144137,0.0,-0.0,-0.0
44.179,-0.0008735373,0.00034574972,0.0002144137,1.1179496e-08,2.8245019e-08,-6.932868e-09
44.219,0.0003481932,0.00034574972,0.0002144137,-0.0,-0.0,0.0
44.259,0.0015699236,-0.0008759807,0.0002144137,-0.0,-0.0,-0.0
44.279,0.00095905847,0.00095661497,0.0002144137,4.4021764e-08,-4.4134207e-08,-9.8669455e-09
44.318,0.00095905847,-0.00026511552,0.0008252789,-0.0,-0.0,-0.0
44.360,-0.0008735373,-0.0008759807,-0.00039645153,-0.0,-0.0,0.0
44.379,-0.0014844026,-0.00026511552,0.0008252789,-1.5291521e-08,8.561844e-08,-4.760103e-08
44.420,-0.00026267205,0.00034574972,-0.0010073169,-0.0,0.0,0.0
44.460,0.0003481932,-0.0008759807,0.0002144137,-0.0,-0.0,-0.0
44.479,0.0003481932,-0.00026511552,0.0002144137,-4.335259e-09,-5.693773e-09,-3.5061654e-09
44.519,0.0003481932,0.00034574972,0.0008252789,1.1138989e-08,-1.121771e-08,-2.658794e-08
44.559,0.0003481932,-0.0008759807,0.0002144137,-0.0,-0.0,-0.0
44.579,-0.0008735373,0.00034574972,0.0002144137,1.1179496e-08,2.8245019e-08,-6.932868e-09
44.618,0.0015699236,0.00095661497,-0.00039645153,6.0367235e-08,-9.907011e-08,2.5018098e-08
44.659,0.0003481932,0.00034574972,0.0002144137,-0.0,-0.0,0.0
44.699,0.002180789,-0.00026511552,-0.00039645153,-0.0,-0.0,0.0
44.719,-0.00026267205,0.00095661497,0.0008252789,4.1420897e-08,1.1373554e-08,-3.573412e-08
44.758,-0.00026267205,-0.00026511552,0.0008252789,-0.0,0.0,0.0
44.798,-0.00026267205,-0.0008759807,-0.00039645153,-0.0,-0.0,0.0
44.818,0.00095905847,0.00034574972,0.0002144137,1.2086163e-08,-3.3525225e-08,-7.495129e-09
44.860,0.0003481932,-0.0008759807,0.0002144137,-0.0,-0.0,-0.0
44.881,0.00095905847,0.00034574972,0.0002144137,1.2086163e-08,-3.3525225e-08,-7.495129e-09
44.917,0.0003481932,-0.0008759807,-0.00039645153,-3.0057944e-08,-1.1947719e-08,1.3603631e-08
44.957,0.0015699236,-0.00026511552,0.0002144137,-0.0,-0.0,-0.0
44.997,0.0003481932,-0.00026511552,0.0002144137,-0.0,-0.0,-0.0
45.017,0.00095905847,-0.00026511552,0.0008252789,-1.1499917e-08,-4.160108e-08,-3.5798124e-08
45.057,0.00095905847,0.0015674802,0.0008252789,-0.0,-0.0,0.0
45.097,0.00095905847,0.00095661497,-0.00039645153,0.0,-0.0,0.0
45.118,-0.00026267205,-0.0008759807,0.0008252789,-3.6207446e-08,1.0857186e-08,-3.411176e-08
45.160,0.0003481932,-0.00026511552,0.0002144137,-0.0,-0.0,-0.0
45.198,-0.00026267205,-0.0008759807,0.0002144137,-0.0,0.0,0.0
45.218,0.00095905847,0.00034574972,0.0008252789,1.5217003e-08,-4.220971e-08,-3.6321858e-08
45.259,-0.0008735373,-0.00026511552,-0.00039645153,-0.0,-0.0,0.0
45.302,-0.00026267205,-0.00026511552,0.0008252789,-0.0,0.0,0.0
45.318,0.00095905847,0.00034574972,0.0002144137,1.2086163e-08,-3.3525225e-08,-7.495129e-09
45.359,0.0003481932,-0.00026511552,-0.00039645153,-0.0,-0.0,0.0
45.398,0.0003481932,0.00095661497,0.0002144137,-0.0,-0.0,0.0
45.420,0.0015699236,-0.0008759807,0.0002144137,-5.321662e-08,-9.5374276e-08,-1.3025828e-08
45.459,-0.0014844026,0.00034574972,-0.00039645153,1.8270576e-08,7.844082e-08,2.094983e-08
45.498,-0.0008735373,-0.00026511552,0.0008252789,-0.0,0.0,0.0
45.539,0.0003481932,0.00034574972,0.0002144137,-0.0,-0.0,0.0
45.558,-0.00026267205,-0.00026511552,-0.00039645153,-4.843571e-09,4.7989297e-09,7.2430355e-09
45.599,0.0003481932,-0.00026511552,-0.0010073169,-0.0,-0.0,0.0
45.639,-0.00026267205,-0.0008759807,0.0002144137,-0.0,0.0,0.0
45.659,0.0003481932,0.00034574972,-0.00039645153,7.3186137e-09,-7.3703355e-09,8.391838e-09
45.697,0.00095905847,-0.00026511552,0.0002144137,-0.0,-0.0,-0.0
45.739,-0.0008735373,0.00034574972,-0.00039645153,-0.0,0.0,0.0
45.759,-0.0008735373,-0.0008759807,-0.00039645153,-3.8183618e-08,3.807711e-08,1.7281149e-08
45.798,-0.00026267205,0.00034574972,0.0002144137,0.0,-0.0,-0.0
45.839,-0.00026267205,0.00095661497,0.0002144137,0.0,-0.0,-0.0
45.859,0.00095905847,-0.00026511552,0.0002144137,-9.054739e-09,-3.2755622e-08,-7.323072e-09
45.897,0.0003481932,0.0015674802,0.0002144137,-0.0,-0.0,0.0
45.937,0.0003481932,-0.0008759807,0.0008252789,-0.0,-0.0,-0.0
45.958,0.0003481932,0.00034574972,0.0002144137,6.2125083e-09,-6.2564127e-09,-3.852633e-09
45.997,0.00095905847,-0.00026511552,0.0002144137,-0.0,-0.0,-0.0
46.038,0.0003481932,-0.0008759807,0.0002144137,-0.0,-0.0,-0.0
46.058,0.00095905847,-0.00026511552,0.0002144137,-9.054739e-09,-3.2755622e-08,-7.323072e-09
46.098,0.00095905847,0.00095661497,-0.00039645153,0.0,-0.0,0.0
46.138,-0.00026267205,0.0021783453,-0.0010073169,-0.0,0.0,0.0
46.158,0.00095905847,0.0015674802,-0.00039645153,9.887416e-08,-6.0495886e-08,2.5007537e-08
46.203,-0.00026267205,-0.0008759807,0.0002144137,-0.0,0.0,0.0
46.239,-0.00026267205,-0.00026511552,0.0002144137,-0.0,0.0,0.0
46.258,0.00095905847,-0.00026511552,-0.00039645153,-9.528284e-09,-3.4468677e-08,1.4248516e-08
46.298,0.0003481932,-0.00026511552,0.0002144137,-0.0,-0.0,-0.0
46.339,-0.0014844026,0.0021783453,-0.00039645153,-0.0,0.0,0.0
46.379,0.0015699236,0.0015674802,0.0008252789,1.2449506e-07,-1.2468912e-07,-6.554669e-08
46.398,0.0003481932,0.0021783453,-0.00039645153,0.0,-0.0,0.0
46.437,0.00095905847,0.00034574972,0.0002144137,-0.0,-0.0,0.0
46.477,-0.00026267205,-0.00026511552,-0.00039645153,-0.0,-0.0,0.0
46.497,-0.002706133,0.00034574972,0.0014361442,3.5767847e-08,2.799496e-07,-1.485692e-07
46.537,-0.00026267205,-0.001486846,-0.00039645153,-0.0,-0.0,0.0
46.560,0.0003481932,-0.0008759807,0.0008252789,-3.6825448e-08,-1.463773e-08,-3.469399e-08
46.598,-0.0008735373,-0.001486846,0.0002144137,-8.669648e-08,5.0935075e-08,-1.2502244e-08
46.639,0.00095905847,-0.0008759807,-0.0010073169,-0.0,-0.0,0.0
46.679,-0.00026267205,0.00095661497,-0.00039645153,-0.0,0.0,0.0
46.700,0.0015699236,-0.0008759807,0.0002144137,-5.321662e-08,-9.5374276e-08,-1.3025828e-08
46.737,0.0015699236,0.00034574972,-0.00039645153,0.0,-0.0,0.0
46.778,-0.00026267205,0.0021783453,-0.00039645153,-0.0,0.0,0.0
46.797,-0.0008735373,0.005843537,0.0014361442,1.1922439e-06,1.782257e-07,-2.9301341e-07
46.837,0.00095905847,0.0015674802,0.0008252789,-0.0,-0.0,0.0
46.878,0.0015699236,-0.0008759807,0.0002144137,-0.0,-0.0,-0.0
46.896,-0.013701708,0.035775933,0.046029307,7.189103e-05,2.7529499e-05,-9.249433e-05
46.937,0.0040133847,-0.013093285,0.12544179,-0.0,-0.0,-0.0
46.977,0.0034025195,-0.005152038,0.027092485,-0.0,-0.0,-0.0
46.998,0.011954633,-0.022256264,0.0002144137,-1.8867519e-05,-1.0134414e-05,-1.8186259e-07
47.040,-0.004538729,0.011341324,0.14926553,0.0,-0.0,-0.0
47.081,-0.0033169982,0.017449977,0.12605265,0.0,-0.0,-0.0
47.098,-0.0020952679,0.022947764,0.14254603,0.00011118829,1.0113439e-05,-0.0006906539
47.138,-0.002706133,0.018060843,0.12910698,0.0,-0.0,-0.0
47.177,-0.0008735373,0.010730459,0.13888083,0.0,-0.0,-0.0
47.201,0.0040133847,0.0046218066,0.15231985,2.3633045e-05,-2.053811e-05,-0.0007791325
47.240,0.0082894415,0.0027892108,0.057024885,-0.0,-0.0,0.0
47.279,0.0003481932,0.007065268,0.0008252789,-0.0,-0.0,0.0
47.300,0.006456846,0.003400076,0.0020470095,8.646725e-07,-1.6420399e-06,-5.205741e-07
47.338,-0.0033169982,0.010730459,0.0002144137,0.0,-0.0,-0.0
47.378,-0.0008735373,0.0052326717,0.0020470095,0.0,-0.0,-0.0
47.417,0.00095905847,-0.0027085764,-0.0010073169,-0.0,-0.0,0.0
47.437,0.0034025195,-0.0069846334,-0.00039645153,-1.8232274e-06,-8.881737e-07,1.03486556e-07
47.479,0.0058459803,-0.010649825,0.0002144137,-0.0,-0.0,-0.0
47.517,-0.0039278637,-0.0008759807,0.0002144137,-0.0,0.0,0.0
47.537,-0.004538729,0.0015674802,0.0008252789,2.562568e-07,7.4200614e-07,-1.3491938e-07
47.578,0.00095905847,0.0015674802,0.04725104,-0.0,-0.0,0.0
47.617,-0.0020952679,0.005843537,0.0008252789,0.0,-0.0,-0.0
47.639,-0.0008735373,0.003400076,0.0002144137,4.0125047e-07,1.0308806e-07,-2.5303455e-08
47.678,-0.0014844026,0.0021783453,0.0008252789,0.0,-0.0,-0.0
47.717,0.0003481932,0.0027892108,0.0008252789,-0.0,-0.0,0.0
47.741,0.002180789,0.00095661497,0.0008252789,8.089908e-08,-1.844251e-07,-6.9792236e-08
47.777,0.0003481932,-0.001486846,0.0002144137,-0.0,-0.0,-0.0
47.817,0.007067711,-0.010649825,-0.001618182,-0.0,-0.0,0.0
47.839,0.00462425,-0.008817229,-0.00039645153,-2.9479663e-06,-1.5460793e-06,1.3254795e-07
47.878,0.002791654,0.00034574972,-0.00039645153,0.0,-0.0,0.0
47.919,0.0058459803,-0.005152038,0.0008252789,-0.0,-0.0,-0.0
47.938,0.00462425,-0.005152038,0.0014361442,-1.2222758e-06,-1.0970624e-06,-3.4071326e-07
47.978,-0.0014844026,0.0015674802,0.039920654,0.0,-0.0,-0.0
48.019,-0.004538729,0.003400076,0.0002144137,0.0,-0.0,-0.0
48.039,-0.0014844026,-0.0008759807,-0.00039645153,-5.19847e-08,8.8091234e-08,2.3527248e-08
48.079,0.0015699236,-0.00026511552,0.0002144137,-0.0,-0.0,-0.0
48.119,-0.0008735373,-0.0008759807,0.0002144137,-0.0,0.0,0.0
48.140,0.00095905847,-0.003930307,-0.00039645153,-5.3608994e-07,-1.3081463e-07,5.4075556e-08
48.181,-0.00026267205,-0.00026511552,0.0002144137,-0.0,0.0,0.0
48.220,0.0015699236,-0.00026511552,0.0002144137,-0.0,-0.0,-0.0
48.241,-0.0014844026,-0.00026511552,0.0014361442,-1.8524306e-08,1.0371907e-07,-1.0034713e-07
48.279,-0.0008735373,-0.0008759807,0.0002144137,-0.0,0.0,0.0
48.321,-0.00026267205,-0.0027085764,0.0002144137,-0.0,0.0,0.0
48.361,0.0015699236,-0.0033194418,0.0008252789,-4.1919358e-07,-1.9825677e-07,-1.04219865e-07
48.379,0.0040133847,-0.0069846334,-0.001618182,-0.0,-0.0,0.0
48.419,-0.0014844026,-0.0020977114,0.0014361442,-0.0,0.0,0.0
48.442,-0.005149594,0.00034574972,0.0002144137,5.992885e-08,8.925797e-07,-3.7164376e-08
48.479,-0.0008735373,-0.0008759807,-0.0010073169,-0.0,-0.0,0.0
48.522,-0.0020952679,-0.001486846,-0.0223876,-0.0,-0.0,0.0
48.562,-0.0039278637,-0.0033194418,0.04541844,-0.0,0.0,0.0
48.580,-0.0014844026,-0.0057629026,0.061911803,-1.20269115e-05,3.098708e-06,-0.0001292092
48.621,0.002180789,-0.0069846334,0.07473998,-0.0,-0.0,-0.0
48.660,0.00095905847,-0.0008759807,0.11566795,-0.0,-0.0,-0.0
48.680,-0.0008735373,0.00034574972,0.124830924,1.4492114e-06,3.6586396e-06,-0.0005228839
48.720,-0.0020952679,-0.0027085764,0.16026111,-0.0,0.0,0.0
48.759,-0.00026267205,-0.004541172,0.1938587,-0.0,0.0,0.0
48.779,0.0003481932,-0.0033194418,0.15965024,-1.7786759e-05,-1.8580527e-06,-0.00085542485
48.819,-0.0020952679,-0.001486846,0.17186755,-0.0,0.0,0.0
48.862,0.0015699236,-0.0069846334,0.17431101,-0.0,-0.0,-0.0
48.881,0.0034025195,-0.0069846334,0.13155045,-3.088887e-05,-1.5036202e-05,-0.00058168714
48.918,0.00095905847,-0.0008759807,-0.00039645153,-0.0,-0.0,0.0
48.961,0.0003481932,-0.0057629026,0.0008252789,-0.0,-0.0,-0.0
48.998,0.00462425,-0.005152038,-0.00039645153,-1.1987561e-06,-1.0759525e-06,9.224415e-08
49.020,0.006456846,-0.008817229,-0.0010073169,-0.0,-0.0,0.0
49.058,0.006456846,-0.008817229,-0.00039645153,-0.0,-0.0,0.0
49.098,-0.00026267205,-0.0008759807,0.0002144137,-2.7609307e-08,8.278942e-09,-6.7579267e-09
49.119,0.00095905847,-0.0027085764,-0.0010073169,-0.0,-0.0,0.0
49.161,0.00095905847,-0.001486846,0.0002144137,-0.0,-0.0,-0.0
49.200,0.00095905847,-0.004541172,-0.00039645153,-7.098063e-07,-1.4990532e-07,6.1967164e-08
49.220,0.00095905847,-0.004541172,0.0002144137,-0.0,-0.0,-0.0
49.259,-0.002706133,-0.0027085764,-0.0010073169,-0.0,-0.0,0.0
49.300,-0.011869112,0.016228247,-0.00039645153,1.0950176e-05,8.0088075e-06,2.674659e-07
49.321,-0.0014844026,-0.0033194418,0.0002144137,-0.0,0.0,0.0
49.363,-0.0039278637,0.0021783453,-0.0010073169,-0.0,0.0,0.0
49.400,-0.002706133,0.0027892108,0.0002144137,3.6426772e-07,3.5341787e-07,-2.8002248e-08
49.418,-0.00026267205,0.00034574972,-0.0010073169,-0.0,0.0,0.0
49.460,-0.0008735373,0.0015674802,0.0008252789,0.0,-0.0,-0.0
49.500,-0.0008735373,0.00034574972,0.0002144137,1.1179496e-08,2.8245019e-08,-6.932868e-09
49.519,-0.00026267205,0.0015674802,0.0002144137,0.0,-0.0,-0.0
49.560,-0.0014844026,-0.00026511552,0.0002144137,-0.0,0.0,0.0
49.599,-0.00026267205,0.00095661497,0.0008252789,0.0,-0.0,-0.0
49.621,-0.002706133,0.003400076,0.0002144137,4.9637487e-07,3.9506656e-07,-3.1302214e-08
49.660,-0.00026267205,0.00095661497,0.0014361442,0.0,-0.0,-0.0
49.700,-0.0008735373,-0.0008759807,0.0002144137,-0.0,0.0,0.0
49.719,-0.00026267205,-0.0020977114,0.0002144137,-1.4956913e-07,1.8728809e-08,-1.5287931e-08
49.759,0.0003481932,-0.00026511552,-0.00039645153,-0.0,-0.0,0.0
49.800,0.00095905847,0.00034574972,-0.0010073169,0.0,-0.0,0.0
49.820,-0.0020952679,0.00095661497,0.0002144137,7.4252995e-08,1.6263587e-07,-1.6642916e-08
49.859,-0.0014844026,-0.00026511552,0.0008252789,-0.0,0.0,0.0
49.898,-0.0008735373,0.0027892108,0.0002144137,0.0,-0.0,-0.0
49.938,-0.00026267205,-0.00026511552,-0.00039645153,-4.843571e-09,4.7989297e-09,7.2430355e-09
49.959,0.00095905847,0.00034574972,0.0002144137,-0.0,-0.0,0.0
49.998,0.00095905847,-0.00026511552,-0.00039645153,-0.0,-0.0,0.0
50.039,0.00095905847,0.00034574972,-0.00039645153,1.2690241e-08,-3.520085e-08,1.4551177e-08
50.058,-0.0014844026,0.00034574972,-0.00039645153,-0.0,0.0,0.0
50.099,0.00095905847,0.00034574972,-0.00039645153,0.0,-0.0,0.0
50.141,0.00095905847,0.00034574972,0.0002144137,1.2086163e-08,-3.3525225e-08,-7.495129e-09
50.160,-0.0014844026,-0.0008759807,-0.00039645153,-0.0,-0.0,0.0
50.200,0.0003481932,0.00095661497,-0.001618182,0.0,-0.0,0.0
50.240,-0.00026267205,0.00034574972,0.0002144137,5.618171e-09,4.2682218e-09,-3.48406e-09
50.259,0.0015699236,0.00095661497,0.0002144137,-0.0,-0.0,0.0
50.299,-0.00026267205,-0.00026511552,0.0002144137,-0.0,0.0,0.0
50.340,0.00095905847,0.00034574972,0.0002144137,1.2086163e-08,-3.3525225e-08,-7.495129e-09
50.359,0.00095905847,0.00034574972,0.0002144137,-0.0,-0.0,0.0
50.401,-0.00026267205,-0.0008759807,-0.0010073169,-0.0,-0.0,0.0
50.440,0.00095905847,0.00034574972,-0.0010073169,1.6627022e-08,-4.612089e-08,4.8441624e-08
50.460,0.002180789,0.0015674802,-0.0010073169,0.0,-0.0,0.0
50.500,0.002180789,-0.0008759807,0.0008252789,-0.0,-0.0,-0.0
50.539,-0.00026267205,0.00034574972,0.0002144137,5.618171e-09,4.2682218e-09,-3.48406e-09
50.560,-0.00026267205,-0.00026511552,0.0002144137,-0.0,0.0,0.0
50.603,0.0003481932,-0.001486846,0.0008252789,-0.0,-0.0,-0.0
50.640,-0.0008735373,0.00034574972,-0.0010073169,-0.0,0.0,0.0
50.660,-0.00026267205,-0.00026511552,0.0002144137,-3.828876e-09,3.7935863e-09,-3.0966252e-09
50.699,0.0015699236,-0.00026511552,-0.00039645153,-0.0,-0.0,0.0
50.741,0.0003481932,-0.0008759807,0.0014361442,-0.0,-0.0,-0.0
50.760,0.0003481932,0.00034574972,-0.00039645153,7.3186137e-09,-7.3703355e-09,8.391838e-09
50.798,0.0015699236,0.00034574972,0.0002144137,-0.0,-0.0,0.0
50.843,0.0003481932,-0.0008759807,0.0008252789,-0.0,-0.0,-0.0
50.879,0.0003481932,-0.00026511552,0.0002144137,-4.335259e-09,-5.693773e-09,-3.5061654e-09
50.898,-0.0008735373,-0.001486846,0.0008252789,-0.0,0.0,0.0
50.938,0.0003481932,-0.00026511552,0.0008252789,-0.0,-0.0,-0.0
50.978,-0.00026267205,0.00034574972,-0.00039645153,6.821341e-09,5.1822906e-09,7.821643e-09
50.998,0.00095905847,0.00034574972,0.0008252789,-0.0,-0.0,0.0
51.037,0.00095905847,0.00034574972,-0.001618182,0.0,-0.0,0.0
51.078,0.00095905847,-0.00026511552,0.0002144137,-9.054739e-09,-3.2755622e-08,-7.323072e-09
51.100,0.0015699236,0.00034574972,0.0002144137,-0.0,-0.0,0.0
51.138,0.002180789,0.0021783453,-0.0010073169,0.0,-0.0,0.0
51.180,0.0003481932,0.00034574972,-0.00039645153,7.3186137e-09,-7.3703355e-09,8.391838e-09
51.199,0.0003481932,-0.00026511552,0.0002144137,-0.0,-0.0,-0.0
51.240,-0.0014844026,0.00034574972,-0.00039645153,-0.0,0.0,0.0
51.279,-0.0008735373,-0.00026511552,0.0008252789,-1.0947398e-08,3.6070922e-08,-3.407819e-08
51.299,0.00095905847,-0.00026511552,-0.00039645153,-0.0,-0.0,0.0
51.340,0.0003481932,-0.00026511552,-0.00039645153,-0.0,-0.0,0.0
51.381,-0.00026267205,-0.00026511552,-0.00039645153,-4.843571e-09,4.7989297e-09,7.2430355e-09
51.400,0.0003481932,-0.00026511552,0.0002144137,-0.0,-0.0,-0.0
51.438,0.002180789,0.00034574972,0.0002144137,-0.0,-0.0,0.0
51.481,-0.0008735373,0.00095661497,0.0002144137,4.2147803e-08,3.8487457e-08,-9.446922e-09
51.521,0.0015699236,-0.00026511552,-0.00039645153,-1.4595946e-08,-8.643221e-08,2.1826656e-08
51.541,0.00095905847,0.00095661497,0.0002144137,-0.0,-0.0,0.0
51.579,-0.0008735373,-0.00026511552,-0.00039645153,-0.0,-0.0,0.0
51.619,0.00095905847,0.00095661497,0.0008252789,5.091451e-08,-5.1044562e-08,-4.392433e-08
51.639,0.00095905847,-0.001486846,-0.0010073169,-0.0,-0.0,0.0
51.678,0.0003481932,0.00034574972,0.0008252789,-0.0,-0.0,0.0
51.720,-0.0008735373,-0.00026511552,0.0002144137,-8.341808e-09,2.7485683e-08,-6.746485e-09
51.741,0.0015699236,0.00095661497,0.0002144137,-0.0,-0.0,0.0
51.779,-0.0008735373,0.00034574972,0.0002144137,0.0,-0.0,-0.0
51.819,0.00095905847,0.00095661497,0.0002144137,4.4021764e-08,-4.4134207e-08,-9.8669455e-09
51.840,-0.00026267205,0.00034574972,0.0002144137,0.0,-0.0,-0.0
51.880,-0.0008735373,-0.00026511552,0.0008252789,-0.0,0.0,0.0
51.919,0.0003481932,-0.00026511552,-0.0010073169,-9.770052e-09,-1.2831635e-08,3.7121698e-08
51.937,-0.0014844026,-0.00026511552,0.0002144137,-0.0,0.0,0.0
51.978,-0.00026267205,-0.00026511552,0.0002144137,-0.0,0.0,0.0
52.018,0.0003481932,0.00095661497,0.0002144137,3.3393786e-08,-1.21548265e-08,-7.4848145e-09
52.038,0.0015699236,-0.00026511552,0.0002144137,-0.0,-0.0,-0.0
52.080,-0.00026267205,-0.001486846,0.0002144137,-0.0,0.0,0.0
52.118,0.0015699236,-0.0008759807,-0.00039645153,-5.4111737e-08,-9.6978496e-08,2.44899e-08
52.138,-0.00026267205,-0.0008759807,-0.00039645153,-0.0,-0.0,0.0
52.180,0.0003481932,-0.00026511552,-0.00039645153,-0.0,-0.0,0.0
52.221,0.00095905847,0.0015674802,0.0002144137,9.730612e-08,-5.9536486e-08,-1.3310383e-08
52.240,-0.0008735373,0.0015674802,-0.00039645153,-0.0,0.0,0.0
52.280,0.0034025195,0.00034574972,0.0002144137,-0.0,-0.0,0.0
52.318,-0.0033169982,-0.00026511552,0.0008252789,-3.0498242e-08,3.815796e-07,-9.493812e-08
52.360,-0.0033169982,0.00034574972,-0.0010073169,4.04168e-08,3.8774442e-07,1.1775149e-07
52.379,0.00095905847,-0.0020977114,0.0002144137,-0.0,-0.0,-0.0
52.419,0.002180789,0.00095661497,0.0008252789,8.089908e-08,-1.844251e-07,-6.9792236e-08
52.460,0.00095905847,-0.00026511552,0.0014361442,-1.5542444e-08,-5.6224962e-08,-8.419419e-08
52.479,-0.00026267205,0.0027892108,-0.00039645153,-0.0,0.0,0.0
52.520,-0.0020952679,0.0027892108,0.0002144137,3.2710898e-07,2.4572574e-07,-2.5145736e-08
52.541,0.0003481932,-0.00026511552,-0.0010073169,-0.0,-0.0,0.0
52.580,-0.00026267205,-0.0008759807,0.0002144137,-0.0,0.0,0.0
52.620,0.00095905847,-0.00026511552,0.0008252789,-0.0,-0.0,-0.0
52.661,-0.00026267205,-0.00026511552,-0.00039645153,-4.843571e-09,4.7989297e-09,7.2430355e-09
52.681,-0.00026267205,-0.00026511552,-0.0010073169,-0.0,-0.0,0.0
52.719,0.00095905847,0.00034574972,0.0002144137,-0.0,-0.0,0.0
52.765,0.0003481932,-0.00026511552,0.0002144137,-4.335259e-09,-5.693773e-09,-3.5061654e-09
52.785,-0.00026267205,-0.0008759807,0.0002144137,-0.0,0.0,0.0
52.818,-0.00026267205,0.00034574972,0.0002144137,0.0,-0.0,-0.0
52.858,-0.00026267205,0.00034574972,0.0002144137,5.618171e-09,4.2682218e-09,-3.48406e-09
52.877,0.00095905847,-0.00026511552,-0.00039645153,-0.0,-0.0,0.0
52.920,0.0015699236,0.00095661497,0.0002144137,-0.0,-0.0,0.0
52.959,0.0003481932,0.00034574972,0.0002144137,6.2125083e-09,-6.2564127e-09,-3.852633e-09
52.979,-0.00026267205,-0.00026511552,0.0008252789,-0.0,0.0,0.0
53.020,-0.00026267205,-0.00026511552,-0.00039645153,-0.0,-0.0,0.0
53.058,0.002791654,-0.004541172,0.0002144137,-8.1291876e-07,-4.997362e-07,-3.8382566e-08
53.098,-0.021032091,0.04005199,0.0020470095,6.0859074e-05,3.195818e-05,-3.1114048e-06
53.118,-0.013701708,0.02722382,0.0014361442,0.0,-0.0,-0.0
53.158,0.0082894415,-0.016758475,-0.0010073169,-1.0528715e-05,-5.2079463e-06,6.3283176e-07
53.199,0.03455665,-0.053410392,-0.0034507778,-0.00011417469,-7.387189e-05,7.3724823e-06
53.219,-0.06440353,0.1206862,0.0051013357,0.0,-0.0,-0.0
53.259,-0.00942565,0.04921497,-0.62775505,0.0010385618,0.00020605559,0.013264369
53.280,0.032724053,-0.03447357,-0.67967856,-0.0,-0.0,0.0
53.319,-0.07539909,0.09502986,-0.3736351,-0.0,0.0,0.0
53.358,-0.41870534,0.010730459,-0.49092123,0.00018415267,0.009066969,0.010628778
53.399,-0.3863295,-0.33074322,-0.4334999,-0.007458044,0.008625964,0.009752145
53.422,-0.2494957,-1.016134,-0.38585243,-0.0,-0.0,0.0
53.460,-0.08578381,-0.47124222,-0.27956185,-0.0087732775,0.001573478,0.0052091912
53.498,0.889768,0.72116673,-0.24107736,0.0285015,-0.034807704,0.009966339
53.518,1.3418082,1.6936642,-0.15677795,0.0,-0.0,0.0
53.558,1.8726501,1.0620296,0.19813475,-0.0,-0.0,0.0
53.598,2.4004378,1.5867628,0.5176172,0.15439838,-0.24139716,-0.033338625
53.619,2.4749634,2.0137575,0.6636141,-0.0,-0.0,0.0
53.658,2.6246252,1.5782107,0.604971,-0.0,-0.0,0.0
53.700,2.7541287,1.7162663,0.63184905,0.18941504,-0.31683746,-0.04297877
53.718,2.647838,1.8873085,0.58481246,-0.0,-0.0,0.0
53.759,2.4364789,1.5794324,0.6990442,-0.0,-0.0,0.0
53.798,2.149372,1.4065574,1.3874894,0.12661597,-0.22137913,-0.12448807
53.818,2.5061173,1.6337994,1.665433,-0.0,-0.0,0.0
53.858,2.9263928,1.8891411,2.572568,-0.0,-0.0,0.0
53.897,1.8610437,2.3020859,3.0563734,0.2878597,-0.34308323,-0.42277837
53.937,0.8928223,1.5800432,3.0783646,0.17166418,-0.14220268,-0.36892316
53.957,0.50919896,1.4871918,3.2078679,-0.0,-0.0,0.0
53.997,0.61365694,2.4486935,3.6263106,0.34790224,-0.18918647,-0.547483
54.039,1.2587306,3.3503308,3.763755,0.5634247,-0.42163998,-0.65817773
54.060,1.5403395,3.5794053,3.5774415,-0.0,-0.0,0.0
54.100,2.1304352,3.8188646,3.247574,0.70413584,-0.63574874,-0.54580814
54.140,2.6881552,4.5012007,3.0795863,1.0446738,-0.98297757,-0.51869863
54.157,3.0681136,4.6435328,2.6922977,-0.0,-0.0,0.0
54.198,3.2892466,4.782199,1.7100263,1.2226657,-0.9812973,-0.03024443
54.241,2.0284207,2.741909,0.82915854,0.3257212,-0.25691363,-0.06085148
54.259,0.8616682,1.4493182,0.50784343,-0.0,-0.0,0.0
54.299,-0.036914583,0.53302026,-0.062093843,0.009619575,0.0006716146,0.0011174479
54.340,-0.0008735373,-0.40343618,0.061911803,-0.005525141,1.4305682e-05,-0.0008478584
54.359,0.13534941,-0.55309814,0.24761483,-0.0,-0.0,-0.0
54.399,-0.14992465,-0.09678182,0.5377758,-0.001825369,0.0028596476,-0.010221324
54.438,-0.55248487,-0.3875537,0.0020470095,-0.008775789,0.012510303,8.546172e-06
54.459,-0.47123978,-0.6966515,-0.10057835,-0.0,-0.0,0.0
54.498,-0.34662327,-0.20001805,0.034422867,-0.002694681,0.004672238,-0.0004576403
54.539,-0.25193915,-0.2623263,0.14071342,-0.0034296266,0.003299883,-0.0018356395
54.559,-0.2580478,-0.29653475,0.29770577,-0.0,0.0,0.0
54.600,-0.08639467,0.17627493,0.6935465,0.0,-0.0,-0.0
54.639,-0.19451782,-0.3252454,-0.24596427,-0.0049359985,0.0029395458,0.0037359155
54.659,-0.12549004,-0.62823457,-0.30338562,-0.0,-0.0,0.0
54.702,-0.11510534,-0.22933958,-0.12501296,-0.0,-0.0,0.0
54.743,-0.026529877,-0.18596816,-0.03765923,-0.0011955363,0.00017040533,0.00024219822
54.759,0.011343767,-0.1480945,-0.08469585,-0.0,-0.0,0.0
54.803,0.049828276,-0.12121643,-0.055985186,-0.0,-0.0,0.0
54.841,0.058991257,-0.054632124,-0.091415375,-0.00022312794,-0.00024102173,0.0003734061
54.878,0.060212985,0.08342342,-0.018722408,0.00029273087,-0.00021127137,6.572587e-05
54.900,0.07853895,0.046771508,-0.0089485645,0.0,-0.0,0.0
54.937,0.042497896,0.04432805,0.016707774,9.465831e-05,-9.075344e-05,-3.567417e-05
54.977,0.020506747,0.052269295,-0.0083377,9.955628e-05,-3.905788e-05,1.5882544e-05
54.998,-0.0008735373,0.021726035,-0.014446352,-0.0,0.0,0.0
55.038,-0.044244967,-0.11205346,-0.033383176,-0.00047004348,0.00018556138,0.00014007596
55.080,-0.050353624,-0.09250577,-0.014446352,-0.00032998328,0.00017960863,5.1561423e-05
55.098,-0.047299296,-0.039971355,-0.0028399124,-0.0,-0.0,0.0
55.138,-0.030195069,-0.02408886,0.0044904705,-3.143157e-05,3.9399292e-05,-5.8586475e-06
55.178,-0.008814786,-0.013093285,0.02892508,-1.4476635e-05,9.746434e-06,-3.1981384e-05
55.197,-0.011258246,-0.022256264,0.023427295,-0.0,0.0,0.0
55.237,-0.026529877,-0.056464717,0.0008252789,-0.000118210606,5.5541233e-05,-1.7244646e-06
55.277,-0.04791016,-0.088229716,-0.03155058,-0.00031156943,0.00016916475,0.00011143891
55.297,-0.039358046,-0.11632951,-0.030328847,-0.0,-0.0,0.0
55.336,0.0015699236,0.012563055,0.020983832,1.0331019e-05,-1.291091e-06,-1.7255716e-05
55.377,0.019285016,0.0027892108,0.013653449,2.2267143e-06,-1.5396425e-05,-1.09003695e-05
55.397,0.017452419,0.01195219,0.005712201,-0.0,-0.0,0.0
55.437,0.010732902,-0.008817229,0.012431718,-5.5150936e-06,-6.713276e-06,-7.775903e-06
55.477,-0.0020952679,-0.016758475,-0.007726834,-1.0443753e-05,1.3057294e-06,4.8153092e-06
55.517,-0.012479977,-0.07051462,-0.019333275,-0.00017550291,3.105689e-05,4.812085e-05
55.537,-0.013090842,-0.030197512,-0.016889812,-0.0,-0.0,0.0
55.577,0.022950206,0.17016628,0.033812,0.0009992267,-0.00013486599,-0.00019848142
55.618,0.14451239,0.30577838,0.14132428,0.0037592298,-0.0017806231,-0.0017348046
55.637,0.12740816,0.32899123,0.14437862,-0.0,-0.0,0.0
55.678,0.083425865,-0.0027085764,-0.1787691,-1.7604232e-05,-0.000552298,0.0011834643
55.717,-0.1315987,-0.6117412,-1.2777157,-0.029388549,0.005389451,0.061103243
55.738,-0.5023939,-1.0698901,-1.7303668,-0.0,-0.0,0.0
55.777,-0.8915151,-1.4883329,-1.353463,-0.1135211,0.060312256,0.103826046
55.822,-0.36983615,-0.84325916,-0.40173492,-0.02851076,0.0122724315,0.0137183
55.837,-0.123046584,-0.5347722,-0.0663699,-0.0,-0.0,0.0
55.877,-0.17802446,-0.6416736,-0.29666612,-0.015711233,0.0042973477,0.0072904374
55.918,-0.9092302,-1.2549824,-0.8378927,-0.075648315,0.051903773,0.051587854
55.938,-1.0472857,-1.3081275,-1.0321479,-0.0,-0.0,0.0
55.978,-0.982534,-1.2904124,-1.2202944,-0.09090009,0.0632556,0.0862609
56.017,-0.9153388,-1.2500955,-1.2392312,-0.08591871,0.05749121,0.08521432
56.038,-0.9342756,-0.89945877,-1.2459507,-0.0,-0.0,0.0
56.077,-0.9080084,-1.3960922,-1.7450275,-0.11858622,0.06548476,0.14605412
56.117,-1.1572415,-1.5390347,-1.8061141,-0.1454488,0.091609426,0.16822901
56.137,-0.79866356,-0.7253622,-1.3913367,-0.0,-0.0,0.0
56.178,-1.1841195,-1.2671996,-1.5556594,-0.10516924,0.0865621,0.12687714
56.218,-1.8133106,-1.2073349,-1.6185784,-0.12376604,0.15745391,0.15883587
56.238,-1.915936,-1.3765446,-1.6430131,-0.0,-0.0,0.0
56.278,-2.1615038,-2.1682258,-1.4243233,-0.2746939,0.22651105,0.19707176
56.319,-1.6893051,-1.1798459,-0.95273536,-0.09533993,0.12562554,0.07898068
56.341,-1.5536929,-0.3692277,-1.0907909,-0.0,-0.0,0.0
56.378,-0.80721563,-0.30753034,-0.5654468,-0.010929788,0.0278576,0.019742426
56.419,-0.19207436,-0.4486402,-0.2331361,-0.008149009,0.0034683663,0.0042449613
56.439,-0.35700795,-0.17375083,-0.028496252,-0.0,-0.0,0.0
56.478,-0.15847677,-0.3502909,-0.057817783,-0.0045704977,0.0020656744,0.000758983
56.519,-0.36983615,-0.96787566,-0.14456065,-0.034011118,0.012894019,0.0052945237
56.558,-0.31546915,-0.51644623,0.10345064,-0.010631993,0.0065098642,-0.0020964982
56.579,-0.07723169,-0.57203496,0.11933314,-0.0,0.0,0.0
56.618,-0.15420072,-0.85853076,-0.35408744,-0.027145704,0.004718461,0.011249487
56.658,-0.16030937,-0.2885935,-0.58071846,-0.0064915325,0.003550822,0.013027344
56.678,-0.03813632,-0.281874,-0.56483597,-0.0,-0.0,0.0
56.718,0.23369871,-0.22872871,-0.28872484,-0.0033406594,-0.003427688,0.0042203255
56.758,0.5696746,-1.0619489,-0.43166733,-0.045401964,-0.02488668,0.01798398
56.779,0.3344915,-1.1511352,-0.86171645,-0.0,-0.0,0.0
56.818,0.28195706,0.15672725,-1.0779628,0.006132862,-0.010522647,0.040734176
56.861,0.6924585,0.22819848,-1.8397117,0.017968122,-0.0450365,0.12284765
56.877,0.6771869,0.08342342,-1.9166808,0.0,-0.0,0.0
56.917,0.5165293,0.18849225,-1.0871258,0.008174075,-0.020939281,0.04453323
56.957,-0.47857016,0.033943336,-0.13784112,0.00055928,0.008016291,0.0023064918
56.976,-0.47734842,0.058377948,0.027092485,0.0,-0.0,-0.0
57.019,0.27340496,0.7688142,-0.7425977,0.028599901,-0.009728297,0.027634053
57.057,-0.06196006,1.3851773,-0.62958765,0.07075603,0.0043028193,0.03204971
57.077,0.10419528,1.8659282,-0.5135233,0.0,-0.0,0.0
57.118,-0.13892908,-1.5115458,-1.0755193,-0.094725765,0.005500396,0.0675537
57.157,-0.7870571,-3.6575153,-1.6051394,-0.53027135,0.0525137,0.24773371
57.199,-1.2164954,-0.5335505,-1.244729,-0.03549638,0.073087186,0.077477895
57.217,-1.2665863,0.16039243,-1.0547498,0.0068631945,0.070664644,0.058444742
57.258,-1.4968826,-1.102266,-0.6967828,-0.07612177,0.09809254,0.05030204
57.279,-1.8267498,-1.5628583,-0.54651,-0.0,-0.0,0.0
57.317,-2.2940617,-2.1382935,-0.5202428,-0.24339502,0.2402193,0.085760936
57.359,-2.5072536,-2.0527725,-0.12562382,-0.2352338,0.27417704,0.045755945
57.397,-2.5121405,-1.7174073,0.24272792,-0.17926638,0.26205066,-0.002281522
57.419,-2.5103078,-1.3356166,0.48646313,-0.12752442,0.24819633,-0.032297473
57.457,-2.8762164,0.31371963,0.5756495,0.04075591,0.28728944,-0.06391292
57.497,-2.9550178,0.06937352,0.20668685,0.01034836,0.29761764,-0.022499418
57.518,-2.8426187,-0.2885935,0.09062247,-0.0,0.0,0.0
57.558,-2.120576,0.38213652,-0.29727694,0.026508976,0.1555634,0.019758986
57.600,-1.0668334,-0.19452026,-0.5428448,-0.008400531,0.043325327,0.022277655
57.619,1.5104071,-6.446726,-0.981446,-0.0,-0.0,0.0
57.659,1.7969028,1.3735708,-0.96312004,0.12057628,-0.14405152,0.08877002
57.699,0.48598605,-0.9397759,-0.87882066,-0.042925607,-0.02330191,0.04007874
57.719,0.75110155,-1.2989646,-0.75786936,-0.0,-0.0,0.0
57.759,1.0174389,-0.042414818,-0.3986806,-0.0012838806,-0.037346207,0.014607797
57.796,0.6729108,-1.2226064,-0.26245764,-0.05809537,-0.032420587,0.011573455
57.818,-0.26476735,0.49697918,-0.07736547,-0.0,0.0,0.0
57.859,-0.011258246,0.0046218066,0.18836091,2.9314644e-05,7.12864e-05,-0.0011929811
57.898,0.011954633,-0.013704151,0.15781765,-7.307675e-05,-6.369342e-05,-0.0008412491
57.918,-0.07600997,0.17566408,-0.4231152,-0.0,0.0,0.0
57.959,0.016841555,0.007065268,-1.0064915,0.000248273,-0.0005647064,0.033997238
57.998,0.008900307,0.004010941,-0.4585454,6.22081e-05,-0.00013675,0.0070566675
58.023,0.00095905847,0.008286998,-0.016278949,0.0,-0.0,0.0
58.058,0.002180789,-0.0020977114,0.0008252789,-2.2076692e-07,-2.2951012e-07,-8.6853866e-08
58.099,0.00095905847,-0.0027085764,-0.00039645153,-2.636183e-07,-9.334253e-08,3.8585526e-08
58.139,0.00095905847,-0.00026511552,0.0002144137,-9.054739e-09,-3.2755622e-08,-7.323072e-09
58.158,0.0003481932,0.00095661497,-0.0010073169,4.5969937e-08,-1.673235e-08,4.8406406e-08
58.198,-0.0008735373,-0.001486846,0.0002144137,-8.669648e-08,5.0935075e-08,-1.2502244e-08
58.237,0.0003481932,-0.00026511552,-0.00039645153,-5.2530327e-09,-6.8991444e-09,7.855341e-09
58.258,0.00095905847,-0.00026511552,-0.00039645153,-9.528284e-09,-3.4468677e-08,1.4248516e-08
58.299,0.00095905847,0.00095661497,-0.00039645153,4.53044e-08,-4.542012e-08,1.8775578e-08
58.338,0.0015699236,0.00034574972,0.0002144137,1.8814996e-08,-8.543205e-08,-1.16679555e-08
58.359,-0.00026267205,0.00034574972,0.0002144137,5.618171e-09,4.2682218e-09,-3.48406e-09
58.397,0.0003481932,-0.00026511552,0.0002144137,-4.335259e-09,-5.693773e-09,-3.5061654e-09
58.440,0.0015699236,0.0015674802,0.0002144137,1.1722667e-07,-1.1740941e-07,-1.6035287e-08
58.457,0.0015699236,-0.00026511552,-0.00039645153,-1.4595946e-08,-8.643221e-08,2.1826656e-08
58.499,0.00095905847,0.00095661497,-0.00039645153,4.53044e-08,-4.542012e-08,1.8775578e-08
58.539,-0.00026267205,-0.001486846,0.0002144137,-7.608357e-08,1.3441222e-08,-1.0971788e-08
58.560,0.0040133847,-0.01003896,-0.00039645153,-0.0,-0.0,0.0
58.600,-0.0014844026,0.0015674802,0.0008252789,1.2155834e-07,1.15115654e-07,-6.4000524e-08
58.640,-0.0014844026,0.00034574972,0.0008252789,2.0107933e-08,8.632911e-08,-4.7996142e-08
58.658,0.0040133847,-0.008206364,-0.00039645153,-0.0,-0.0,0.0
58.698,0.0015699236,-0.0008759807,0.0014361442,-6.763281e-08,-1.2121082e-07,-1.1088197e-07
58.739,0.002180789,-0.005152038,0.0002144137,-9.678658e-07,-4.096847e-07,-4.0280124e-08
58.758,0.0003481932,0.00034574972,0.0002144137,-0.0,-0.0,0.0
58.799,0.0003481932,-0.0027085764,-0.00039645153,-2.5079578e-07,-3.2240326e-08,3.6708713e-08
58.839,-0.00026267205,-0.00026511552,0.0002144137,-3.828876e-09,3.7935863e-09,-3.0966252e-09
58.859,0.002180789,-0.001486846,-0.0010073169,-0.0,-0.0,0.0
58.896,0.0003481932,0.00095661497,0.0002144137,3.3393786e-08,-1.21548265e-08,-7.4848145e-09
58.936,0.0015699236,-0.00026511552,0.0002144137,-1.42913175e-08,-8.46283e-08,-1.15581855e-08
58.977,0.00095905847,-0.0008759807,0.0002144137,-3.869522e-08,-4.2365063e-08,-9.471425e-09
58.997,-0.00026267205,0.00095661497,-0.00039645153,3.4291276e-08,9.415867e-09,1.421139e-08
59.038,0.0003481932,-0.00026511552,-0.00039645153,-5.2530327e-09,-6.8991444e-09,7.855341e-09
59.077,-0.00026267205,0.00034574972,-0.00039645153,6.821341e-09,5.1822906e-09,7.821643e-09
59.099,-0.00026267205,-0.0008759807,-0.00039645153,-2.9297537e-08,8.785175e-09,1.3259485e-08
59.137,0.0003481932,-0.0008759807,-0.0010073169,-4.055033e-08,-1.6118333e-08,4.6630056e-08
59.163,0.0015699236,0.00034574972,0.0008252789,-0.0,-0.0,0.0
59.202,0.00095905847,-0.0008759807,-0.00039645153,-3.9917314e-08,-4.370306e-08,1.8065787e-08
59.237,0.0015699236,0.00034574972,0.0002144137,1.8814996e-08,-8.543205e-08,-1.16679555e-08
59.279,0.0003481932,-0.00026511552,0.0002144137,-4.335259e-09,-5.693773e-09,-3.5061654e-09
59.298,0.00095905847,-0.001486846,0.0008252789,-9.7402236e-08,-6.282725e-08,-5.4063445e-08
59.339,0.0015699236,0.00034574972,-0.00039645153,1.9208619e-08,-8.721934e-08,2.2025429e-08
59.378,0.0003481932,0.00034574972,0.0002144137,6.2125083e-09,-6.2564127e-09,-3.852633e-09
59.399,0.002180789,0.00034574972,-0.00039645153,2.602592e-08,-1.641564e-07,2.9842443e-08
59.436,-0.0014844026,0.00034574972,-0.0010073169,2.1195032e-08,9.099635e-08,6.175021e-08
59.479,-0.00026267205,-0.0008759807,0.0008252789,-3.6207446e-08,1.0857186e-08,-3.411176e-08
59.498,-0.00026267205,-0.0008759807,0.0002144137,-0.0,0.0,0.0
59.537,0.0003481932,-0.00026511552,0.0008252789,-8.309887e-09,-1.0913906e-08,-2.5867873e-08
59.577,-0.00026267205,-0.0008759807,0.0008252789,-3.6207446e-08,1.0857186e-08,-3.411176e-08
59.598,-0.00026267205,-0.00026511552,-0.00039645153,-0.0,-0.0,0.0
59.638,0.00095905847,-0.00026511552,-0.00039645153,-9.528284e-09,-3.4468677e-08,1.4248516e-08
59.679,-0.00026267205,0.00034574972,-0.00039645153,6.821341e-09,5.1822906e-09,7.821643e-09
59.701,0.0003481932,0.00034574972,-0.00039645153,0.0,-0.0,0.0
59.737,0.0003481932,-0.00026511552,0.0008252789,-8.309887e-09,-1.0913906e-08,-2.5867873e-08
59.778,0.0015699236,-0.0008759807,-0.00039645153,-5.4111737e-08,-9.6978496e-08,2.44899e-08
59.800,-0.00026267205,0.00034574972,0.0002144137,0.0,-0.0,-0.0
59.851,0.00095905847,0.00034574972,0.0002144137,1.2086163e-08,-3.3525225e-08,-7.495129e-09
59.877,-0.00026267205,-0.0008759807,-0.00039645153,-2.9297537e-08,8.785175e-09,1.3259485e-08
59.916,0.002180789,0.00034574972,-0.00039645153,2.602592e-08,-1.641564e-07,2.9842443e-08
59.939,0.0003481932,0.00034574972,-0.00039645153,7.3186137e-09,-7.3703355e-09,8.391838e-09
59.977,-0.00026267205,0.0015674802,-0.00039645153,8.6154024e-08,1.4437347e-08,2.179032e-08
