timestamp,x,y,z
00.000,0.045491222,-0.035914123,9.72315
00.042,0.04070267,-0.026337024,9.70639
00.068,0.035914123,-0.019154198,9.715967
00.101,0.026337024,-0.052674048,9.72315
00.142,0.038308397,-0.043096945,9.744699
00.168,0.014365649,-0.035914123,9.732727
00.200,0.038308397,-0.028731298,9.720756
00.241,0.043096945,-0.03351985,9.730332
00.273,0.028731298,-0.028731298,9.718362
00.305,0.023942748,-0.047885496,9.725544
00.345,0.031125572,-0.05506832,9.718362
00.367,0.026337024,-0.031125572,9.711179
00.403,0.04070267,-0.035914123,9.720756
00.441,0.03351985,-0.016759925,9.715967
00.467,0.038308397,-0.028731298,9.7135725
00.501,0.031125572,-0.031125572,9.720756
00.541,0.035914123,-0.026337024,9.718362
00.567,0.045491222,-0.05027977,9.725544
00.600,0.052674048,-0.026337024,9.715967
00.640,0.038308397,-0.047885496,9.730332
00.668,0.038308397,-0.026337024,9.732727
00.707,0.038308397,-0.03351985,9.715967
00.740,0.057462595,-0.028731298,9.742304
00.782,0.023942748,-0.035914123,9.715967
00.807,0.03351985,-0.035914123,9.737515
00.840,0.031125572,-0.028731298,9.727939
00.880,0.035914123,-0.04070267,9.725544
00.908,0.021548472,-0.028731298,9.708784
00.941,0.05027977,-0.028731298,9.718362
00.980,0.04070267,-0.052674048,9.7135725
01.007,0.05506832,-0.043096945,9.730332
01.041,0.035914123,-0.035914123,9.703996
01.081,0.035914123,-0.04070267,9.727939
01.107,0.035914123,-0.016759925,9.72315
01.141,0.023942748,-0.052674048,9.725544
01.180,0.043096945,-0.04070267,9.727939
01.208,0.035914123,-0.023942748,9.7135725
01.240,0.03351985,-0.023942748,9.720756
01.281,0.05985687,-0.021548472,9.727939
01.308,0.028731298,-0.026337024,9.72315
01.340,0.038308397,-0.031125572,9.70639
01.385,0.014365649,-0.04070267,9.718362
01.408,0.023942748,-0.031125572,9.727939
01.441,0.04070267,-0.05027977,9.70639
01.481,0.045491222,-0.04070267,9.7135725
01.509,0.03351985,-0.045491222,9.730332
01.541,0.031125572,-0.035914123,9.7135725
01.582,0.03351985,-0.045491222,9.725544
01.609,0.04070267,-0.04070267,9.730332
01.642,0.031125572,-0.03351985,9.727939
01.684,0.031125572,-0.021548472,9.715967
01.721,0.038308397,-0.028731298,9.725544
01.749,0.031125572,-0.038308397,9.711179
01.781,0.031125572,-0.04070267,9.730332
01.820,0.038308397,-0.03351985,9.715967
01.847,0.045491222,-0.035914123,9.715967
01.882,0.023942748,-0.043096945,9.730332
01.921,0.045491222,-0.031125572,9.6896305
01.948,0.023942748,-0.028731298,9.711179
01.982,0.043096945,-0.045491222,9.72315
02.023,0.028731298,-0.047885496,9.720756
02.048,0.05027977,-0.038308397,9.715967
02.080,0.04070267,-0.023942748,9.711179
02.121,0.035914123,-0.038308397,9.720756
02.148,0.03351985,-0.04070267,9.730332
02.181,0.028731298,-0.043096945,9.730332
02.221,0.028731298,-0.03351985,9.725544
02.248,0.035914123,-0.038308397,9.7135725
02.283,0.04070267,-0.04070267,9.725544
02.328,0.05506832,-0.03351985,9.720756
02.348,0.045491222,-0.014365649,9.711179
02.383,0.045491222,-0.05027977,9.73991
02.422,0.031125572,-0.028731298,9.727939
02.448,0.026337024,-0.016759925,9.72315
02.487,0.028731298,-0.047885496,9.718362
02.521,0.038308397,-0.031125572,9.70639
02.562,0.045491222,-0.043096945,9.718362
02.588,0.026337024,-0.04070267,9.718362
02.620,0.038308397,-0.04070267,9.718362
02.660,0.035914123,-0.035914123,9.715967
02.688,0.03351985,-0.028731298,9.715967
02.721,0.026337024,-0.028731298,9.718362
02.751,0.031125572,-0.026337024,9.715967
02.787,0.031125572,-0.026337024,9.715967
02.823,0.031125572,-0.035914123,9.72315
02.861,0.045491222,-0.026337024,9.725544
02.887,0.038308397,-0.035914123,9.720756
02.922,0.04070267,-0.035914123,9.70639
02.961,0.023942748,-0.038308397,9.715967
02.988,0.038308397,-0.038308397,9.711179
03.021,0.043096945,-0.043096945,9.708784
03.061,0.031125572,-0.031125572,9.711179
03.087,0.043096945,-0.038308397,9.708784
03.121,0.038308397,-0.035914123,9.718362
03.161,0.04070267,-0.021548472,9.70639
03.188,0.031125572,-0.05027977,9.7135725
03.221,0.047885496,-0.021548472,9.718362
03.261,0.028731298,-0.03351985,9.7135725
03.289,0.04070267,-0.05027977,9.715967
03.322,0.05027977,-0.031125572,9.720756
03.360,0.028731298,-0.03351985,9.715967
03.401,0.043096945,-0.021548472,9.72315
03.427,0.043096945,-0.038308397,9.732727
03.463,0.043096945,-0.03351985,9.715967
03.502,0.043096945,-0.03351985,9.720756
03.527,0.043096945,-0.019154198,9.725544
03.561,0.047885496,-0.038308397,9.703996
03.601,0.057462595,-0.035914123,9.737515
03.629,0.038308397,-0.023942748,9.73991
03.661,0.045491222,-0.035914123,9.720756
03.701,0.021548472,-0.047885496,9.715967
03.728,0.028731298,-0.026337024,9.7135725
03.761,0.043096945,-0.038308397,9.730332
03.799,0.035914123,-0.021548472,9.72315
03.827,0.043096945,-0.038308397,9.7135725
03.860,0.04070267,-0.035914123,9.732727
03.900,0.038308397,-0.038308397,9.72315
03.928,0.026337024,-0.028731298,9.732727
03.960,0.035914123,-0.03351985,9.718362
04.003,0.026337024,-0.023942748,9.735122
04.028,0.023942748,-0.016759925,9.677659
04.061,0.026337024,-0.0670397,10.094262
04.107,0.011971374,-0.06464542,10.017646
04.143,0.062251143,-0.05506832,9.876384
04.168,-0.019154198,-0.05985687,9.701602
04.201,0.098165266,0.047885496,9.780613
04.241,0.03351985,0.07422252,9.675264
04.269,0.09337672,-0.12929083,9.735122
04.302,-0.026337024,-0.019154198,9.672871
04.341,0.076616794,-0.021548472,9.694419
04.367,-0.031125572,-0.016759925,9.747093
04.401,0.083799616,-0.062251143,9.6896305
04.441,0.035914123,-0.076616794,9.70639
04.468,0.08140534,-0.0047885496,9.687236
04.500,0.0023942748,-0.016759925,9.72315
04.543,0.043096945,-0.04070267,9.711179
04.568,-0.0023942748,-0.038308397,9.701602
04.604,0.057462595,-0.0071828244,9.725544
04.640,0.043096945,-0.023942748,9.699207
04.667,0.016759925,-0.047885496,9.708784
04.701,0.026337024,-0.062251143,9.692024
04.742,0.05027977,-0.047885496,9.792584
04.767,0.03351985,-0.019154198,9.646533
04.800,0.052674048,-0.057462595,9.72315
04.843,0.0071828244,-0.047885496,9.804555
04.881,0.052674048,-0.071828246,9.77343
04.901,0.035914123,-0.04070267,9.780613
04.940,0.05027977,-0.05027977,9.754275
04.983,0.014365649,-0.052674048,9.742304
05.007,0.043096945,-0.026337024,9.696813
05.041,0.026337024,-0.009577099,9.749487
05.083,0.07422252,-0.03351985,9.727939
05.103,-0.016759925,-0.102953814,10.039194
05.142,0.102953814,-0.09577099,9.885961
05.180,0.0023942748,-0.10774237,9.80695
05.208,0.10774237,0.09337672,9.534002
05.241,-0.057462595,-0.08140534,9.804555
05.282,0.0670397,-0.10055954,9.744699
05.309,-0.019154198,-0.009577099,9.675264
05.341,0.076616794,-0.0023942748,9.759064
05.381,0.035914123,-0.028731298,9.768641
05.408,0.07422252,-0.026337024,9.73991
05.440,0.011971374,-0.028731298,9.732727
05.479,-0.0071828244,-0.0047885496,9.73991
05.507,-0.0023942748,-0.06464542,9.660899
05.541,0.0071828244,-0.0071828244,9.754275
05.581,0.17478207,-0.021548472,9.708784
05.607,-0.043096945,-0.102953814,9.727939
05.642,0.09577099,0.0071828244,9.754275
05.682,-0.07901107,0.043096945,9.759064
05.721,0.12689656,0.021548472,9.711179
05.746,0.016759925,-0.0670397,9.708784
05.780,0.11253092,-0.043096945,9.696813
05.808,-0.009577099,-0.0047885496,9.747093
05.847,0.11253092,-0.011971374,9.7135725
05.881,-0.028731298,-0.05985687,9.708784
05.921,0.08858817,-0.047885496,9.708784
05.948,-0.021548472,-0.021548472,9.72315
05.980,0.09337672,-0.038308397,9.72315
06.021,-0.011971374,-0.057462595,9.692024
06.047,0.098165266,-0.019154198,9.711179
06.082,-0.021548472,-0.03351985,9.725544
06.121,0.045491222,-0.031125572,9.732727
06.148,-0.0071828244,-0.03351985,9.735122
06.179,0.0670397,-0.05506832,9.720756
06.221,0.0023942748,-0.043096945,9.72315
06.248,0.08140534,-0.009577099,9.727939
06.280,-0.014365649,-0.038308397,9.70639
06.321,0.047885496,-0.035914123,9.694419
06.347,0.011971374,-0.026337024,9.720756
06.387,0.07901107,-0.026337024,9.718362
06.420,0.03351985,-0.038308397,9.711179
06.448,0.0670397,-0.035914123,9.720756
06.480,0.011971374,-0.016759925,9.715967
06.522,0.057462595,-0.038308397,9.727939
06.549,0.0023942748,-0.028731298,9.727939
06.590,0.038308397,-0.035914123,9.701602
06.620,0.043096945,-0.038308397,9.715967
06.660,0.03351985,-0.026337024,9.727939
06.686,0.043096945,-0.03351985,9.727939
06.719,0.026337024,-0.038308397,9.727939
06.760,0.05506832,-0.035914123,9.711179
06.786,0.026337024,-0.026337024,9.720756
06.820,0.043096945,-0.028731298,9.703996
06.860,0.011971374,-0.03351985,9.718362
06.887,0.038308397,-0.035914123,9.715967
06.920,0.031125572,-0.031125572,9.701602
06.961,0.05506832,-0.045491222,9.711179
06.987,0.026337024,-0.05506832,9.735122
07.021,0.062251143,-0.019154198,9.711179
07.062,0.0,-0.028731298,9.718362
07.087,0.038308397,-0.03351985,9.72315
07.123,0.031125572,-0.038308397,9.72315
07.159,0.05027977,-0.045491222,9.699207
07.188,0.021548472,-0.03351985,9.727939
07.220,0.03351985,-0.021548472,9.711179
07.261,0.026337024,-0.031125572,9.708784
07.288,0.035914123,-0.023942748,9.727939
07.321,0.028731298,-0.05027977,9.727939
07.359,0.0670397,-0.031125572,9.703996
07.388,0.026337024,-0.026337024,9.720756
07.421,0.045491222,-0.031125572,9.727939
07.460,0.028731298,-0.023942748,9.72315
07.504,0.043096945,-0.028731298,9.70639
07.526,0.019154198,-0.011971374,9.694419
07.560,0.06943397,-0.045491222,9.747093
07.602,0.023942748,-0.031125572,9.727939
07.629,0.047885496,-0.03351985,9.72315
07.661,0.03351985,-0.011971374,9.73991
07.700,0.026337024,-0.028731298,9.720756
07.728,0.026337024,-0.04070267,9.727939
07.764,0.045491222,-0.014365649,9.687236
07.800,0.031125572,-0.028731298,9.70639
07.828,0.035914123,-0.043096945,9.730332
07.862,0.028731298,-0.045491222,9.718362
07.900,0.016759925,-0.04070267,9.718362
07.927,0.05027977,-0.016759925,9.730332
07.962,0.031125572,-0.026337024,9.708784
08.001,0.04070267,-0.031125572,9.732727
08.028,0.021548472,-0.031125572,9.711179
08.061,0.03351985,-0.026337024,9.711179
08.101,0.011971374,-0.026337024,9.720756
08.127,0.043096945,-0.047885496,9.720756
08.160,0.03351985,-0.021548472,9.708784
08.200,0.04070267,-0.016759925,9.720756
08.228,0.023942748,-0.035914123,9.715967
08.261,0.04070267,-0.045491222,9.708784
08.301,0.03351985,-0.026337024,9.720756
08.329,0.045491222,-0.021548472,9.727939
08.367,0.035914123,-0.035914123,9.708784
08.400,0.038308397,-0.03351985,9.720756
08.439,0.023942748,-0.038308397,9.72315
08.468,0.03351985,-0.035914123,9.703996
08.501,0.035914123,-0.023942748,9.735122
08.540,0.03351985,-0.03351985,9.715967
08.566,0.026337024,-0.035914123,9.735122
08.600,0.052674048,-0.03351985,9.751882
08.641,0.038308397,-0.028731298,9.732727
08.667,0.047885496,-0.05027977,9.732727
08.700,0.038308397,-0.028731298,9.718362
08.739,0.03351985,-0.043096945,9.715967
08.772,0.019154198,-0.026337024,9.727939
08.799,0.038308397,-0.035914123,9.75667
08.841,0.026337024,-0.047885496,9.73991
08.867,0.05985687,0.0,9.749487
08.901,-0.0023942748,-0.05506832,9.725544
08.940,0.0071828244,-0.062251143,9.701602
08.967,0.11971374,0.023942748,9.72315
09.000,-0.057462595,-0.026337024,9.737515
09.041,0.13886794,-0.05985687,9.684841
09.079,-0.023942748,-0.06943397,9.694419
09.107,0.12210801,-0.031125572,9.727939
09.140,-0.047885496,-0.021548472,9.7135725
09.181,0.09337672,-0.028731298,9.720756
09.207,-0.038308397,-0.06464542,9.725544
09.240,0.102953814,-0.014365649,9.718362
09.280,-0.011971374,-0.0071828244,9.735122
09.307,0.090982445,-0.057462595,9.684841
09.342,-0.026337024,-0.057462595,9.725544
09.380,0.021548472,0.03351985,9.747093
09.407,-0.021548472,-0.10055954,9.692024
09.440,0.105348095,-0.05985687,9.692024
09.480,-0.0047885496,-0.038308397,9.73991
09.507,0.08619389,-0.0023942748,9.720756
09.540,-0.023942748,-0.071828246,9.727939
09.581,0.07422252,-0.043096945,9.703996
09.606,-0.031125572,-0.0071828244,9.735122
09.640,0.098165266,-0.028731298,9.72315
09.681,-0.0047885496,-0.031125572,9.744699
09.707,0.08619389,-0.023942748,9.708784
09.741,-0.026337024,-0.03351985,9.732727
09.780,0.06943397,-0.045491222,9.737515
09.807,-0.045491222,-0.047885496,9.711179
09.840,0.08619389,0.014365649,9.766247
09.880,-0.026337024,-0.07422252,9.663293
09.920,0.07422252,-0.038308397,9.708784
09.941,0.0023942748,-0.04070267,9.692024
09.980,0.07422252,-0.043096945,9.699207
10.022,0.011971374,-0.057462595,9.701602
10.047,0.052674048,0.0023942748,9.730332
10.079,0.021548472,-0.028731298,9.72315
10.121,0.062251143,-0.0047885496,9.720756
10.147,0.0,-0.05027977,9.72315
10.180,0.071828246,-0.047885496,9.720756
10.221,0.009577099,-0.028731298,9.725544
10.247,0.05985687,-0.035914123,9.715967
10.279,0.016759925,-0.023942748,9.737515
10.321,0.05027977,-0.021548472,9.720756
10.351,0.028731298,-0.035914123,9.730332
10.380,0.062251143,-0.043096945,9.730332
10.420,0.028731298,-0.019154198,9.694419
10.448,0.035914123,-0.04070267,9.735122
10.482,0.031125572,-0.04070267,9.72315
10.519,0.045491222,-0.035914123,9.72315
10.546,0.021548472,-0.014365649,9.718362
10.586,0.04070267,-0.04070267,9.747093
10.620,0.026337024,-0.028731298,9.696813
10.647,0.019154198,-0.031125572,9.725544
10.687,0.052674048,-0.031125572,9.715967
10.720,0.021548472,-0.016759925,9.72315
10.760,0.05985687,-0.011971374,9.751882
10.786,0.011971374,-0.045491222,9.735122
10.819,0.05506832,-0.016759925,9.73991
10.848,0.016759925,-0.03351985,9.7135725
10.887,0.045491222,-0.043096945,9.725544
10.922,0.0,-0.035914123,9.7135725
10.960,0.071828246,-0.05027977,9.727939
10.986,0.0,-0.023942748,9.727939
11.021,0.08140534,-0.045491222,9.72315
11.059,-0.016759925,-0.03351985,9.720756
11.087,0.057462595,-0.028731298,9.708784
11.119,0.023942748,-0.05985687,9.72315
11.160,0.03351985,-0.026337024,9.7135725
11.187,0.045491222,-0.03351985,9.730332
11.221,0.04070267,-0.06464542,9.711179
11.260,0.031125572,-0.04070267,9.715967
11.287,0.026337024,-0.0047885496,9.711179
11.319,0.05985687,-0.045491222,9.720756
11.361,0.023942748,-0.021548472,9.720756
11.387,0.045491222,-0.045491222,9.708784
11.427,0.028731298,-0.026337024,9.730332
11.461,0.028731298,-0.021548472,9.72315
11.487,0.028731298,-0.023942748,9.72315
11.521,0.052674048,-0.031125572,9.725544
11.561,0.031125572,-0.023942748,9.727939
11.599,0.028731298,-0.047885496,9.72315
11.626,0.016759925,-0.038308397,9.7135725
11.659,0.038308397,-0.028731298,9.703996
11.699,0.03351985,-0.038308397,9.727939
11.726,0.028731298,-0.023942748,9.720756
11.762,0.035914123,-0.014365649,9.725544
11.801,0.009577099,-0.05027977,9.727939
11.826,0.057462595,-0.023942748,9.720756
11.861,-0.016759925,-0.028731298,9.725544
11.900,0.052674048,-0.031125572,9.718362
11.927,0.009577099,-0.045491222,9.725544
11.961,0.05027977,-0.047885496,9.725544
12.002,0.04070267,-0.031125572,9.732727
12.028,0.043096945,-0.031125572,9.720756
12.061,0.016759925,-0.03351985,9.730332
12.102,0.028731298,-0.043096945,9.730332
12.128,0.026337024,-0.03351985,9.715967
12.161,0.04070267,-0.014365649,9.742304
12.199,0.026337024,-0.023942748,9.730332
12.227,0.028731298,-0.0047885496,9.703996
12.261,0.016759925,-0.026337024,9.715967
12.304,0.057462595,-0.009577099,9.708784
12.329,0.0047885496,-0.0047885496,9.708784
12.362,0.045491222,-0.028731298,9.732727
12.400,0.05027977,-0.028731298,9.727939
12.442,0.021548472,-0.026337024,9.694419
12.462,0.05985687,-0.026337024,9.70639
12.500,0.019154198,-0.03351985,9.708784
12.541,0.045491222,-0.019154198,9.737515
12.567,0.019154198,-0.028731298,9.715967
12.601,0.043096945,-0.028731298,9.725544
12.629,0.023942748,-0.021548472,9.711179
12.664,0.04070267,-0.0071828244,9.737515
12.701,0.023942748,-0.016759925,9.732727
12.741,0.031125572,-0.023942748,9.720756
12.764,0.057462595,-0.05027977,9.72315
12.799,0.016759925,-0.019154198,9.732727
12.842,0.038308397,-0.05027977,9.730332
12.868,0.016759925,-0.035914123,9.715967
12.901,0.035914123,-0.03351985,9.718362
12.941,0.021548472,-0.038308397,9.715967
12.967,0.035914123,-0.026337024,9.730332
13.004,0.016759925,-0.026337024,9.72315
13.040,0.05985687,-0.021548472,9.725544
13.066,0.043096945,-0.03351985,9.703996
13.100,0.028731298,-0.0047885496,9.749487
13.141,0.035914123,-0.021548472,9.732727
13.168,0.026337024,-0.043096945,9.715967
13.200,0.05027977,-0.04070267,9.711179
13.240,0.076616794,-0.052674048,9.725544
13.281,0.011971374,-0.026337024,9.72315
13.308,0.03351985,-0.016759925,9.72315
13.340,-0.0047885496,-0.047885496,9.727939
13.381,0.04070267,-0.045491222,9.7135725
13.408,0.0,-0.028731298,9.725544
13.442,0.07901107,-0.014365649,9.718362
13.481,0.009577099,-0.028731298,9.725544
13.507,0.08140534,-0.04070267,9.682447
13.541,0.009577099,-0.019154198,9.73991
13.581,0.023942748,-0.028731298,9.720756
13.607,0.0047885496,-0.05027977,9.732727
13.641,0.052674048,-0.047885496,9.725544
13.681,0.03351985,-0.05027977,9.73991
13.708,0.035914123,-0.011971374,9.737515
13.741,0.03351985,-0.026337024,9.732727
13.783,0.031125572,-0.043096945,9.730332
13.807,0.0023942748,-0.031125572,9.715967
13.842,0.05506832,-0.019154198,9.744699
13.883,0.043096945,-0.026337024,9.715967
13.909,0.03351985,-0.047885496,9.715967
13.942,0.028731298,-0.031125572,9.732727
13.981,0.047885496,-0.026337024,9.701602
14.008,0.028731298,-0.021548472,9.715967
14.042,0.031125572,-0.023942748,9.727939
14.085,0.038308397,-0.023942748,9.720756
14.109,0.045491222,-0.035914123,9.70639
14.141,0.023942748,-0.038308397,9.72315
14.181,0.023942748,-0.045491222,9.732727
14.208,0.035914123,-0.03351985,9.715967
14.248,0.038308397,-0.023942748,9.735122
14.284,0.045491222,-0.014365649,9.73991
14.309,0.047885496,-0.038308397,9.70639
14.349,0.026337024,-0.045491222,9.715967
14.381,0.014365649,-0.031125572,9.718362
14.410,0.062251143,-0.028731298,9.730332
14.449,-0.0047885496,-0.019154198,9.725544
14.482,0.06464542,-0.026337024,9.718362
14.523,-0.0071828244,-0.03351985,9.708784
14.549,0.08140534,-0.026337024,9.7135725
14.583,0.0071828244,-0.023942748,9.70639
14.623,0.03351985,-0.03351985,9.703996
14.650,0.028731298,-0.026337024,9.711179
14.682,0.009577099,-0.023942748,9.732727
14.722,0.10055954,-0.057462595,9.692024
14.749,-0.08619389,-0.028731298,9.727939
14.786,0.16520496,-0.019154198,9.711179
14.823,-0.03351985,-0.043096945,9.725544
14.853,0.14605077,-0.038308397,9.703996
14.886,-0.0670397,-0.014365649,9.732727
14.923,0.08858817,-0.016759925,9.727939
14.951,-0.05506832,-0.043096945,9.737515
14.985,0.102953814,-0.03351985,9.715967
15.021,0.021548472,-0.043096945,9.72315
15.050,0.08858817,-0.026337024,9.737515
15.089,0.035914123,-0.023942748,9.737515
15.123,0.026337024,-0.026337024,9.737515
15.150,0.0023942748,-0.043096945,9.730332
15.189,0.04070267,-0.035914123,9.735122
15.223,0.043096945,-0.019154198,9.720756
15.251,0.07901107,-0.04070267,9.730332
15.289,0.057462595,-0.031125572,9.720756
15.322,0.011971374,-0.023942748,9.7135725
15.362,0.07901107,-0.016759925,9.711179
15.389,0.0023942748,-0.023942748,9.727939
15.427,0.05985687,-0.028731298,9.715967
15.463,0.0071828244,-0.035914123,9.72315
15.489,0.04070267,-0.028731298,9.715967
15.523,0.057462595,-0.031125572,9.732727
15.562,0.045491222,-0.021548472,9.730332
15.588,0.016759925,-0.04070267,9.708784
15.622,0.038308397,-0.035914123,9.701602
15.663,0.019154198,-0.026337024,9.732727
15.690,0.047885496,-0.045491222,9.72315
15.723,0.023942748,-0.045491222,9.715967
15.766,0.05027977,-0.038308397,9.718362
15.789,0.028731298,-0.028731298,9.715967
15.823,0.062251143,-0.031125572,9.718362
15.862,0.009577099,-0.026337024,9.711179
15.889,0.057462595,-0.023942748,9.715967
15.922,0.014365649,-0.028731298,9.711179
15.963,0.047885496,-0.028731298,9.718362
16.002,0.035914123,-0.023942748,9.727939
16.029,-0.021548472,-0.038308397,9.754275
16.062,0.14365649,-0.023942748,9.687236
16.103,-0.062251143,-0.04070267,9.730332
16.129,0.16281068,-0.023942748,9.715967
16.162,-0.083799616,-0.057462595,9.715967
16.203,0.07901107,-0.038308397,9.6896305
16.228,-0.045491222,-0.031125572,9.747093
16.263,0.11971374,-0.021548472,9.703996
16.303,0.0071828244,-0.019154198,9.72315
16.329,0.08858817,-0.04070267,9.7135725
16.363,-0.021548472,-0.03351985,9.730332
16.403,0.045491222,-0.023942748,9.730332
16.429,0.019154198,-0.04070267,9.725544
16.462,0.062251143,-0.026337024,9.703996
16.504,0.031125572,-0.038308397,9.720756
16.530,0.05506832,-0.035914123,9.732727
16.562,0.011971374,-0.035914123,9.711179
16.603,0.031125572,-0.021548472,9.727939
16.631,0.05985687,0.0071828244,9.701602
16.662,0.038308397,-0.05027977,9.668081
16.701,0.023942748,-0.04070267,9.701602
16.729,0.016759925,-0.031125572,9.766247
16.762,0.026337024,-0.0023942748,9.727939
16.802,0.03351985,-0.021548472,9.70639
16.829,0.047885496,-0.052674048,9.696813
16.863,0.038308397,-0.019154198,9.735122
16.903,0.016759925,-0.05027977,9.644139
16.941,0.11013664,-0.026337024,9.672871
16.969,0.035914123,0.0,9.727939
17.004,0.05027977,-0.04070267,9.70639
17.031,0.0670397,-0.019154198,9.708784
17.069,0.057462595,-0.026337024,9.72315
17.103,0.014365649,-0.028731298,9.708784
17.144,0.12450229,-0.023942748,9.7135725
17.169,-0.014365649,-0.047885496,9.701602
17.201,0.0670397,-0.04070267,9.715967
17.242,-0.0023942748,-0.035914123,9.751882
17.270,0.05985687,-0.016759925,9.711179
17.302,0.011971374,-0.05985687,9.718362
17.342,0.083799616,-0.052674048,9.703996
17.370,0.011971374,-0.03351985,9.718362
17.402,0.0670397,-0.011971374,9.732727
17.441,-0.031125572,-0.021548472,9.730332
17.470,0.052674048,-0.038308397,9.703996
17.502,0.011971374,-0.021548472,9.737515
17.543,0.11013664,-0.021548472,9.699207
17.570,0.0047885496,-0.05027977,9.715967
17.603,0.083799616,-0.05027977,9.718362
17.642,-0.016759925,-0.04070267,9.725544
17.669,0.07901107,-0.019154198,9.718362
17.703,0.0071828244,-0.04070267,9.711179
17.746,0.057462595,-0.043096945,9.72315
17.781,-0.0071828244,-0.057462595,9.727939
17.808,0.05985687,-0.031125572,9.708784
17.841,0.011971374,-0.031125572,9.735122
17.882,0.062251143,-0.021548472,9.727939
17.910,0.028731298,-0.057462595,9.7135725
17.942,0.028731298,-0.043096945,9.720756
17.982,0.026337024,-0.016759925,9.720756
18.009,0.06464542,-0.023942748,9.715967
18.044,0.0023942748,-0.057462595,9.708784
18.082,0.05985687,-0.047885496,9.720756
18.109,0.0071828244,-0.014365649,9.744699
18.141,0.057462595,-0.009577099,9.718362
18.182,0.009577099,-0.028731298,9.7135725
18.209,0.047885496,-0.04070267,9.711179
18.241,-0.0023942748,-0.038308397,9.725544
18.282,0.062251143,-0.05027977,9.763853
18.309,0.019154198,-0.035914123,9.70639
18.343,0.043096945,-0.03351985,9.708784
18.384,0.0071828244,-0.035914123,9.70639
18.408,0.0670397,-0.035914123,9.720756
18.449,0.026337024,-0.043096945,9.703996
18.481,0.047885496,-0.035914123,9.742304
18.509,0.023942748,-0.043096945,9.7135725
18.548,0.03351985,-0.028731298,9.708784
18.583,0.06464542,-0.038308397,9.699207
18.623,-0.014365649,-0.014365649,9.720756
18.649,0.098165266,-0.045491222,9.742304
18.682,-0.035914123,-0.043096945,9.718362
18.722,0.057462595,-0.057462595,9.711179
18.749,-0.0047885496,-0.0047885496,9.747093
18.785,0.11253092,-0.021548472,9.715967
18.821,-0.028731298,-0.031125572,9.735122
18.849,0.11253092,-0.057462595,9.718362
18.881,-0.043096945,-0.019154198,9.73991
18.922,0.102953814,-0.0047885496,9.72315
18.948,-0.016759925,-0.035914123,9.711179
18.981,0.07422252,-0.043096945,9.701602
19.021,-0.0047885496,-0.047885496,9.715967
19.048,0.045491222,-0.028731298,9.725544
19.083,-0.0047885496,-0.03351985,9.715967
19.125,0.0670397,-0.052674048,9.699207
19.148,-0.014365649,-0.019154198,9.732727
19.184,0.08858817,-0.023942748,9.720756
19.222,0.0047885496,-0.043096945,9.7135725
19.248,0.07901107,-0.043096945,9.720756
19.284,-0.0071828244,-0.009577099,9.715967
19.321,0.06464542,-0.016759925,9.725544
19.361,0.043096945,-0.028731298,9.711179
19.388,0.03351985,-0.05027977,9.727939
19.422,0.011971374,-0.038308397,9.708784
19.462,0.019154198,-0.045491222,9.720756
19.488,0.028731298,-0.035914123,9.718362
19.522,0.045491222,-0.043096945,9.708784
19.563,0.04070267,-0.026337024,9.699207
19.588,0.04070267,-0.04070267,9.730332
19.621,0.031125572,-0.023942748,9.701602
19.662,0.043096945,-0.031125572,9.699207
19.685,0.038308397,-0.023942748,9.715967
19.721,0.045491222,-0.043096945,9.715967
19.754,0.028731298,-0.04070267,9.718362
19.789,0.026337024,-0.014365649,9.732727
19.821,0.028731298,-0.043096945,9.703996
19.861,0.031125572,-0.019154198,9.70639
19.888,0.023942748,-0.028731298,9.727939
19.922,0.0670397,-0.026337024,9.732727
19.961,0.0071828244,-0.023942748,9.732727
19.989,0.083799616,-0.045491222,9.715967
20.021,-0.0047885496,-0.028731298,9.727939
20.062,0.0670397,-0.016759925,9.727939
20.089,0.016759925,-0.06464542,9.732727
20.123,0.06943397,-0.038308397,9.720756
20.161,0.038308397,-0.052674048,9.727939
20.202,0.014365649,-0.023942748,9.715967
20.228,0.016759925,-0.031125572,9.720756
20.261,0.05506832,-0.045491222,9.70639
20.304,0.028731298,-0.05027977,9.699207
20.328,0.1340794,0.071828246,9.567522
20.361,-0.090982445,-0.06943397,9.780613
20.402,0.117319465,-0.07422252,9.720756
20.429,-0.076616794,-0.009577099,9.687236
20.462,0.13168511,0.009577099,9.742304
20.502,-0.026337024,-0.011971374,9.735122
20.528,0.11492519,-0.05506832,9.696813
20.563,-0.05985687,-0.019154198,9.751882
20.603,0.09577099,-0.014365649,9.735122
20.629,-0.035914123,-0.023942748,9.737515
20.662,0.10774237,-0.05506832,9.680053
20.702,-0.009577099,-0.0670397,9.715967
20.728,0.08858817,-0.021548472,9.720756
20.761,-0.04070267,-0.019154198,9.72315
20.800,0.05985687,-0.019154198,9.720756
20.828,-0.023942748,-0.03351985,9.727939
20.861,0.102953814,-0.026337024,9.711179
20.903,0.014365649,-0.016759925,9.732727
20.929,0.083799616,-0.026337024,9.7135725
20.968,0.026337024,-0.028731298,9.747093
21.006,0.009577099,-0.021548472,9.744699
21.029,0.038308397,-0.052674048,9.701602
21.063,0.023942748,-0.026337024,9.732727
21.103,0.05027977,-0.031125572,9.725544
21.145,0.021548472,-0.023942748,9.754275
21.168,0.03351985,-0.03351985,9.72315
21.202,0.038308397,-0.05027977,9.7135725
21.243,0.038308397,-0.038308397,9.720756
21.269,0.038308397,-0.021548472,9.72315
21.302,0.052674048,-0.035914123,9.708784
21.341,0.0023942748,-0.026337024,9.720756
21.371,0.03351985,-0.021548472,9.715967
21.401,0.026337024,-0.04070267,9.730332
21.441,0.04070267,-0.023942748,9.711179
21.468,0.019154198,-0.014365649,9.711179
21.501,0.043096945,-0.023942748,9.737515
21.542,0.031125572,-0.026337024,9.735122
21.568,0.035914123,-0.047885496,9.711179
21.603,0.03351985,-0.031125572,9.73991
21.641,0.038308397,-0.035914123,9.725544
21.669,0.021548472,-0.028731298,9.727939
21.702,0.03351985,-0.026337024,9.725544
21.741,0.04070267,-0.04070267,9.7135725
21.769,0.0047885496,-0.043096945,9.718362
21.808,0.045491222,-0.05506832,9.718362
21.841,0.009577099,-0.031125572,9.70639
21.882,0.043096945,-0.011971374,9.703996
21.908,0.021548472,-0.047885496,9.720756
21.941,0.047885496,-0.05027977,9.711179
21.984,0.026337024,-0.052674048,9.718362
22.008,0.043096945,-0.043096945,9.708784
22.041,0.011971374,-0.023942748,9.747093
22.084,0.031125572,-0.03351985,9.70639
22.108,0.03351985,-0.03351985,9.715967
22.142,0.031125572,-0.028731298,9.72315
22.182,0.026337024,-0.035914123,9.715967
22.208,0.062251143,-0.028731298,9.725544
22.242,0.0023942748,-0.023942748,9.708784
22.282,0.019154198,-0.035914123,9.715967
22.308,0.026337024,-0.028731298,9.718362
22.343,0.052674048,-0.03351985,9.715967
22.383,0.062251143,-0.035914123,9.718362
22.409,0.057462595,-0.03351985,9.70639
22.443,0.028731298,-0.035914123,9.718362
22.481,0.0023942748,-0.028731298,9.737515
22.509,0.038308397,-0.045491222,9.725544
22.543,0.023942748,-0.04070267,9.754275
22.581,0.071828246,-0.038308397,9.7135725
22.608,0.011971374,-0.023942748,9.720756
22.642,0.0670397,-0.031125572,9.72315
22.682,0.014365649,-0.035914123,9.732727
22.724,0.05506832,-0.043096945,9.708784
22.753,0.04070267,-0.016759925,9.727939
22.782,0.052674048,-0.009577099,9.727939
22.821,0.021548472,-0.014365649,9.730332
22.849,0.0670397,-0.023942748,9.715967
22.881,0.035914123,-0.057462595,9.708784
22.922,0.043096945,-0.05027977,9.72315
22.949,0.035914123,-0.023942748,9.715967
22.981,0.026337024,-0.028731298,9.727939
23.021,0.038308397,-0.03351985,9.730332
23.048,0.038308397,-0.038308397,9.70639
23.082,0.05506832,-0.028731298,9.742304
23.123,0.023942748,-0.035914123,9.73991
23.148,0.05506832,-0.028731298,9.7135725
23.183,0.011971374,-0.047885496,9.703996
23.224,0.021548472,-0.035914123,9.72315
23.249,0.028731298,-0.043096945,9.732727
23.281,0.043096945,-0.023942748,9.727939
23.321,0.023942748,-0.052674048,9.744699
23.348,0.038308397,-0.023942748,9.72315
23.381,0.011971374,-0.035914123,9.73991
23.424,0.03351985,-0.028731298,9.730332
23.448,0.031125572,-0.031125572,9.7135725
23.488,0.043096945,-0.031125572,9.720756
23.522,0.021548472,-0.045491222,9.720756
23.561,0.038308397,-0.035914123,9.730332
23.588,0.083799616,0.0047885496,9.63935
23.622,-0.043096945,-0.038308397,9.747093
23.662,0.05985687,-0.043096945,9.727939
23.689,-0.016759925,-0.038308397,9.727939
23.722,0.07901107,-0.019154198,9.735122
23.762,0.04070267,-0.014365649,9.732727
23.788,0.06464542,-0.05027977,9.694419
23.820,-0.023942748,-0.03351985,9.725544
23.862,0.035914123,-0.028731298,9.73991
23.888,-0.0047885496,-0.019154198,9.725544
23.921,0.05506832,-0.047885496,9.694419
23.962,0.035914123,-0.043096945,9.708784
23.988,0.06943397,-0.014365649,9.720756
24.020,0.026337024,-0.035914123,9.72315
24.061,0.028731298,-0.023942748,9.73991
24.087,0.014365649,-0.023942748,9.732727
24.122,0.057462595,-0.021548472,9.720756
24.161,0.06943397,-0.014365649,9.732727
24.188,0.05506832,-0.038308397,9.711179
24.221,0.03351985,-0.047885496,9.720756
24.260,0.0023942748,-0.045491222,9.72315
24.288,0.031125572,-0.016759925,9.708784
24.329,-0.0023942748,-0.038308397,9.711179
24.362,0.05985687,-0.04070267,9.72315
24.401,0.0,-0.021548472,9.737515
24.427,0.076616794,-0.031125572,9.744699
24.462,-0.0023942748,-0.028731298,9.732727
24.503,0.076616794,-0.04070267,9.708784
24.527,0.011971374,-0.016759925,9.72315
24.561,0.05506832,-0.019154198,9.7135725
24.602,0.019154198,-0.028731298,9.744699
24.628,0.071828246,-0.035914123,9.711179
24.662,-0.016759925,-0.028731298,9.727939
24.702,0.0670397,-0.014365649,9.720756
24.728,-0.0047885496,-0.045491222,9.732727
24.760,0.07422252,-0.04070267,9.708784
24.801,0.014365649,-0.031125572,9.727939
24.828,0.071828246,-0.028731298,9.711179
24.860,0.028731298,-0.03351985,9.725544
24.902,0.04070267,-0.035914123,9.72315
24.928,0.0071828244,-0.026337024,9.732727
24.962,0.05506832,-0.026337024,9.708784
25.001,0.016759925,-0.019154198,9.749487
25.028,0.10774237,-0.035914123,9.701602
25.062,-0.028731298,-0.031125572,9.730332
25.100,0.10055954,-0.028731298,9.727939
25.142,-0.009577099,-0.016759925,9.735122
25.170,0.057462595,-0.028731298,9.701602
25.204,-0.009577099,-0.043096945,9.715967
25.241,0.06464542,-0.023942748,9.718362
25.267,0.014365649,-0.035914123,9.72315
25.301,0.06464542,-0.028731298,9.73991
25.341,0.014365649,-0.021548472,9.725544
25.368,0.05506832,-0.035914123,9.711179
25.404,-0.0023942748,-0.031125572,9.72315
25.441,0.019154198,-0.019154198,9.742304
25.468,0.014365649,-0.043096945,9.732727
25.503,0.047885496,-0.047885496,9.7135725
25.541,0.028731298,-0.038308397,9.725544
25.568,0.05506832,-0.04070267,9.70639
25.603,0.014365649,-0.035914123,9.727939
25.641,0.019154198,-0.04070267,9.73991
25.669,0.019154198,-0.03351985,9.732727
25.701,0.057462595,-0.05027977,9.72315
25.743,0.043096945,-0.04070267,9.732727
25.767,0.105348095,-0.023942748,9.7135725
25.805,0.0071828244,-0.023942748,9.75667
25.840,0.04070267,-0.038308397,9.742304
25.868,0.0071828244,-0.038308397,9.718362
25.908,0.0071828244,-0.031125572,9.732727
25.941,0.035914123,-0.031125572,9.718362
25.968,0.062251143,-0.04070267,9.730332
26.007,0.06464542,-0.028731298,9.718362
26.042,0.0071828244,-0.045491222,9.72315
26.069,0.043096945,-0.028731298,9.742304
26.108,-0.0071828244,-0.026337024,9.742304
26.142,0.0670397,-0.026337024,9.735122
26.184,-0.011971374,-0.019154198,9.730332
26.207,0.05027977,-0.035914123,9.72315
26.240,0.0,-0.031125572,9.742304
26.282,0.07901107,-0.038308397,9.727939
26.309,-0.014365649,-0.031125572,9.732727
26.342,0.06464542,-0.043096945,9.72315
26.385,-0.0023942748,-0.043096945,9.720756
26.408,0.05027977,-0.031125572,9.742304
26.441,-0.0047885496,-0.026337024,9.727939
26.480,0.05985687,-0.023942748,9.715967
26.507,0.019154198,-0.043096945,9.72315
26.542,0.05506832,-0.021548472,9.703996
26.581,0.009577099,-0.045491222,9.72315
26.607,0.05506832,-0.021548472,9.725544
26.641,0.011971374,-0.04070267,9.737515
26.683,0.057462595,-0.035914123,9.727939
26.722,0.038308397,-0.045491222,9.727939
26.741,0.05506832,-0.031125572,9.711179
26.781,0.03351985,-0.038308397,9.720756
26.820,0.026337024,-0.035914123,9.720756
26.853,0.028731298,-0.026337024,9.744699
26.881,0.052674048,-0.035914123,9.720756
26.920,0.045491222,-0.035914123,9.727939
26.948,0.045491222,-0.045491222,9.730332
26.980,0.026337024,-0.023942748,9.720756
27.020,0.014365649,-0.04070267,9.742304
27.047,0.021548472,-0.04070267,9.720756
27.081,0.026337024,-0.028731298,9.701602
27.123,0.05027977,-0.03351985,9.708784
27.148,0.038308397,-0.03351985,9.718362
27.181,0.028731298,-0.031125572,9.718362
27.223,0.023942748,-0.031125572,9.720756
27.248,0.035914123,-0.023942748,9.72315
27.281,0.023942748,-0.031125572,9.72315
27.320,0.035914123,-0.019154198,9.744699
27.348,0.023942748,-0.023942748,9.720756
27.380,0.03351985,-0.035914123,9.727939
27.423,0.03351985,-0.04070267,9.751882
27.447,0.035914123,-0.031125572,9.711179
27.481,0.014365649,-0.031125572,9.718362
27.519,0.045491222,-0.019154198,9.73991
27.548,0.026337024,-0.028731298,9.7135725
27.581,0.05027977,-0.035914123,9.742304
27.621,0.021548472,-0.035914123,9.72315
27.660,0.043096945,-0.019154198,9.73991
27.688,0.03351985,-0.038308397,9.720756
27.721,0.035914123,-0.019154198,9.711179
27.762,0.043096945,-0.028731298,9.727939
27.791,0.035914123,-0.023942748,9.72315
27.820,0.03351985,-0.043096945,9.732727
27.861,0.038308397,-0.031125572,9.735122
27.887,0.021548472,-0.021548472,9.725544
27.921,0.057462595,-0.035914123,9.727939
27.962,0.026337024,-0.045491222,9.7135725
27.987,0.04070267,-0.057462595,9.7135725
28.020,0.031125572,-0.04070267,9.73991
28.061,0.047885496,-0.028731298,9.730332
28.088,0.021548472,-0.035914123,9.7135725
28.122,0.047885496,-0.035914123,9.715967
28.161,0.04070267,-0.021548472,9.72315
28.188,0.043096945,-0.031125572,9.7135725
28.222,0.021548472,-0.03351985,9.715967
28.261,0.03351985,-0.038308397,9.696813
28.287,0.016759925,-0.03351985,9.742304
28.322,0.03351985,-0.011971374,9.720756
28.364,0.047885496,-0.052674048,9.701602
28.403,0.009577099,-0.038308397,9.711179
28.421,0.035914123,-0.014365649,9.727939
28.460,0.019154198,-0.028731298,9.718362
28.489,0.035914123,-0.028731298,9.7135725
28.527,0.03351985,-0.05027977,9.720756
28.562,0.028731298,-0.028731298,9.7135725
28.600,0.023942748,-0.026337024,9.7135725
28.627,0.03351985,-0.035914123,9.720756
28.664,0.04070267,-0.04070267,9.718362
28.702,0.038308397,-0.047885496,9.70639
28.727,0.031125572,-0.026337024,9.732727
28.760,0.03351985,-0.019154198,9.711179
28.801,0.045491222,-0.038308397,9.7135725
28.827,0.026337024,-0.043096945,9.7135725
28.861,0.04070267,-0.011971374,9.711179
28.901,0.043096945,-0.031125572,9.72315
28.927,0.043096945,-0.04070267,9.732727
28.961,0.043096945,-0.031125572,9.7135725
29.002,0.038308397,-0.031125572,9.7135725
29.027,0.021548472,-0.021548472,9.730332
29.061,0.038308397,-0.043096945,9.718362
29.101,0.016759925,-0.0670397,9.711179
29.127,0.05027977,-0.04070267,9.730332
29.161,0.028731298,-0.031125572,9.727939
29.202,0.05506832,-0.045491222,9.711179
29.228,0.031125572,-0.038308397,9.737515
29.267,0.057462595,-0.028731298,9.727939
29.300,0.014365649,-0.021548472,9.715967
29.328,0.071828246,-0.031125572,9.725544
29.367,0.014365649,-0.038308397,9.737515
29.400,0.062251143,-0.035914123,9.720756
29.441,0.045491222,-0.045491222,9.703996
29.467,0.035914123,-0.03351985,9.720756
29.501,0.031125572,-0.031125572,9.720756
29.541,0.035914123,-0.035914123,9.715967
29.568,0.009577099,-0.038308397,9.715967
29.601,0.04070267,-0.04070267,9.699207
29.641,0.021548472,-0.028731298,9.720756
29.668,0.05506832,-0.04070267,9.720756
29.702,0.016759925,-0.028731298,9.711179
29.755,0.038308397,-0.023942748,9.72315
29.769,0.028731298,-0.03351985,9.7135725
29.803,0.035914123,-0.04070267,9.70639
29.840,0.05027977,-0.038308397,9.703996
29.868,0.047885496,-0.026337024,9.715967
29.902,0.035914123,-0.031125572,9.718362
29.941,0.043096945,-0.023942748,9.70639
29.967,0.031125572,-0.03351985,9.730332
30.007,0.021548472,-0.038308397,9.727939
30.041,0.05027977,-0.028731298,9.725544
30.068,0.03351985,-0.038308397,9.711179
30.102,0.026337024,-0.03351985,9.708784
30.140,0.04070267,-0.038308397,9.727939
30.181,0.043096945,-0.035914123,9.715967
30.208,0.038308397,-0.026337024,9.725544
30.242,0.038308397,-0.026337024,9.711179
30.282,0.031125572,-0.045491222,9.7135725
30.314,0.0,-0.04070267,9.701602
30.340,-0.009577099,-0.016759925,9.735122
30.370,0.03351985,-0.031125572,9.708784
30.408,0.09337672,-0.04070267,9.672871
30.443,-0.021548472,-0.05506832,9.727939
30.480,0.08619389,-0.023942748,9.711179
30.507,0.0047885496,-0.0071828244,9.692024
30.543,0.07422252,-0.028731298,9.718362
30.580,0.047885496,-0.04070267,9.711179
30.608,0.047885496,-0.031125572,9.692024
30.643,-0.0071828244,-0.0071828244,9.754275
30.680,0.047885496,-0.038308397,9.720756
30.708,0.009577099,-0.057462595,9.715967
30.741,0.045491222,-0.026337024,9.725544
30.783,0.023942748,-0.021548472,9.732727
30.821,0.014365649,-0.0047885496,9.720756
30.841,0.0047885496,-0.05027977,9.70639
30.882,0.038308397,-0.023942748,9.718362
30.922,0.03351985,-0.028731298,9.718362
30.951,0.019154198,-0.038308397,9.727939
30.980,0.057462595,-0.052674048,9.715967
31.020,0.0047885496,-0.05506832,9.725544
31.042,0.019154198,-0.028731298,9.720756
31.081,0.04070267,-0.019154198,9.718362
31.121,0.062251143,-0.031125572,9.708784
31.147,0.03351985,-0.045491222,9.72315
31.182,0.043096945,-0.045491222,9.70639
31.221,0.0023942748,-0.05027977,9.720756
31.248,0.057462595,-0.023942748,9.725544
31.281,0.03351985,-0.016759925,9.718362
31.320,0.05506832,-0.016759925,9.711179
31.347,0.021548472,-0.031125572,9.718362
31.381,0.028731298,-0.038308397,9.701602
31.419,0.0071828244,-0.014365649,9.747093
31.447,0.09577099,-0.026337024,9.711179
31.480,-0.047885496,-0.071828246,9.699207
31.519,0.052674048,-0.06943397,9.696813
31.547,-0.011971374,0.009577099,9.744699
31.580,0.0670397,-0.03351985,9.70639
31.620,0.06464542,-0.06943397,9.708784
31.647,0.06464542,-0.043096945,9.718362
31.680,0.0047885496,0.0023942748,9.727939
31.721,-0.031125572,-0.0047885496,9.735122
31.761,0.11013664,-0.04070267,9.718362
31.788,-0.0047885496,-0.07422252,9.72315
31.820,0.08858817,-0.021548472,9.715967
31.848,0.028731298,-0.011971374,9.72315
31.886,0.076616794,-0.052674048,9.715967
31.920,-0.023942748,-0.031125572,9.715967
31.960,0.090982445,-0.038308397,9.711179
31.987,-0.016759925,-0.011971374,9.73991
32.020,0.10055954,-0.05985687,9.703996
32.061,-0.014365649,-0.038308397,9.699207
32.086,0.0670397,-0.028731298,9.694419
32.120,-0.026337024,-0.031125572,9.730332
32.161,0.076616794,-0.023942748,9.72315
32.187,0.0,-0.04070267,9.720756
32.220,0.08858817,-0.03351985,9.701602
32.263,-0.011971374,-0.023942748,9.735122
32.287,0.08140534,-0.028731298,9.708784
32.320,-0.0071828244,-0.04070267,9.730332
32.365,0.062251143,-0.04070267,9.72315
32.386,-0.011971374,-0.035914123,9.72315
32.427,0.05506832,-0.03351985,9.718362
32.461,0.011971374,-0.045491222,9.720756
32.487,0.06943397,-0.038308397,9.730332
32.520,0.0047885496,-0.03351985,9.711179
32.560,0.05027977,-0.035914123,9.730332
32.599,0.031125572,-0.038308397,9.703996
32.621,0.062251143,-0.026337024,9.711179
32.661,0.035914123,-0.023942748,9.7135725
32.700,0.014365649,-0.016759925,9.730332
32.727,0.04070267,-0.031125572,9.73991
32.761,0.038308397,-0.035914123,9.715967
32.802,0.06464542,-0.028731298,9.70639
32.827,0.03351985,-0.021548472,9.737515
32.860,0.028731298,-0.05027977,9.737515
32.890,0.043096945,-0.038308397,9.718362
32.927,0.04070267,-0.04070267,9.737515
32.960,0.021548472,-0.035914123,9.725544
33.000,0.05027977,-0.038308397,9.72315
33.027,0.0023942748,-0.028731298,9.715967
33.060,0.045491222,-0.023942748,9.72315
33.100,0.019154198,-0.019154198,9.737515
33.126,0.05027977,-0.023942748,9.715967
33.162,0.026337024,-0.019154198,9.730332
33.199,0.0670397,-0.023942748,9.72315
33.227,0.0023942748,-0.043096945,9.730332
33.260,0.06464542,-0.03351985,9.708784
33.301,0.021548472,-0.04070267,9.727939
33.327,0.06464542,-0.038308397,9.730332
33.360,0.011971374,-0.026337024,9.730332
33.404,0.047885496,-0.021548472,9.70639
33.439,0.009577099,-0.04070267,9.72315
33.461,0.05027977,-0.03351985,9.711179
33.499,0.019154198,-0.047885496,9.720756
33.540,0.052674048,-0.031125572,9.730332
33.567,0.016759925,-0.043096945,9.727939
33.599,0.057462595,-0.026337024,9.718362
33.641,0.028731298,-0.05027977,9.727939
33.668,0.06464542,-0.047885496,9.715967
33.700,0.011971374,-0.023942748,9.70639
33.739,0.03351985,-0.019154198,9.711179
33.767,0.016759925,-0.014365649,9.708784
33.800,0.038308397,-0.038308397,9.703996
33.840,0.038308397,-0.035914123,9.708784
33.873,0.057462595,-0.021548472,9.742304
33.900,0.019154198,-0.023942748,9.72315
33.940,0.031125572,-0.038308397,9.72315
33.967,0.028731298,-0.05506832,9.725544
34.000,0.021548472,-0.03351985,9.715967
34.039,0.047885496,-0.04070267,9.715967
34.067,0.035914123,-0.026337024,9.73991
34.107,0.057462595,-0.038308397,9.730332
34.140,0.019154198,-0.043096945,9.720756
34.167,0.03351985,-0.026337024,9.720756
34.200,0.023942748,-0.035914123,9.7135725
34.241,0.038308397,-0.026337024,9.711179
34.279,0.03351985,-0.028731298,9.703996
34.307,0.04070267,-0.05027977,9.7135725
34.340,0.035914123,-0.04070267,9.727939
34.369,0.03351985,-0.035914123,9.730332
34.406,0.0,-0.026337024,9.711179
34.441,0.052674048,-0.023942748,9.725544
34.482,0.0071828244,-0.03351985,9.7135725
34.506,0.05027977,-0.038308397,9.732727
34.539,0.023942748,-0.011971374,9.7135725
34.580,0.035914123,-0.019154198,9.7135725
34.606,0.028731298,-0.045491222,9.725544
34.640,0.04070267,-0.031125572,9.718362
34.681,0.028731298,-0.03351985,9.70639
34.707,0.047885496,-0.023942748,9.735122
34.740,0.021548472,-0.035914123,9.708784
34.780,0.04070267,-0.021548472,9.70639
34.806,0.031125572,-0.0023942748,9.72315
34.839,0.035914123,-0.023942748,9.720756
34.881,0.043096945,-0.031125572,9.711179
34.912,0.019154198,-0.052674048,9.70639
34.947,0.038308397,-0.047885496,9.715967
34.979,0.05985687,-0.04070267,9.7135725
35.019,0.043096945,-0.019154198,9.715967
35.045,0.028731298,-0.03351985,9.715967
35.079,0.05027977,-0.026337024,9.692024
35.120,0.05027977,-0.019154198,9.72315
35.147,0.028731298,-0.031125572,9.732727
35.179,0.026337024,-0.03351985,9.72315
35.220,0.031125572,-0.04070267,9.732727
35.246,0.009577099,-0.031125572,9.718362
35.279,0.052674048,-0.035914123,9.730332
35.321,0.014365649,-0.052674048,9.744699
35.346,0.047885496,-0.043096945,9.653716
35.379,0.011971374,-0.057462595,9.783007
35.420,0.043096945,-0.045491222,9.80695
35.447,0.05027977,-0.0071828244,9.57231
35.479,0.05027977,-0.06943397,9.852441
35.521,0.011971374,-0.05506832,9.775824
35.546,0.028731298,-0.0023942748,9.644139
35.580,0.031125572,-0.03351985,9.75667
35.619,0.016759925,-0.045491222,9.751882
35.646,0.031125572,-0.04070267,9.711179
35.680,0.014365649,-0.047885496,9.730332
35.720,0.071828246,-0.038308397,9.718362
35.747,0.014365649,-0.028731298,9.725544
35.781,0.08140534,-0.031125572,9.699207
35.819,0.038308397,-0.028731298,9.735122
35.863,0.011971374,-0.023942748,9.73991
35.886,0.0047885496,-0.031125572,9.737515
35.919,0.014365649,-0.0023942748,9.766247
35.959,0.06943397,-0.0047885496,9.744699
35.986,0.0071828244,-0.03351985,9.711179
36.019,0.035914123,-0.028731298,9.715967
36.061,-0.019154198,-0.035914123,9.730332
36.087,0.071828246,-0.026337024,9.720756
36.119,0.0047885496,-0.047885496,9.727939
36.160,0.076616794,-0.028731298,9.708784
36.186,-0.0023942748,-0.035914123,9.737515
36.220,0.06943397,-0.035914123,9.730332
36.259,0.0023942748,-0.03351985,9.737515
36.286,0.07422252,-0.04070267,9.715967
36.319,0.0023942748,-0.023942748,9.730332
36.361,0.076616794,-0.028731298,9.73991
36.386,0.0,-0.05506832,9.727939
36.422,0.07422252,-0.035914123,9.727939
36.460,-0.011971374,-0.04070267,9.737515
36.493,0.0670397,-0.019154198,9.725544
36.519,0.0,-0.031125572,9.727939
36.560,0.045491222,-0.035914123,9.711179
36.586,-0.0023942748,-0.03351985,9.725544
36.620,0.052674048,-0.03351985,9.715967
36.662,0.031125572,-0.026337024,9.735122
36.687,0.052674048,-0.03351985,9.711179
36.722,0.019154198,-0.03351985,9.735122
36.769,0.038308397,-0.038308397,9.694419
36.788,0.05027977,-0.011971374,9.732727
36.821,0.021548472,-0.026337024,9.715967
36.859,0.038308397,-0.014365649,9.718362
36.899,0.0,-0.028731298,9.715967
36.926,0.026337024,-0.023942748,9.730332
36.960,0.021548472,-0.021548472,9.730332
37.001,0.028731298,-0.028731298,9.715967
37.026,0.043096945,-0.019154198,9.727939
37.060,0.047885496,-0.045491222,9.727939
37.099,0.028731298,-0.04070267,9.730332
37.127,0.03351985,-0.04070267,9.730332
37.159,0.038308397,-0.028731298,9.701602
37.200,0.03351985,-0.021548472,9.730332
37.227,0.043096945,-0.035914123,9.720756
37.260,0.019154198,-0.019154198,9.732727
37.301,0.05027977,-0.038308397,9.718362
37.326,0.045491222,-0.03351985,9.708784
37.360,0.045491222,-0.045491222,9.699207
37.399,0.035914123,-0.031125572,9.72315
37.426,0.052674048,-0.03351985,9.715967
37.466,0.035914123,-0.03351985,9.720756
37.500,0.038308397,-0.043096945,9.730332
37.539,0.038308397,-0.03351985,9.711179
37.561,0.019154198,-0.031125572,9.72315
37.600,0.045491222,-0.031125572,9.727939
37.640,0.047885496,-0.043096945,9.7135725
37.662,0.038308397,-0.03351985,9.737515
37.700,0.038308397,-0.028731298,9.720756
37.742,0.031125572,-0.023942748,9.732727
37.764,0.045491222,-0.03351985,9.72315
37.801,0.03351985,-0.045491222,9.732727
37.842,0.026337024,-0.04070267,9.732727
37.868,0.05027977,-0.023942748,9.696813
37.902,0.019154198,-0.031125572,9.720756
37.940,0.03351985,-0.038308397,9.715967
37.968,0.031125572,-0.035914123,9.720756
38.002,0.043096945,-0.045491222,9.727939
38.036,0.019154198,-0.031125572,9.703996
38.068,0.031125572,-0.011971374,9.699207
38.100,0.043096945,-0.023942748,9.735122
38.140,0.021548472,-0.035914123,9.725544
38.168,0.021548472,-0.031125572,9.720756
38.202,0.03351985,-0.035914123,9.730332
38.241,0.045491222,-0.031125572,9.7135725
38.267,0.023942748,-0.023942748,9.72315
38.301,0.062251143,-0.03351985,9.735122
38.344,-0.0023942748,-0.045491222,9.751882
38.367,0.07422252,0.0047885496,9.692024
38.401,-0.031125572,-0.062251143,9.692024
38.443,0.062251143,-0.07901107,9.701602
38.468,-0.0071828244,-0.023942748,9.703996
38.507,0.0670397,0.0023942748,9.684841
38.545,0.035914123,-0.026337024,9.730332
38.581,0.021548472,-0.04070267,9.720756
38.607,0.038308397,-0.028731298,9.708784
38.643,0.028731298,-0.0071828244,9.744699
38.682,0.047885496,-0.016759925,9.72315
38.707,0.019154198,-0.052674048,9.7135725
38.742,0.047885496,-0.043096945,9.720756
38.784,0.04070267,-0.03351985,9.727939
38.806,0.014365649,-0.009577099,9.73991
38.840,0.071828246,-0.016759925,9.715967
38.880,0.04070267,-0.03351985,9.692024
38.907,0.05506832,-0.031125572,9.694419
38.940,0.0071828244,-0.03351985,9.737515
38.981,0.057462595,-0.03351985,9.735122
39.007,0.014365649,-0.023942748,9.72315
39.040,0.028731298,-0.023942748,9.701602
39.081,0.026337024,-0.028731298,9.730332
39.107,0.057462595,-0.045491222,9.711179
39.141,0.0,-0.038308397,9.7135725
39.180,0.047885496,-0.021548472,9.70639
39.207,0.023942748,-0.028731298,9.735122
39.242,0.03351985,-0.045491222,9.703996
39.281,0.04070267,-0.028731298,9.715967
39.321,0.028731298,-0.038308397,9.694419
39.347,0.043096945,-0.028731298,9.725544
39.380,0.04070267,-0.04070267,9.766247
39.421,0.052674048,-0.047885496,9.737515
39.447,-0.0047885496,-0.0047885496,9.677659
39.481,0.071828246,-0.0071828244,9.747093
39.520,-0.023942748,-0.014365649,9.749487
39.547,0.076616794,-0.07422252,9.6896305
39.580,-0.019154198,-0.028731298,9.732727
39.620,0.07901107,-0.023942748,9.747093
39.647,-0.047885496,-0.045491222,9.720756
39.680,0.09577099,-0.028731298,9.720756
39.720,-0.019154198,-0.05506832,9.715967
39.748,0.11013664,-0.043096945,9.727939
39.780,-0.035914123,-0.057462595,9.72315
39.820,0.052674048,-0.031125572,9.725544
39.847,-0.016759925,-0.05027977,9.763853
39.880,0.06464542,-0.023942748,9.675264
39.919,0.0047885496,-0.045491222,9.703996
39.947,0.052674048,-0.026337024,9.737515
39.980,0.011971374,-0.035914123,9.725544
40.021,0.035914123,-0.028731298,9.696813
40.060,0.05027977,-0.026337024,9.718362
40.080,0.057462595,-0.038308397,9.72315
40.120,0.04070267,-0.028731298,9.727939
40.160,0.0071828244,-0.028731298,9.720756
40.181,0.021548472,-0.028731298,9.708784
40.220,0.045491222,-0.035914123,9.703996
40.261,0.057462595,-0.031125572,9.7135725
40.287,0.035914123,-0.043096945,9.737515
40.320,0.03351985,-0.03351985,9.715967
40.361,0.038308397,-0.038308397,9.711179
40.387,0.026337024,-0.026337024,9.73991
40.419,0.045491222,-0.035914123,9.744699
40.460,0.016759925,-0.04070267,9.727939
40.487,0.047885496,-0.035914123,9.718362
40.520,0.021548472,-0.026337024,9.720756
40.560,0.06464542,-0.026337024,9.7135725
40.587,0.014365649,-0.035914123,9.725544
40.622,0.045491222,-0.03351985,9.744699
40.660,0.03351985,-0.028731298,9.732727
40.687,0.028731298,-0.026337024,9.730332
40.721,0.043096945,-0.03351985,9.7135725
40.759,0.031125572,-0.03351985,9.711179
40.789,0.023942748,-0.028731298,9.737515
40.827,0.035914123,-0.045491222,9.720756
40.861,0.026337024,-0.014365649,9.727939
40.887,0.035914123,-0.028731298,9.7135725
40.920,0.031125572,-0.021548472,9.725544
40.960,0.0047885496,-0.026337024,9.727939
40.999,0.052674048,-0.023942748,9.72315
41.028,0.028731298,-0.023942748,9.720756
41.059,0.038308397,-0.045491222,9.718362
41.102,0.009577099,-0.023942748,9.708784
41.126,0.031125572,-0.043096945,9.70639
41.160,0.05027977,-0.03351985,9.703996
41.199,0.038308397,-0.047885496,9.715967
41.227,0.021548472,-0.043096945,9.727939
41.260,0.04070267,-0.043096945,9.720756
41.300,0.023942748,-0.038308397,9.72315
41.327,0.026337024,-0.028731298,9.708784
41.361,0.035914123,-0.038308397,9.711179
41.401,0.04070267,-0.023942748,9.70639
41.428,0.045491222,-0.014365649,9.715967
41.461,0.045491222,-0.021548472,9.725544
41.500,0.023942748,-0.043096945,9.72315
41.527,0.026337024,-0.038308397,9.703996
41.566,0.05027977,-0.04070267,9.727939
41.606,0.028731298,-0.031125572,9.72315
41.627,0.047885496,-0.038308397,9.730332
41.681,0.052674048,-0.03351985,9.711179
41.699,0.03351985,-0.05027977,9.718362
41.727,0.026337024,-0.021548472,9.730332
41.761,0.019154198,-0.035914123,9.72315
41.800,0.038308397,-0.026337024,9.727939
41.841,0.038308397,-0.052674048,9.7135725
41.867,0.026337024,-0.03351985,9.703996
41.901,0.03351985,-0.031125572,9.727939
41.943,0.03351985,-0.043096945,9.730332
41.969,0.038308397,-0.038308397,9.720756
41.999,0.035914123,-0.038308397,9.70639
42.039,0.03351985,-0.038308397,9.725544
42.069,0.045491222,-0.04070267,9.718362
42.101,0.04070267,-0.019154198,9.7135725
42.140,0.021548472,-0.043096945,9.7135725
42.167,0.021548472,-0.026337024,9.711179
42.201,0.035914123,-0.016759925,9.725544
42.241,0.028731298,-0.021548472,9.708784
42.266,0.043096945,-0.026337024,9.699207
42.301,0.03351985,-0.05027977,9.711179
42.340,0.026337024,-0.021548472,9.720756
42.367,0.031125572,-0.03351985,9.725544
42.400,0.016759925,-0.04070267,9.715967
42.439,0.043096945,-0.043096945,9.718362
42.467,0.04070267,-0.03351985,9.727939
42.507,0.019154198,-0.028731298,9.727939
42.540,0.045491222,-0.03351985,9.711179
42.567,0.031125572,-0.028731298,9.732727
42.602,0.03351985,-0.014365649,9.725544
42.640,0.023942748,-0.031125572,9.718362
42.680,0.04070267,-0.047885496,9.7135725
42.703,0.03351985,-0.03351985,9.711179
42.739,0.052674048,-0.021548472,9.730332
42.779,0.03351985,-0.026337024,9.718362
42.809,0.05027977,-0.045491222,9.732727
42.840,0.04070267,-0.016759925,9.7135725
42.880,0.016759925,-0.031125572,9.7135725
42.906,0.031125572,-0.05027977,9.730332
42.940,0.028731298,-0.009577099,9.725544
42.979,0.043096945,-0.04070267,9.730332
43.007,0.03351985,-0.04070267,9.725544
43.040,0.026337024,-0.04070267,9.727939
43.081,0.026337024,-0.021548472,9.7135725
43.107,0.038308397,-0.023942748,9.711179
43.142,0.03351985,-0.038308397,9.70639
43.181,0.038308397,-0.03351985,9.735122
43.208,0.03351985,-0.028731298,9.725544
43.241,0.023942748,-0.019154198,9.718362
43.281,0.023942748,-0.04070267,9.708784
43.308,0.031125572,-0.04070267,9.70639
43.341,0.045491222,-0.03351985,9.72315
43.381,0.031125572,-0.038308397,9.735122
43.408,0.028731298,-0.035914123,9.735122
43.441,0.021548472,-0.03351985,9.720756
43.480,0.026337024,-0.05027977,9.70639
43.508,0.03351985,-0.03351985,9.749487
43.547,0.045491222,-0.038308397,9.751882
43.581,-0.0071828244,-0.026337024,9.720756
43.608,0.04070267,-0.038308397,9.735122
43.647,0.021548472,-0.031125572,9.725544
43.680,0.047885496,-0.026337024,9.720756
43.721,0.014365649,-0.031125572,9.732727
43.743,0.04070267,-0.04070267,9.727939
43.784,0.014365649,-0.031125572,9.708784
43.821,0.07901107,-0.03351985,9.732727
43.848,0.0023942748,-0.0071828244,9.715967
43.886,0.043096945,-0.019154198,9.718362
43.921,0.021548472,-0.035914123,9.725544
43.949,0.07422252,-0.028731298,9.70639
43.982,0.009577099,-0.038308397,9.72315
44.021,0.06943397,-0.03351985,9.725544
44.048,0.021548472,-0.028731298,9.711179
44.080,0.0670397,-0.021548472,9.735122
44.121,0.009577099,-0.031125572,9.7135725
44.147,0.047885496,-0.035914123,9.7135725
44.185,0.016759925,-0.045491222,9.730332
44.221,0.05985687,-0.028731298,9.720756
44.257,0.016759925,-0.031125572,9.730332
44.280,0.047885496,-0.03351985,9.699207
44.322,0.021548472,-0.043096945,9.735122
44.349,0.04070267,-0.03351985,9.720756
44.387,0.016759925,-0.05027977,9.72315
44.420,0.03351985,-0.023942748,9.730332
44.461,0.026337024,-0.03351985,9.720756
44.487,0.047885496,-0.023942748,9.720756
44.520,0.026337024,-0.043096945,9.7135725
44.561,0.026337024,-0.043096945,9.720756
44.587,0.031125572,-0.028731298,9.727939
44.621,0.043096945,-0.031125572,9.70639
44.660,0.052674048,-0.038308397,9.720756
44.687,0.031125572,-0.035914123,9.730332
44.720,0.028731298,-0.04070267,9.720756
44.760,0.028731298,-0.04070267,9.727939
44.787,0.031125572,-0.035914123,9.727939
44.820,0.047885496,-0.035914123,9.72315
44.861,0.043096945,-0.019154198,9.720756
44.889,0.047885496,-0.026337024,9.711179
44.924,0.047885496,-0.026337024,9.70639
44.963,0.04070267,-0.026337024,9.715967
44.987,0.035914123,-0.014365649,9.701602
45.026,0.04070267,-0.028731298,9.711179
45.060,0.026337024,-0.052674048,9.732727
45.101,0.047885496,-0.03351985,9.715967
45.120,0.026337024,-0.023942748,9.744699
45.161,0.035914123,-0.031125572,9.735122
45.188,0.035914123,-0.05027977,9.725544
45.222,0.038308397,-0.023942748,9.70639
45.259,0.028731298,-0.028731298,9.718362
45.300,0.043096945,-0.026337024,9.703996
45.328,0.028731298,-0.011971374,9.725544
45.361,0.038308397,-0.05027977,9.732727
45.401,0.05027977,-0.038308397,9.699207
45.426,0.043096945,-0.031125572,9.732727
45.462,0.019154198,-0.021548472,9.7135725
45.502,0.021548472,-0.05027977,9.720756
45.524,0.0023942748,-0.026337024,9.725544
45.562,-0.009577099,-0.026337024,9.727939
45.601,0.0670397,-0.016759925,9.73991
45.629,-0.023942748,-0.043096945,9.747093
45.662,0.08140534,-0.028731298,9.701602
45.702,-0.021548472,-0.043096945,9.718362
45.727,0.11013664,-0.009577099,9.72315
45.761,-0.038308397,-0.04070267,9.715967
45.801,0.052674048,-0.04070267,9.708784
45.828,0.0023942748,-0.03351985,9.732727
45.861,0.047885496,-0.021548472,9.718362
45.901,0.026337024,-0.03351985,9.737515
45.928,0.052674048,-0.031125572,9.730332
45.963,0.026337024,-0.03351985,9.72315
46.002,0.023942748,-0.03351985,9.732727
46.029,0.031125572,-0.04070267,9.715967
46.062,0.07422252,-0.05027977,9.672871
46.103,0.011971374,-0.023942748,9.677659
46.129,0.0670397,-0.038308397,9.730332
46.168,0.0071828244,-0.028731298,9.735122
46.203,0.05506832,-0.038308397,9.7135725
46.229,0.023942748,-0.045491222,9.725544
46.263,0.05985687,-0.038308397,9.718362
46.304,0.026337024,-0.023942748,9.715967
46.342,0.026337024,-0.031125572,9.7135725
46.368,0.026337024,-0.038308397,9.72315
46.401,0.023942748,-0.021548472,9.72315
46.441,0.045491222,-0.03351985,9.732727
46.468,0.052674048,-0.028731298,9.727939
46.502,0.023942748,-0.057462595,9.73991
46.542,0.038308397,-0.038308397,9.735122
46.568,0.04070267,-0.028731298,9.715967
46.601,0.031125572,-0.0047885496,9.735122
46.641,0.035914123,-0.023942748,9.715967
46.668,0.026337024,-0.031125572,9.715967
46.701,0.043096945,-0.019154198,9.711179
46.741,0.031125572,-0.043096945,9.70639
46.768,0.047885496,-0.019154198,9.715967
46.800,0.021548472,-0.047885496,9.711179
46.841,0.047885496,-0.038308397,9.711179
46.868,0.023942748,-0.026337024,9.727939
46.907,0.031125572,-0.035914123,9.72315
46.942,0.0071828244,-0.026337024,9.727939
46.968,0.035914123,-0.04070267,9.735122
47.002,0.021548472,-0.04070267,9.73991
47.041,0.045491222,-0.04070267,9.72315
47.081,0.04070267,-0.026337024,9.7135725
47.107,0.03351985,-0.043096945,9.735122
47.141,0.035914123,-0.05027977,9.735122
47.180,0.043096945,-0.031125572,9.727939
47.205,0.014365649,-0.023942748,9.732727
47.241,0.0670397,-0.031125572,9.73991
47.282,0.021548472,-0.023942748,9.725544
47.308,0.03351985,-0.045491222,9.7135725
47.343,0.026337024,-0.038308397,9.732727
47.382,0.021548472,-0.038308397,9.718362
47.408,0.04070267,-0.031125572,9.72315
47.441,0.028731298,-0.035914123,9.730332
47.480,0.031125572,-0.031125572,9.72315
47.507,0.031125572,-0.035914123,9.725544
47.541,0.031125572,-0.047885496,9.711179
47.581,0.04070267,-0.052674048,9.727939
47.608,0.023942748,-0.028731298,9.727939
47.644,0.021548472,-0.016759925,9.72315
47.681,0.019154198,-0.021548472,9.727939
47.710,0.023942748,-0.057462595,9.725544
47.743,0.038308397,-0.038308397,9.720756
47.780,0.014365649,-0.026337024,9.730332
47.809,0.043096945,-0.04070267,9.7135725
47.848,0.023942748,-0.047885496,9.730332
47.883,0.031125572,-0.045491222,9.727939
47.922,0.031125572,-0.023942748,9.720756
47.948,0.052674048,-0.019154198,9.732727
47.982,0.026337024,-0.028731298,9.72315
48.021,0.043096945,-0.03351985,9.711179
48.049,0.04070267,-0.045491222,9.735122
48.082,0.026337024,-0.014365649,9.720756
48.121,0.03351985,-0.026337024,9.703996
48.148,0.03351985,-0.04070267,9.720756
48.181,0.03351985,-0.031125572,9.715967
48.222,0.03351985,-0.035914123,9.708784
48.248,0.031125572,-0.026337024,9.72315
48.281,0.019154198,-0.043096945,9.730332
48.320,0.028731298,-0.035914123,9.715967
48.348,0.05027977,-0.031125572,9.711179
48.381,0.03351985,-0.045491222,9.7135725
48.421,0.045491222,-0.03351985,9.703996
48.448,0.028731298,-0.03351985,9.718362
48.482,0.028731298,-0.045491222,9.720756
48.521,0.031125572,-0.05506832,9.708784
48.548,0.043096945,-0.03351985,9.7135725
48.581,0.03351985,-0.04070267,9.715967
48.621,0.031125572,-0.031125572,9.718362
48.648,0.043096945,-0.03351985,9.718362
48.688,0.035914123,-0.031125572,9.718362
48.721,0.035914123,-0.04070267,9.711179
48.750,0.021548472,-0.026337024,9.72315
48.787,0.045491222,-0.026337024,9.72315
48.822,0.023942748,-0.038308397,9.711179
48.860,0.043096945,-0.043096945,9.715967
48.887,0.023942748,-0.016759925,9.7135725
48.920,0.043096945,-0.028731298,9.715967
48.961,0.045491222,-0.028731298,9.708784
48.987,0.045491222,-0.043096945,9.72315
49.021,0.028731298,-0.035914123,9.718362
49.061,0.016759925,-0.043096945,9.711179
49.089,0.047885496,-0.03351985,9.718362
49.122,0.045491222,-0.04070267,9.7135725
49.161,0.016759925,-0.038308397,9.7135725
49.188,0.05506832,-0.038308397,9.720756
49.220,0.023942748,-0.038308397,9.708784
49.262,0.043096945,-0.011971374,9.70639
49.287,0.016759925,-0.035914123,9.735122
49.321,0.023942748,-0.03351985,9.699207
49.361,0.035914123,-0.05027977,9.708784
49.392,0.016759925,-0.0071828244,9.720756
49.422,0.05985687,-0.035914123,9.7135725
49.462,0.023942748,-0.038308397,9.725544
49.488,0.038308397,-0.019154198,9.72315
49.527,0.038308397,-0.035914123,9.730332
49.562,0.035914123,-0.03351985,9.720756
49.600,0.04070267,-0.031125572,9.72315
49.628,0.035914123,-0.028731298,9.720756
49.660,0.035914123,-0.038308397,9.70639
49.701,0.019154198,-0.035914123,9.72315
49.728,0.03351985,-0.026337024,9.725544
49.762,0.014365649,-0.04070267,9.718362
49.800,0.035914123,-0.026337024,9.70639
49.828,0.038308397,-0.023942748,9.720756
49.861,0.021548472,-0.047885496,9.711179
49.905,0.021548472,-0.04070267,9.725544
49.928,0.045491222,-0.043096945,9.72315
49.960,0.03351985,-0.035914123,9.718362
50.000,0.05027977,-0.045491222,9.663293
50.028,0.019154198,-0.011971374,9.711179
50.060,0.071828246,-0.031125572,9.692024
50.100,0.014365649,-0.0023942748,9.694419
50.127,0.043096945,-0.03351985,9.718362
50.160,0.031125572,-0.026337024,9.711179
50.201,0.06464542,-0.047885496,9.70639
50.228,0.019154198,-0.023942748,9.725544
50.262,0.06943397,-0.05027977,9.696813
50.301,0.019154198,-0.038308397,9.7135725
50.328,0.05506832,-0.021548472,9.727939
50.368,0.021548472,-0.035914123,9.749487
50.401,0.05985687,-0.03351985,9.7135725
50.445,0.028731298,-0.052674048,9.718362
50.468,0.071828246,-0.047885496,9.742304
50.502,-0.011971374,-0.021548472,9.747093
50.541,0.062251143,-0.014365649,9.725544
50.567,0.031125572,-0.05027977,9.727939
50.600,0.052674048,-0.016759925,9.711179
50.642,0.05506832,-0.028731298,9.708784
50.667,0.038308397,-0.026337024,9.725544
50.702,0.016759925,-0.05506832,9.701602
50.743,0.035914123,-0.052674048,9.6896305
50.767,0.011971374,-0.023942748,9.730332
50.800,0.052674048,-0.028731298,9.732727
50.841,0.031125572,-0.019154198,9.718362
50.867,0.05027977,-0.052674048,9.701602
50.901,0.023942748,-0.028731298,9.718362
50.940,0.043096945,-0.03351985,9.70639
50.967,0.047885496,-0.028731298,9.727939
51.001,0.045491222,-0.057462595,9.718362
51.040,0.021548472,-0.028731298,9.718362
51.080,0.047885496,-0.04070267,9.718362
51.101,0.031125572,-0.04070267,9.72315
51.141,0.04070267,-0.043096945,9.725544
51.170,0.038308397,-0.043096945,9.727939
51.207,0.04070267,-0.03351985,9.720756
51.242,0.026337024,-0.035914123,9.711179
51.280,0.026337024,-0.035914123,9.708784
51.307,0.04070267,-0.035914123,9.72315
51.342,0.031125572,-0.038308397,9.7135725
51.380,0.052674048,-0.023942748,9.7135725
51.408,0.023942748,-0.038308397,9.711179
51.440,0.035914123,-0.047885496,9.70639
51.482,0.035914123,-0.04070267,9.711179
51.508,0.023942748,-0.038308397,9.703996
51.541,0.043096945,-0.04070267,9.715967
51.581,0.047885496,-0.038308397,9.72315
51.607,0.03351985,-0.045491222,9.720756
51.640,0.035914123,-0.009577099,9.70639
51.680,0.038308397,-0.047885496,9.718362
51.708,0.043096945,-0.016759925,9.732727
51.746,0.062251143,-0.016759925,9.730332
51.781,0.038308397,-0.023942748,9.72315
51.807,0.043096945,-0.026337024,9.7135725
51.841,0.035914123,-0.04070267,9.727939
51.882,0.028731298,-0.047885496,9.718362
51.910,0.031125572,-0.019154198,9.7135725
51.948,0.031125572,-0.038308397,9.730332
51.983,0.026337024,-0.03351985,9.718362
52.020,0.052674048,-0.028731298,9.708784
52.048,0.031125572,-0.026337024,9.72315
52.084,0.028731298,-0.028731298,9.7135725
52.121,0.038308397,-0.035914123,9.701602
52.143,0.028731298,-0.05027977,9.7135725
52.181,0.028731298,-0.03351985,9.70639
52.222,0.047885496,-0.03351985,9.70639
52.248,0.021548472,-0.043096945,9.720756
52.282,0.028731298,-0.043096945,9.730332
52.321,0.026337024,-0.03351985,9.720756
52.350,0.031125572,-0.028731298,9.718362
52.382,0.028731298,-0.035914123,9.711179
52.422,0.03351985,-0.028731298,9.701602
52.448,0.028731298,-0.04070267,9.711179
52.481,0.04070267,-0.047885496,9.718362
52.520,0.043096945,-0.03351985,9.711179
52.548,0.028731298,-0.03351985,9.718362
52.581,0.031125572,-0.04070267,9.711179
52.622,0.031125572,-0.03351985,9.715967
52.648,0.045491222,-0.019154198,9.727939
52.682,0.047885496,-0.021548472,9.730332
52.721,0.023942748,-0.031125572,9.703996
52.755,0.043096945,-0.019154198,9.727939
52.782,0.03351985,-0.028731298,9.72315
52.821,0.031125572,-0.04070267,9.711179
52.849,0.045491222,-0.023942748,9.730332
52.882,0.026337024,-0.035914123,9.73991
52.929,0.047885496,-0.045491222,9.7135725
52.964,0.035914123,-0.026337024,9.72315
52.989,0.023942748,-0.043096945,9.718362
53.023,0.038308397,-0.026337024,9.699207
53.061,0.03351985,-0.028731298,9.718362
53.088,0.035914123,-0.035914123,9.718362
53.122,0.0047885496,-0.023942748,9.70639
53.161,0.06464542,0.009577099,9.708784
53.189,-0.0071828244,-0.057462595,9.703996
53.221,0.07901107,-0.023942748,9.759064
53.261,0.016759925,-0.035914123,9.727939
53.289,0.071828246,-0.0047885496,9.694419
53.321,0.0047885496,-0.047885496,9.720756
53.362,0.021548472,-0.052674048,9.735122
53.388,0.016759925,-0.038308397,9.720756
53.421,0.04070267,-0.04070267,9.718362
53.463,0.047885496,-0.03351985,9.72315
53.489,0.052674048,-0.05506832,9.696813
53.524,0.047885496,-0.026337024,9.715967
53.561,0.016759925,-0.04070267,9.730332
53.588,0.028731298,-0.043096945,9.718362
53.621,0.04070267,-0.04070267,9.732727
53.661,0.04070267,-0.035914123,9.718362
53.688,0.038308397,-0.043096945,9.727939
53.722,0.023942748,-0.04070267,9.72315
53.762,0.019154198,-0.028731298,9.711179
53.800,0.0670397,-0.03351985,9.70639
53.828,0.021548472,-0.03351985,9.711179
53.863,0.047885496,-0.026337024,9.742304
53.901,0.009577099,-0.052674048,9.73991
53.928,0.05027977,-0.038308397,9.694419
53.962,0.026337024,-0.038308397,9.708784
54.002,0.07901107,-0.05985687,9.787795
54.028,0.03351985,-0.0071828244,9.703996
54.062,0.028731298,-0.0047885496,9.744699
54.101,0.035914123,-0.026337024,9.744699
54.129,0.038308397,-0.0670397,9.684841
54.161,0.0670397,-0.04070267,9.7135725
54.200,0.023942748,-0.019154198,9.747093
54.228,0.07422252,-0.023942748,9.708784
54.261,-0.014365649,-0.045491222,9.711179
54.303,0.043096945,-0.043096945,9.715967
54.328,0.009577099,-0.016759925,9.735122
54.363,0.076616794,-0.03351985,9.701602
54.403,0.009577099,-0.071828246,9.596253
54.428,0.22506183,1.0989721,8.722343
54.461,-0.038308397,-0.42618093,9.648928
54.502,0.14365649,-0.4166038,9.474146
54.531,-0.062251143,0.2849187,9.917087
54.568,0.11971374,0.14605077,9.780613
54.600,-0.026337024,-0.14365649,9.6896305
54.640,0.08140534,-0.1340794,9.653716
54.667,-0.047885496,0.043096945,9.754275
54.700,0.083799616,0.019154198,9.72315
54.741,-0.019154198,-0.023942748,9.730332
54.769,0.105348095,-0.071828246,9.694419
54.801,-0.016759925,-0.023942748,9.732727
54.841,0.052674048,-0.014365649,9.715967
54.868,-0.0047885496,-0.043096945,9.720756
54.900,0.05506832,-0.021548472,9.708784
54.942,0.014365649,-0.04070267,9.735122
54.968,0.05506832,-0.026337024,9.720756
55.002,0.009577099,-0.03351985,9.725544
55.041,0.035914123,-0.028731298,9.718362
55.067,0.016759925,-0.028731298,9.732727
55.100,0.028731298,-0.031125572,9.730332
55.142,0.045491222,-0.028731298,9.7135725
55.168,0.057462595,-0.011971374,9.72315
55.202,0.028731298,-0.019154198,9.72315
55.241,0.047885496,-0.016759925,9.72315
55.268,0.028731298,-0.016759925,9.727939
55.302,0.04070267,-0.021548472,9.7135725
55.340,0.047885496,-0.026337024,9.725544
55.368,0.047885496,-0.026337024,9.730332
55.408,0.023942748,-0.023942748,9.735122
55.441,0.038308397,-0.052674048,9.744699
55.470,0.03351985,-0.057462595,9.72315
55.507,0.035914123,-0.026337024,9.732727
55.541,0.028731298,-0.03351985,9.7135725
55.580,0.019154198,-0.023942748,9.720756
55.609,0.052674048,-0.03351985,9.737515
55.648,0.023942748,-0.052674048,9.720756
55.682,0.038308397,-0.019154198,9.742304
55.708,0.043096945,-0.011971374,9.715967
55.742,0.057462595,-0.03351985,9.70639
55.784,0.05506832,-0.0071828244,9.715967
55.808,0.035914123,-0.05027977,9.72315
55.844,0.023942748,-0.031125572,9.711179
55.881,0.014365649,-0.019154198,9.720756
55.908,0.028731298,-0.035914123,9.735122
55.941,0.035914123,-0.028731298,9.727939
55.982,0.035914123,-0.04070267,9.696813
56.008,0.043096945,-0.03351985,9.72315
56.042,0.035914123,-0.04070267,9.737515
56.082,0.03351985,-0.026337024,9.732727
56.121,0.03351985,-0.019154198,9.742304
56.141,0.045491222,-0.05506832,9.730332
56.181,0.038308397,-0.021548472,9.72315
56.222,0.026337024,-0.021548472,9.730332
56.248,0.035914123,-0.026337024,9.715967
56.281,0.031125572,-0.021548472,9.7135725
56.321,0.043096945,-0.023942748,9.725544
56.348,0.026337024,-0.035914123,9.742304
56.383,0.028731298,-0.028731298,9.742304
56.421,0.026337024,-0.026337024,9.720756
56.449,0.026337024,-0.038308397,9.703996
56.481,0.047885496,-0.028731298,9.718362
56.522,0.04070267,-0.043096945,9.725544
56.547,0.028731298,-0.016759925,9.727939
56.581,0.04070267,-0.016759925,9.73991
56.621,0.016759925,-0.043096945,9.720756
56.648,0.035914123,-0.023942748,9.730332
56.680,0.052674048,-0.026337024,9.718362
56.720,0.035914123,-0.021548472,9.7135725
56.748,0.03351985,-0.028731298,9.70639
56.781,0.043096945,-0.021548472,9.730332
56.821,0.009577099,-0.028731298,9.718362
56.848,0.031125572,-0.031125572,9.730332
56.882,0.023942748,-0.031125572,9.730332
56.924,0.026337024,-0.023942748,9.72315
56.961,0.028731298,-0.026337024,9.72315
56.988,0.038308397,-0.023942748,9.70639
57.020,0.031125572,-0.031125572,9.732727
57.048,0.035914123,-0.023942748,9.727939
57.087,0.03351985,-0.031125572,9.727939
57.121,0.023942748,-0.021548472,9.72315
57.155,0.019154198,-0.026337024,9.73991
57.188,0.016759925,-0.035914123,9.72315
57.222,0.023942748,-0.047885496,9.720756
57.261,0.016759925,-0.019154198,9.727939
57.287,0.031125572,-0.035914123,9.718362
57.321,0.023942748,-0.016759925,9.732727
57.361,0.035914123,-0.016759925,9.725544
57.388,0.035914123,-0.038308397,9.730332
57.421,0.031125572,-0.023942748,9.727939
57.461,0.04070267,-0.031125572,9.73991
57.487,0.05027977,-0.028731298,9.718362
57.520,0.043096945,-0.023942748,9.7135725
57.560,0.03351985,-0.05506832,9.727939
57.588,0.023942748,-0.011971374,9.725544
57.620,0.05027977,-0.014365649,9.730332
57.664,0.03351985,-0.014365649,9.718362
57.688,0.038308397,-0.021548472,9.735122
57.721,0.052674048,-0.028731298,9.715967
57.762,0.045491222,-0.028731298,9.732727
57.789,0.03351985,-0.031125572,9.725544
57.821,0.026337024,-0.043096945,9.718362
57.861,0.04070267,-0.014365649,9.735122
57.900,0.035914123,-0.043096945,9.735122
57.928,0.038308397,-0.035914123,9.70639
57.961,0.031125572,-0.021548472,9.715967
58.001,0.028731298,-0.045491222,9.70639
58.027,0.026337024,-0.026337024,9.735122
58.061,0.043096945,-0.028731298,9.730332
58.100,0.05506832,-0.043096945,9.725544
58.127,0.026337024,-0.016759925,9.735122
58.161,0.06464542,-0.023942748,9.725544
58.202,0.016759925,-0.019154198,9.72315
58.229,0.04070267,-0.031125572,9.727939
58.263,0.038308397,-0.021548472,9.7135725
58.302,0.03351985,-0.035914123,9.732727
58.328,0.047885496,-0.011971374,9.727939
58.362,0.045491222,-0.038308397,9.708784
58.401,0.047885496,-0.05506832,9.7135725
58.429,0.021548472,-0.026337024,9.735122
58.460,0.04070267,-0.016759925,9.725544
58.502,0.009577099,-0.023942748,9.742304
58.527,0.05506832,-0.023942748,9.701602
58.560,0.014365649,-0.016759925,9.742304
58.600,0.04070267,-0.028731298,9.708784
58.628,0.023942748,-0.023942748,9.72315
58.661,0.019154198,-0.045491222,9.720756
58.701,0.019154198,-0.047885496,9.725544
58.741,0.03351985,-0.038308397,9.730332
58.768,0.03351985,-0.026337024,9.725544
58.800,0.009577099,-0.04070267,9.73991
58.840,0.05027977,-0.04070267,9.735122
58.868,0.0071828244,-0.031125572,9.730332
58.911,0.047885496,-0.04070267,9.718362
58.940,0.026337024,-0.05027977,9.715967
58.968,0.04070267,-0.03351985,9.711179
59.001,0.038308397,-0.035914123,9.72315
59.041,0.052674048,-0.038308397,9.720756
59.067,0.028731298,-0.035914123,9.70639
59.102,0.03351985,-0.038308397,9.730332
59.140,0.035914123,-0.014365649,9.720756
59.167,0.045491222,-0.043096945,9.725544
59.206,0.021548472,-0.023942748,9.718362
59.241,0.021548472,-0.023942748,9.72315
59.267,0.026337024,-0.023942748,9.725544
59.300,0.03351985,-0.028731298,9.715967
59.341,0.031125572,-0.028731298,9.720756
59.367,0.021548472,-0.016759925,9.730332
59.400,0.028731298,-0.023942748,9.735122
59.441,0.03351985,-0.026337024,9.720756
59.481,0.038308397,-0.038308397,9.72315
59.508,0.03351985,-0.028731298,9.718362
59.540,0.04070267,-0.031125572,9.715967
59.580,0.026337024,-0.026337024,9.725544
59.608,0.028731298,-0.035914123,9.70639
59.643,0.014365649,-0.031125572,9.711179
59.680,0.026337024,-0.016759925,9.7135725
59.709,0.05027977,-0.021548472,9.72315
59.741,0.035914123,-0.03351985,9.737515
59.781,0.021548472,-0.016759925,9.718362
59.806,0.019154198,-0.019154198,9.715967
59.841,0.028731298,-0.03351985,9.718362
59.880,0.043096945,-0.031125572,9.72315
59.907,0.043096945,-0.03351985,9.730332
59.943,0.028731298,-0.035914123,9.730332
59.981,0.03351985,-0.019154198,9.708784
