timestamp,x,y,z
00.005,0.7733508,-0.16281068,9.665688
00.026,0.7637737,-0.16281068,9.684841
00.058,0.7709565,-0.15083931,9.684841
00.097,0.7541966,-0.15802214,9.660899
00.125,0.7709565,-0.15802214,9.684841
00.165,0.7541966,-0.16520496,9.6896305
00.197,0.76616794,-0.16520496,9.680053
00.235,0.7446195,-0.15802214,9.70639
00.265,0.7781393,-0.14605077,9.680053
00.296,0.76137936,-0.16520496,9.675264
00.337,0.7709565,-0.16520496,9.684841
00.366,0.7805336,-0.15802214,9.672871
00.397,0.7709565,-0.16520496,9.6896305
00.437,0.7781393,-0.16281068,9.682447
00.467,0.749408,-0.15562786,9.684841
00.497,0.749408,-0.14605077,9.677659
00.538,0.7901107,-0.16041641,9.682447
00.566,0.7637737,-0.15802214,9.6896305
00.596,0.7829279,-0.14605077,9.682447
00.637,0.7733508,-0.16041641,9.696813
00.666,0.7589851,-0.16281068,9.680053
00.697,0.75659084,-0.15802214,9.668081
00.738,0.74222517,-0.16041641,9.677659
00.766,0.76137936,-0.15562786,9.692024
00.797,0.76616794,-0.16041641,9.694419
00.836,0.7637737,-0.15562786,9.675264
00.865,0.77574503,-0.15562786,9.692024
00.905,0.7733508,-0.16520496,9.6896305
00.936,0.7685622,-0.16041641,9.687236
00.965,0.7709565,-0.16520496,9.684841
01.005,0.75659084,-0.15562786,9.692024
01.037,0.7589851,-0.15802214,9.684841
01.067,0.7709565,-0.16281068,9.665688
01.106,0.7589851,-0.15802214,9.684841
01.137,0.7685622,-0.16281068,9.684841
01.167,0.76616794,-0.15083931,9.682447
01.206,0.77574503,-0.16281068,9.680053
01.238,0.7733508,-0.14844504,9.6585045
01.268,0.7829279,-0.15802214,9.684841
01.307,0.76137936,-0.16041641,9.677659
01.339,0.7781393,-0.13168511,9.692024
01.378,0.76137936,-0.1699935,9.694419
01.406,0.77574503,-0.15562786,9.677659
01.439,0.76137936,-0.15323359,9.675264
01.478,0.7733508,-0.16520496,9.687236
01.507,0.7685622,-0.14605077,9.670476
01.539,0.75180227,-0.15323359,9.670476
01.578,0.7733508,-0.16520496,9.699207
01.606,0.7541966,-0.15802214,9.687236
01.638,0.7685622,-0.1699935,9.692024
01.677,0.7685622,-0.15802214,9.675264
01.705,0.76616794,-0.15083931,9.687236
01.745,0.7541966,-0.15323359,9.684841
01.776,0.75659084,-0.15802214,9.684841
01.806,0.7877164,-0.15802214,9.692024
01.851,0.7781393,-0.17238778,9.687236
01.877,0.77574503,-0.14844504,9.682447
01.915,0.7637737,-0.16759923,9.680053
01.944,0.76616794,-0.15083931,9.675264
01.976,0.7685622,-0.16041641,9.687236
02.016,0.77574503,-0.15802214,9.672871
02.046,0.7781393,-0.15562786,9.687236
02.076,0.7589851,-0.16281068,9.6896305
02.117,0.76616794,-0.16281068,9.6896305
02.145,0.76137936,-0.16520496,9.684841
02.178,0.7541966,-0.18196489,9.684841
02.217,0.7685622,-0.17238778,9.694419
02.246,0.7733508,-0.16520496,9.682447
02.279,0.7805336,-0.15323359,9.672871
02.319,0.7685622,-0.15323359,9.680053
02.346,0.7805336,-0.16281068,9.684841
02.378,0.7637737,-0.15562786,9.670476
02.419,0.7589851,-0.15083931,9.680053
02.446,0.7853221,-0.17238778,9.684841
02.478,0.7805336,-0.15083931,9.687236
02.518,0.76616794,-0.15562786,9.668081
02.546,0.76137936,-0.14365649,9.684841
02.586,0.7637737,-0.16281068,9.672871
02.617,0.7805336,-0.15323359,9.699207
02.647,0.7781393,-0.15562786,9.682447
02.686,0.7805336,-0.16520496,9.677659
02.716,0.7877164,-0.17478207,9.675264
02.749,0.7733508,-0.15323359,9.687236
02.785,0.7733508,-0.16041641,9.684841
02.816,0.76616794,-0.17238778,9.672871
02.857,0.7541966,-0.16041641,9.696813
02.887,0.76616794,-0.17238778,9.675264
02.916,0.7781393,-0.14365649,9.672871
02.957,0.7685622,-0.15083931,9.680053
02.984,0.7972935,-0.16520496,9.687236
03.016,0.7685622,-0.15802214,9.680053
03.057,0.75180227,-0.15083931,9.682447
03.086,0.7733508,-0.17478207,9.684841
03.117,0.7685622,-0.15323359,9.692024
03.157,0.7805336,-0.16281068,9.680053
03.186,0.76137936,-0.15802214,9.699207
03.217,0.7685622,-0.1699935,9.692024
03.257,0.749408,-0.14844504,9.680053
03.286,0.7733508,-0.16281068,9.677659
03.318,0.7805336,-0.17957062,9.694419
03.357,0.7781393,-0.15323359,9.675264
03.386,0.7709565,-0.16041641,9.694419
03.427,0.74701375,-0.17478207,9.675264
03.457,0.7709565,-0.17478207,9.680053
03.485,0.7781393,-0.15802214,9.677659
03.525,0.7805336,-0.16041641,9.680053
03.557,0.7589851,-0.17717634,9.677659
03.586,0.7733508,-0.16281068,9.672871
03.620,0.7709565,-0.15323359,9.680053
03.657,0.7733508,-0.15802214,9.677659
03.697,0.7589851,-0.15802214,9.696813
03.726,0.749408,-0.15802214,9.682447
03.757,0.7685622,-0.14605077,9.680053
03.797,0.7637737,-0.17478207,9.672871
03.830,0.7589851,-0.16520496,9.677659
03.859,0.7685622,-0.16281068,9.687236
03.896,0.7637737,-0.15562786,9.687236
03.924,0.7685622,-0.16041641,9.672871
03.959,0.76616794,-0.16759923,9.687236
03.997,0.7637737,-0.14365649,9.675264
04.025,0.7805336,-0.15323359,9.692024
04.056,0.7733508,-0.1699935,9.692024
04.099,0.7709565,-0.14844504,9.687236
04.126,0.76137936,-0.16520496,9.665688
04.157,0.75659084,-0.16281068,9.680053
04.197,0.7733508,-0.14605077,9.668081
04.226,0.7685622,-0.16281068,9.665688
04.266,0.76616794,-0.15083931,9.692024
04.297,0.7829279,-0.17717634,9.675264
04.326,0.7829279,-0.15802214,9.692024
04.365,0.77574503,-0.15802214,9.663293
04.397,0.7853221,-0.1699935,9.687236
04.426,0.7709565,-0.16281068,9.672871
04.466,0.7829279,-0.15083931,9.682447
04.496,0.76137936,-0.16041641,9.684841
04.527,0.76137936,-0.15562786,9.694419
04.565,0.7877164,-0.16281068,9.687236
04.597,0.77574503,-0.15083931,9.670476
04.638,0.7733508,-0.16281068,9.6896305
04.666,0.7589851,-0.17238778,9.677659
04.697,0.7637737,-0.15323359,9.668081
04.737,0.7637737,-0.16520496,9.6896305
04.765,0.77574503,-0.15083931,9.7135725
04.796,0.7781393,-0.1699935,9.692024
04.839,0.7733508,-0.17238778,9.675264
04.869,0.76616794,-0.15562786,9.684841
04.904,0.7901107,-0.15083931,9.677659
04.936,0.7709565,-0.15562786,9.6585045
04.965,0.7589851,-0.1699935,9.692024
05.004,0.76137936,-0.16520496,9.687236
05.036,0.7733508,-0.16281068,9.672871
05.066,0.76616794,-0.16041641,9.692024
05.104,0.7637737,-0.15083931,9.6896305
05.135,0.7781393,-0.16041641,9.677659
05.165,0.7637737,-0.16759923,9.687236
05.204,0.77574503,-0.16759923,9.677659
05.235,0.7709565,-0.16520496,9.6896305
05.275,0.749408,-0.14605077,9.677659
05.304,0.7685622,-0.15323359,9.682447
05.336,0.7733508,-0.16041641,9.677659
05.376,0.7733508,-0.16520496,9.672871
05.406,0.7853221,-0.15323359,9.670476
05.437,0.7637737,-0.15562786,9.682447
05.476,0.7781393,-0.15802214,9.682447
05.506,0.7709565,-0.1699935,9.6896305
05.537,0.7829279,-0.15562786,9.672871
05.577,0.75180227,-0.14844504,9.703996
05.606,0.77574503,-0.16281068,9.6896305
05.637,0.76616794,-0.17957062,9.660899
05.677,0.7685622,-0.15323359,9.675264
05.705,0.7709565,-0.16281068,9.677659
05.737,0.7709565,-0.15562786,9.684841
05.776,0.7829279,-0.16281068,9.684841
05.804,0.7589851,-0.16759923,9.687236
05.837,0.74701375,-0.16520496,9.660899
05.877,0.75659084,-0.15323359,9.682447
05.905,0.75659084,-0.15323359,9.696813
05.944,0.77574503,-0.17238778,9.701602
05.975,0.7733508,-0.15562786,9.692024
06.017,0.7685622,-0.15802214,9.694419
06.045,0.7829279,-0.16759923,9.668081
06.076,0.7709565,-0.16281068,9.675264
06.117,0.7733508,-0.16041641,9.675264
06.145,0.75180227,-0.15562786,9.684841
06.177,0.77574503,-0.15323359,9.703996
06.217,0.7637737,-0.15562786,9.670476
06.246,0.7685622,-0.15323359,9.682447
06.276,0.7685622,-0.15562786,9.694419
06.316,0.7805336,-0.15323359,9.6896305
06.345,0.7589851,-0.16041641,9.687236
06.376,0.76616794,-0.16041641,9.670476
06.417,0.77574503,-0.16281068,9.668081
06.446,0.76616794,-0.16759923,9.672871
06.477,0.77574503,-0.14605077,9.680053
06.516,0.7685622,-0.16759923,9.682447
06.546,0.7709565,-0.15323359,9.684841
06.576,0.7637737,-0.14844504,9.672871
06.617,0.76137936,-0.16281068,9.672871
06.646,0.7877164,-0.18435916,9.684841
06.689,0.7637737,-0.16759923,9.682447
06.715,0.7709565,-0.16281068,9.677659
06.745,0.7685622,-0.17238778,9.680053
06.784,0.76616794,-0.14605077,9.680053
06.815,0.7733508,-0.17717634,9.6896305
06.846,0.77574503,-0.15562786,9.682447
06.879,0.77574503,-0.16281068,9.677659
06.925,0.77574503,-0.15083931,9.668081
06.946,0.75180227,-0.16281068,9.6896305
06.985,0.7637737,-0.15323359,9.677659
07.016,0.7733508,-0.16520496,9.6896305
07.056,0.7685622,-0.14844504,9.684841
07.087,0.76616794,-0.1699935,9.680053
07.117,0.7685622,-0.16041641,9.694419
07.158,0.7781393,-0.17717634,9.687236
07.187,0.7709565,-0.16041641,9.675264
07.218,0.7685622,-0.15562786,9.682447
07.258,0.7781393,-0.14365649,9.696813
07.286,0.7709565,-0.16281068,9.694419
07.317,0.7781393,-0.14844504,9.694419
07.359,0.7637737,-0.14365649,9.670476
07.388,0.75659084,-0.14844504,9.687236
07.417,0.7781393,-0.16281068,9.684841
07.459,0.7709565,-0.15802214,9.687236
07.487,0.7733508,-0.14844504,9.670476
07.518,0.76137936,-0.16281068,9.680053
07.560,0.7637737,-0.16759923,9.680053
07.586,0.7829279,-0.13647367,9.680053
07.619,0.7805336,-0.16759923,9.696813
07.657,0.7685622,-0.17238778,9.680053
07.687,0.76616794,-0.16520496,9.701602
07.728,0.76137936,-0.1699935,9.684841
07.756,0.7805336,-0.14844504,9.684841
07.786,0.76137936,-0.17238778,9.675264
07.825,0.7733508,-0.16041641,9.6896305
07.857,0.77574503,-0.15083931,9.6896305
07.896,0.7589851,-0.16041641,9.668081
07.926,0.7637737,-0.16041641,9.696813
07.956,0.7781393,-0.16041641,9.687236
07.996,0.7589851,-0.17478207,9.699207
08.027,0.77574503,-0.17957062,9.675264
08.058,0.76616794,-0.16520496,9.682447
08.098,0.7829279,-0.16041641,9.672871
08.126,0.7637737,-0.15323359,9.684841
08.157,0.77574503,-0.15562786,9.6896305
08.197,0.75659084,-0.16041641,9.672871
08.226,0.77574503,-0.16520496,9.703996
08.257,0.75180227,-0.17238778,9.670476
08.300,0.7637737,-0.14844504,9.680053
08.326,0.7829279,-0.17717634,9.684841
08.358,0.7709565,-0.15083931,9.684841
08.397,0.7709565,-0.15323359,9.680053
08.426,0.7733508,-0.17478207,9.6585045
08.461,0.76616794,-0.1699935,9.682447
08.496,0.7781393,-0.16281068,9.6896305
08.526,0.7685622,-0.1699935,9.694419
08.566,0.7733508,-0.16281068,9.70639
08.597,0.75659084,-0.17238778,9.675264
08.627,0.7781393,-0.16041641,9.694419
08.669,0.7637737,-0.15562786,9.684841
08.697,0.7805336,-0.1699935,9.677659
08.737,0.7637737,-0.15323359,9.677659
08.767,0.7685622,-0.16041641,9.687236
08.797,0.7829279,-0.1699935,9.682447
08.836,0.75180227,-0.17238778,9.694419
08.865,0.7709565,-0.16281068,9.694419
08.896,0.7733508,-0.17478207,9.6896305
08.936,0.7685622,-0.15562786,9.6896305
08.965,0.7829279,-0.15562786,9.6896305
08.997,0.7901107,-0.16281068,9.6896305
09.037,0.7685622,-0.15323359,9.6896305
09.067,0.76137936,-0.16041641,9.684841
09.097,0.7733508,-0.17238778,9.687236
09.137,0.7589851,-0.16041641,9.682447
09.167,0.7709565,-0.17238778,9.668081
09.197,0.7637737,-0.16041641,9.692024
09.237,0.7637737,-0.15323359,9.696813
09.266,0.7637737,-0.14605077,9.682447
09.307,0.7733508,-0.14126222,9.684841
09.338,0.7685622,-0.16520496,9.684841
09.367,0.7853221,-0.16520496,9.677659
09.405,0.7901107,-0.1699935,9.687236
09.439,0.7637737,-0.15802214,9.680053
09.467,0.7637737,-0.16281068,9.684841
09.506,0.7733508,-0.15802214,9.692024
09.538,0.7781393,-0.1699935,9.687236
09.577,0.76616794,-0.14605077,9.682447
09.606,0.7709565,-0.15562786,9.668081
09.637,0.7781393,-0.16281068,9.682447
09.679,0.7637737,-0.1699935,9.692024
09.707,0.7541966,-0.16520496,9.672871
09.738,0.7709565,-0.15562786,9.6896305
09.776,0.7877164,-0.15323359,9.682447
09.806,0.7685622,-0.15802214,9.672871
09.836,0.7853221,-0.17717634,9.680053
09.876,0.7709565,-0.16041641,9.677659
09.905,0.77574503,-0.15323359,9.680053
09.936,0.7829279,-0.14844504,9.684841
09.976,0.7829279,-0.1699935,9.692024
10.005,0.7781393,-0.15562786,9.677659
10.046,0.76616794,-0.16041641,9.675264
10.079,0.76616794,-0.16759923,9.684841
10.106,0.7685622,-0.14605077,9.687236
10.138,0.7685622,-0.16281068,9.682447
10.176,0.7901107,-0.17238778,9.6896305
10.207,0.7589851,-0.15562786,9.696813
10.245,0.7733508,-0.15562786,9.677659
10.275,0.7709565,-0.16759923,9.670476
10.315,0.76137936,-0.17478207,9.692024
10.344,0.7637737,-0.16281068,9.668081
10.377,0.77574503,-0.15323359,9.687236
10.418,0.7805336,-0.16041641,9.687236
10.447,0.75659084,-0.15083931,9.682447
10.479,0.76137936,-0.16281068,9.680053
10.517,0.76137936,-0.16520496,9.680053
10.545,0.7709565,-0.16041641,9.672871
10.577,0.7685622,-0.14605077,9.682447
10.618,0.79250497,-0.15083931,9.70639
10.646,0.77574503,-0.15323359,9.6896305
10.677,0.7781393,-0.16041641,9.6585045
10.717,0.77574503,-0.13886794,9.696813
10.746,0.7637737,-0.17238778,9.6896305
10.777,0.7589851,-0.16281068,9.703996
10.817,0.7781393,-0.17238778,9.699207
10.846,0.7709565,-0.17478207,9.684841
10.881,0.7709565,-0.17238778,9.675264
10.916,0.7541966,-0.16041641,9.680053
10.945,0.7541966,-0.15802214,9.665688
10.988,0.7637737,-0.15802214,9.668081
11.015,0.75659084,-0.16759923,9.668081
11.045,0.7853221,-0.15802214,9.675264
11.086,0.7589851,-0.15802214,9.682447
11.117,0.7637737,-0.15083931,9.696813
11.159,0.77574503,-0.16759923,9.675264
11.186,0.7709565,-0.15802214,9.670476
11.216,0.76137936,-0.15562786,9.675264
11.258,0.7709565,-0.16041641,9.677659
11.285,0.7637737,-0.15083931,9.660899
11.316,0.7781393,-0.16520496,9.684841
11.359,0.75659084,-0.17717634,9.687236
11.386,0.7901107,-0.16520496,9.677659
11.417,0.7829279,-0.16520496,9.680053
11.457,0.75659084,-0.16759923,9.682447
11.487,0.7829279,-0.15083931,9.694419
11.519,0.7709565,-0.14844504,9.684841
11.558,0.7589851,-0.14605077,9.677659
11.586,0.7709565,-0.16281068,9.682447
11.617,0.7709565,-0.18435916,9.684841
11.657,0.76616794,-0.15323359,9.675264
11.686,0.76616794,-0.16520496,9.684841
11.717,0.75659084,-0.16041641,9.675264
11.757,0.75659084,-0.1699935,9.682447
11.785,0.7805336,-0.17478207,9.692024
11.826,0.77574503,-0.16759923,9.687236
11.863,0.7853221,-0.18196489,9.682447
11.896,0.7685622,-0.14605077,9.677659
11.925,0.7901107,-0.15083931,9.668081
11.956,0.7829279,-0.15562786,9.672871
11.997,0.77574503,-0.15083931,9.699207
12.025,0.7733508,-0.16281068,9.684841
12.058,0.76137936,-0.16041641,9.684841
12.087,0.76616794,-0.15323359,9.6896305
12.125,0.75180227,-0.15802214,9.684841
12.157,0.75180227,-0.15323359,9.6896305
12.198,0.76616794,-0.16041641,9.684841
12.226,0.7637737,-0.15083931,9.677659
12.257,0.76616794,-0.16041641,9.6896305
12.298,0.7709565,-0.15562786,9.677659
12.327,0.75659084,-0.16759923,9.668081
12.358,0.7733508,-0.15802214,9.680053
12.396,0.7637737,-0.15562786,9.692024
12.426,0.7733508,-0.16281068,9.677659
12.458,0.749408,-0.15802214,9.672871
12.498,0.7685622,-0.17478207,9.675264
12.526,0.7709565,-0.15083931,9.680053
12.557,0.7685622,-0.16759923,9.6896305
12.598,0.7733508,-0.16041641,9.687236
12.626,0.76616794,-0.16520496,9.6896305
12.666,0.7709565,-0.1699935,9.680053
12.697,0.7685622,-0.16281068,9.680053
12.726,0.77574503,-0.15802214,9.687236
12.769,0.76616794,-0.14605077,9.692024
12.797,0.77574503,-0.1699935,9.687236
12.836,0.7805336,-0.15083931,9.670476
12.866,0.75659084,-0.16520496,9.680053
12.896,0.76616794,-0.17238778,9.684841
12.938,0.7685622,-0.15083931,9.672871
12.965,0.7637737,-0.14844504,9.677659
12.996,0.75180227,-0.14365649,9.687236
13.036,0.75659084,-0.15083931,9.670476
13.066,0.7853221,-0.17717634,9.670476
13.096,0.7685622,-0.1699935,9.684841
13.138,0.7829279,-0.17717634,9.668081
13.165,0.7709565,-0.16281068,9.682447
13.197,0.7829279,-0.16041641,9.687236
13.238,0.7829279,-0.14844504,9.672871
13.267,0.7709565,-0.16520496,9.682447
13.297,0.7733508,-0.16520496,9.680053
13.337,0.7637737,-0.16759923,9.675264
13.365,0.7685622,-0.15323359,9.680053
13.398,0.77574503,-0.16041641,9.684841
13.438,0.7733508,-0.15562786,9.677659
13.467,0.7733508,-0.16520496,9.692024
13.506,0.76137936,-0.16281068,9.675264
13.537,0.76137936,-0.17717634,9.694419
13.566,0.7781393,-0.14844504,9.668081
13.606,0.76137936,-0.17717634,9.682447
13.637,0.76137936,-0.15562786,9.677659
13.666,0.7685622,-0.15323359,9.6896305
13.706,0.74222517,-0.15802214,9.663293
13.737,0.7733508,-0.16759923,9.675264
13.777,0.77574503,-0.1699935,9.692024
13.805,0.7709565,-0.14844504,9.684841
13.846,0.7733508,-0.16520496,9.692024
13.877,0.7637737,-0.1699935,9.682447
13.905,0.7637737,-0.17238778,9.675264
13.937,0.7733508,-0.16759923,9.675264
13.977,0.7781393,-0.16759923,9.696813
14.005,0.7589851,-0.15802214,9.687236
14.037,0.7637737,-0.16281068,9.668081
14.078,0.77574503,-0.15802214,9.687236
14.106,0.7685622,-0.15562786,9.675264
14.137,0.7805336,-0.16520496,9.701602
14.178,0.7685622,-0.15562786,9.694419
14.208,0.75180227,-0.15083931,9.675264
14.239,0.7589851,-0.15562786,9.672871
14.279,0.7709565,-0.17478207,9.682447
14.309,0.7709565,-0.15802214,9.692024
14.339,0.76616794,-0.15802214,9.668081
14.378,0.76137936,-0.15083931,9.684841
14.407,0.76616794,-0.17478207,9.677659
14.439,0.76137936,-0.16281068,9.663293
14.479,0.7877164,-0.16041641,9.680053
14.507,0.7709565,-0.16520496,9.687236
14.548,0.7805336,-0.15802214,9.684841
14.580,0.75659084,-0.16281068,9.680053
14.608,0.76616794,-0.15323359,9.684841
14.648,0.76616794,-0.16520496,9.6585045
14.679,0.7805336,-0.17238778,9.684841
14.708,0.75659084,-0.15323359,9.687236
14.741,0.79250497,-0.17717634,9.670476
14.780,0.77574503,-0.16041641,9.687236
14.818,0.7829279,-0.16041641,9.6896305
14.847,0.76137936,-0.16281068,9.677659
14.877,0.7589851,-0.16281068,9.670476
14.917,0.77574503,-0.17238778,9.6896305
14.947,0.7685622,-0.15802214,9.672871
14.977,0.7829279,-0.16520496,9.687236
15.018,0.7781393,-0.15802214,9.682447
15.047,0.77574503,-0.16759923,9.670476
15.079,0.7709565,-0.16041641,9.684841
15.124,0.7685622,-0.16281068,9.665688
15.147,0.7637737,-0.12929083,9.694419
15.186,0.7589851,-0.17238778,9.687236
15.217,0.7637737,-0.16041641,9.6585045
15.246,0.7733508,-0.15562786,9.677659
15.285,0.7781393,-0.17478207,9.677659
15.318,0.77574503,-0.14605077,9.687236
15.346,0.76616794,-0.15802214,9.687236
15.387,0.7733508,-0.15802214,9.656111
15.418,0.7685622,-0.14126222,9.687236
15.447,0.76137936,-0.16281068,9.672871
15.487,0.7637737,-0.16041641,9.668081
15.519,0.75659084,-0.1699935,9.6896305
15.559,0.76616794,-0.15802214,9.668081
15.586,0.7685622,-0.15562786,9.675264
15.619,0.7709565,-0.14605077,9.687236
15.659,0.77574503,-0.14365649,9.684841
15.687,0.7709565,-0.15802214,9.665688
15.719,0.76616794,-0.16281068,9.675264
15.750,0.7685622,-0.1699935,9.668081
15.787,0.7901107,-0.1699935,9.677659
15.818,0.76137936,-0.16041641,9.6896305
15.857,0.7589851,-0.14844504,9.694419
15.886,0.749408,-0.17238778,9.682447
15.918,0.7733508,-0.14605077,9.680053
15.957,0.7805336,-0.16759923,9.668081
15.986,0.7446195,-0.15323359,9.692024
16.026,0.7733508,-0.15802214,9.672871
16.058,0.7877164,-0.16759923,9.680053
16.088,0.76616794,-0.15802214,9.677659
16.127,0.7709565,-0.14365649,9.684841
16.159,0.7805336,-0.1699935,9.699207
16.187,0.7589851,-0.15562786,9.677659
16.227,0.7589851,-0.17238778,9.677659
16.259,0.7637737,-0.17957062,9.684841
16.287,0.76616794,-0.15802214,9.675264
16.328,0.7709565,-0.15802214,9.680053
16.359,0.7829279,-0.15562786,9.687236
16.397,0.76616794,-0.14844504,9.680053
16.426,0.7637737,-0.16281068,9.677659
16.459,0.7781393,-0.14126222,9.684841
16.497,0.7541966,-0.15323359,9.670476
16.527,0.7637737,-0.16281068,9.684841
16.559,0.7829279,-0.16759923,9.682447
16.599,0.75659084,-0.17238778,9.675264
16.628,0.7637737,-0.15323359,9.656111
16.657,0.7901107,-0.16041641,9.684841
16.698,0.7805336,-0.16041641,9.703996
16.727,0.7589851,-0.15083931,9.656111
16.757,0.7733508,-0.15083931,9.684841
16.797,0.77574503,-0.17957062,9.699207
16.827,0.7589851,-0.15562786,9.670476
16.862,0.7637737,-0.16281068,9.675264
16.896,0.76616794,-0.16041641,9.687236
16.925,0.76616794,-0.17238778,9.680053
16.966,0.7709565,-0.16759923,9.680053
16.998,0.7637737,-0.16041641,9.684841
17.037,0.7637737,-0.14844504,9.692024
17.067,0.7709565,-0.15562786,9.6896305
17.100,0.7901107,-0.15802214,9.6896305
17.127,0.76137936,-0.16281068,9.696813
17.168,0.7853221,-0.16041641,9.692024
17.198,0.7637737,-0.16041641,9.692024
17.239,0.7733508,-0.17238778,9.680053
17.267,0.7733508,-0.14365649,9.677659
17.299,0.7805336,-0.1699935,9.680053
17.328,0.77574503,-0.15323359,9.660899
17.367,0.7589851,-0.16041641,9.677659
17.399,0.7685622,-0.16281068,9.680053
17.439,0.7589851,-0.15802214,9.692024
17.467,0.7637737,-0.16520496,9.682447
17.499,0.7877164,-0.15562786,9.675264
17.540,0.7637737,-0.16520496,9.687236
17.567,0.7877164,-0.16041641,9.684841
17.599,0.7589851,-0.1699935,9.694419
17.639,0.7853221,-0.16520496,9.684841
17.667,0.7685622,-0.16281068,9.670476
17.698,0.7637737,-0.15802214,9.703996
17.739,0.7589851,-0.16759923,9.682447
17.766,0.75180227,-0.15562786,9.672871
17.806,0.77574503,-0.15802214,9.680053
17.841,0.75659084,-0.13168511,9.694419
17.867,0.7685622,-0.1699935,9.692024
17.906,0.7541966,-0.16759923,9.687236
17.934,0.7709565,-0.14844504,9.675264
17.977,0.76616794,-0.15083931,9.687236
18.006,0.76616794,-0.15562786,9.684841
18.037,0.7877164,-0.16520496,9.680053
18.078,0.75659084,-0.16520496,9.694419
18.107,0.75659084,-0.16759923,9.687236
18.138,0.7685622,-0.15802214,9.677659
18.168,0.75180227,-0.16041641,9.682447
18.208,0.7685622,-0.15323359,9.668081
18.239,0.7637737,-0.15083931,9.701602
18.277,0.76137936,-0.17238778,9.675264
18.307,0.76616794,-0.16281068,9.684841
18.339,0.77574503,-0.15562786,9.692024
18.380,0.7805336,-0.18196489,9.682447
18.408,0.7589851,-0.16041641,9.692024
18.438,0.7781393,-0.17238778,9.684841
18.479,0.76137936,-0.16759923,9.6896305
18.507,0.77574503,-0.14126222,9.680053
18.540,0.7685622,-0.16041641,9.687236
18.580,0.7541966,-0.15323359,9.672871
18.607,0.7685622,-0.14365649,9.70639
18.639,0.76616794,-0.16041641,9.682447
18.680,0.7589851,-0.16041641,9.680053
18.708,0.7685622,-0.16759923,9.687236
18.740,0.76137936,-0.14844504,9.675264
18.778,0.7709565,-0.17957062,9.699207
18.818,0.7541966,-0.15562786,9.680053
18.846,0.76616794,-0.16041641,9.692024
18.878,0.7829279,-0.17238778,9.675264
18.917,0.7589851,-0.16759923,9.677659
18.947,0.7805336,-0.16281068,9.680053
18.978,0.77574503,-0.16041641,9.672871
19.017,0.7733508,-0.16759923,9.694419
19.047,0.7805336,-0.16759923,9.687236
19.080,0.75180227,-0.17478207,9.682447
19.118,0.7637737,-0.1699935,9.684841
19.148,0.76137936,-0.16520496,9.687236
19.179,0.7685622,-0.15562786,9.687236
19.219,0.7589851,-0.16520496,9.684841
19.248,0.76616794,-0.1699935,9.672871
19.278,0.7781393,-0.16281068,9.684841
19.319,0.7685622,-0.15323359,9.692024
19.347,0.7709565,-0.15562786,9.682447
19.379,0.7781393,-0.16041641,9.692024
19.421,0.7829279,-0.1699935,9.692024
19.447,0.7589851,-0.15802214,9.692024
19.479,0.7589851,-0.15562786,9.692024
19.519,0.7685622,-0.16281068,9.684841
19.550,0.76137936,-0.16041641,9.677659
19.583,0.79250497,-0.16520496,9.680053
19.619,0.7709565,-0.16281068,9.694419
19.647,0.7829279,-0.1699935,9.682447
19.687,0.7781393,-0.15802214,9.677659
19.718,0.7685622,-0.16759923,9.687236
19.759,0.76616794,-0.15802214,9.675264
19.788,0.7733508,-0.15083931,9.696813
19.819,0.7685622,-0.15323359,9.672871
19.859,0.7685622,-0.15562786,9.694419
19.886,0.7805336,-0.15562786,9.711179
19.919,0.7589851,-0.15802214,9.684841
19.959,0.7637737,-0.16041641,9.675264
19.986,0.7829279,-0.16520496,9.670476
20.018,0.76137936,-0.16281068,9.684841
20.059,0.7709565,-0.15802214,9.682447
20.087,0.7805336,-0.15562786,9.675264
20.118,0.7733508,-0.16520496,9.682447
20.169,0.7637737,-0.17957062,9.687236
20.188,0.7829279,-0.15802214,9.692024
20.219,0.749408,-0.16520496,9.699207
20.257,0.76137936,-0.16759923,9.692024
20.286,0.76616794,-0.16520496,9.687236
20.326,0.7781393,-0.17717634,9.675264
20.357,0.7637737,-0.16520496,9.684841
20.387,0.7709565,-0.16759923,9.692024
20.428,0.76137936,-0.14605077,9.6896305
20.459,0.7685622,-0.17478207,9.682447
20.487,0.76616794,-0.15083931,9.677659
20.522,0.77574503,-0.16520496,9.672871
20.561,0.7829279,-0.15562786,9.675264
20.600,0.75659084,-0.14126222,9.677659
20.627,0.76137936,-0.16520496,9.680053
20.660,0.7589851,-0.14844504,9.696813
20.698,0.76137936,-0.15802214,9.682447
20.728,0.7781393,-0.16041641,9.677659
20.758,0.7637737,-0.1699935,9.680053
20.798,0.7709565,-0.15562786,9.672871
20.827,0.7781393,-0.15323359,9.672871
20.859,0.76616794,-0.16041641,9.692024
20.898,0.7733508,-0.14605077,9.668081
20.926,0.7685622,-0.15323359,9.670476
20.957,0.75659084,-0.1699935,9.696813
20.997,0.7709565,-0.16041641,9.682447
21.027,0.7805336,-0.15802214,9.675264
21.060,0.7733508,-0.15802214,9.6896305
21.099,0.7733508,-0.1699935,9.675264
21.127,0.7637737,-0.17238778,9.682447
21.167,0.7589851,-0.16041641,9.684841
21.198,0.76616794,-0.17717634,9.687236
21.228,0.7709565,-0.16520496,9.677659
21.268,0.7637737,-0.16281068,9.675264
21.299,0.7637737,-0.16281068,9.682447
21.328,0.77574503,-0.16759923,9.670476
21.367,0.7709565,-0.15323359,9.692024
21.398,0.7781393,-0.15323359,9.694419
21.428,0.7781393,-0.14126222,9.682447
21.467,0.7805336,-0.16759923,9.687236
21.499,0.7781393,-0.16520496,9.684841
21.528,0.7781393,-0.16041641,9.682447
21.568,0.7781393,-0.15083931,9.696813
21.600,0.7972935,-0.15562786,9.675264
21.638,0.7733508,-0.16520496,9.682447
21.668,0.75180227,-0.18196489,9.692024
21.698,0.7805336,-0.17957062,9.675264
21.739,0.76616794,-0.14844504,9.684841
21.766,0.7637737,-0.16759923,9.684841
21.798,0.7541966,-0.15562786,9.687236
21.838,0.7877164,-0.15562786,9.692024
21.865,0.7589851,-0.15562786,9.677659
21.907,0.7829279,-0.16041641,9.680053
21.938,0.749408,-0.16759923,9.696813
21.966,0.76616794,-0.14844504,9.6896305
22.006,0.7733508,-0.16041641,9.668081
22.039,0.76137936,-0.15802214,9.692024
22.067,0.7733508,-0.16759923,9.687236
22.107,0.76137936,-0.15802214,9.668081
22.139,0.7805336,-0.16281068,9.677659
22.168,0.7733508,-0.16281068,9.708784
22.207,0.7781393,-0.14844504,9.696813
22.239,0.7709565,-0.16520496,9.696813
22.280,0.7685622,-0.1699935,9.680053
22.308,0.76616794,-0.15323359,9.687236
22.339,0.75659084,-0.1699935,9.692024
22.379,0.7733508,-0.15083931,9.668081
22.407,0.7589851,-0.16759923,9.684841
22.439,0.76137936,-0.15083931,9.672871
22.478,0.7733508,-0.15802214,9.670476
22.507,0.7685622,-0.16520496,9.687236
22.539,0.7637737,-0.1699935,9.680053
22.579,0.7853221,-0.17717634,9.687236
22.607,0.7877164,-0.16520496,9.677659
22.639,0.76137936,-0.16759923,9.682447
22.680,0.7733508,-0.16520496,9.672871
22.708,0.7637737,-0.16281068,9.687236
22.739,0.77574503,-0.16520496,9.675264
22.778,0.7637737,-0.16041641,9.687236
22.807,0.7733508,-0.15802214,9.687236
22.847,0.76616794,-0.17238778,9.677659
22.878,0.76616794,-0.16759923,9.668081
22.906,0.7829279,-0.16520496,9.692024
22.946,0.7709565,-0.1699935,9.692024
22.977,0.75180227,-0.1699935,9.694419
23.018,0.76616794,-0.15323359,9.675264
23.046,0.7541966,-0.14365649,9.682447
23.079,0.7829279,-0.15083931,9.692024
23.119,0.76137936,-0.15562786,9.670476
23.147,0.7781393,-0.15802214,9.696813
23.179,0.76616794,-0.14365649,9.680053
23.219,0.76616794,-0.15323359,9.696813
23.248,0.7637737,-0.16281068,9.6896305
23.279,0.7685622,-0.14844504,9.684841
23.309,0.7637737,-0.15802214,9.680053
23.347,0.76137936,-0.15323359,9.684841
23.378,0.76616794,-0.16759923,9.687236
23.418,0.7877164,-0.16281068,9.6896305
23.447,0.7853221,-0.17238778,9.675264
23.478,0.77574503,-0.14844504,9.682447
23.518,0.76616794,-0.16520496,9.687236
23.546,0.7781393,-0.15802214,9.699207
23.580,0.77574503,-0.16041641,9.701602
23.618,0.7685622,-0.1699935,9.687236
23.647,0.76616794,-0.15562786,9.677659
23.680,0.7685622,-0.15802214,9.675264
23.719,0.7709565,-0.16041641,9.684841
23.747,0.7685622,-0.16041641,9.6896305
23.787,0.7829279,-0.15083931,9.687236
23.817,0.7709565,-0.14844504,9.684841
23.861,0.7781393,-0.15323359,9.672871
23.886,0.7685622,-0.16281068,9.682447
23.917,0.7709565,-0.1699935,9.672871
23.957,0.77574503,-0.16041641,9.680053
23.986,0.77574503,-0.15562786,9.692024
24.017,0.7589851,-0.15562786,9.687236
24.058,0.75180227,-0.15802214,9.699207
24.087,0.7709565,-0.16759923,9.699207
24.120,0.7637737,-0.16281068,9.6896305
24.158,0.7589851,-0.15323359,9.682447
24.188,0.7589851,-0.16041641,9.677659
24.219,0.7446195,-0.15562786,9.675264
24.259,0.77574503,-0.15083931,9.680053
24.288,0.7685622,-0.15562786,9.682447
24.319,0.7685622,-0.16759923,9.668081
24.357,0.76137936,-0.16281068,9.677659
24.386,0.7589851,-0.16041641,9.6896305
24.419,0.7709565,-0.1699935,9.699207
24.458,0.7781393,-0.15562786,9.694419
24.488,0.7709565,-0.15323359,9.694419
24.527,0.7781393,-0.15802214,9.682447
24.558,0.7709565,-0.16281068,9.663293
24.586,0.76137936,-0.16281068,9.680053
24.627,0.76137936,-0.17478207,9.684841
24.658,0.76137936,-0.1699935,9.682447
24.698,0.7709565,-0.16759923,9.682447
24.728,0.74701375,-0.15802214,9.677659
24.762,0.76616794,-0.13886794,9.694419
24.801,0.7709565,-0.16520496,9.668081
24.828,0.76137936,-0.15802214,9.6896305
24.862,0.7637737,-0.16281068,9.701602
24.898,0.7733508,-0.17717634,9.6896305
24.926,0.7685622,-0.16281068,9.680053
24.957,0.7709565,-0.16520496,9.656111
24.998,0.7733508,-0.1699935,9.684841
25.027,0.76137936,-0.15323359,9.677659
25.058,0.7805336,-0.16520496,9.682447
25.098,0.7709565,-0.15562786,9.684841
25.127,0.7781393,-0.16759923,9.675264
25.160,0.76616794,-0.15802214,9.680053
25.197,0.7685622,-0.15562786,9.672871
25.228,0.7637737,-0.16520496,9.6896305
25.265,0.7709565,-0.16281068,9.70639
25.297,0.7637737,-0.15083931,9.675264
25.326,0.7709565,-0.15802214,9.675264
25.366,0.7589851,-0.15083931,9.696813
25.398,0.7685622,-0.15802214,9.699207
25.427,0.7637737,-0.14605077,9.670476
25.467,0.7637737,-0.16520496,9.684841
25.498,0.7853221,-0.17717634,9.6896305
25.527,0.7709565,-0.14844504,9.6896305
25.567,0.7733508,-0.16041641,9.675264
25.597,0.7709565,-0.16281068,9.684841
25.638,0.77574503,-0.14605077,9.680053
25.668,0.7805336,-0.15802214,9.682447
25.697,0.75659084,-0.16041641,9.692024
25.744,0.7685622,-0.15083931,9.694419
25.765,0.7733508,-0.15323359,9.677659
25.798,0.7637737,-0.17957062,9.680053
25.838,0.7637737,-0.15323359,9.6896305
25.866,0.7685622,-0.16041641,9.670476
25.897,0.7805336,-0.16759923,9.684841
25.937,0.7733508,-0.15562786,9.680053
25.965,0.77574503,-0.14844504,9.680053
25.997,0.7709565,-0.17957062,9.670476
26.037,0.7709565,-0.16520496,9.672871
26.067,0.7805336,-0.16520496,9.680053
26.099,0.7733508,-0.16520496,9.675264
26.137,0.7589851,-0.15323359,9.660899
26.167,0.7637737,-0.15562786,9.675264
26.207,0.7781393,-0.16759923,9.684841
26.238,0.7637737,-0.15323359,9.680053
26.268,0.7733508,-0.16520496,9.684841
26.307,0.7589851,-0.16520496,9.680053
26.338,0.7709565,-0.16759923,9.677659
26.378,0.7685622,-0.16281068,9.684841
26.407,0.7709565,-0.16759923,9.670476
26.438,0.7685622,-0.17478207,9.677659
26.478,0.7589851,-0.16520496,9.6896305
26.507,0.7637737,-0.16520496,9.680053
26.539,0.7637737,-0.16281068,9.694419
26.578,0.7589851,-0.16041641,9.680053
26.607,0.7589851,-0.15802214,9.692024
26.638,0.7637737,-0.15802214,9.670476
26.677,0.7853221,-0.15562786,9.675264
26.709,0.7685622,-0.15562786,9.680053
26.738,0.7805336,-0.16041641,9.694419
26.778,0.7685622,-0.14126222,9.703996
26.806,0.7877164,-0.16041641,9.694419
26.837,0.76137936,-0.14844504,9.665688
26.876,0.75180227,-0.14844504,9.703996
26.905,0.77574503,-0.15323359,9.682447
26.945,0.7853221,-0.15562786,9.696813
26.977,0.7733508,-0.14605077,9.672871
27.006,0.7709565,-0.15083931,9.682447
27.046,0.7637737,-0.14844504,9.684841
27.078,0.7733508,-0.16041641,9.694419
27.106,0.7805336,-0.16520496,9.687236
27.147,0.7589851,-0.15802214,9.675264
27.178,0.7709565,-0.14844504,9.699207
27.207,0.7709565,-0.15083931,9.670476
27.247,0.7709565,-0.15562786,9.677659
27.278,0.7685622,-0.16281068,9.687236
27.319,0.7781393,-0.14365649,9.684841
27.347,0.76616794,-0.16520496,9.682447
27.377,0.7781393,-0.16759923,9.682447
27.418,0.7637737,-0.16520496,9.684841
27.446,0.7709565,-0.16041641,9.672871
27.476,0.7709565,-0.14844504,9.6896305
27.518,0.7709565,-0.1699935,9.680053
27.546,0.79250497,-0.15802214,9.684841
27.576,0.7685622,-0.15083931,9.684841
27.617,0.77574503,-0.16041641,9.687236
27.646,0.76137936,-0.15083931,9.665688
27.685,0.7733508,-0.15083931,9.680053
27.717,0.7685622,-0.15802214,9.672871
27.745,0.7733508,-0.14844504,9.682447
27.785,0.7685622,-0.16520496,9.675264
27.819,0.74701375,-0.15562786,9.672871
27.845,0.7685622,-0.15562786,9.6896305
27.886,0.7398309,-0.15562786,9.677659
27.916,0.7637737,-0.17957062,9.682447
27.957,0.7877164,-0.14844504,9.699207
27.985,0.77574503,-0.15562786,9.675264
28.016,0.7709565,-0.15802214,9.675264
28.056,0.7709565,-0.14605077,9.6896305
28.086,0.7709565,-0.15562786,9.687236
28.118,0.749408,-0.15083931,9.687236
28.157,0.7805336,-0.15802214,9.684841
28.186,0.7829279,-0.15802214,9.670476
28.217,0.7637737,-0.15802214,9.684841
28.258,0.7685622,-0.15323359,9.684841
28.286,0.76137936,-0.15323359,9.680053
28.317,0.7733508,-0.16281068,9.677659
28.357,0.76616794,-0.15562786,9.6896305
28.386,0.7541966,-0.15802214,9.684841
28.418,0.7901107,-0.14605077,9.672871
28.460,0.7709565,-0.16041641,9.699207
28.486,0.7637737,-0.16041641,9.680053
28.517,0.7733508,-0.16041641,9.694419
28.558,0.7709565,-0.17238778,9.6896305
28.586,0.7733508,-0.15323359,9.6896305
28.620,0.7781393,-0.16759923,9.684841
28.657,0.7685622,-0.15562786,9.6896305
28.686,0.77574503,-0.15802214,9.682447
28.723,0.75659084,-0.16281068,9.684841
28.758,0.7733508,-0.14126222,9.684841
28.799,0.7589851,-0.17717634,9.699207
28.821,0.7709565,-0.17717634,9.672871
28.856,0.7781393,-0.15802214,9.672871
28.896,0.7637737,-0.16520496,9.682447
28.925,0.7637737,-0.16520496,9.677659
28.956,0.74222517,-0.16281068,9.682447
28.998,0.7733508,-0.16041641,9.687236
29.025,0.76137936,-0.15562786,9.6896305
29.057,0.76137936,-0.13886794,9.692024
29.097,0.7805336,-0.15562786,9.694419
29.127,0.7685622,-0.16281068,9.684841
29.159,0.7589851,-0.15323359,9.6896305
29.197,0.76137936,-0.16281068,9.6896305
29.227,0.76616794,-0.16041641,9.684841
29.257,0.75659084,-0.15083931,9.684841
29.298,0.76616794,-0.15323359,9.684841
29.326,0.7589851,-0.16281068,9.6896305
29.357,0.7781393,-0.1699935,9.668081
29.396,0.7781393,-0.1699935,9.692024
29.427,0.7685622,-0.15562786,9.684841
29.467,0.7685622,-0.1699935,9.6896305
29.497,0.7733508,-0.1699935,9.687236
29.527,0.7685622,-0.16041641,9.668081
29.566,0.7733508,-0.15802214,9.672871
29.597,0.7709565,-0.15083931,9.672871
29.626,0.7685622,-0.15323359,9.699207
29.667,0.77574503,-0.16281068,9.680053
29.697,0.76616794,-0.16759923,9.665688
29.727,0.75180227,-0.14844504,9.682447
29.765,0.7685622,-0.16520496,9.682447
29.795,0.76137936,-0.15323359,9.694419
29.837,0.76616794,-0.15323359,9.703996
29.866,0.75659084,-0.15562786,9.680053
29.897,0.7733508,-0.1699935,9.687236
29.938,0.7709565,-0.15323359,9.687236
29.965,0.7829279,-0.15802214,9.675264
29.999,0.7733508,-0.15562786,9.6896305
30.038,0.7709565,-0.16520496,9.694419
30.065,0.7589851,-0.16041641,9.677659
30.097,0.7709565,-0.15323359,9.675264
30.137,0.7637737,-0.16759923,9.694419
30.166,0.7805336,-0.16520496,9.680053
30.200,0.7685622,-0.16281068,9.682447
30.237,0.7877164,-0.16759923,9.680053
30.265,0.749408,-0.1699935,9.687236
30.305,0.76137936,-0.17238778,9.6896305
30.337,0.76616794,-0.15802214,9.684841
30.365,0.7853221,-0.15562786,9.687236
30.405,0.76137936,-0.17238778,9.672871
30.438,0.7733508,-0.16759923,9.6896305
30.466,0.7685622,-0.14365649,9.682447
30.507,0.7877164,-0.16759923,9.687236
30.537,0.7829279,-0.15802214,9.677659
30.567,0.77574503,-0.16041641,9.687236
30.606,0.7637737,-0.16520496,9.692024
30.639,0.7733508,-0.14844504,9.680053
30.677,0.76137936,-0.16281068,9.6896305
30.706,0.7781393,-0.15323359,9.687236
30.736,0.77574503,-0.18435916,9.680053
30.778,0.7805336,-0.16759923,9.670476
30.809,0.75659084,-0.15802214,9.684841
30.836,0.7637737,-0.16520496,9.6896305
30.876,0.7541966,-0.15562786,9.680053
30.905,0.7589851,-0.16041641,9.668081
30.936,0.7805336,-0.15562786,9.687236
30.976,0.77574503,-0.15802214,9.665688
31.005,0.7877164,-0.13886794,9.680053
31.038,0.7733508,-0.17717634,9.687236
31.077,0.7805336,-0.18435916,9.675264
31.106,0.7685622,-0.15562786,9.660899
31.139,0.7709565,-0.16520496,9.694419
31.177,0.77574503,-0.16520496,9.694419
31.206,0.7709565,-0.15083931,9.677659
31.247,0.7733508,-0.17238778,9.675264
31.277,0.7637737,-0.16520496,9.694419
31.306,0.7446195,-0.1699935,9.699207
31.346,0.749408,-0.15083931,9.675264
31.378,0.75180227,-0.16759923,9.6896305
31.418,0.7733508,-0.16520496,9.682447
31.446,0.76616794,-0.15802214,9.677659
31.477,0.77574503,-0.15802214,9.684841
31.518,0.7446195,-0.15083931,9.682447
31.547,0.7446195,-0.15323359,9.684841
31.577,0.7709565,-0.17478207,9.684841
31.617,0.75659084,-0.15802214,9.677659
31.647,0.7685622,-0.16281068,9.682447
31.678,0.7637737,-0.15562786,9.6896305
31.717,0.7637737,-0.16520496,9.675264
31.746,0.7685622,-0.14844504,9.682447
31.777,0.7589851,-0.15083931,9.668081
31.817,0.7685622,-0.17238778,9.684841
31.845,0.76137936,-0.16520496,9.694419
31.885,0.7805336,-0.15562786,9.682447
31.916,0.76616794,-0.15802214,9.692024
31.945,0.76616794,-0.15802214,9.682447
31.985,0.7589851,-0.16759923,9.680053
32.017,0.7637737,-0.14605077,9.692024
32.046,0.7781393,-0.15083931,9.687236
32.086,0.77574503,-0.15323359,9.677659
32.118,0.7709565,-0.15562786,9.687236
32.146,0.7637737,-0.16041641,9.680053
32.186,0.7637737,-0.15083931,9.675264
32.219,0.749408,-0.1699935,9.694419
32.247,0.7781393,-0.16041641,9.694419
32.286,0.7709565,-0.16759923,9.663293
32.317,0.75180227,-0.1699935,9.711179
32.348,0.76616794,-0.14844504,9.684841
32.387,0.76616794,-0.15323359,9.699207
32.418,0.76616794,-0.16281068,9.680053
32.459,0.75180227,-0.1699935,9.680053
32.487,0.77574503,-0.14844504,9.687236
32.517,0.7541966,-0.16281068,9.675264
32.557,0.76137936,-0.15562786,9.668081
32.586,0.7541966,-0.15562786,9.696813
32.619,0.749408,-0.15562786,9.682447
32.658,0.7685622,-0.15323359,9.692024
32.686,0.7733508,-0.16281068,9.692024
32.718,0.7805336,-0.16041641,9.665688
32.760,0.7709565,-0.17238778,9.687236
32.785,0.7709565,-0.15323359,9.6896305
32.826,0.75659084,-0.1699935,9.6896305
32.856,0.7589851,-0.15562786,9.687236
32.885,0.7637737,-0.15083931,9.687236
32.925,0.76616794,-0.14844504,9.677659
32.956,0.76616794,-0.16281068,9.694419
32.997,0.75659084,-0.15562786,9.6896305
33.026,0.77574503,-0.16281068,9.677659
33.057,0.7709565,-0.15323359,9.682447
33.097,0.7589851,-0.15802214,9.677659
33.126,0.7589851,-0.16520496,9.680053
33.158,0.7709565,-0.16041641,9.682447
33.197,0.7637737,-0.16041641,9.696813
33.226,0.7589851,-0.16281068,9.6896305
33.256,0.76137936,-0.15323359,9.687236
33.298,0.7781393,-0.1699935,9.684841
33.325,0.7685622,-0.16281068,9.682447
33.357,0.7829279,-0.16520496,9.694419
33.397,0.7685622,-0.16041641,9.684841
33.426,0.7589851,-0.16281068,9.677659
33.457,0.7709565,-0.15802214,9.682447
33.496,0.7805336,-0.16759923,9.668081
33.527,0.7733508,-0.15562786,9.6896305
33.567,0.7589851,-0.16520496,9.6896305
33.596,0.7781393,-0.15562786,9.682447
33.626,0.7709565,-0.16041641,9.687236
33.658,0.7781393,-0.15083931,9.672871
33.697,0.76616794,-0.15562786,9.696813
33.727,0.7637737,-0.16520496,9.687236
33.764,0.7709565,-0.14844504,9.699207
33.799,0.7685622,-0.16520496,9.684841
33.827,0.7709565,-0.16759923,9.682447
33.864,0.7853221,-0.16281068,9.672871
33.896,0.7805336,-0.17717634,9.692024
33.936,0.75659084,-0.14844504,9.670476
33.965,0.7709565,-0.15323359,9.684841
33.996,0.7685622,-0.15562786,9.663293
34.036,0.7781393,-0.15562786,9.680053
34.065,0.76137936,-0.16520496,9.665688
34.098,0.76137936,-0.15562786,9.677659
34.138,0.76616794,-0.15562786,9.692024
34.167,0.7685622,-0.16759923,9.682447
34.199,0.7709565,-0.16759923,9.694419
34.237,0.76616794,-0.16281068,9.672871
34.266,0.7589851,-0.16520496,9.677659
34.297,0.75659084,-0.14605077,9.687236
34.337,0.7685622,-0.14605077,9.680053
34.366,0.7709565,-0.16759923,9.692024
34.399,0.7805336,-0.16520496,9.677659
34.437,0.7637737,-0.15802214,9.6896305
34.466,0.7709565,-0.16041641,9.682447
34.506,0.75659084,-0.16520496,9.672871
34.537,0.7541966,-0.14844504,9.692024
34.566,0.7853221,-0.16281068,9.677659
34.606,0.7805336,-0.17478207,9.687236
34.637,0.7637737,-0.16759923,9.680053
34.666,0.7709565,-0.16041641,9.694419
34.705,0.76137936,-0.15562786,9.687236
34.737,0.76137936,-0.16041641,9.694419
34.775,0.7733508,-0.16520496,9.675264
34.806,0.7733508,-0.17238778,9.677659
34.836,0.7733508,-0.16281068,9.672871
34.877,0.76137936,-0.16281068,9.670476
34.906,0.7829279,-0.16520496,9.6896305
34.938,0.7685622,-0.16041641,9.680053
34.977,0.77574503,-0.15083931,9.6896305
35.005,0.7685622,-0.16520496,9.675264
35.036,0.75659084,-0.15562786,9.682447
35.077,0.77574503,-0.16759923,9.694419
35.106,0.7589851,-0.16041641,9.684841
35.145,0.7709565,-0.15802214,9.670476
35.177,0.7637737,-0.15083931,9.692024
35.205,0.75659084,-0.15802214,9.692024
35.237,0.76616794,-0.15562786,9.665688
35.276,0.76137936,-0.16041641,9.6896305
35.305,0.7637737,-0.15323359,9.687236
35.344,0.7589851,-0.15083931,9.687236
35.375,0.77574503,-0.16041641,9.682447
35.405,0.7685622,-0.16041641,9.699207
35.445,0.7733508,-0.17717634,9.680053
35.477,0.7829279,-0.16281068,9.680053
35.506,0.76137936,-0.16759923,9.682447
35.546,0.7733508,-0.14844504,9.677659
35.576,0.7685622,-0.16520496,9.677659
35.617,0.75180227,-0.15802214,9.675264
35.646,0.7637737,-0.15323359,9.687236
35.677,0.7781393,-0.15562786,9.660899
35.716,0.75659084,-0.16281068,9.682447
35.750,0.77574503,-0.17238778,9.684841
35.776,0.76137936,-0.16759923,9.699207
35.817,0.7589851,-0.17238778,9.684841
35.845,0.7709565,-0.14365649,9.680053
35.876,0.7637737,-0.16041641,9.684841
35.916,0.7781393,-0.1699935,9.692024
35.944,0.75659084,-0.15083931,9.682447
35.976,0.7709565,-0.15323359,9.692024
36.016,0.7685622,-0.15083931,9.684841
36.045,0.7685622,-0.15802214,9.675264
36.077,0.76137936,-0.16281068,9.701602
36.117,0.7446195,-0.16520496,9.692024
36.147,0.7637737,-0.15323359,9.696813
36.178,0.77574503,-0.15802214,9.696813
36.217,0.7637737,-0.16041641,9.675264
36.246,0.76616794,-0.15802214,9.680053
36.287,0.7829279,-0.16041641,9.680053
36.317,0.7685622,-0.16281068,9.699207
36.347,0.77574503,-0.17957062,9.682447
36.385,0.7733508,-0.15083931,9.687236
36.417,0.7901107,-0.15083931,9.684841
36.457,0.7733508,-0.16041641,9.668081
36.486,0.7709565,-0.16759923,9.670476
36.516,0.7805336,-0.15802214,9.687236
36.557,0.7685622,-0.14844504,9.670476
36.586,0.7781393,-0.16041641,9.703996
36.617,0.77574503,-0.15323359,9.687236
36.657,0.76616794,-0.17717634,9.684841
36.687,0.7901107,-0.15562786,9.701602
36.718,0.76616794,-0.15562786,9.684841
36.759,0.7781393,-0.16041641,9.6896305
36.786,0.7733508,-0.16520496,9.675264
36.817,0.76137936,-0.16041641,9.675264
36.855,0.74222517,-0.15083931,9.684841
36.885,0.7541966,-0.15562786,9.680053
36.924,0.7781393,-0.15323359,9.684841
36.955,0.7685622,-0.16520496,9.684841
36.985,0.7709565,-0.15562786,9.696813
37.025,0.7733508,-0.14605077,9.696813
37.057,0.7733508,-0.17238778,9.6896305
37.086,0.76137936,-0.14844504,9.665688
37.125,0.7637737,-0.16520496,9.680053
37.157,0.7589851,-0.15802214,9.687236
37.188,0.77574503,-0.16041641,9.699207
37.225,0.7589851,-0.15802214,9.665688
37.257,0.76616794,-0.15562786,9.694419
37.297,0.77574503,-0.15802214,9.677659
37.326,0.7781393,-0.15083931,9.670476
37.357,0.75659084,-0.15083931,9.692024
37.396,0.7637737,-0.16759923,9.684841
37.426,0.7805336,-0.15802214,9.684841
37.457,0.7805336,-0.15562786,9.696813
37.496,0.7589851,-0.16281068,9.694419
37.526,0.7637737,-0.16041641,9.687236
37.557,0.7709565,-0.15562786,9.675264
37.597,0.76137936,-0.15083931,9.672871
37.626,0.7733508,-0.15562786,9.682447
37.657,0.7805336,-0.16759923,9.668081
37.698,0.7685622,-0.15802214,9.675264
37.725,0.77574503,-0.16759923,9.665688
37.758,0.7733508,-0.16759923,9.677659
37.793,0.7901107,-0.16759923,9.682447
37.825,0.7685622,-0.15323359,9.672871
37.864,0.76616794,-0.15083931,9.687236
37.895,0.7446195,-0.15323359,9.677659
37.936,0.76616794,-0.15323359,9.692024
37.965,0.75180227,-0.16520496,9.699207
37.996,0.7805336,-0.17717634,9.668081
38.037,0.7637737,-0.17238778,9.687236
38.066,0.76137936,-0.16281068,9.684841
38.096,0.77574503,-0.14605077,9.687236
38.136,0.7685622,-0.15562786,9.665688
38.165,0.77574503,-0.15562786,9.687236
38.197,0.77574503,-0.15802214,9.699207
38.237,0.7781393,-0.17238778,9.677659
38.265,0.76616794,-0.15562786,9.665688
38.297,0.77574503,-0.16041641,9.687236
38.337,0.76616794,-0.16041641,9.677659
38.365,0.7733508,-0.16520496,9.687236
38.405,0.7637737,-0.14126222,9.682447
38.436,0.76616794,-0.15802214,9.692024
38.465,0.7805336,-0.16281068,9.680053
38.496,0.76137936,-0.16041641,9.677659
38.537,0.7589851,-0.16281068,9.682447
38.565,0.76616794,-0.16520496,9.694419
38.605,0.7541966,-0.16520496,9.675264
38.635,0.76616794,-0.16281068,9.677659
38.664,0.75659084,-0.16520496,9.692024
38.704,0.7733508,-0.16281068,9.692024
38.749,0.7709565,-0.16520496,9.6896305
38.775,0.76137936,-0.15802214,9.677659
38.807,0.76616794,-0.15802214,9.687236
38.836,0.7829279,-0.15562786,9.677659
38.875,0.7733508,-0.15562786,9.687236
38.904,0.7685622,-0.16281068,9.682447
38.935,0.7781393,-0.1699935,9.665688
38.975,0.7637737,-0.16520496,9.696813
39.005,0.76616794,-0.14844504,9.694419
39.036,0.7589851,-0.16520496,9.677659
39.076,0.76616794,-0.16281068,9.680053
39.105,0.7637737,-0.16759923,9.696813
39.137,0.7685622,-0.15323359,9.687236
39.176,0.77574503,-0.15562786,9.672871
39.205,0.7733508,-0.17478207,9.682447
39.238,0.7589851,-0.14844504,9.6896305
39.276,0.7637737,-0.16041641,9.670476
39.306,0.7781393,-0.15083931,9.694419
39.337,0.7685622,-0.16041641,9.692024
39.377,0.7733508,-0.15083931,9.684841
39.406,0.7781393,-0.16281068,9.680053
39.446,0.7733508,-0.15562786,9.696813
39.476,0.75180227,-0.15323359,9.696813
39.506,0.7709565,-0.15562786,9.663293
39.546,0.76616794,-0.16041641,9.680053
39.576,0.7637737,-0.15323359,9.684841
39.605,0.7541966,-0.16520496,9.684841
39.645,0.77574503,-0.16041641,9.687236
39.677,0.7637737,-0.16041641,9.6896305
39.716,0.7685622,-0.16281068,9.670476
39.743,0.7805336,-0.16520496,9.692024
39.777,0.76137936,-0.16041641,9.6896305
39.816,0.7709565,-0.16759923,9.668081
39.844,0.7733508,-0.14844504,9.684841
39.875,0.7709565,-0.17238778,9.687236
39.915,0.7637737,-0.15562786,9.701602
39.945,0.76137936,-0.14605077,9.680053
39.975,0.7541966,-0.15323359,9.703996
40.016,0.7637737,-0.15323359,9.680053
40.045,0.7685622,-0.15802214,9.682447
40.077,0.7781393,-0.16281068,9.670476
40.116,0.7685622,-0.15083931,9.677659
40.144,0.76616794,-0.16520496,9.672871
40.185,0.7709565,-0.16520496,9.665688
40.216,0.76616794,-0.14605077,9.6896305
40.245,0.7685622,-0.16281068,9.682447
40.285,0.75180227,-0.15802214,9.694419
40.316,0.76137936,-0.16520496,9.687236
40.344,0.7685622,-0.15323359,9.684841
40.384,0.7709565,-0.15083931,9.672871
40.415,0.7733508,-0.15562786,9.680053
40.456,0.7685622,-0.16281068,9.672871
40.484,0.7685622,-0.15562786,9.687236
40.515,0.7733508,-0.16520496,9.665688
40.556,0.7805336,-0.15562786,9.694419
40.585,0.7589851,-0.15802214,9.680053
40.617,0.7637737,-0.15562786,9.675264
40.658,0.75180227,-0.16041641,9.694419
40.685,0.7853221,-0.16281068,9.665688
40.715,0.7805336,-0.15562786,9.668081
40.749,0.7733508,-0.16520496,9.692024
40.784,0.75180227,-0.14605077,9.684841
40.816,0.7853221,-0.15802214,9.692024
40.856,0.76137936,-0.15562786,9.687236
40.884,0.7685622,-0.16041641,9.680053
40.924,0.75659084,-0.15083931,9.694419
40.954,0.7637737,-0.16281068,9.687236
40.985,0.76137936,-0.16281068,9.680053
41.025,0.76616794,-0.16281068,9.694419
41.056,0.7709565,-0.16759923,9.687236
41.085,0.75659084,-0.16520496,9.675264
41.118,0.7541966,-0.15562786,9.680053
41.156,0.7685622,-0.15802214,9.692024
41.186,0.77574503,-0.14844504,9.687236
41.218,0.7709565,-0.16520496,9.694419
41.257,0.7853221,-0.16520496,9.680053
41.285,0.7637737,-0.16041641,9.675264
41.325,0.7709565,-0.16281068,9.682447
41.357,0.76616794,-0.15562786,9.675264
41.398,0.76616794,-0.17957062,9.682447
41.424,0.7733508,-0.16041641,9.670476
41.456,0.7446195,-0.16041641,9.684841
41.496,0.7685622,-0.14605077,9.6896305
41.525,0.7685622,-0.16281068,9.665688
41.556,0.76137936,-0.15802214,9.6896305
41.597,0.7637737,-0.16041641,9.687236
41.625,0.76616794,-0.14605077,9.696813
41.658,0.7709565,-0.16281068,9.682447
41.696,0.7685622,-0.15562786,9.682447
41.725,0.7685622,-0.15083931,9.682447
41.756,0.7733508,-0.15323359,9.680053
41.794,0.7733508,-0.15562786,9.677659
41.825,0.7733508,-0.15083931,9.680053
41.866,0.7685622,-0.15323359,9.694419
41.895,0.7685622,-0.16759923,9.687236
41.936,0.76616794,-0.17238778,9.670476
41.964,0.76616794,-0.16041641,9.682447
41.995,0.7709565,-0.16281068,9.677659
42.024,0.76616794,-0.17238778,9.680053
42.066,0.76616794,-0.15802214,9.692024
42.096,0.7685622,-0.13886794,9.682447
42.126,0.77574503,-0.16520496,9.672871
42.165,0.76616794,-0.15802214,9.696813
42.196,0.7829279,-0.16041641,9.684841
42.237,0.7685622,-0.15802214,9.682447
42.266,0.76616794,-0.17957062,9.684841
42.299,0.7637737,-0.15562786,9.672871
42.336,0.7637737,-0.15562786,9.677659
42.365,0.7733508,-0.16281068,9.684841
42.397,0.75659084,-0.15562786,9.682447
42.438,0.7781393,-0.15562786,9.672871
42.465,0.7781393,-0.15323359,9.692024
42.495,0.75659084,-0.15802214,9.670476
42.535,0.77574503,-0.14844504,9.670476
42.564,0.7637737,-0.15802214,9.677659
42.596,0.7781393,-0.16759923,9.682447
42.636,0.76616794,-0.15323359,9.687236
42.664,0.7541966,-0.14605077,9.680053
42.696,0.7589851,-0.16520496,9.684841
42.736,0.7829279,-0.16281068,9.660899
42.764,0.77574503,-0.16759923,9.672871
42.806,0.77574503,-0.16520496,9.694419
42.836,0.7589851,-0.16520496,9.687236
42.864,0.7877164,-0.17478207,9.668081
42.904,0.7829279,-0.16041641,9.675264
42.935,0.76616794,-0.15323359,9.694419
42.975,0.7589851,-0.16520496,9.692024
43.004,0.7781393,-0.16759923,9.680053
43.036,0.7733508,-0.15323359,9.682447
43.077,0.76137936,-0.1699935,9.684841
43.105,0.7829279,-0.16759923,9.665688
43.135,0.76616794,-0.16520496,9.694419
43.177,0.76616794,-0.16281068,9.694419
43.204,0.7589851,-0.16041641,9.680053
43.235,0.7709565,-0.16520496,9.660899
43.276,0.7733508,-0.16281068,9.692024
43.305,0.7709565,-0.14844504,9.663293
43.336,0.7589851,-0.15802214,9.703996
43.378,0.7709565,-0.16281068,9.682447
43.405,0.7709565,-0.1699935,9.692024
43.436,0.76616794,-0.17238778,9.701602
43.477,0.77574503,-0.1699935,9.668081
43.505,0.7709565,-0.16281068,9.670476
43.536,0.7637737,-0.15562786,9.680053
43.576,0.7781393,-0.15802214,9.684841
43.604,0.7709565,-0.16041641,9.687236
43.644,0.77574503,-0.15083931,9.677659
43.675,0.7805336,-0.16281068,9.682447
43.705,0.7589851,-0.14126222,9.677659
43.744,0.7733508,-0.15083931,9.682447
43.775,0.7398309,-0.14365649,9.675264
43.805,0.77574503,-0.14844504,9.680053
43.844,0.7589851,-0.15083931,9.708784
43.875,0.7709565,-0.17478207,9.692024
43.914,0.7589851,-0.16041641,9.675264
43.944,0.75180227,-0.17238778,9.677659
43.974,0.7781393,-0.16281068,9.677659
44.015,0.7589851,-0.17238778,9.670476
44.044,0.7805336,-0.16281068,9.680053
44.076,0.7541966,-0.16281068,9.687236
44.116,0.75180227,-0.15562786,9.677659
44.145,0.7589851,-0.1699935,9.694419
44.175,0.77574503,-0.15562786,9.672871
44.215,0.7589851,-0.15323359,9.677659
44.244,0.7781393,-0.1699935,9.682447
44.276,0.77574503,-0.15802214,9.682447
44.316,0.7709565,-0.15083931,9.670476
44.345,0.7589851,-0.16281068,9.665688
44.384,0.7733508,-0.15323359,9.692024
44.416,0.7709565,-0.16759923,9.684841
44.445,0.75659084,-0.16041641,9.677659
44.484,0.76137936,-0.16520496,9.677659
44.514,0.7829279,-0.15083931,9.677659
44.544,0.76137936,-0.15562786,9.684841
44.585,0.76616794,-0.15083931,9.6896305
44.617,0.7637737,-0.15802214,9.682447
44.655,0.7685622,-0.16281068,9.6896305
44.683,0.75659084,-0.15323359,9.684841
44.716,0.7781393,-0.16281068,9.682447
44.754,0.7829279,-0.15802214,9.687236
44.785,0.7709565,-0.15802214,9.701602
44.817,0.7733508,-0.16281068,9.682447
44.859,0.75659084,-0.16041641,9.684841
44.884,0.76616794,-0.17717634,9.672871
44.916,0.7829279,-0.15083931,9.6896305
44.956,0.77574503,-0.15562786,9.692024
44.984,0.7637737,-0.15562786,9.675264
45.015,0.7637737,-0.16281068,9.682447
45.056,0.7709565,-0.17478207,9.701602
45.085,0.7805336,-0.15562786,9.694419
45.117,0.7685622,-0.16041641,9.699207
45.156,0.76616794,-0.15562786,9.677659
45.185,0.7398309,-0.16041641,9.6896305
45.217,0.7685622,-0.16281068,9.672871
45.263,0.7637737,-0.15802214,9.680053
45.285,0.7709565,-0.1699935,9.682447
45.317,0.76616794,-0.16041641,9.682447
45.356,0.76616794,-0.16041641,9.696813
45.384,0.76137936,-0.14844504,9.694419
45.424,0.7637737,-0.16041641,9.701602
45.455,0.7781393,-0.15083931,9.677659
45.485,0.7733508,-0.16041641,9.677659
45.525,0.749408,-0.16041641,9.6896305
45.556,0.7733508,-0.15562786,9.6896305
45.586,0.7781393,-0.15562786,9.682447
45.626,0.7733508,-0.16281068,9.684841
45.657,0.75659084,-0.14126222,9.694419
45.697,0.7733508,-0.15802214,9.677659
45.725,0.7733508,-0.15802214,9.680053
45.755,0.7805336,-0.15802214,9.687236
45.797,0.75659084,-0.16520496,9.675264
45.825,0.74222517,-0.16520496,9.682447
45.859,0.7709565,-0.15083931,9.694419
45.896,0.749408,-0.15323359,9.682447
45.924,0.7733508,-0.16520496,9.670476
45.964,0.7781393,-0.15562786,9.670476
45.995,0.7541966,-0.15323359,9.699207
46.024,0.77574503,-0.14605077,9.680053
46.065,0.7733508,-0.15323359,9.687236
46.096,0.7709565,-0.15562786,9.684841
46.125,0.7685622,-0.15802214,9.687236
46.165,0.7589851,-0.13647367,9.701602
46.197,0.7829279,-0.16520496,9.680053
46.226,0.7637737,-0.15083931,9.696813
46.265,0.7781393,-0.15083931,9.684841
46.296,0.7637737,-0.16759923,9.668081
46.325,0.7901107,-0.16759923,9.701602
46.364,0.7733508,-0.14126222,9.680053
46.396,0.76616794,-0.15323359,9.696813
46.463,0.7877164,-0.14605077,9.680053
46.497,0.7637737,-0.16281068,9.696813
46.536,0.7877164,-0.17478207,9.684841
46.565,0.7781393,-0.15083931,9.675264
46.597,0.7733508,-0.18435916,9.680053
46.638,0.7853221,-0.15083931,9.677659
46.665,0.7685622,-0.15802214,9.680053
46.696,0.75659084,-0.15083931,9.6896305
46.736,0.76137936,-0.15562786,9.696813
46.765,0.7733508,-0.18435916,9.6896305
46.796,0.7853221,-0.15562786,9.680053
46.837,0.7685622,-0.15562786,9.692024
46.866,0.77574503,-0.14844504,9.696813
46.904,0.76137936,-0.14605077,9.699207
46.935,0.7805336,-0.16520496,9.684841
46.964,0.7805336,-0.15083931,9.672871
47.004,0.77574503,-0.15323359,9.687236
47.036,0.7805336,-0.15083931,9.687236
47.065,0.7781393,-0.14844504,9.677659
47.106,0.77574503,-0.16041641,9.694419
47.136,0.7637737,-0.14365649,9.684841
47.167,0.76616794,-0.17478207,9.6896305
47.207,0.7709565,-0.1699935,9.682447
47.238,0.7685622,-0.17238778,9.699207
47.276,0.7685622,-0.15562786,9.692024
47.307,0.75180227,-0.15323359,9.684841
47.339,0.7541966,-0.15083931,9.703996
47.377,0.77574503,-0.15802214,9.699207
47.406,0.7781393,-0.14844504,9.694419
47.437,0.7805336,-0.16281068,9.701602
47.477,0.76616794,-0.15323359,9.708784
47.506,0.7733508,-0.16520496,9.687236
47.537,0.7637737,-0.17957062,9.692024
47.578,0.76137936,-0.15802214,9.680053
47.606,0.7733508,-0.16041641,9.701602
47.637,0.77574503,-0.16759923,9.687236
47.677,0.76137936,-0.15083931,9.680053
47.706,0.7829279,-0.16759923,9.677659
47.736,0.7853221,-0.15323359,9.687236
47.778,0.76616794,-0.15802214,9.675264
47.806,0.7637737,-0.15562786,9.680053
47.838,0.7709565,-0.16520496,9.696813
47.876,0.7685622,-0.15802214,9.694419
47.904,0.7589851,-0.1699935,9.687236
47.945,0.76616794,-0.16041641,9.665688
47.976,0.7709565,-0.15323359,9.692024
48.006,0.76137936,-0.15562786,9.675264
48.047,0.7589851,-0.15802214,9.670476
48.077,0.7637737,-0.14844504,9.6896305
48.106,0.7637737,-0.1699935,9.687236
48.147,0.7709565,-0.15562786,9.699207
48.176,0.7685622,-0.14605077,9.665688
48.207,0.7637737,-0.15562786,9.703996
48.247,0.7685622,-0.1699935,9.694419
48.277,0.76616794,-0.16520496,9.680053
48.317,0.76616794,-0.17478207,9.670476
48.345,0.76137936,-0.17238778,9.701602
48.377,0.76616794,-0.14605077,9.680053
48.418,0.7877164,-0.16281068,9.6585045
48.445,0.76616794,-0.14844504,9.670476
48.477,0.75659084,-0.14844504,9.665688
48.517,0.76616794,-0.15562786,9.699207
48.546,0.76616794,-0.16759923,9.675264
48.578,0.7805336,-0.16281068,9.684841
48.616,0.76616794,-0.15802214,9.677659
48.646,0.7877164,-0.16041641,9.675264
48.678,0.76137936,-0.15323359,9.694419
48.717,0.7709565,-0.15083931,9.6896305
48.750,0.7781393,-0.1699935,9.682447
48.785,0.77574503,-0.16759923,9.680053
48.817,0.7805336,-0.14605077,9.684841
48.847,0.76616794,-0.14844504,9.684841
48.885,0.7709565,-0.16041641,9.680053
48.917,0.7709565,-0.15802214,9.6896305
48.958,0.7829279,-0.15802214,9.701602
48.985,0.76616794,-0.15323359,9.6896305
49.016,0.7829279,-0.14605077,9.687236
49.057,0.7709565,-0.15323359,9.687236
49.086,0.7589851,-0.15323359,9.696813
49.116,0.7709565,-0.16520496,9.696813
49.156,0.7829279,-0.16041641,9.703996
49.187,0.7805336,-0.1699935,9.6896305
49.217,0.7637737,-0.16281068,9.670476
49.257,0.75659084,-0.1699935,9.672871
49.294,0.7541966,-0.16520496,9.694419
49.317,0.77574503,-0.15083931,9.684841
49.357,0.7637737,-0.15562786,9.675264
49.386,0.76616794,-0.16759923,9.682447
49.417,0.7637737,-0.16041641,9.6896305
49.456,0.7781393,-0.15562786,9.684841
49.485,0.76137936,-0.16520496,9.684841
49.517,0.7685622,-0.17478207,9.687236
49.557,0.76616794,-0.16281068,9.692024
49.586,0.76616794,-0.14605077,9.687236
49.626,0.7829279,-0.1699935,9.684841
49.657,0.76616794,-0.15802214,9.677659
49.686,0.7709565,-0.1699935,9.668081
49.726,0.76137936,-0.14365649,9.663293
49.757,0.7709565,-0.16520496,9.6896305
49.797,0.76616794,-0.15562786,9.680053
49.825,0.7637737,-0.15323359,9.660899
49.857,0.77574503,-0.15562786,9.701602
49.895,0.75659084,-0.15562786,9.696813
49.926,0.7805336,-0.15083931,9.692024
49.956,0.749408,-0.1699935,9.672871
49.996,0.7685622,-0.16520496,9.668081
50.025,0.76616794,-0.16041641,9.677659
50.057,0.7853221,-0.15562786,9.684841
50.088,0.7589851,-0.1340794,9.694419
50.127,0.7637737,-0.14844504,9.692024
50.158,0.7781393,-0.13886794,9.680053
50.198,0.7829279,-0.15562786,9.682447
50.225,0.7685622,-0.14844504,9.680053
50.258,0.77574503,-0.17238778,9.665688
50.297,0.7853221,-0.14126222,9.692024
50.325,0.77574503,-0.15083931,9.684841
50.364,0.7637737,-0.14126222,9.677659
50.396,0.7685622,-0.15323359,9.692024
50.425,0.76137936,-0.14126222,9.672871
50.464,0.7709565,-0.16520496,9.675264
50.496,0.7709565,-0.17478207,9.684841
50.526,0.75659084,-0.16520496,9.684841
50.565,0.7541966,-0.15802214,9.692024
50.597,0.76137936,-0.15323359,9.699207
50.626,0.7398309,-0.15802214,9.696813
50.666,0.7829279,-0.15323359,9.682447
50.696,0.7541966,-0.16281068,9.672871
50.736,0.7685622,-0.15562786,9.687236
50.764,0.7901107,-0.16520496,9.670476
50.797,0.75659084,-0.16281068,9.687236
50.836,0.76616794,-0.14605077,9.677659
50.864,0.76616794,-0.16759923,9.680053
50.895,0.7637737,-0.14844504,9.703996
50.936,0.7733508,-0.16281068,9.687236
50.964,0.7877164,-0.16041641,9.692024
51.005,0.7709565,-0.15562786,9.687236
51.036,0.76616794,-0.16041641,9.680053
51.066,0.7733508,-0.16759923,9.701602
51.096,0.77574503,-0.16759923,9.692024
51.137,0.7805336,-0.1699935,9.694419
51.166,0.7781393,-0.16759923,9.684841
51.197,0.7589851,-0.16520496,9.694419
51.237,0.7781393,-0.15083931,9.682447
51.266,0.7541966,-0.18675344,9.687236
51.298,0.7685622,-0.17717634,9.692024
51.337,0.7541966,-0.16041641,9.682447
51.366,0.7589851,-0.15323359,9.675264
51.406,0.77574503,-0.16041641,9.715967
51.436,0.76616794,-0.14844504,9.6896305
51.466,0.7733508,-0.15083931,9.696813
51.506,0.7781393,-0.16520496,9.680053
51.536,0.76137936,-0.14844504,9.675264
51.576,0.7733508,-0.1699935,9.665688
51.605,0.7709565,-0.16520496,9.687236
51.637,0.76616794,-0.16759923,9.682447
51.676,0.7853221,-0.16759923,9.668081
51.707,0.77574503,-0.1699935,9.684841
51.737,0.7709565,-0.14844504,9.684841
51.777,0.7637737,-0.15802214,9.692024
51.806,0.77574503,-0.15802214,9.682447
51.839,0.7733508,-0.16759923,9.692024
51.876,0.7589851,-0.16281068,9.699207
51.905,0.7541966,-0.16041641,9.672871
51.946,0.77574503,-0.14365649,9.672871
51.976,0.7589851,-0.15802214,9.699207
52.005,0.76616794,-0.15562786,9.694419
52.045,0.7829279,-0.16281068,9.682447
52.076,0.7781393,-0.16520496,9.687236
52.105,0.77574503,-0.16520496,9.670476
52.145,0.7733508,-0.16520496,9.680053
52.177,0.76616794,-0.15562786,9.682447
52.206,0.7541966,-0.16759923,9.680053
52.246,0.7709565,-0.16520496,9.677659
52.277,0.76616794,-0.16041641,9.684841
52.306,0.76616794,-0.16281068,9.687236
52.345,0.75659084,-0.14844504,9.682447
52.380,0.76616794,-0.16281068,9.687236
52.418,0.75659084,-0.17238778,9.684841
52.445,0.7637737,-0.15802214,9.692024
52.476,0.7877164,-0.17238778,9.682447
52.517,0.76137936,-0.16759923,9.680053
52.545,0.76137936,-0.16041641,9.699207
52.576,0.7637737,-0.15802214,9.670476
52.617,0.76137936,-0.16759923,9.675264
52.645,0.77574503,-0.16041641,9.663293
52.677,0.76137936,-0.16281068,9.694419
52.717,0.76616794,-0.15802214,9.675264
52.745,0.7733508,-0.15802214,9.680053
52.784,0.7709565,-0.16520496,9.692024
52.817,0.75659084,-0.16520496,9.682447
52.847,0.7733508,-0.17238778,9.684841
52.884,0.75659084,-0.16281068,9.687236
52.916,0.7781393,-0.16520496,9.675264
52.944,0.77574503,-0.15323359,9.680053
52.985,0.7805336,-0.16281068,9.660899
53.015,0.7829279,-0.15562786,9.6585045
53.056,0.7805336,-0.16041641,9.677659
53.085,0.7733508,-0.16520496,9.665688
53.117,0.7637737,-0.16759923,9.692024
53.146,0.77574503,-0.15323359,9.682447
53.185,0.7637737,-0.16759923,9.672871
53.217,0.7805336,-0.16281068,9.672871
53.258,0.7589851,-0.16041641,9.684841
53.286,0.7733508,-0.16759923,9.692024
53.318,0.7637737,-0.14844504,9.684841
53.358,0.7709565,-0.15562786,9.672871
53.384,0.7829279,-0.16520496,9.668081
53.417,0.76616794,-0.17238778,9.680053
53.456,0.7709565,-0.15802214,9.663293
53.485,0.7685622,-0.15802214,9.6896305
53.517,0.7637737,-0.16281068,9.687236
53.557,0.7805336,-0.15802214,9.670476
53.586,0.7685622,-0.15083931,9.672871
53.617,0.75180227,-0.16520496,9.682447
53.656,0.75659084,-0.17238778,9.687236
53.686,0.76616794,-0.15562786,9.682447
53.718,0.7589851,-0.17478207,9.672871
53.757,0.7589851,-0.14365649,9.696813
53.790,0.7685622,-0.16520496,9.696813
53.818,0.7589851,-0.15802214,9.675264
53.856,0.7685622,-0.13647367,9.672871
53.896,0.74701375,-0.1699935,9.687236
53.924,0.7829279,-0.1699935,9.677659
53.956,0.7637737,-0.16281068,9.699207
53.997,0.76616794,-0.16041641,9.665688
54.020,0.7733508,-0.15323359,9.687236
54.057,0.7805336,-0.15802214,9.696813
54.087,0.7829279,-0.17238778,9.680053
54.126,0.75659084,-0.17717634,9.677659
54.156,0.7709565,-0.16281068,9.682447
54.197,0.7781393,-0.14605077,9.682447
54.226,0.7781393,-0.15562786,9.6896305
54.258,0.7685622,-0.17717634,9.692024
54.298,0.76137936,-0.17238778,9.672871
54.327,0.7709565,-0.15802214,9.694419
54.358,0.7637737,-0.16759923,9.684841
54.396,0.7685622,-0.14605077,9.672871
54.426,0.7709565,-0.15802214,9.672871
54.458,0.7805336,-0.16041641,9.694419
54.496,0.7829279,-0.15083931,9.670476
54.527,0.75180227,-0.17717634,9.684841
54.557,0.77574503,-0.16281068,9.668081
54.596,0.76137936,-0.14605077,9.675264
54.626,0.7781393,-0.15802214,9.682447
54.666,0.7733508,-0.16041641,9.692024
54.697,0.76616794,-0.16041641,9.694419
54.726,0.7709565,-0.16281068,9.692024
54.765,0.7637737,-0.16759923,9.680053
54.796,0.7781393,-0.16281068,9.684841
54.826,0.7805336,-0.16281068,9.677659
54.860,0.7733508,-0.15083931,9.670476
54.896,0.7709565,-0.1699935,9.692024
54.938,0.7877164,-0.1699935,9.687236
54.964,0.7972935,-0.15323359,9.670476
54.996,0.7853221,-0.15323359,9.682447
55.037,0.7829279,-0.15802214,9.684841
55.067,0.7589851,-0.15323359,9.672871
55.099,0.77574503,-0.16041641,9.687236
55.136,0.7637737,-0.15802214,9.680053
55.166,0.7637737,-0.16041641,9.680053
55.197,0.7589851,-0.16041641,9.684841
55.237,0.7685622,-0.16281068,9.6896305
55.266,0.7901107,-0.15562786,9.6896305
55.296,0.7829279,-0.15562786,9.668081
55.338,0.7589851,-0.15562786,9.672871
55.364,0.7709565,-0.16759923,9.6896305
55.406,0.7829279,-0.16759923,9.672871
55.437,0.7781393,-0.16281068,9.677659
55.465,0.7637737,-0.15562786,9.699207
55.505,0.76137936,-0.15802214,9.677659
55.536,0.7541966,-0.17717634,9.682447
55.566,0.7853221,-0.16759923,9.687236
55.606,0.7829279,-0.15802214,9.677659
55.637,0.7853221,-0.14365649,9.6896305
55.666,0.7541966,-0.15323359,9.682447
55.706,0.7637737,-0.16281068,9.701602
55.736,0.76616794,-0.17238778,9.692024
55.778,0.77574503,-0.16281068,9.680053
55.806,0.7685622,-0.14365649,9.687236
55.837,0.7685622,-0.14365649,9.692024
55.878,0.75659084,-0.15562786,9.680053
55.905,0.7805336,-0.16281068,9.684841
55.936,0.7685622,-0.16759923,9.660899
55.976,0.749408,-0.15802214,9.682447
56.005,0.7637737,-0.14844504,9.701602
56.036,0.77574503,-0.16759923,9.6896305
56.078,0.749408,-0.17478207,9.677659
56.106,0.7733508,-0.14605077,9.675264
56.136,0.7805336,-0.15323359,9.696813
56.177,0.7589851,-0.14844504,9.694419
56.206,0.7805336,-0.16520496,9.684841
56.238,0.79250497,-0.16759923,9.692024
56.276,0.7853221,-0.16041641,9.682447
56.306,0.76616794,-0.15323359,9.672871
56.339,0.76616794,-0.14844504,9.687236
56.376,0.75659084,-0.15083931,9.692024
56.410,0.7709565,-0.15562786,9.675264
56.446,0.7829279,-0.15323359,9.670476
56.477,0.7805336,-0.15802214,9.684841
56.506,0.7733508,-0.1699935,9.692024
56.546,0.7589851,-0.16281068,9.670476
56.577,0.77574503,-0.16520496,9.687236
56.618,0.7733508,-0.15562786,9.687236
56.645,0.7709565,-0.16759923,9.675264
56.676,0.7709565,-0.17238778,9.675264
56.717,0.7685622,-0.16281068,9.682447
56.746,0.75180227,-0.14605077,9.672871
56.776,0.7781393,-0.14605077,9.660899
56.816,0.7781393,-0.16281068,9.682447
56.846,0.7637737,-0.15802214,9.6896305
56.876,0.76137936,-0.15323359,9.682447
56.915,0.75659084,-0.16281068,9.703996
56.945,0.75180227,-0.15802214,9.668081
56.976,0.7781393,-0.1699935,9.680053
57.017,0.7541966,-0.16281068,9.6896305
57.046,0.7685622,-0.16041641,9.694419
57.077,0.75180227,-0.15802214,9.684841
57.116,0.7733508,-0.14844504,9.675264
57.146,0.76137936,-0.16281068,9.694419
57.188,0.7733508,-0.16281068,9.680053
57.218,0.7829279,-0.16520496,9.684841
57.247,0.76616794,-0.16041641,9.675264
57.286,0.7637737,-0.17238778,9.696813
57.318,0.7733508,-0.15562786,9.684841
57.348,0.7685622,-0.14844504,9.687236
57.387,0.7685622,-0.16281068,9.684841
57.418,0.7685622,-0.16041641,9.677659
57.448,0.76137936,-0.16281068,9.684841
57.485,0.77574503,-0.15323359,9.665688
57.517,0.7685622,-0.17238778,9.694419
57.557,0.76137936,-0.15323359,9.6896305
57.586,0.7589851,-0.15562786,9.6896305
57.617,0.76137936,-0.17238778,9.687236
57.657,0.75659084,-0.17478207,9.6896305
57.686,0.7637737,-0.14605077,9.692024
57.717,0.76616794,-0.15562786,9.668081
57.755,0.7709565,-0.16759923,9.680053
57.785,0.7805336,-0.17238778,9.6896305
57.816,0.7781393,-0.16520496,9.675264
57.856,0.76616794,-0.14844504,9.699207
57.884,0.76616794,-0.19154198,9.682447
57.917,0.77574503,-0.15562786,9.665688
57.956,0.7853221,-0.17478207,9.6896305
57.985,0.7805336,-0.16520496,9.687236
58.026,0.75180227,-0.17238778,9.6896305
58.056,0.76616794,-0.15323359,9.680053
58.086,0.7685622,-0.14844504,9.684841
58.126,0.7541966,-0.16281068,9.684841
58.157,0.76616794,-0.14365649,9.675264
58.196,0.7637737,-0.16041641,9.696813
58.226,0.7709565,-0.16520496,9.670476
58.257,0.7733508,-0.15562786,9.663293
58.297,0.7877164,-0.15562786,9.668081
58.327,0.76616794,-0.15802214,9.677659
58.357,0.7637737,-0.14844504,9.692024
58.397,0.7637737,-0.16281068,9.701602
58.426,0.749408,-0.16281068,9.692024
58.457,0.7781393,-0.16281068,9.687236
58.498,0.77574503,-0.15802214,9.687236
58.525,0.7541966,-0.16041641,9.670476
58.557,0.7589851,-0.15562786,9.687236
58.597,0.7637737,-0.16281068,9.701602
58.625,0.79250497,-0.14844504,9.6896305
58.656,0.7685622,-0.15083931,9.692024
58.691,0.76616794,-0.16041641,9.682447
58.724,0.74222517,-0.16281068,9.711179
58.757,0.7781393,-0.15562786,9.684841
58.796,0.7709565,-0.16520496,9.675264
58.826,0.7805336,-0.16520496,9.687236
58.859,0.75180227,-0.15083931,9.677659
58.897,0.74701375,-0.16281068,9.675264
58.925,0.7829279,-0.15802214,9.672871
58.966,0.7709565,-0.15562786,9.675264
58.997,0.7781393,-0.16759923,9.687236
59.038,0.7877164,-0.15562786,9.680053
59.066,0.76137936,-0.15083931,9.692024
59.097,0.75659084,-0.15323359,9.675264
59.138,0.7781393,-0.15562786,9.701602
59.166,0.7781393,-0.14844504,9.684841
59.203,0.7637737,-0.16041641,9.675264
59.237,0.7733508,-0.1699935,9.672871
59.266,0.76137936,-0.15323359,9.684841
59.298,0.77574503,-0.17238778,9.670476
59.340,0.7685622,-0.1699935,9.687236
59.367,0.75659084,-0.15323359,9.672871
59.398,0.7446195,-0.15562786,9.692024
59.438,0.7733508,-0.16041641,9.680053
59.466,0.7877164,-0.14844504,9.677659
59.497,0.7805336,-0.15323359,9.699207
59.538,0.7685622,-0.15323359,9.684841
59.566,0.76137936,-0.17717634,9.687236
59.597,0.7685622,-0.15802214,9.672871
59.638,0.7709565,-0.15802214,9.6896305
59.666,0.76137936,-0.14844504,9.696813
59.698,0.7829279,-0.16041641,9.687236
59.739,0.75659084,-0.16281068,9.6896305
59.768,0.7709565,-0.17238778,9.701602
59.807,0.7805336,-0.15083931,9.680053
59.837,0.76616794,-0.14605077,9.692024
59.876,0.7733508,-0.15562786,9.682447
59.905,0.7709565,-0.16759923,9.692024
59.937,0.7805336,-0.16759923,9.680053
59.976,0.76616794,-0.14126222,9.684841
