timestamp,x,y,z,roll,pitch,yaw
00.014,-0.2904255,0.0268909,-0.0119955605,0.00013165628,0.0014223605,5.8654543e-05
00.035,-0.19268706,-0.03602822,-0.008941235,-0.00011862111,0.00063436077,2.9473873e-05
00.055,-0.06745968,-0.04946726,-0.03398671,-0.00014988355,0.00020437772,0.00010298628
00.096,0.030889623,-0.032973897,-0.05292353,-3.8495094e-05,-3.606406e-05,6.178622e-05
00.135,-0.110220246,-0.1032234,-0.06697343,-0.00028611097,0.00030544773,0.0001856599
00.156,-0.049133725,-0.2791526,-0.05597786,-0.0027063326,0.0004755847,0.0005433129
00.195,0.13962364,-0.07084754,-0.05597786,-0.00019760888,-0.0003895154,0.00015611971
00.235,0.036998276,0.09408607,0.0032760703,0.00015966895,-6.278851e-05,-5.5546548e-06
00.255,-0.044857666,0.051325507,0.022212893,0.00012347286,0.000107907465,-5.344257e-05
00.295,-0.08089872,-0.012815342,0.039927986,-1.9587807e-05,0.00012367532,-6.1039085e-05
00.335,-0.011870944,-0.010982746,0.0344302,-7.0090105e-06,7.576011e-06,-2.1973028e-05
00.375,0.058989424,-0.00792842,0.038706254,-1.889445e-05,-0.00014053035,-9.22117e-05
00.397,0.03760914,-0.052521583,0.037484523,-6.581217e-05,-4.7123798e-05,-4.6970745e-05
00.435,-0.01492527,-0.014647937,-0.008941235,-5.5892865e-06,5.6950903e-06,3.4117616e-06
00.456,-0.02530998,0.010397538,-0.021769406,6.099409e-06,1.4847624e-05,1.2770533e-05
00.495,-0.04730113,-0.039082546,-0.03276498,-4.5610297e-05,5.5199434e-05,3.8237915e-05
00.534,-0.014314406,-0.12154935,0.005719531,-0.00024985563,2.9426037e-05,-1.1753343e-05
00.558,0.12862806,-0.07695619,0.008162992,-0.0001938163,-0.00032394574,-2.0589761e-05
00.595,0.22942083,0.023225708,-0.00038912118,8.9854286e-05,-0.0008875633,1.5452742e-06
00.637,-0.102889866,-0.028086973,-0.03826277,-5.340133e-05,0.00019559494,7.274395e-05
00.676,-0.12365928,0.1814398,0.002665205,0.0013368768,0.00091112114,-2.024655e-05
00.696,-0.06440536,0.1447879,0.004497801,0.0003850922,0.00017129611,-1.1995748e-05
00.735,-0.024699114,-0.059851967,0.009384722,-6.569591e-05,2.711113e-05,-1.0300178e-05
00.776,0.05471337,-0.07145841,0.009995588,-0.00021712427,-0.00016623973,-3.0388996e-05
00.796,0.05043731,0.0006236934,0.008773857,5.355701e-07,-4.3324093e-05,-7.5364596e-06
00.837,-0.07051401,0.09225348,0.045425773,0.00019298938,0.00014749705,-9.503908e-05
00.876,-0.04974459,0.06842973,-0.017493347,9.9179575e-05,7.209994e-05,2.5350882e-05
00.895,-0.021033922,0.005510615,-0.0138281565,4.764612e-06,1.8186885e-05,1.1956389e-05
00.936,0.026002701,-0.003041498,-0.025434596,-1.8624348e-06,-1.5923602e-05,1.5575677e-05
00.976,0.0119528,-0.017702265,-0.025434596,-9.864283e-06,-6.6605944e-06,1.4173028e-05
00.997,-0.005151427,0.007343211,-0.019325944,5.2497517e-06,3.6828726e-06,1.3816411e-05
01.036,-0.01248181,0.009175807,-0.0022217168,2.409253e-06,3.277298e-06,5.833431e-07
01.076,-0.023477385,0.038497336,0.0032760703,2.9200319e-05,1.78076e-05,-2.485165e-06
01.099,-0.02775344,0.01772792,-0.004665178,1.9785251e-05,3.097441e-05,5.206288e-06
01.135,0.033333085,-0.004874094,-0.028488923,-3.6074996e-06,-2.4672883e-05,2.1087197e-05
01.176,0.02478097,-0.014647937,0.005108666,-7.1848644e-06,-1.2155118e-05,-2.505857e-06
01.196,-0.082731314,0.027501764,-0.008330369,8.0816026e-05,0.00024312221,2.4470502e-05
01.236,-0.05890757,-0.048856393,-0.00038912118,-6.27316e-05,7.563727e-05,5.020038e-07
01.276,-0.0075948876,-0.012815342,0.0063303965,-3.4800992e-06,2.062451e-06,-1.7190623e-06
01.298,-0.0033188309,-0.026254378,-0.00038912118,-2.3315391e-05,2.9473078e-06,3.4559628e-07
01.335,0.029667892,-0.045802068,-0.011384696,-4.2836866e-05,-2.7747528e-05,1.0647099e-05
01.376,0.015617992,0.007343211,0.005719531,2.2398997e-06,-4.7639664e-06,-1.7446263e-06
01.397,-0.033862095,0.010397538,0.008162992,1.2682414e-05,4.1302617e-05,-9.956923e-06
01.436,-0.061351027,0.019560516,0.00083260937,2.1133974e-05,6.628603e-05,-9.00284e-07
01.477,-0.020423058,0.044605993,0.020380296,3.9756214e-05,1.8202129e-05,-1.816474e-05
01.516,-0.02530998,-0.025032647,0.0063303965,-3.0369863e-05,3.070656e-05,-7.679665e-06
01.539,-0.017368732,-0.06351716,0.0038869355,-7.029358e-05,1.9221903e-05,-4.300946e-06
01.575,0.004011552,-0.034195624,0.020991163,-2.3134458e-05,-2.7137794e-06,-1.4201228e-05
01.616,-0.04363594,-0.025643513,0.0148825105,-4.5392862e-05,7.7244484e-05,-2.6343112e-05
01.637,-0.047911994,-0.043358605,0.011828184,-4.7786387e-05,5.2805462e-05,-1.3034911e-05
01.676,0.0027898217,-0.05068899,0.002665205,-4.3231634e-05,-2.3793343e-06,-2.2731517e-06
01.717,0.02233751,-0.017091399,0.010606453,-1.7239041e-05,-2.253022e-05,-1.0698195e-05
01.736,0.015007127,-0.017091399,0.0112173185,-7.272057e-06,-6.385209e-06,-4.772763e-06
01.776,0.08831096,0.05254724,0.004497801,9.068075e-05,-0.00015239952,-7.754994e-06
01.815,0.12496287,0.01650619,0.020380296,7.069564e-05,-0.0005353932,-8.7298286e-05
01.835,0.114578165,-0.057408504,0.0032760703,-0.0001234749,-0.00024643392,-7.0613764e-06
01.876,0.019894049,-0.04946726,-0.0016108516,-4.4269793e-05,-1.7803843e-05,1.4412077e-06
01.916,-0.03691642,-0.01953486,0.015493375,-2.9199378e-05,5.5181696e-05,-2.3158143e-05
01.935,0.03516568,-0.10994292,-0.0028325822,-0.00021297846,-6.812265e-05,5.4799525e-06
01.976,0.25080112,-0.022589186,-0.026656326,-9.5906915e-05,-0.0010655012,0.00011319484
02.016,0.20681882,0.04338426,-0.008330369,0.00015394304,-0.0007338138,2.961356e-05
02.036,0.018672317,-0.010371881,0.004497801,-7.5966586e-06,-1.3676079e-05,-3.2943585e-06
02.075,-0.25194097,0.018338785,0.02771068,7.82502e-05,0.0010741362,-0.00011818548
02.117,-0.19085446,-0.026865242,0.029543275,-8.785505e-05,0.00062435324,-9.661853e-05
02.136,-0.110220246,-0.11788417,0.031986736,-0.0006507259,0.0006085283,-0.0001763848
02.176,-0.019812193,-0.22050951,0.009384722,-0.00081980135,7.3671385e-05,-3.4859997e-05
02.217,-0.059518434,-0.27732,0.069860384,-0.0013590411,0.00029192076,-0.00034217376
02.238,-0.021644788,-0.26510268,0.12178393,-0.0026020799,0.00021401703,-0.0011951345
02.276,-0.13832006,-0.24005722,0.071082115,-0.0011518623,0.00066396006,-0.00034072317
02.317,-0.188411,0.022003977,-0.17631832,9.529291e-05,0.0008186754,0.0007660577
02.357,-0.40587902,-0.22295299,-0.21358109,-0.001910696,0.0034708278,0.0018306517
02.377,-0.48590237,-0.08673003,-0.23373964,-0.000799431,0.0044511985,0.002143409
02.417,-0.18291321,0.29139555,-0.015660752,0.0016836672,0.0010569677,8.959972e-05
02.456,0.71383697,-0.06779321,0.060697403,-0.0008216432,-0.008617828,-0.00073634274
02.477,1.022324,-0.026865242,-0.09018631,-0.00044910432,-0.017609173,0.0015494825
02.517,0.99361324,-0.08367571,0.07047124,-0.001413286,-0.016662845,-0.0011936612
02.557,0.47071257,-0.18324675,0.022823758,-0.003110543,-0.007985408,-0.0003996463
02.577,0.16711257,-0.21195741,-0.04192796,-0.0009712573,-0.00076591474,0.00019177003
02.617,-0.04363594,-0.32130226,-0.11645351,-0.0018572825,0.00025160008,0.00067336083
02.657,0.33998743,0.08736656,-0.11095574,0.0010821098,-0.0041990695,0.001372893
02.677,0.26057494,0.14723136,-0.06330825,0.0007558664,-0.0013372491,0.00032542806
02.715,0.08464577,-0.061073694,0.028321546,-0.0001108222,-0.00015358695,-5.1397972e-05
02.755,-0.0008753699,0.0030671544,-0.03276498,3.3879833e-06,9.67001e-07,3.619243e-05
02.776,-0.03752728,-0.044580333,-0.030321518,-4.913201e-05,4.1357434e-05,3.3417906e-05
02.816,-0.0008753699,-0.08673003,-0.0119955605,-0.00012740755,1.2848072e-06,1.7621716e-05
02.857,0.0070658782,0.0012345586,0.0069412617,4.134832e-07,-2.366548e-06,-2.3248097e-06
02.876,0.0052332827,-0.06657148,-0.02482373,-7.9568505e-05,-6.256186e-06,2.9669956e-05
02.916,0.043106925,-0.0060958243,-0.008330369,-4.5331244e-06,-3.205693e-05,6.194894e-06
02.956,0.09686307,0.015895324,-0.030321518,5.4812015e-05,-0.00033390473,0.00010453387
02.976,0.08831096,-0.044580333,-0.028488923,-7.69929e-05,-0.00015252763,4.9198603e-05
03.016,0.00095722586,-0.0891735,0.00083260937,-0.00013342442,-1.4321506e-06,-1.2458738e-06
03.058,-0.14748304,-0.19240972,-0.04437142,-0.0015913898,0.0012193439,0.00036790743
03.097,-0.011260079,-0.11605157,-0.06880603,-0.00026359886,2.5555286e-05,0.0001562878
03.117,0.15733872,-0.016480533,-0.065140836,-4.7262558e-05,-0.00045162044,0.00018696583
03.161,0.27157053,0.27978912,-0.07308208,0.0018625879,-0.0018069933,0.0004880835
03.197,0.03760914,0.036664743,-0.05292353,4.58677e-05,-4.704603e-05,6.620632e-05
03.217,-0.06623796,0.07026233,-0.041317094,0.00012380605,0.0001167234,7.279825e-05
03.257,-0.15420255,-0.04946726,-0.06330825,-0.00014434621,0.0004498226,0.00018471373
03.297,-0.12915708,-0.35306728,0.049090967,-0.002245696,0.00082190457,-0.00031133977
03.317,-0.09617035,-0.27304393,0.017936837,-0.0013286262,0.00046802792,-8.69707e-05
03.357,-0.09678121,-0.24433327,-0.0040543126,-0.0010774186,0.00042675776,1.8107845e-05
03.396,-0.014314406,-0.03236303,-0.04681488,-3.186389e-05,1.4092754e-05,4.60926e-05
03.416,0.042496063,-0.10444513,-0.05597786,-0.00022059088,-8.976801e-05,0.000118219665
03.456,0.1597822,-0.061073694,-0.07124949,-0.00018981374,-0.00049675937,0.00022145662
03.498,-0.0020971005,-0.00792842,0.002665205,-1.1470412e-06,3.0339748e-07,-3.855874e-07
03.518,-0.26599088,-0.018923994,0.048480097,-8.591766e-05,0.0012095197,-0.00022039612
03.556,-0.23789108,-0.09406041,0.04420404,-0.00040957078,0.0010361494,-0.00019231394
03.596,-0.0020971005,-0.062906295,0.03565193,-0.00015268775,5.096749e-06,-8.6535e-05
03.618,0.0822023,-0.06351716,0.025878085,-0.00011408832,-0.00014764312,-4.648875e-05
03.657,0.1280172,-0.1789707,-0.06269737,-0.0006869438,-0.00049149373,0.00024050345
03.696,-0.050355453,-0.081843115,-0.051701803,-0.0002996804,0.00018434467,0.0001893302
03.717,-0.10533333,-0.053132445,-0.06269737,-0.000119110024,0.00023609046,0.00014054676
03.756,-0.09494862,-0.048245527,-0.0834668,-0.00010954605,0.00021553927,0.00018949575
03.796,0.08647836,0.12829453,-0.010162964,0.0006674867,-0.00044990116,5.302476e-05
03.816,0.11091297,0.056823295,-0.027878057,0.00012174984,-0.00023762512,5.974263e-05
03.857,-0.13160053,-0.08550831,-0.0040543126,-0.00022522242,0.0003466218,1.07177e-05
03.896,-0.18596755,-0.100779936,0.0014434746,-0.00071528193,0.0013199131,-9.773042e-06
03.917,-0.13160053,-0.1875228,-0.024212865,-0.00072478765,0.0005085938,9.3765506e-05
03.956,0.05654596,-0.268157,-0.03276498,-0.001241706,-0.00026193546,0.00015155866
03.998,0.19521238,-0.058630235,-0.030321518,-0.00040525763,-0.0013498389,0.00020938471
04.038,0.15917133,0.11668809,-0.006497774,0.0003865895,-0.00052732526,2.162884e-05
04.058,0.12862806,0.11485549,0.0032760703,0.00033234982,-0.0003722061,-9.4179495e-06
04.097,0.0822023,0.24069375,0.041760582,0.0010408,-0.00035556138,-0.0001804003
04.137,-0.011260079,0.47465512,0.08146682,0.0038361796,8.974053e-05,-0.00065858563
04.157,-0.120604955,0.29322815,0.02526722,0.0015647849,0.0006434735,-0.00013533591
04.197,-0.14687216,0.095307805,0.0344302,0.00028534603,0.00043967704,-0.000103136554
04.237,0.08647836,-0.16553165,0.0148825105,-0.00052031165,-0.00027180984,-4.684998e-05
04.258,0.17932989,-0.04152601,-0.011384696,-0.00012847847,-0.00055487815,3.5190456e-05
04.296,0.22025785,0.08553397,-0.032154113,0.00034225208,-0.0008811624,0.0001287896
04.336,-0.30997318,-0.05007812,0.042371444,-0.00026601207,0.0016477365,-0.00022501234
04.357,-0.2977559,0.12768367,0.0014434746,0.0006940287,0.0016184427,-8.407602e-06
04.397,-0.07906613,0.055601567,-0.021158539,9.2300084e-05,0.00013125678,3.5118563e-05
04.436,0.07792625,-0.003041498,-0.053534396,-4.8215825e-06,-0.00012366861,8.495842e-05
04.457,0.09503047,-0.029919568,-0.06086478,-5.8593374e-05,-0.0001861429,0.00011921245
04.497,0.19582324,-0.09283869,-0.058421317,-0.00034951934,-0.00073744514,0.00021986684
04.536,0.2758466,0.16372472,0.03809539,0.00088715594,-0.0014950478,-0.00020579563
04.576,-0.11144198,0.03177782,0.004497801,6.183031e-05,0.00021682977,-8.757968e-06
04.596,-0.25377357,-0.38055623,-0.063919105,-0.0029492588,0.0019656504,0.0004981811
04.635,-0.41687462,-0.25593972,-0.16226842,-0.004436096,0.007202679,0.002822066
04.656,-0.2959233,-0.11788417,-0.1695988,-0.0007146445,0.0017912862,0.0010274682
04.696,0.0070658782,-0.16003385,0.08024509,-0.0004810455,-2.1181184e-05,-0.00024121242
04.737,0.1280172,0.5400177,0.09551673,0.010201575,-0.002428076,-0.0017924383
04.757,0.25385544,0.5528459,0.23662658,0.0060506677,-0.002787816,-0.0025828923
04.795,0.20193188,-0.15026003,0.21341372,-0.0008325685,-0.0011174949,-0.001182021
04.836,-0.20123917,0.076370984,-0.0920189,0.0005992938,0.0015808727,0.00072229945
04.875,0.2300317,-0.122771084,0.07535817,-0.0005592274,-0.001047371,-0.00034344205
04.896,0.2898965,0.10141646,0.005719531,0.00052263436,-0.0014940071,-2.908555e-05
04.936,0.24408159,-0.14048618,0.028321546,-0.0013345497,-0.0023179294,-0.00027052435
04.976,-0.2061261,-0.080621384,-0.13111429,-0.00034821083,0.0008895344,0.0005660395
04.995,-0.4187072,0.12035328,-0.17631832,0.0009466971,0.0033021758,0.0013887129
05.038,0.27401397,0.5534567,0.03137587,0.011481481,-0.0056888987,-0.00061833946
05.076,-0.10777678,0.51985914,0.14072075,0.0047910092,0.0009900245,-0.0012990787
05.096,-0.014314406,0.3469843,0.2873284,0.0026240088,0.000105394654,-0.0021729153
05.136,0.2404164,0.074538395,0.41866443,0.0006075107,-0.0019714155,-0.0034306347
05.177,-0.5506541,-0.25471798,-0.06086478,-0.0026075311,0.005632342,0.00062998856
05.197,-0.51216954,-0.5253313,-0.110344864,-0.0065434994,0.006370666,0.0013943652
05.236,0.2758466,-0.417819,-0.15127285,-0.0036646358,-0.002422898,0.0013229364
05.275,0.23125342,-0.46302304,-0.09751669,-0.00409036,-0.0020450933,0.0008574685
05.296,0.069985,-0.35184556,-0.1781509,-0.0023640764,-0.00047170522,0.0011965949
05.335,-0.32096875,-0.32741094,-0.16226842,-0.0026733351,0.0026172565,0.001327572
05.378,0.22880997,0.13684665,-0.08041247,0.0006395465,-0.0010688765,0.0003760277
05.397,0.3002812,0.25046757,-0.0016108516,0.0016431735,-0.0019699475,1.2186294e-05
05.437,-0.024699114,0.20098749,0.19936381,0.0009582728,0.00011729873,-0.0009505323
05.478,-0.38022268,-0.4953989,0.03137587,-0.0051962654,0.0039894963,-0.00031877874
05.502,-0.5524867,-0.21195741,-0.110344864,-0.0021436738,0.005578327,0.0011203475
05.537,0.14939748,0.17166595,0.019769432,0.0006578688,-0.0005725739,-7.5575794e-05
05.578,0.22575563,0.24130459,0.023434624,0.0013410501,-0.0012547997,-0.00012940443
05.597,0.3741959,-0.102001674,0.08696461,-0.0006809285,-0.002495148,-0.000580778
05.636,-0.09189429,0.17533115,-0.063919105,0.0006118603,0.00032077424,0.00022297603
05.677,-0.36739454,-0.09100609,-0.14577505,-0.0012435005,0.0049987575,0.0019870119
05.716,0.12740633,-0.06657148,-0.13355774,-0.00021906104,-0.00041946964,0.000439626
05.737,0.13107152,-0.14659484,-0.04437142,-0.00049576757,-0.00044333626,0.0001499594
05.776,-0.10960938,-0.19240972,-0.016271617,-0.0014335529,0.00081653165,0.00012181315
05.817,0.08831096,-0.1716403,0.05336702,-0.0005767265,-0.00029666713,-0.00017939515
05.837,0.27706832,0.079425305,0.082688555,0.00039927536,-0.0013939311,-0.00041570325
05.877,0.39435443,0.26879355,0.15354893,0.0045130355,-0.0066394885,-0.0025679716
05.917,-0.07723353,0.03177782,0.042371444,4.993251e-05,0.00012134562,-6.6575914e-05
05.937,-0.49689794,-0.051910717,-0.09812757,-0.000445203,0.004244317,0.000839152
05.977,0.04127433,-0.074512735,-0.05048007,-0.00024754836,-0.00013714991,0.00016769717
06.018,0.31738544,0.22664383,0.04725837,0.0014934759,-0.0020921053,-0.00030991578
06.038,0.45727357,0.039108206,0.11934047,0.00030941053,-0.0036381148,-0.0009488848
06.077,0.055324234,-0.120938495,0.09124067,-0.00065455516,-0.0002992358,-0.00049386383
06.117,-0.25194097,0.023836572,-0.09690583,0.00010811759,0.0011454405,0.00044050778
06.137,0.13962364,-0.06534976,-0.10912314,-0.00020700165,-0.00044247054,0.00034574
06.177,0.14878662,0.09775127,-0.07796901,0.0006377083,-0.0009701141,0.0005087655
06.219,-0.15481341,0.17410941,0.1523272,0.00081336685,0.0007227058,-0.00071167824
06.237,-0.05218805,0.17716374,0.26716986,0.00096558855,0.00028367472,-0.0014559707
06.277,-0.020423058,0.40868166,0.25189823,0.0032947788,0.0001612962,-0.0020309614
06.319,-0.22445206,-0.014647937,-0.040095363,-5.6214154e-05,0.0008603585,0.0001537165
06.340,-0.25255185,-0.24860933,-0.14027727,-0.0015904355,0.0016142064,0.0008982745
06.377,0.5250796,-0.08611917,-0.011384696,-0.00076872803,-0.0046884906,9.985237e-05
06.418,-0.35273376,0.079425305,0.040538847,0.00048508204,0.0021530392,-0.00024797284
06.437,-0.45291564,-0.07817792,0.17431834,-0.00064204633,0.0037356287,-0.001436395
06.476,-0.08028785,0.40501648,0.04725837,0.0028240506,0.00055933726,-0.00033029675
06.517,0.7608736,-0.38788658,-0.09751669,-0.00558637,-0.010976727,0.0013756831
06.557,0.35159388,-0.09161696,-0.061475646,-0.0005659956,-0.0021737823,0.0003794487
06.577,-0.17680457,-0.03602822,-0.032154113,-0.00011081127,0.0005436568,9.890189e-05
06.617,-0.36678365,0.1111903,0.08085596,0.000731345,0.0024101776,-0.0005322383
06.657,0.12313027,0.11302289,-0.04437142,0.0003279301,-0.00035720994,0.00012879091
06.677,0.5177492,-0.15453607,-0.0376519,-0.0014034683,-0.004705004,0.0003388402
06.717,0.036998276,-0.043358605,0.004497801,-8.318379e-05,-7.098083e-05,-8.631982e-06
06.757,-0.26599088,-0.005484959,0.062529996,-2.4974519e-05,0.001219611,-0.00028669403
06.777,-0.18352407,-0.012204477,0.04970183,-3.896498e-05,0.00058663724,-0.00015886032
06.817,0.07853711,-0.14109704,-0.121951304,-0.00095781987,-0.00053365884,0.00082778675
06.859,-0.08334218,-0.22539645,-0.20075291,-0.0011843398,0.00043720932,0.0010549044
06.879,0.08892182,-0.0451912,-0.23190704,-0.00019121646,-0.00037671073,0.000982176
06.918,0.041885197,0.19487885,-0.046204016,0.0013380175,-0.0002873572,0.00031741336
06.958,-0.26293656,0.10447079,0.0325976,0.00049927767,0.0012563176,-0.00015607064
06.977,-0.09739208,0.18021809,0.076579906,0.000661291,0.00035724978,-0.00028109856
07.017,0.2825661,0.13990097,0.1309469,0.0016002412,-0.0032381935,-0.0014974998
07.059,0.27767918,0.17166595,0.1046797,0.0009868933,-0.0015974279,-0.0006012996
07.078,0.2654619,0.05987762,0.090018936,0.00028766907,-0.0012766407,-0.00043270807
07.118,0.09686307,0.17410941,0.09490585,0.0012890338,-0.0007177269,-0.0007023183
07.160,-0.07051401,0.21015047,0.100403644,0.00085802464,0.00028770638,-0.0004100339
07.178,-0.07173574,0.10202732,0.051534425,0.00023100711,0.00016240172,-0.000116696625
07.219,-0.020423058,-0.039082546,0.01366078,-3.0269824e-05,1.5818066e-05,-1.0580201e-05
07.259,-0.2250629,0.0061214804,0.025878085,2.3317112e-05,0.0008557299,-9.840328e-05
07.280,-0.37533575,-0.034806494,-0.0009999864,-0.00022012742,0.0023736577,6.5852664e-06
07.318,-0.31730357,-0.26327008,-0.1274491,-0.0019071822,0.0022964496,0.00092494325
07.359,-0.027142577,-0.5247204,-0.1903682,-0.0049198857,0.00025009108,0.0017854687
07.397,0.095641345,-0.06473889,-0.06330825,-0.00014303543,-0.0002113438,0.00013987387
07.418,-0.08700737,-0.106888585,-0.030321518,-0.00025307658,0.0002059894,7.181523e-05
07.457,0.019283185,-0.12521455,0.04970183,-0.0002858959,-4.401169e-05,-0.000113486916
07.497,0.24591419,0.108135976,0.016715106,0.0004882705,-0.0011104991,-7.5209704e-05
07.517,0.112134695,-0.08245398,0.02526722,-0.00019569795,-0.000266126,-5.9993326e-05
07.557,-0.00026450463,0.05621243,0.0185477,5.582511e-05,2.6216796e-07,-1.8419909e-05
07.597,-0.035083823,-0.0311413,0.038706254,-3.177452e-05,3.5798636e-05,-3.9493614e-05
07.617,-0.0075948876,-0.0036523633,0.04725837,-2.9413943e-06,6.1167652e-06,-3.8060556e-05
07.659,-0.003929696,0.058045026,0.05581048,7.851001e-05,5.3122158e-06,-7.548766e-05
07.698,-0.08945083,0.06781887,0.020991163,0.00012994069,0.00017138025,-4.022905e-05
07.718,-0.15481341,0.06537541,0.16943142,0.00026195197,0.00061973336,-0.0006784291
07.758,-0.105944194,0.080647044,0.005108666,0.00036057385,0.0004736664,-2.2925959e-05
07.799,0.081591435,0.0030671544,-0.01993681,4.3265777e-06,-0.000115051116,2.8112921e-05
07.820,0.11396729,-0.032973897,-0.057810456,-7.299469e-05,-0.0002523512,0.00012799476
07.859,-0.039970744,0.06354281,-0.043149687,0.00018460753,0.00011614101,0.0001253547
07.899,-0.11266371,0.095307805,-0.043760557,0.00024610292,0.00029095248,0.000112969836
07.919,-0.04058161,0.11790982,-0.051090933,0.00026657368,9.1765214e-05,0.00011549782
07.958,0.0070658782,0.14051184,-0.030321518,0.00067855214,-3.4072345e-05,0.00014643806
07.999,-0.11938322,-0.035417356,0.029543275,-7.603968e-05,0.0002563409,-6.342529e-05
08.018,-0.1847458,-0.009761016,0.06130827,-3.1856318e-05,0.0006040906,-0.000200458
08.061,-0.25682792,0.112412035,0.08574288,0.0011068672,0.0025259547,-0.00084485306
08.099,-0.13404399,0.07820358,0.0185477,0.00020507119,0.00035148038,-4.8671158e-05
08.120,0.05043731,-0.00915015,-0.030932382,-9.190152e-06,-5.0662286e-05,3.1070038e-05
08.158,0.26179668,-0.09589301,-0.034597576,-0.000903565,-0.0024680556,0.00032503007
08.197,-0.02530998,-0.0311413,0.04298231,-3.0722207e-05,2.4970446e-05,-4.240422e-05
08.219,-0.08334218,-0.0005980371,0.05581048,-9.998129e-07,0.00014025137,-9.391988e-05
08.259,-0.035694692,0.009175807,0.040538847,8.434892e-06,3.2809934e-05,-3.726291e-05
08.300,0.038830873,-0.020145725,0.02526722,-1.7075059e-05,-3.2911303e-05,-2.1415759e-05
08.337,0.043717794,-0.007317555,-0.006497774,-5.499898e-06,-3.2858927e-05,4.8837283e-06
08.359,0.0021789563,0.020171382,-0.0095521,7.5890193e-06,-8.197685e-07,3.593761e-06
08.398,-0.07906613,-0.013426208,-0.033375844,-1.9569692e-05,0.00011522776,4.8641927e-05
08.437,0.061432883,-0.22050951,-0.16898793,-0.001052494,-0.00029367718,0.0008065172
08.458,0.0999174,-0.1435405,-0.24229176,-0.0007193112,-0.00050135556,0.0012145077
08.497,0.5598989,0.23214161,-0.019325944,0.0023623928,-0.0056961705,0.00020335108
08.536,0.29905948,0.6646342,0.17065315,0.008342558,-0.003764519,-0.0021273927
08.559,0.4181782,0.63775617,0.2995457,0.008754999,-0.005766346,-0.004092428
08.596,0.12862806,0.46915734,0.28793928,0.0044478397,-0.0012259842,-0.0027281072
08.640,-0.8964038,-0.27732,-0.11217746,-0.0044096867,0.014208019,0.0018098713
08.657,-0.41809633,-0.52044433,-0.028488923,-0.005835099,0.004686004,0.00033304124
08.697,-0.12610275,-0.3176371,-0.3693517,-0.0026832488,0.0010604152,0.0031196086
08.737,-0.48956758,-1.2950215,-0.44143385,-0.03164076,0.011764703,0.010950329
08.756,-0.6172384,-1.2479849,-0.4328817,-0.030612785,0.014936064,0.010819792
08.798,-0.23178242,-0.32008058,-0.3687409,-0.0058188997,0.004184047,0.006699539
08.838,0.09930653,0.16677904,-0.02482373,0.00054756075,-0.00032600807,8.1587335e-05
08.857,-0.19940656,0.4612161,0.03565193,0.0038981263,0.0016846504,-0.0003045886
08.896,0.41145867,1.0042753,0.601924,0.041612104,-0.017654132,-0.02470644
08.937,0.45116493,0.67135376,0.6477389,0.011627713,-0.007909146,-0.011215527
08.957,-0.17130677,0.49725714,0.25800687,0.00488929,0.0016774369,-0.0025398564
08.997,-0.40404642,-0.5790874,0.06497346,-0.013770751,0.009623495,-0.0014796302
09.037,0.04127433,0.2217569,-0.00038912118,0.00083920686,-0.00015619608,1.5381132e-06
09.058,-0.042414207,0.13562492,-0.0016108516,0.0003233612,0.00010112597,3.8242956e-06
09.097,-0.46635467,0.30727804,0.03565193,0.005772857,0.00875479,-0.00069471647
09.136,0.03638741,-0.29747856,0.13216864,-0.0016347998,-0.00019936515,-0.0007264665
09.176,0.62281805,0.6261497,0.060086537,0.009295114,-0.009253513,-0.00084935327
09.198,0.66374606,0.46182698,0.14377508,0.00635453,-0.009151851,-0.0019519881
09.236,-0.37472492,-0.14659484,0.010606453,-0.0009898811,0.00253059,-7.037398e-05
09.260,-0.9019016,-0.23761375,-0.17020966,-0.003799183,0.014340566,0.0027346627
09.296,-0.15114823,-0.6456717,-0.007108639,-0.007183777,0.0016813674,8.513006e-05
09.337,-0.08700737,-0.39277354,-0.42555133,-0.0038606774,0.0008467538,0.004182575
09.376,-0.18291321,-0.9834802,-0.48724872,-0.01837522,0.003330937,0.009126958
09.398,-0.26843435,-0.84603554,-0.41455576,-0.013920079,0.0043643224,0.0068439534
09.437,0.5287448,-0.41354293,-0.21297023,-0.0048781848,-0.0062532057,0.0025009916
09.476,0.23980555,0.87782615,0.07596903,0.01344634,-0.0036815691,-0.0011391228
09.497,-0.020423058,0.97006685,0.088797204,0.015857548,0.0003223253,-0.00145412
09.536,-0.25560617,0.0708732,0.2311288,0.00041936172,0.0015084418,-0.0013645652
09.576,-0.2586605,0.25474364,-0.16593361,0.0017050195,0.0017331579,0.001109756
09.596,0.21048401,-0.4636339,-0.19830947,-0.0042486107,-0.001933468,0.0018138972
09.636,0.5183601,-0.22906165,-0.032154113,-0.002180639,-0.0049367254,0.0003008249
09.677,0.23186429,-0.2858721,0.02526722,-0.0017696273,-0.0014350727,-0.0001576709
09.697,0.10419345,-0.16369905,-0.027267193,-0.00053814886,-0.00034256236,8.954933e-05
09.736,-0.21284561,0.09775127,-0.18792476,0.000982904,0.0021455453,0.0018924604
09.776,0.19765584,0.42578593,0.054588754,0.0033755847,-0.0015678778,-0.0004301711
09.817,0.046161257,0.52352434,0.21158111,0.004975645,-0.00044376342,-0.0020099743
09.836,0.18604939,0.2516893,0.33986282,0.0038942215,-0.002894499,-0.0052631157
09.878,-0.14931563,0.7135034,0.1663771,0.00895234,0.0018636895,-0.0020954367
09.917,-0.101057276,-0.21195741,0.009995588,-0.0008357647,0.0003984969,-3.9247236e-05
09.937,0.27767918,-0.20768136,0.007552127,-0.002417065,-0.0032314123,-9.179421e-05
09.976,0.20437536,-0.09589301,-0.058421317,-0.00037506878,-0.0007996161,0.00022841047
10.017,-0.07906613,-0.07634533,0.08085596,-0.00017475273,0.0001810141,-0.00018507938
10.037,-0.14870475,-0.032973897,0.014271645,-0.00016923582,0.0007633471,-7.3195544e-05
10.077,-0.09250516,0.030556092,-0.0034434474,4.997331e-05,0.00015129005,5.6278936e-06
10.119,0.021726644,0.033610415,0.055199616,3.8445964e-05,-2.4854191e-05,-6.3142026e-05
10.137,-0.015536136,0.01650619,0.046647504,2.8725943e-05,2.7035549e-05,-8.1178565e-05
10.179,0.018061453,0.021393113,0.02526722,1.3535947e-05,-1.1428109e-05,-1.5987218e-05
10.201,0.05654596,0.017117055,0.03015414,1.9047451e-05,-6.29268e-05,-3.355607e-05
10.238,0.085867494,0.08858829,-0.0040543126,0.00018346583,-0.00017782958,8.412737e-06
10.279,0.11946508,0.04949291,-0.015660752,0.00010816314,-0.00026106957,3.4238135e-05
10.318,0.026002701,-0.032973897,0.009384722,-2.3804118e-05,-1.8771427e-05,-6.775111e-06
10.338,-0.024699114,0.009786672,0.014271645,4.9517807e-06,1.2496925e-05,-7.221016e-06
10.377,-0.061961897,0.043995123,0.024045488,5.88335e-05,8.285716e-05,-3.2157095e-05
10.417,0.043106925,0.036053877,-0.019325944,3.59469e-05,-4.297818e-05,1.9269151e-05
10.439,0.11579989,0.02811263,-0.037041035,5.8865684e-05,-0.00024243505,7.755583e-05
10.477,0.11885422,0.006732346,-0.0095521,1.3491593e-05,-0.00023814297,1.914074e-05
10.518,-0.006373157,-0.05679764,-0.0138281565,-5.6033892e-05,6.2870713e-06,1.3642378e-05
10.540,0.02478097,-0.13804272,-0.013217291,-0.0003262517,-5.8572878e-05,3.1228425e-05
10.577,0.14451055,-0.39399526,-0.15982495,-0.0029677083,-0.001090529,0.0012025052
10.620,0.15550613,-0.3842214,-0.063919105,-0.0027032392,-0.0010947892,0.00044827245
10.640,-0.020423058,-0.29381335,-0.0009999864,-0.0014518126,0.00010091231,5.0144613e-06
10.676,0.16161479,-0.02075659,-0.0040543126,-0.00011351008,-0.0008838887,2.2123277e-05
10.718,-0.17680457,-0.017091399,0.09857105,-5.8149944e-05,0.0006025977,-0.0003359338
10.756,-0.32891,0.48626158,0.039927986,0.0048009222,0.0032459672,-0.00040195324
10.776,-0.1865784,0.26146317,-0.005276043,0.002818314,0.0020112456,5.403741e-05
10.816,0.05043731,0.54062855,0.077190764,0.0049742297,-0.0004658449,-0.0007090852
10.856,-0.028364306,0.5247461,0.27633283,0.0052274503,0.000275345,-0.002753315
10.876,0.27095965,0.6255388,0.3716278,0.016261823,-0.0071372613,-0.009623529
10.916,0.0119528,0.84117424,0.41316664,0.013226125,-0.00023090704,-0.0064952997
10.956,-0.33685127,0.37874928,-0.032154113,0.0032269105,0.0028707222,0.00026935144
10.977,-0.5170565,-0.059851967,-0.057810456,-0.0010563702,0.009085243,0.0010206586
11.016,-0.22261946,-0.73302543,-0.016271617,-0.009423748,0.002860861,0.00022266214
11.056,0.22758822,0.017117055,-0.07735814,6.934892e-05,-0.0009201383,0.0003127943
11.077,0.18604939,-0.02320005,0.002665205,-0.00014597824,-0.0011705705,-1.6854181e-05
11.117,0.010120205,1.282817e-05,0.017936837,4.421613e-09,-3.49678e-06,-6.197619e-06
11.157,0.10113913,-0.007317555,-0.03276498,-1.3077556e-05,-0.0001808242,5.8578404e-05
11.176,0.1719995,-0.10566686,-0.059643053,-0.00037309347,-0.00060744723,0.00021051324
11.218,0.085867494,-0.21317914,-0.09690583,-0.00089198106,-0.0003594957,0.00040534473
11.258,-0.006373157,-0.38116708,-0.17448571,-0.0026811077,4.3182637e-05,0.0012273691
11.279,0.015007127,-0.49784234,-0.20747244,-0.00450639,-0.00014007733,0.0018777497
11.317,0.13168238,-0.59374815,-0.24290262,-0.0065216236,-0.0014554977,0.0026640538
11.358,0.1438997,-0.5687027,-0.2997131,-0.00628263,-0.001600768,0.0033073956
11.377,0.10724778,-0.5021184,-0.3119304,-0.005059222,-0.0010889161,0.0031412463
11.418,0.21903612,-0.26571357,-0.15127285,-0.0016760363,-0.0013829523,0.00095339725
11.457,-0.06257276,0.5149722,0.031986736,0.0044905273,0.0005449934,-0.00028014186
11.477,-0.27942994,0.52902216,0.14621854,0.0054685124,0.0028831686,-0.0015187457
11.516,0.017450588,0.45144224,0.38628858,0.004501635,-0.00018269541,-0.0038518354
11.556,0.1579496,0.7098383,0.41499925,0.00996469,-0.0022477543,-0.005818403
11.597,-0.32341224,0.1710551,-0.0920189,0.0010820617,0.0020472829,0.0005813064
11.617,-0.39671603,-0.4923446,-0.1396664,-0.010710234,0.00860283,0.003080578
11.657,0.14145623,0.04338426,-0.14516419,0.00015099566,-0.00049188477,0.0005048547
11.696,0.40535,-0.042136874,-0.19220081,-0.00031630744,-0.0030644636,0.0014524538
11.717,0.53485346,-0.17286202,-0.13905552,-0.003344529,-0.010395907,0.0026842817
11.756,0.1701669,-0.4092669,-0.29665875,-0.003660117,-0.001527517,0.0026517245
11.799,-0.2165108,-0.33840653,-0.20197466,-0.0025541515,0.001631389,0.0015257617
11.816,-0.11144198,-0.03969341,-0.021158539,-0.00016008156,0.00044937932,8.535708e-05
11.856,0.022948373,0.34209734,-0.00038912118,0.0019678518,-0.000132004,2.368232e-06
11.897,-0.07601179,0.12951626,0.08635374,0.0003764462,0.000220869,-0.00025101507
11.916,-0.11144198,-0.029919568,0.07780163,-0.00013961997,0.0005204225,-0.00036327157
11.957,-0.26476917,-0.25166366,-0.028488923,-0.0015471549,0.0016274363,0.00017638435
11.996,-0.1267136,-0.23578116,-0.01993681,-0.0010618051,0.0005705741,9.008318e-05
12.018,0.013785396,-0.08428658,0.0148825105,-0.00024518592,-4.0095652e-05,-4.329732e-05
12.057,0.07609365,-0.09039523,0.014271645,-0.000180502,-0.00015194008,-2.851112e-05
12.098,0.075482786,-0.18202502,0.016715106,-0.00060394855,-0.0002504279,-5.5534747e-05
12.118,0.065708935,-0.14903829,0.010606453,-0.00040813893,-0.00017993577,-2.9082134e-05
12.158,0.027835296,-0.09711475,-0.007108639,-0.0001650084,-4.729624e-05,1.2074461e-05
12.199,-0.014314406,-0.09100609,0.03565193,-0.00015082388,2.3727749e-05,-5.9084225e-05
12.216,-0.010038348,-0.017091399,0.112010084,-3.26154e-05,1.9160801e-05,-0.0002137612
12.258,0.054102503,-0.039082546,0.033819333,-4.906168e-05,-6.7913716e-05,-4.2455005e-05
12.297,0.121908545,-0.08306484,-0.040706225,-0.00021324678,-0.00031300273,0.000104476996
12.317,0.0999174,-0.08550831,-0.043149687,-0.00019854857,-0.00023202972,0.00010017554
12.356,0.008898473,-0.036639087,0.024045488,-2.7488924e-05,-6.675926e-06,-1.8040473e-05
12.398,-0.018590461,-0.04396947,0.00022174409,-3.5216017e-05,1.48894715e-05,-1.7733706e-07
12.437,0.042496063,0.008564942,-0.029099787,1.5007128e-05,-7.445e-05,5.098153e-05
12.457,0.026002701,0.030556092,-0.01077383,2.1297355e-05,-1.8123541e-05,7.509444e-06
12.497,-0.102889866,0.06781887,-0.017493347,0.00014161464,0.000214856,3.651419e-05
12.536,-0.10960938,0.028723495,0.0130499145,0.00010994076,0.00041949318,-4.9967566e-05
12.558,-0.07173574,0.014673594,0.024045488,1.8974259e-05,9.275332e-05,-3.1091462e-05
12.597,0.0070658782,0.0048997505,0.0112173185,1.1618496e-06,-1.6754958e-06,-2.6599023e-06
12.638,0.03394395,-0.014647937,0.0148825105,-9.793993e-06,-2.26955e-05,-9.950831e-06
12.659,-0.006984022,0.005510615,0.017936837,3.7021753e-06,4.6919904e-06,-1.2050353e-05
12.703,-0.061961897,0.048271183,0.020991163,6.584409e-05,8.451635e-05,-2.863516e-05
12.736,-0.049133725,0.014673594,0.017325971,1.3325204e-05,4.4617438e-05,-1.573373e-05
12.759,-0.042414207,-0.017091399,0.012439049,-2.7177111e-05,6.744495e-05,-1.9778956e-05
12.798,-0.01248181,0.005510615,0.01366078,1.7850406e-06,4.0431787e-06,-4.4250855e-06
12.837,-0.020423058,0.019560516,0.009995588,9.843113e-06,1.0277105e-05,-5.029951e-06
12.858,-0.024088249,-0.02075659,0.0148825105,-2.445158e-05,2.8376828e-05,-1.7531655e-05
12.897,0.0046224175,0.028723495,0.0063303965,1.4348002e-05,-2.30902e-06,-3.162153e-06
12.938,-0.019201327,0.022003977,0.033208467,1.6325754e-05,1.4245987e-05,-2.463873e-05
12.959,-0.051577188,-0.012815342,0.025878085,-2.5415786e-05,0.000102300706,-5.1326228e-05
13.001,-0.023477385,-0.072069265,0.012439049,-9.287331e-05,3.0255362e-05,-1.6028433e-05
13.037,0.04799385,0.02811263,0.03015414,2.9840241e-05,-5.0945095e-05,-3.2007323e-05
13.059,0.02478097,0.061099354,0.037484523,0.00015548877,-6.307252e-05,-9.538948e-05
13.097,-0.06501622,0.047049455,0.033819333,6.8746864e-05,9.499426e-05,-4.941709e-05
13.138,-0.08456391,-0.027476108,0.016715106,-4.170399e-05,0.00012835895,-2.536896e-05
13.176,0.006455013,-0.04946726,-0.006497774,-8.3503466e-05,-1.0896885e-05,1.0968155e-05
13.196,0.043717794,-0.030530434,-0.0028325822,-2.7351382e-05,-3.9165687e-05,2.537102e-06
13.237,0.010731069,0.038497336,0.0063303965,2.6134308e-05,-7.284956e-06,-4.2973616e-06
13.278,-0.035694692,0.018949652,0.0014434746,2.5712741e-05,4.8433933e-05,-1.9592665e-06
13.297,-0.017368732,0.015895324,0.015493375,7.5163125e-06,8.212973e-06,-7.326247e-06
13.337,-0.0320295,0.031166956,0.031986736,2.8737855e-05,2.9532303e-05,-2.949372e-05
13.378,-0.057685837,-0.026865242,0.0185477,-5.9747825e-05,0.0001282992,-4.124775e-05
13.399,-0.028364306,-0.026865242,0.019158568,-1.9611918e-05,2.070654e-05,-1.3985864e-05
13.439,0.055935096,-0.08611917,-0.024212865,-0.00015243702,-9.901372e-05,4.2851534e-05
13.478,0.09380875,-0.112386376,-0.04559315,-0.0005781507,-0.00048269652,0.00023442882
13.499,0.081591435,-0.1294906,-0.046204016,-0.00034731158,-0.00021886952,0.00012389234
13.540,0.11946508,-0.19790752,-0.059032183,-0.00079213304,-0.0004782916,0.00023610618
13.576,0.14145623,-0.12765801,-0.05231267,-0.00084622024,-0.0009380126,0.0003464403
13.598,0.13473672,-0.11177551,-0.043149687,-0.0003380943,-0.00040760057,0.00013045888
13.638,0.08647836,-0.04641293,-0.026045462,-7.906637e-05,-0.00014732734,4.4365544e-05
13.677,0.020504914,0.055601567,0.00205434,5.5315115e-05,-2.039934e-05,-2.043193e-06
13.697,-0.018590461,0.079425305,0.0063303965,0.00021804885,5.1034996e-05,-1.7384571e-05
13.737,-0.05585324,0.039108206,-0.0022217168,4.4760898e-05,6.3926425e-05,2.5414172e-06
13.778,0.038220003,-0.1472057,-0.06208651,-0.00040569124,-0.000105369385,0.00017108965
13.797,0.097473934,-0.25838318,-0.098738424,-0.0025421928,-0.00096044113,0.0009704301
13.839,0.26362926,-0.46852082,-0.19892032,-0.004503318,-0.0025396063,0.0019072905
13.878,0.42978463,-0.83381826,-0.21907887,-0.013463716,-0.006969632,0.0034938094
13.898,0.52385783,-1.0641143,-0.259396,-0.043249346,-0.021566039,0.010104522
13.937,0.7926386,-1.0983229,-0.38340163,-0.025859494,-0.01883662,0.008812888
13.976,0.7700366,-0.6639977,-0.22396581,-0.011572943,-0.013473203,0.0038343305
13.997,0.6081573,-0.4459188,-0.13844468,-0.011444675,-0.0156654,0.0034720628
14.037,0.09075442,-0.19302058,-0.05292353,-0.00071162335,-0.0003346758,0.000195007
14.078,-0.09922468,-0.21806607,-0.06330825,-0.0009066492,0.00041240052,0.00026338673
14.117,0.015007127,-0.03786082,-0.041317094,-7.370112e-05,-2.9216797e-05,8.0429425e-05
14.137,0.10846951,0.22603297,-0.022991134,0.00095476024,-0.00045811658,9.733068e-05
14.178,-0.09800295,0.14539875,0.03015414,0.00043402216,0.000292515,-9.007229e-05
14.216,-0.19024359,0.10569251,0.058864806,0.0007998684,0.001438985,-0.00044587872
14.236,-0.34723595,0.0812579,0.053977884,0.00049204804,0.0021010984,-0.00032714562
14.275,-0.3906074,0.2516893,-0.024212865,0.0019645165,0.0030494386,0.00018602122
14.317,-0.23972368,0.43861407,0.036873657,0.0073775295,0.004029146,-0.00063497707
14.336,-0.23361503,0.49908972,0.05214529,0.0046353047,0.002168324,-0.0004892712
14.376,-0.27576473,0.4612161,0.11384268,0.004251713,0.002539093,-0.0010545257
14.419,-0.25499532,0.52596784,0.14560767,0.010638406,0.0051381593,-0.0029703565
14.438,-0.21345648,0.5846108,0.13705556,0.0062520807,0.0022775868,-0.0014724628
14.476,-0.23483676,0.6536386,0.15354893,0.007802939,0.002795305,-0.0018433302
14.501,-0.28798202,0.54673725,0.15538152,0.005847188,0.0030736518,-0.0016700191
14.536,-0.30019933,0.39463177,0.12789258,0.0033916829,0.0025771277,-0.00110309
14.576,-0.22261946,0.09286434,0.050312694,0.00038399233,0.0009202577,-0.00020816684
14.618,0.02233751,-0.19179887,-0.036430173,-0.0006323077,-7.367907e-05,0.00012007774
14.637,0.10052826,-0.19179887,-0.04681488,-0.001425687,-0.00074756646,0.0003474851
14.678,0.1683343,-0.20035097,-0.09018631,-0.00093020295,-0.0007818859,0.00041843305
14.716,0.3741959,0.5479589,0.124838255,0.006204034,-0.0042430586,-0.0014009479
14.737,0.08464577,0.59377384,0.24945475,0.012936496,-0.0018800143,-0.0054248916
14.775,-0.22261946,0.031166956,0.11078835,0.00013125979,0.00093597505,-0.0004658721
14.815,-0.42176154,0.087977424,-0.13294688,0.00066390703,0.003190768,0.0010046244
14.838,-0.2800408,0.20892873,-0.14516419,0.0026490707,0.0035575381,0.0018381409
14.876,0.074261054,0.011008403,-0.065140836,1.8363877e-05,-0.00012383361,0.00010862726
14.916,-0.056464106,0.26512834,0.002665205,0.0012058255,0.00025679567,-1.2276384e-05
14.955,-0.035694692,0.13195972,0.14133161,0.00043534208,0.00011764977,-0.0004662567
14.976,0.016839722,0.091031745,0.13583383,0.0002510437,-4.648855e-05,-0.00037460428
15.019,0.18299507,0.1411227,0.06375173,0.00056748337,-0.0007360556,-0.00025619252
15.057,0.17810816,0.22053519,0.14744025,0.0011818537,-0.00095525745,-0.00078982377
15.078,0.14451055,0.44411185,0.14621854,0.0036456517,-0.0011886841,-0.0011983563
15.116,0.47682124,0.46915734,0.031986736,0.005270293,-0.0053582345,-0.0003452678
15.158,0.7034523,0.35064948,0.066806056,0.009265524,-0.018626763,-0.0016819708
15.179,0.4426128,0.5351308,0.0014434746,0.0062347944,-0.005156879,-7.415336e-07
15.219,0.05715683,0.7232773,-0.039484497,0.00881712,-0.0006946267,0.00048439257
15.257,-0.12549189,-0.14415136,-0.12011871,-0.0010922846,0.0009500217,0.00091033947
15.276,0.030278757,-0.16430992,-0.16654447,-0.00065027195,-0.00012005263,0.00065911654
15.316,-0.024088249,-0.13437754,-0.08591025,-0.00036365804,6.514498e-05,0.0002325009
15.355,-0.528663,-0.22722904,-0.0034434474,-0.004387764,0.0102070905,8.888054e-05
15.375,-0.4822372,-0.15148175,0.00205434,-0.0012845921,0.0040895576,-1.4794834e-05
15.415,-0.31852528,-0.15575781,0.060086537,-0.0009394102,0.0019219773,-0.00036162665
15.455,-0.07051401,-0.036639087,0.06802779,-0.00012857324,0.0002475188,-0.00023876091
15.495,-0.011870944,-0.087340906,0.038706254,-0.00014106442,1.9177269e-05,-6.2513434e-05
15.516,-0.017979598,-0.09283869,0.037484523,-0.00015843866,3.068927e-05,-6.396911e-05
15.556,-0.019201327,-0.039082546,0.017325971,-6.145793e-05,3.0195439e-05,-2.7244629e-05
15.576,-0.06868141,-0.031752165,0.028321546,-4.3037468e-05,9.3096736e-05,-3.838713e-05
15.616,-0.12610275,-0.074512735,-0.0034434474,-0.00018315876,0.00030996845,8.492619e-06
15.656,-0.06745968,-0.043358605,-0.030932382,-6.2526124e-05,9.7276774e-05,4.460814e-05
15.696,-0.09678121,0.002456289,-0.026045462,4.127897e-06,0.00016278547,4.3807966e-05
15.716,-0.1322114,-0.03786082,-0.029099787,-8.930096e-05,0.00031180185,6.8642315e-05
15.757,-0.088229105,0.017117055,-0.018104214,2.6326301e-05,0.00013570786,2.7844779e-05
15.778,-0.05585324,0.04582772,-0.0022217168,0.000111149355,0.00013546573,5.3809836e-06
15.820,-0.060740165,-0.0067066895,0.008773857,-6.946216e-06,6.29121e-05,-9.087367e-06
15.855,-0.020423058,-0.021367455,0.041760582,-1.8340794e-05,1.75308e-05,-3.584573e-05
15.895,-0.021033922,0.026280032,0.049090967,2.6244552e-05,2.1004469e-05,-4.9024e-05
15.916,-0.03325123,0.018338785,0.039927986,1.6953916e-05,3.0738895e-05,-3.691182e-05
15.957,-0.030196901,-0.028697837,0.02526722,-2.3458002e-05,2.4683868e-05,-2.0653702e-05
15.997,-0.016757866,-0.030530434,0.0014434746,-1.7854345e-05,9.80009e-06,-8.4406355e-07
16.019,-0.021644788,-0.012815342,0.0069412617,-5.610404e-06,9.4758625e-06,-3.038783e-06
16.058,-0.031418633,-0.018313129,-0.0040543126,-1.124252e-05,1.9287998e-05,2.4890658e-06
16.096,-0.027142577,-0.025032647,0.00205434,-3.106213e-05,3.3680353e-05,-2.5486386e-06
16.117,-0.01370354,0.020171382,0.009384722,8.842709e-06,6.0073166e-06,-4.114085e-06
16.158,-0.046690263,0.028723495,0.009995588,2.6852602e-05,4.364866e-05,-9.345045e-06
16.197,-0.082731314,0.033610415,0.014271645,0.00010199168,0.0002510347,-4.3318178e-05
16.216,-0.072346605,0.021393113,0.0185477,2.7885331e-05,9.429761e-05,-2.4176741e-05
16.255,0.0027898217,-0.0005980371,0.009384722,-9.841656e-08,-4.5910798e-07,-1.5444004e-06
16.297,-0.006984022,-0.013426208,0.009384722,-8.022493e-06,4.173155e-06,-5.6075964e-06
16.317,-0.010649214,0.015284459,0.019158568,6.852389e-06,4.7742537e-06,-8.589236e-06
16.358,-0.021644788,0.0042888853,0.0148825105,1.9151591e-06,9.665097e-06,-6.6455354e-06
16.397,-0.022255654,-0.031752165,-0.0034434474,-4.1474705e-05,2.9070216e-05,4.49843e-06
16.417,0.02111578,-0.010371881,-0.006497774,-4.24698e-06,-8.64632e-06,2.660636e-06
16.456,0.034554813,0.0268909,0.00205434,1.9775656e-05,-2.5411764e-05,-1.5105187e-06
16.498,-0.054631513,0.005510615,-0.00038912118,1.0153143e-05,0.000100657286,7.1643564e-07
16.521,-0.056464106,-0.011593612,-0.0077195037,-1.1312173e-05,5.5092365e-05,7.5322832e-06
16.555,0.010120205,-0.0012089023,-0.010162964,-2.9192125e-07,-2.443815e-06,2.4541398e-06
16.596,-0.00026450463,0.027501764,-0.0077195037,1.3180369e-05,1.2678966e-07,3.699613e-06
16.636,-0.023477385,0.066597134,-0.004665178,7.907017e-05,2.787473e-05,5.537827e-06
16.656,-0.024088249,0.07392752,-0.0058869086,9.67127e-05,3.151289e-05,7.699797e-06
16.695,0.015007127,0.1728877,0.04298231,0.0005185655,-4.5046592e-05,-0.00012891172
16.735,-0.1163289,0.48992676,0.16698796,0.004361348,0.0010321379,-0.0014885247
16.757,-0.26354742,0.67318636,0.27144593,0.0087274965,0.0033990066,-0.0035315806
16.797,-0.26599088,0.7086165,0.29221532,0.009652863,0.0036014027,-0.0039950353
16.837,0.24408159,0.28406516,0.13644469,0.0018989256,-0.0016331465,-0.0009109156
16.856,0.4285629,0.2993368,0.16332278,0.0027474533,-0.0039398205,-0.0014952485
16.897,0.27401397,0.15822692,0.18409218,0.00097082375,-0.0016834467,-0.0011298129
16.936,0.08892182,0.17410941,0.13888815,0.0007004141,-0.00035796486,-0.000558679
16.955,-0.12976792,0.0549907,0.03565193,0.00013413801,0.00031650267,-8.697753e-05
16.995,-0.07906613,-0.07817792,-0.14088812,-0.00023545617,0.00023803026,0.00042426374
17.034,-0.018590461,-0.16675338,-0.08774285,-0.0005297266,5.8981703e-05,0.0002787446
17.055,-0.12243755,-0.09406041,-0.058421317,-0.00026053502,0.00033907915,0.00016184652
17.095,-0.20490436,-0.06718235,-0.06086478,-0.00025263522,0.0007702329,0.00022889582
17.135,-0.09372689,-0.087951764,-0.036430173,-0.00039429226,0.00042011368,0.00016338695
17.176,-0.07051401,-0.18080328,-0.04681488,-0.00060558197,0.0002361247,0.00015686832
17.196,-0.048522856,-0.18813367,-0.05231267,-0.00063510344,0.00016374412,0.00017664561
17.235,-0.060740165,-0.25105277,-0.09079718,-0.0023065917,0.0005570422,0.0008347738
17.256,-0.114496306,-0.26937875,-0.111566596,-0.0014158506,0.0006013006,0.00058674504
17.297,-0.2885929,-0.35367817,-0.2062507,-0.0029743628,0.0024227093,0.0017369041
17.336,-0.38755307,-0.35489988,-0.16837706,-0.0065823207,0.007165306,0.003141139
17.357,-0.35639897,-0.33962825,-0.110344864,-0.0028761725,0.0030153627,0.00093834277
17.397,-0.20307176,-0.12643628,-0.017493347,-0.00050881907,0.00081715995,7.06026e-05
17.437,-0.15359168,0.03971907,-0.029099787,0.00021489437,0.0008312558,0.00015739887
17.476,0.060211156,-0.09589301,-0.09018631,-0.00023287046,-0.00014625475,0.0002190101
17.497,0.17810816,-0.12338195,-0.08774285,-0.00048376626,-0.0006985979,0.00034394595
17.542,0.1756647,-0.03358476,-0.017493347,-0.00020244991,-0.0010592146,0.000105372266
17.561,0.07303932,0.046438586,-0.008330369,6.774595e-05,-0.00010655044,1.2156075e-05
17.597,-0.09189429,-0.0067066895,0.0038869355,-1.0376198e-05,0.00014217934,-6.0131492e-06
17.637,-0.057685837,0.0048997505,0.0069412617,4.793367e-06,5.643109e-05,-6.7904166e-06
17.677,-0.016757866,0.027501764,-0.006497774,1.5158979e-05,9.236977e-06,3.5815083e-06
17.696,0.00034636058,0.008564942,-0.019325944,3.0379715e-06,-1.2284312e-07,6.854881e-06
17.736,-0.021033922,0.026280032,0.00205434,1.4868969e-05,1.1900759e-05,-1.162412e-06
17.775,-0.06440536,0.025669169,-0.016882483,3.0730076e-05,7.7105724e-05,2.0210344e-05
17.797,-0.047911994,-0.025032647,-0.010162964,-2.3100825e-05,4.4214023e-05,9.379095e-06
17.837,0.04493952,0.009175807,0.012439049,7.315808e-06,-3.5830875e-05,-9.917678e-06
17.876,-0.003929696,0.0549907,0.01610424,5.2988922e-05,3.7862335e-06,-1.5518102e-05
17.897,-0.047911994,-0.013426208,-0.007108639,-1.1322049e-05,4.040275e-05,5.994736e-06
17.937,-0.044857666,-0.04946726,-0.029099787,-6.045455e-05,5.481915e-05,3.556429e-05
17.975,0.028446162,0.020171382,-0.008330369,1.2133524e-05,-1.7110893e-05,5.0109843e-06
17.998,0.026613565,-0.007317555,-0.015660752,-3.895946e-06,-1.4169584e-05,8.338054e-06
18.036,0.00828761,-0.0085392855,-0.0138281565,-2.6136438e-06,-2.5366232e-06,4.2324295e-06
18.079,-0.022255654,0.0549907,0.0032760703,0.00010962971,4.4368557e-05,-6.533612e-06
18.098,-0.03691642,0.05376897,0.008773857,5.9366612e-05,4.0759198e-05,-9.6884405e-06
18.137,-0.05524238,0.021393113,0.009384722,2.1527669e-05,5.5589055e-05,-9.444233e-06
18.176,-0.019812193,0.01650619,-0.008941235,1.5116462e-05,1.814427e-05,8.188337e-06
18.216,0.0076767434,0.026280032,0.007552127,1.2522083e-05,-3.6578897e-06,-3.598466e-06
18.236,-0.008816618,-0.014037072,0.010606453,-4.6344935e-06,2.9109144e-06,-3.5018338e-06
18.277,0.004011552,-0.02197832,0.0148825105,-1.979705e-05,-3.6132824e-06,-1.3405493e-05
18.316,0.0034006867,0.01772792,0.028321546,9.989015e-06,-1.9162414e-06,-1.5958138e-05
18.336,0.005844148,-0.011593612,0.0185477,-4.4037383e-06,-2.2198324e-06,-7.0451847e-06
18.376,0.038830873,-0.0036523633,-0.0016108516,-4.783863e-06,-5.086123e-05,2.1097944e-06
18.416,-0.004540561,0.007954076,0.0032760703,1.2980562e-06,7.4099114e-07,-5.3463486e-07
18.437,-0.051577188,-0.021367455,0.002665205,-2.0036337e-05,4.836428e-05,-2.498695e-06
18.476,-0.044246804,-0.0012089023,0.0185477,-1.9456952e-06,7.1252995e-05,-2.9868273e-05
18.518,0.010731069,0.02933436,0.0344302,2.2878716e-05,-8.36982e-06,-2.6853144e-05
18.535,0.005844148,-0.00792842,0.024656354,-3.531729e-06,-2.6032562e-06,-1.0983177e-05
18.577,0.03394395,-0.01953486,0.0069412617,-1.3035657e-05,-2.2650753e-05,-4.632049e-06
18.616,0.10236085,0.13867925,0.0038869355,0.00040113297,-0.0002960846,-1.1183714e-05
18.636,0.5409621,0.08858829,-0.046204016,0.0008186746,-0.004992499,0.0004284729
18.676,0.05471337,-0.1734729,0.0130499145,-0.0005307538,-0.00016738816,-3.99714e-05
18.715,-0.42176154,0.1411227,0.052756157,0.0010610055,0.0031688397,-0.000398083
18.735,-0.36983797,0.10263819,0.08574288,0.00067790336,0.0024400165,-0.000566563
18.775,-0.0075948876,-0.03602822,0.01366078,-2.3738385e-05,5.004254e-06,-9.000805e-06
18.816,0.1719995,-0.06779321,-0.004665178,-0.00021033917,-0.00053366687,1.4418591e-05
18.836,0.09136528,-0.04641293,0.008162992,-8.005149e-05,-0.00015758107,-1.4085373e-05
18.875,-0.048522856,0.05376897,0.022823758,6.8503556e-05,6.1818006e-05,-2.9080004e-05
18.914,-0.06868141,0.02933436,0.025878085,3.8900984e-05,9.10757e-05,-3.431793e-05
18.955,0.0076767434,-0.061073694,0.007552127,-6.354433e-05,-7.987041e-06,-7.857886e-06
18.975,0.043717794,-0.06351716,-0.0022217168,-8.220367e-05,-5.657957e-05,2.8730146e-06
19.015,-0.0027079657,0.03177782,0.026488949,2.210347e-05,1.883355e-06,-1.8424731e-05
19.055,-0.027142577,0.017117055,-0.0016108516,9.226846e-06,1.4631057e-05,8.68253e-07
19.075,-0.019812193,-0.0005980371,0.009384722,-2.200264e-07,7.2896064e-06,-3.45297e-06
19.115,-0.0027079657,-0.010371881,-0.0058869086,-4.2562e-06,1.111234e-06,2.4157505e-06
19.155,0.021726644,-0.020145725,-0.008941235,-1.0460412e-05,-1.1281337e-05,4.6425753e-06
19.176,0.029057028,0.020171382,0.0038869355,1.2042696e-05,-1.7347636e-05,-2.3204734e-06
19.215,-0.022255654,0.03727561,0.0112173185,5.608425e-05,3.3484837e-05,-1.687824e-05
19.255,-0.01248181,-0.024421781,-0.008941235,-1.1819588e-05,6.04088e-06,4.327386e-06
19.275,0.011341935,-0.03236303,-0.012606426,-1.9837971e-05,-6.952494e-06,7.72746e-06
19.315,0.017450588,0.01650619,-0.0034434474,1.3439836e-05,-1.4208753e-05,2.8038496e-06
19.356,-0.05096632,0.020782245,-0.018104214,2.0201956e-05,4.954447e-05,1.7598582e-05
19.375,-0.057685837,0.005510615,-0.021769406,5.722388e-06,5.9909857e-05,2.2608509e-05
19.415,-0.024699114,-0.010982746,-0.021158539,-1.2650565e-05,2.844894e-05,2.4371146e-05
19.455,0.008898473,0.03727561,0.0038869355,2.4089435e-05,-5.7506877e-06,-2.5118711e-06
19.476,0.001568091,0.050714646,0.0063303965,4.3505905e-05,-1.3453158e-06,-5.4305456e-06
19.515,-0.04180334,0.015284459,0.0032760703,2.2889317e-05,6.2602325e-05,-4.9067794e-06
19.555,-0.031418633,-0.00792842,0.004497801,-4.35152e-06,1.7244232e-05,-2.4685964e-06
19.575,-0.021033922,0.0006236934,0.0063303965,2.299491e-07,7.754677e-06,-2.3338587e-06
19.616,0.0021789563,-0.0018197676,0.00022174409,-8.693769e-08,-1.04097595e-07,-1.059362e-08
19.657,0.009509339,-0.017091399,-0.0040543126,-5.7276093e-06,-3.1867412e-06,1.3586584e-06
19.697,-0.008205753,0.0030671544,-0.0095521,6.6694315e-07,1.7843211e-06,2.0770794e-06
19.716,0.013174531,0.036664743,-0.010162964,2.4767469e-05,-8.899457e-06,6.865305e-06
19.757,0.0027898217,0.021393113,-0.0077195037,8.224127e-06,-1.0724751e-06,2.9676025e-06
19.778,-0.035694692,0.001845424,-0.008941235,1.1406613e-06,2.2064165e-05,5.5268833e-06
19.815,-0.029586036,-0.015869668,-0.00038912118,-8.939506e-06,1.6666037e-05,2.1926942e-07
19.857,0.004011552,0.007343211,0.010606453,1.6643762e-06,-9.092413e-07,-2.4040075e-06
19.877,-0.008205753,0.011619267,0.00022174409,2.7732829e-06,1.9585464e-06,-5.292852e-08
19.920,-0.034472957,-0.014037072,-0.007108639,-8.924203e-06,2.1916374e-05,4.5194583e-06
19.957,-0.027142577,-0.011593612,-0.007108639,-5.9050935e-06,1.3824739e-05,3.6207418e-06
19.997,-0.05218805,0.026280032,-0.004665178,2.5844618e-05,5.1323677e-05,4.587242e-06
20.018,-0.06562708,0.010397538,-0.01077383,1.1741818e-05,7.411482e-05,1.2166794e-05
20.057,-0.079676986,0.007343211,-0.0028325822,9.863664e-06,0.00010702721,3.8043765e-06
20.096,-0.049133725,0.0006236934,-0.027878057,5.905404e-07,4.657045e-05,2.6423659e-05
20.116,0.0046224175,-0.034195624,-0.028488923,-2.5671852e-05,-3.47049e-06,2.1387617e-05
20.157,0.20315363,0.1973223,-0.029710654,0.001885681,-0.001940852,0.0002857137
20.195,0.16405824,-0.26754615,-0.049869206,-0.0014262822,-0.00087485113,0.00026524937
20.215,-0.061961897,-0.37811276,-0.14210986,-0.0025926037,0.00042355643,0.00097487576
20.255,-0.104722455,-0.048245527,-0.075525545,-0.00022321845,0.00048429862,0.00034935703
20.295,-0.030196901,0.0409408,0.022212893,3.8128917e-05,2.8122318e-05,-2.0687654e-05
20.315,-0.02775344,0.030556092,0.017325971,2.2949955e-05,2.0844676e-05,-1.3013288e-05
20.356,-0.04302507,-0.023810918,0.011828184,-4.0408257e-05,7.3017305e-05,-2.0071877e-05
20.395,-0.05218805,0.080647044,0.0014434746,0.00012998717,8.4116655e-05,-2.3320622e-06
20.416,-0.054631513,0.11057944,0.0014434746,0.00022883533,0.00011305513,-3.0000886e-06
20.455,-0.05340978,0.09591867,0.004497801,0.00035364353,0.00019691323,-1.661773e-05
20.495,-0.034472957,-0.01953486,-0.012606426,-1.3627639e-05,2.4048302e-05,8.794416e-06
20.516,-0.009427483,-0.011593612,-0.0040543126,-3.0115987e-06,2.4489145e-06,1.0531661e-06
20.555,0.015007127,0.044605993,0.008773857,3.5826906e-05,-1.2053654e-05,-7.046831e-06
20.595,0.02355924,0.020171382,-0.015660752,1.17582895e-05,-1.3733011e-05,9.128988e-06
20.634,0.26057494,0.1551726,-0.065140836,0.00080777844,-0.0013559451,0.0003395532
20.655,0.36991984,-0.0042632283,-0.061475646,-2.6372943e-05,-0.002327435,0.00038675664
20.695,-0.23422588,0.0030671544,0.004497801,1.2064238e-05,0.00092067395,-1.7685106e-05
20.735,-0.33318606,0.15639433,0.08818634,0.0009936735,0.0021154012,-0.00056102086
20.755,-0.21345648,0.040329933,0.06863865,0.0001542544,0.0008158441,-0.0002624107
20.796,0.13046066,-0.13498838,-0.030932382,-0.0004308649,-0.00041645413,9.864702e-05
20.835,0.21903612,-0.10749946,0.0069412617,-0.00044024264,-0.0008969864,-2.8623175e-05
20.856,0.17383209,-0.10016908,0.012439049,-0.0003378255,-0.0005862295,-4.2048847e-05
20.895,0.051659044,-0.03724995,0.015493375,-4.096339e-05,-5.6807905e-05,-1.703887e-05
20.935,0.12007595,0.06354281,0.03565193,0.0001497207,-0.00028295378,-8.3989195e-05
20.955,0.14756487,0.032388687,0.020991163,8.287272e-05,-0.00037762168,-5.3700875e-05
20.995,0.10419345,-0.0067066895,-0.007108639,-1.1774115e-05,-0.00018293753,1.2479902e-05
21.035,0.02111578,-0.007317555,-0.012606426,-3.14999e-06,-9.089795e-06,5.4267202e-06
21.055,0.014396261,-0.023810918,0.009384722,-1.1730649e-05,-7.0924025e-06,-4.6234973e-06
21.096,0.009509339,-0.06657148,-0.021769406,-0.00015788889,-2.2557646e-05,5.162934e-05
21.135,0.051659044,-0.042136874,-0.015049887,-4.831335e-05,-5.9232338e-05,1.7254668e-05
21.156,0.04127433,-0.03602822,-0.018715078,-3.4994588e-05,-4.0090923e-05,1.8177638e-05
21.195,-0.018590461,-0.03786082,-0.0040543126,-5.3830838e-05,2.6431888e-05,5.76516e-06
21.235,-0.047911994,-0.09100609,-0.007108639,-0.00015740606,8.286836e-05,1.23017335e-05
21.256,-0.05524238,-0.099558204,-0.018715078,-0.00019273128,0.000106937245,3.6239813e-05
21.295,-0.021644788,-0.04274774,-0.034597576,-8.477362e-05,4.2920423e-05,6.861156e-05
21.335,0.18543853,-0.12887974,-0.036430173,-0.00049455295,-0.00071169325,0.00013963234
21.356,0.39557618,-0.0012089023,-0.006497774,-7.967549e-06,-0.0026256577,4.3118875e-05
21.395,0.15367354,0.05254724,-0.021158539,0.00028882653,-0.0008445079,0.00011640032
21.435,-0.297145,-0.106888585,0.041149717,-0.00057090673,0.001587639,-0.00021940017
21.474,-0.13404399,0.09408607,0.028321546,0.00026235986,0.00037375148,-7.9019475e-05
21.496,0.036998276,-0.020145725,-0.008941235,-2.9111236e-05,-5.3464544e-05,1.2919753e-05
21.535,0.43467155,-0.081843115,-0.029710654,-0.00060834404,-0.0032328882,0.00021998651
21.575,-0.10533333,-0.0018197676,-0.0040543126,-3.2194203e-06,0.00018631053,7.1714503e-06
21.595,-0.2501084,-0.04396947,0.046036635,-0.00019027572,0.0010829641,-0.00019923117
21.635,-0.10533333,-0.005484959,0.02526722,-9.976355e-06,0.0001916711,-4.5976794e-05
21.675,0.0980848,-0.06840408,-0.013217291,-0.00013806838,-0.00019798227,2.6664928e-05
21.696,0.12007595,-0.21440087,-0.0058869086,-0.0008841684,-0.0004951955,2.4058287e-05
21.735,0.08831096,-0.42026246,-0.08713199,-0.0030893816,-0.0006502127,0.0006395532
21.775,0.17688641,-0.5833635,-0.16043583,-0.00616772,-0.0018758657,0.0016908941
21.795,0.29844862,-0.61390674,-0.15066198,-0.007196678,-0.0035064593,0.0017543174
21.835,0.459717,-0.6725498,-0.13294688,-0.009307936,-0.0063747806,0.0018114398
21.876,0.43589327,-0.7391341,-0.173264,-0.010847519,-0.0064155646,0.002509933
21.895,0.39068925,-0.5693136,-0.18914649,-0.006832681,-0.004700255,0.002255774
21.935,0.35892427,-0.1734729,-0.031543247,-0.0011635857,-0.0024081636,0.0002102243
21.975,-0.06929228,0.41601205,0.022823758,0.002947895,0.0004907649,-0.00016245227
21.995,-0.22628465,0.32316056,0.025878085,0.002143638,0.0015007494,-0.00017325665
22.035,-0.16703072,-0.034806494,0.04298231,-0.00010271536,0.0004930709,-0.00012685583
22.074,0.045550387,0.042773396,0.029543275,4.9598963e-05,-5.2820906e-05,-3.425696e-05
22.114,0.06082202,0.098973,-0.008941235,0.00019346719,-0.000118889344,1.7489261e-05
22.134,0.0070658782,0.11790982,-0.0016108516,0.00046737722,-2.8006607e-05,6.391723e-06
22.174,-0.06990314,0.14295529,-0.014439022,0.0003832222,0.00018739952,3.8671347e-05
22.215,-0.07540093,0.061710216,-0.0009999864,0.00010088143,0.0001232627,1.6285227e-06
22.235,-0.06318362,0.005510615,-0.0016108516,1.1730892e-05,0.00013450674,3.4284287e-06
22.274,-0.04363594,-0.017091399,-0.0095521,-1.3714433e-05,3.5013833e-05,7.664934e-06
22.315,-0.07784439,-0.014647937,-0.018104214,-1.9969393e-05,0.00010611731,2.4680743e-05
22.335,-0.08395304,-0.011593612,-0.035819307,-3.5807116e-05,0.00025918495,0.000110589055
22.374,-0.06501622,-0.003041498,-0.04925834,-4.1681833e-06,8.903634e-05,6.745703e-05
22.414,-0.030196901,0.0048997505,-0.09629497,8.301525e-06,5.118827e-05,0.00016323202
22.435,-0.031418633,-0.0311413,-0.11523179,-0.00012900755,0.00013009433,0.0004772586
22.477,-0.009427483,-0.062906295,-0.10240362,-0.00012723067,1.9054016e-05,0.00020711368
22.502,0.026613565,-0.09650388,-0.07124949,-0.00019893536,-5.4877546e-05,0.00014687289
22.541,0.05715683,0.001845424,0.010606453,1.8004658e-06,-5.577333e-05,-1.0349668e-05
22.576,0.05288077,0.100805596,0.037484523,0.00020268509,-0.00010633463,-7.535909e-05
22.615,0.015617992,-0.0012089023,0.040538847,-8.816269e-07,-1.1387684e-05,-2.9558485e-05
22.636,-0.09617035,0.03177782,0.03015414,5.6346053e-05,0.00017050676,-5.346754e-05
22.675,-0.09189429,0.050714646,-0.024212865,9.164678e-05,0.00016607139,4.3749358e-05
22.716,-0.028975172,0.02933436,-0.0077195037,2.0644731e-05,2.0392054e-05,5.432582e-06
22.736,-0.006984022,0.055601567,0.005108666,5.249168e-05,6.593266e-06,-4.8231022e-06
22.777,-0.050355453,0.07148406,0.00205434,0.00010489534,7.38911e-05,-3.0184e-06
22.815,-0.06990314,0.027501764,-0.0034434474,3.4696117e-05,8.819009e-05,4.342734e-06
22.836,-0.06440536,0.025669169,-0.00038912118,2.985886e-05,7.4917574e-05,4.5151486e-07
22.876,-0.061961897,0.05010378,0.007552127,6.728375e-05,8.3207e-05,-1.0144393e-05
22.916,0.027835296,0.042773396,-0.019325944,3.916049e-05,-2.5483663e-05,1.7693952e-05
22.935,0.019894049,0.0042888853,-0.0028325822,1.4784952e-06,-6.8580025e-06,9.764709e-07
22.975,-0.06868141,0.047660317,0.0014434746,6.68557e-05,9.634292e-05,-2.0280572e-06
23.015,-0.09067256,0.022614842,0.01610424,3.5980796e-05,0.0001442545,-2.562354e-05
23.054,-0.04302507,0.028723495,-0.0022217168,2.4952586e-05,3.737669e-05,1.9295794e-06
23.075,-0.010649214,0.03299955,-0.0016108516,3.8436687e-05,1.2403861e-05,1.876024e-06
23.115,-0.005762292,-0.00792842,0.005719531,-1.5094729e-06,1.0970703e-06,-1.0889274e-06
23.140,-0.004540561,-0.014037072,-0.0028325822,-3.537876e-06,1.1443927e-06,7.1392043e-07
23.175,0.001568091,0.03727561,-0.008941235,4.7985515e-05,-2.018353e-06,1.15102475e-05
23.214,0.035776548,0.04216253,-0.027878057,4.3805107e-05,-3.7169248e-05,2.8964594e-05
23.254,-0.04363594,-0.007317555,-0.008941235,-5.541824e-06,3.304624e-05,6.771445e-06
23.274,-0.056464106,0.048271183,-0.007108639,0.00012086902,0.0001413863,1.7791375e-05
23.314,-0.044246804,0.025058303,0.010606453,2.1837943e-05,3.8560025e-05,-9.243714e-06
23.354,0.00828761,-0.021367455,-0.005276043,-8.430825e-06,-3.2700013e-06,2.0817229e-06
23.376,0.02111578,-0.026254378,-0.0009999864,-2.9694273e-05,-2.3882434e-05,1.1306523e-06
23.416,-0.00026450463,-0.010371881,-0.00038912118,-1.8066802e-06,4.607406e-08,6.778115e-08
23.456,-0.003929696,-0.003041498,0.0032760703,-3.037159e-07,3.9240913e-07,-3.2713967e-07
23.476,-0.006984022,0.014062729,0.0112173185,9.10552e-06,4.522065e-06,-7.263144e-06
23.515,0.08647836,0.13562492,0.0038869355,0.00036610395,-0.00023344114,-1.0449641e-05
23.555,-0.09922468,-0.059851967,-0.010162964,-0.00011680768,0.0001936435,1.9845123e-05
23.574,-0.10533333,0.025058303,-0.025434596,4.6753263e-05,0.00019654944,4.7455484e-05
23.615,-0.013092675,0.01650619,0.019769432,8.000816e-06,6.3461684e-06,-9.582552e-06
23.655,-0.0008753699,0.014673594,0.015493375,5.2577334e-06,3.136414e-07,-5.551471e-06
23.676,-0.021644788,0.018949652,0.028321546,1.2834507e-05,1.4659626e-05,-1.9181929e-05
23.715,-0.072346605,0.13562492,0.19508776,0.0005652629,0.00030123396,-0.0008130035
23.756,-0.22750638,0.6359235,0.30870867,0.007928208,0.0028191523,-0.0038572948
23.776,-0.31241664,0.9199759,0.19569862,0.015305646,0.0051696706,-0.0032936526
23.818,-0.39305085,0.38791227,0.25800687,0.0039721807,0.004014161,-0.0026464048
23.855,-0.12121582,0.28834122,0.36429742,0.0023241795,0.0009730505,-0.002935751
23.876,-0.010649214,0.29628247,0.17554007,0.0017126835,6.0688515e-05,-0.0010147567
23.915,0.1542844,0.034221284,-0.03276498,9.268136e-05,-0.00041776008,8.873886e-05
23.954,0.3546482,-0.3402391,0.26716986,-0.0031972984,-0.0033243324,-0.0025126867
23.996,0.55012506,-0.7159213,0.3716278,-0.023566013,-0.017877806,-0.012386492
24.016,0.71078265,-0.8197683,0.2543417,-0.01535969,-0.013252525,-0.0048573813
24.057,0.94291145,-0.70675826,0.14194247,-0.014102167,-0.018756082,-0.0029589457
24.095,0.7718691,-0.82893133,0.16576622,-0.015944865,-0.014798221,-0.0033017455
24.116,0.7010088,-0.92117196,0.23357226,-0.036642063,-0.027604442,-0.009763506
24.156,0.6118224,-0.75379485,0.23418313,-0.01265049,-0.010226117,-0.0039885514
24.195,0.28134435,-0.5149466,-0.012606426,-0.0050704684,-0.0027706728,0.00011711014
24.221,0.15184094,-0.40987775,0.05336702,-0.0060568717,-0.002241061,-0.00079529214
24.254,-0.51644564,-0.29381335,0.14744025,-0.0030137063,0.00530658,-0.0015063365
24.294,-0.6538903,0.3414865,-0.035208438,0.0042294515,0.008102807,0.00041911117
24.325,-0.5066718,0.37936014,-0.026045462,0.008060789,0.010771636,0.000510198
24.357,-0.1847458,0.14662048,-0.0376519,0.0005874702,0.0007403428,0.0001506582
24.395,0.027835296,0.1374575,-0.076747276,0.00036870007,-7.4622665e-05,0.00020586746
24.414,0.07242846,0.15578346,-0.05292353,0.00093973376,-0.00043672824,0.00031943255
24.454,0.030278757,0.2816217,0.03504106,0.0013484679,-0.00014509587,-0.00016768817
24.494,-0.17924802,0.37936014,0.13705556,0.00280995,0.0013259576,-0.0010168011
24.514,-0.26843435,0.29811507,0.08635374,0.002052917,0.0018474178,-0.00059639674
24.554,-0.30752972,0.29506072,0.03504106,0.0021171372,0.0022060452,-0.00025373083
24.594,-0.18230236,0.30055854,0.12728171,0.0018856415,0.0011426962,-0.00079942297
24.635,-0.052798916,0.46671388,0.13033605,0.007634111,0.00085539126,-0.0021349466
24.655,-0.030196901,0.44289014,0.123616524,0.0034241055,0.00023181635,-0.0009560803
24.695,-0.03264036,0.18693759,0.036262795,0.00060593523,0.00010576302,-0.00011757224
24.734,-0.044246804,0.11668809,0.009384722,0.000490006,0.0001857937,-3.945431e-05
24.756,-0.07051401,0.10874684,0.00205434,0.00023649473,0.000153348,-4.485756e-06
24.794,-0.051577188,0.12462934,0.033208467,0.00029045212,0.0001201889,-7.740947e-05
24.817,-0.005151427,0.1814398,0.06619519,0.0005881319,1.6635053e-05,-0.00021457403
24.857,0.04432866,0.19304624,0.060086537,0.00067035714,-0.00015400581,-0.00020860515
24.895,-0.0020971005,0.18571587,0.007552127,0.0005791669,6.5331215e-06,-2.3553685e-05
24.936,-0.11388544,0.20343095,0.022212893,0.0015986826,0.0008947963,-0.00017526897
24.956,-0.15298082,0.17716374,0.01610424,0.0006974004,0.0006021663,-6.360216e-05
24.996,-0.091283426,0.036664743,-0.014439022,6.115805e-05,0.00015226917,2.4080848e-05
25.035,-0.079676986,0.17594202,-0.11095574,0.0006574384,0.00029789138,0.00041454675
25.056,-0.15114823,0.20220923,-0.20502898,0.002204772,0.0016518774,0.0022355681
25.097,-0.261104,0.16861163,-0.2856632,0.0011923071,0.0018504527,0.0020220827
25.137,-0.34784684,0.5357416,-0.12256217,0.005843504,0.003799593,0.0013263028
25.156,-0.3728923,0.59316295,-0.079801604,0.014026462,0.008835712,0.0018262035
25.196,-0.36800537,0.32010624,-0.09018631,0.0026626727,0.0030634094,0.000746422
25.236,-0.27209955,0.22603297,-0.13844468,0.0014397464,0.0017347276,0.0008810608
25.255,-0.25499532,0.24496979,-0.08102333,0.0029802686,0.0031052865,0.0009815958
25.297,-0.15114823,0.21687,-0.053534396,0.0009812528,0.0006840637,0.00024190727
25.335,0.2263665,0.0042888853,-0.12439477,1.8852677e-05,-0.0009810766,0.0005391413
25.354,0.13534757,-0.18996626,-0.14760765,-0.0017586118,-0.0012547915,0.00136604
25.394,-0.19268706,0.0409408,-0.20502898,0.00019484566,0.000919248,0.0009779363
25.435,-0.29347983,-0.07695619,-0.04437142,-0.0003960633,0.0015097219,0.00022856175
25.474,-0.15114823,-0.099558204,-0.1079014,-0.00035205862,0.00053426984,0.0003815455
25.494,0.008898473,-0.16614252,-0.1396664,-0.0006055015,-3.258477e-05,0.0005090071
25.534,0.21537092,-0.17958155,-0.16104668,-0.0009737696,-0.0011688723,0.000873154
25.574,0.16650172,-0.11299725,-0.06819516,-0.0008052823,-0.0011872057,0.00048569325
25.595,0.13229325,0.014673594,-0.0119955605,3.290471e-05,-0.00029662377,2.6900989e-05
25.636,0.06448721,0.010397538,0.14133161,2.7128808e-05,-0.00016845511,-0.0003691767
25.674,0.068152405,-0.026865242,0.100403644,-0.0001120979,-0.0002841983,-0.00041873776
25.694,0.05960029,-0.053743314,0.08513201,-0.000105500425,-0.00011697827,-0.00016710849
25.735,0.046161257,-0.09772561,-0.05719959,-0.00020048383,-9.471409e-05,0.00011733856
25.775,0.074261054,0.009175807,0.019158568,2.3776407e-05,-0.00019246496,-4.9651488e-05
25.794,0.053491637,0.07514925,0.044814907,0.00012929486,-9.2040274e-05,-7.710055e-05
25.835,-0.014314406,0.12218588,0.005719531,0.00025245894,2.9574736e-05,-1.1821349e-05
25.876,-0.056464106,0.29506072,0.027099816,0.0029863946,0.00057106395,-0.00027513073
25.897,-0.09617035,0.45694003,0.029543275,0.0035869454,0.000754494,-0.00023326023
25.936,-0.15542427,0.6224845,0.06924952,0.006740005,0.0016801716,-0.00075539976
25.977,-0.22261946,0.6945666,0.14560767,0.017343419,0.0055237724,-0.0036817023
25.995,-0.22750638,0.7049513,0.1730966,0.009000116,0.0028935547,-0.0022221713
26.036,-0.15053736,0.46915734,0.23418313,0.0042954483,0.0013731893,-0.002146319
26.081,-0.09800295,0.38241446,0.23418313,0.0029455747,0.00075204356,-0.0018045051
26.095,-0.16275465,0.41784465,0.29221532,0.007511607,0.0029031318,-0.0052587427
26.134,0.4633822,-0.38727573,0.08635374,-0.003965833,-0.0047408813,-0.00089322124
26.175,0.02233751,0.04216253,-0.30215657,0.00021647286,-0.00011447144,0.0015507226
26.194,-0.13832006,0.26329574,-0.36507568,0.0041537355,0.002197428,0.005763618
26.233,-0.17924802,-0.062295426,-0.27772194,-0.00035233865,0.0010112578,0.0015674208
26.273,0.21537092,-0.42942545,-0.4328817,-0.0046534007,-0.002347512,0.0046909424
26.315,0.586777,-0.88818526,-0.5000769,-0.0174695,-0.011664268,0.009766246
26.333,0.5794466,-0.880244,-0.4066145,-0.016639981,-0.011044931,0.0076142414
26.374,0.47437778,-0.8973482,-0.29482618,-0.015891137,-0.008453422,0.005161173
26.414,0.4389476,-0.79533374,-0.25817424,-0.012587429,-0.006980376,0.0040467195
26.434,0.3632003,-0.6456717,-0.16104668,-0.008207593,-0.0046278853,0.002029369
26.474,-0.0320295,-0.33229786,-0.17082052,-0.0020907512,0.00020038913,0.0010749226
26.515,-0.28248426,-0.21806607,-0.14210986,-0.0014061321,0.0018197873,0.00091708754
26.534,0.008898473,-0.24188982,-0.11645351,-0.001090069,-4.0387105e-05,0.0005247772
26.574,0.5446273,-0.299922,-0.06330825,-0.0031428325,-0.005711472,0.00065481657
26.614,-0.13465486,1.282817e-05,0.022823758,9.105945e-08,0.00061708235,-0.00010459437
26.634,-0.5072827,0.16005953,0.04359318,0.0014341046,0.0045420397,-0.00039360064
26.674,-0.5170565,0.26879355,0.15415978,0.0027224424,0.005226929,-0.0015661567
26.714,-0.28309512,0.30300197,0.04359318,0.004240345,0.0039593056,-0.000618282
26.734,-0.035694692,0.1728877,0.036873657,0.0005231062,0.00010797097,-0.00011159556
26.774,0.23308602,0.028723495,0.0032760703,0.00011317871,-0.00091847364,-1.2857344e-05
26.813,0.13534757,-0.03236303,-0.0009999864,-0.00015112219,-0.00063202454,4.6218183e-06
26.833,0.11885422,-0.04030428,0.026488949,-8.674056e-05,-0.00025576723,-5.7014295e-05
26.873,-0.004540561,0.04888205,0.021602027,4.398639e-05,4.0853815e-06,-1.9438601e-05
26.914,-0.09983554,-0.017091399,0.029543275,-6.048972e-05,0.00035344812,-0.00010458054
26.934,-0.058296703,-0.051299855,0.017325971,-6.8477e-05,7.781847e-05,-2.3125005e-05
26.974,0.071206726,-0.026254378,0.0038869355,-3.3472857e-05,-9.078389e-05,-4.957111e-06
27.014,0.012563665,-0.061073694,0.024045488,-6.84756e-05,-1.4085373e-05,-2.6960119e-05
27.034,-0.011260079,-0.0012089023,0.027099816,-1.1912546e-06,1.1097099e-05,-2.6707521e-05
27.074,-0.051577188,0.096529536,0.0325976,0.00018494326,9.881055e-05,-6.246263e-05
27.113,-0.049133725,0.05621243,0.04420404,8.182817e-05,7.15191e-05,-6.434874e-05
27.154,0.004011552,-0.012204477,0.051534425,-1.0875053e-05,-3.5743e-06,-4.5920493e-05
27.175,0.038220003,-0.01953486,0.045425773,-2.0483769e-05,-4.0074192e-05,-4.7630525e-05
27.215,0.053491637,-0.0311413,0.03504106,-3.7162503e-05,-6.383123e-05,-4.181597e-05
27.255,0.062043753,0.015895324,-0.0009999864,1.708227e-05,-6.667658e-05,1.0752252e-06
27.274,0.013785396,0.018338785,0.0069412617,7.374729e-06,-5.543653e-06,-2.7913302e-06
27.314,-0.07601179,0.06720801,0.03931712,0.00012269987,0.00013876267,-7.178583e-05
27.354,-0.110220246,0.15639433,0.06924952,0.00053394085,0.00037620493,-0.0002365033
27.373,-0.101057276,0.21809173,0.11139922,0.000969469,0.00044893177,-0.00049535657
27.413,-0.085785635,0.5516241,0.21768977,0.00554628,0.0008563088,-0.0021907615
27.455,-0.022866517,0.46549216,0.257396,0.00415812,0.0001994687,-0.0022995416
27.476,0.28745303,-0.02320005,0.14744025,-0.00012669452,-0.0015619644,-0.0008012871
27.516,0.45055404,-0.29564595,-0.08896458,-0.0027074565,-0.0041297083,0.0008096297
27.553,0.05288077,-0.003041498,-0.034597576,-6.4525566e-06,-0.0001122588,7.34455e-05
27.575,-0.039970744,0.0727058,0.005719531,0.00010144559,5.5770204e-05,-7.983208e-06
27.614,-0.08334218,0.095307805,0.041149717,0.00021287838,0.00018613483,-9.1927635e-05
27.656,-0.06501622,0.05010378,-0.01077383,0.00013917778,0.00018060698,2.9915449e-05
27.674,-0.054020647,0.018338785,-0.021769406,1.8786253e-05,5.5340784e-05,2.2300796e-05
27.714,-0.04302507,-0.022589186,-0.018104214,-1.9653402e-05,3.7432637e-05,1.5751448e-05
27.754,-0.05340978,-0.007317555,-0.0040543126,-1.3274286e-05,9.688445e-05,7.355102e-06
27.775,-0.06318362,0.012230133,0.00083260937,1.3206268e-05,6.822639e-05,-8.9951163e-07
27.815,-0.035694692,0.002456289,-0.007108639,1.503218e-06,2.1845397e-05,4.350519e-06
27.854,0.058989424,-0.06046283,-0.0040543126,-0.00017157238,-0.0001673933,1.1490427e-05
27.874,0.08647836,-0.06412802,0.004497801,-0.00011593304,-0.00015633753,-8.140311e-06
27.915,0.071206726,-0.016480533,-0.0009999864,-2.0210762e-05,-8.732401e-05,1.2254457e-06
27.954,-0.017368732,-0.09283869,-0.027267193,-0.00030624194,5.727903e-05,8.995282e-05
27.996,0.012563665,-0.14415136,-0.046204016,-0.00036735088,-3.2038653e-05,0.00011773962
28.014,0.058989424,-0.14292964,-0.049869206,-0.00038957855,-0.00016081649,0.00013589932
28.055,0.12862806,-0.18630107,-0.05048007,-0.00072493975,-0.0005006261,0.00019626127
28.095,0.14939748,-0.24983105,-0.07735814,-0.0012623043,-0.0007551851,0.00039043126
28.116,0.17688641,-0.29381335,-0.08041247,-0.0017361221,-0.0010457705,0.00047431176
28.155,0.14939748,-0.19912924,-0.14027727,-0.0009543801,-0.0007165287,0.000672144
28.177,0.08525663,-0.2070705,-0.05719959,-0.0016057242,-0.00066153705,0.00044306257
28.219,0.0027898217,-0.08550831,-0.039484497,-0.00013517517,-4.4144917e-06,6.2418534e-05
28.256,-0.07295746,-0.028086973,-0.006497774,-3.696617e-05,9.602043e-05,8.553608e-06
28.294,-0.08150958,-0.01953486,-0.043760557,-3.099357e-05,0.00012930146,6.942146e-05
28.314,-0.05524238,-0.034806494,-0.051701803,-4.8637194e-05,7.7187295e-05,7.224376e-05
28.357,0.0027898217,-0.12704714,-0.079801604,-0.00031984466,-7.0555975e-06,0.00020090205
28.400,0.08281317,-0.32496747,-0.08774285,-0.0018897771,-0.00048209509,0.0005098271
28.416,0.12740633,-0.35062382,-0.11950784,-0.0023039996,-0.00083822885,0.00078445
28.455,0.15123007,-0.363452,-0.1378338,-0.0025427819,-0.0010594729,0.00096315955
28.494,0.27401397,-0.19546404,-0.09812757,-0.0011492603,-0.0016120886,0.00057626277
28.515,0.2703488,-0.004874094,-0.03276498,-2.2180218e-05,-0.0012353892,0.00014970938
28.553,-0.13098967,0.16250299,0.054588754,0.0005882387,0.0004740688,-0.00019772752
28.594,-0.4009921,0.17349856,0.08207769,0.0025916826,0.005979805,-0.0012320651
28.613,-0.3466251,0.17960721,0.04298231,0.0011838053,0.0022838372,-0.0002845739
28.654,-0.14931563,0.12829453,0.004497801,0.00042384423,0.00049328373,-1.4963709e-05
28.694,0.07731538,-0.093449555,0.020380296,-0.00038565672,-0.00031904527,-8.416598e-05
28.714,0.09075442,-0.0451912,0.019769432,-7.831758e-05,-0.00015727314,-3.4265948e-05
28.754,-0.022866517,0.09591867,0.0185477,0.00016146584,3.848996e-05,-3.1225485e-05
28.794,-0.03325123,0.015895324,0.008162992,2.0133633e-05,4.2116735e-05,-1.0339874e-05
28.834,0.03760914,-0.02320005,-0.012606426,-1.7885966e-05,-2.89949e-05,9.71868e-06
28.854,0.02355924,-0.0012089023,0.00083260937,-4.78757e-07,-9.330047e-06,-3.297363e-07
28.895,-0.054631513,0.06354281,0.028932411,0.00018902784,0.00016250425,-8.6080625e-05
28.933,-0.08334218,0.07026233,0.02771068,0.00013259011,0.0001572644,-5.2300868e-05
28.954,-0.06318362,0.05621243,0.01366078,8.079123e-05,9.080877e-05,-1.9637388e-05
28.994,-0.005151427,0.023836572,-0.010162964,1.0565566e-05,2.2833965e-06,4.504727e-06
29.034,-0.0008753699,-0.012815342,-0.03887363,-8.80254e-06,6.011517e-07,2.6701307e-05
29.054,-0.014314406,-0.021367455,-0.04803661,-1.9533634e-05,1.3085278e-05,4.3913442e-05
29.094,-0.018590461,-0.08245398,-0.022991134,-0.000121174584,2.7318441e-05,3.3789354e-05
29.135,0.04921558,-0.08306484,0.008162992,-0.00013503255,-8.0005026e-05,-1.3275339e-05
29.154,0.051659044,-0.06840408,0.0130499145,-9.950804e-05,-7.51474e-05,-1.8987434e-05
29.195,-0.01492527,-0.038471684,0.008162992,-2.7150762e-05,1.0533355e-05,-5.7607617e-06
29.234,-0.03691642,-0.04946726,0.027099816,-5.5945206e-05,4.175212e-05,-3.0647832e-05
29.259,-0.021644788,-0.048856393,0.027099816,-4.9110735e-05,2.175827e-05,-2.7240523e-05
29.295,-0.04730113,-0.04946726,0.007552127,-5.7146673e-05,5.4644748e-05,-8.723012e-06
29.357,-0.12243755,-0.00915015,0.03565193,-1.9616784e-05,0.000262626,-7.6469856e-05
29.394,-0.19635224,-0.025643513,0.11445355,-9.823445e-05,0.00075346895,-0.00043914682
29.435,-0.1621438,0.18571587,0.13033605,0.00086913037,0.00075834844,-0.00061012595
29.456,-0.11693977,0.30666718,0.15782498,0.0018740576,0.00071358914,-0.0009649676
29.495,-0.12304842,0.56567407,0.30565435,0.006215002,0.001340989,-0.0033611497
29.533,-0.1389309,0.606602,0.56099606,0.01708316,0.0037708445,-0.01580351
29.555,-0.06562708,0.56445235,0.6721735,0.008339932,0.00092771894,-0.009929901
29.595,0.1597822,0.55467844,0.9641671,0.010429824,-0.003107312,-0.018162102
29.634,0.58189005,0.4587726,1.1596439,0.020466859,-0.027430685,-0.053290013
29.655,0.71628046,0.14417703,1.127879,0.0030454474,-0.016190074,-0.025407052
29.694,0.7743126,-0.36161938,0.9751627,-0.0080459155,-0.0167604,-0.021282846
29.736,0.58250093,-0.4636339,0.6483498,-0.015566153,-0.019128598,-0.021627055
29.774,0.25996408,-0.44164273,-0.0657517,-0.0038276496,-0.0022545285,0.0005656407
29.798,0.017450588,-0.2174552,-0.23312879,-0.0011647666,-9.4203475e-05,0.0012487281
29.834,-0.4712416,0.2993368,0.009384722,0.005608847,0.008827936,-0.00020057865
29.875,-0.37533575,0.27795652,0.09857105,0.0022271692,0.0030049428,-0.0007927398
29.895,-0.21956512,0.012840998,0.10345797,5.2552274e-05,0.00089533796,-0.00042190746
29.934,0.0999174,-0.25655058,0.04359318,-0.00239976,-0.00093405735,-0.00040885675
29.975,0.062654614,-0.09100609,-0.01993681,-0.00017141907,-0.000118020966,3.7543345e-05
29.995,-0.08883996,0.01772792,-0.054145265,3.138246e-05,0.00015730628,9.587003e-05
30.034,-0.29286897,0.28345433,-0.05597786,0.001956055,0.0020218007,0.00038439015
30.074,-0.15114823,0.0727058,-0.04925834,0.00021320027,0.0004433044,0.00014441808
30.095,-0.03264036,-0.02197832,-0.016271617,-1.5701517e-05,2.3318284e-05,1.16246765e-05
30.134,0.024170104,-0.06046283,-0.0095521,-6.6759174e-05,-2.6687487e-05,1.0545948e-05
30.174,-0.057074975,-0.025032647,-0.024212865,-2.8081191e-05,6.402336e-05,2.7161632e-05
30.194,-0.07479006,0.002456289,-0.008330369,3.1022887e-06,9.447486e-05,1.0522781e-05
30.233,-0.11205284,0.05621243,0.012439049,0.00011881118,0.0002368283,-2.6304682e-05
30.275,-0.021644788,-0.103834264,0.02771068,-0.00019097343,3.9814473e-05,-5.096234e-05
30.293,0.106026046,-0.20584875,0.017936837,-0.00080208085,-0.00041309043,-7.005453e-05
30.334,0.2300317,-0.45141658,-0.020547675,-0.0038400535,-0.0019572203,0.00017104221
30.374,0.25874236,-0.37505844,0.12850344,-0.0029800138,-0.0020535788,-0.00102372
30.395,0.1982667,-0.23211597,0.21463545,-0.0014540473,-0.001240315,-0.0013446745
30.434,-0.40526816,-0.18507935,0.0032760703,-0.0013834153,0.003029352,-2.2392844e-05
30.473,-0.2586605,0.27612394,-0.035208438,0.0017601257,0.0016491752,0.00022300496
30.517,0.03760914,-0.05435418,-0.0040543126,-6.038789e-05,-4.178423e-05,4.5031165e-06
30.533,0.0962522,0.0048997505,-0.0009999864,7.923126e-06,-0.00015564186,1.6176159e-06
30.573,0.03516568,0.08247964,0.017325971,0.0002527356,-0.000107763226,-5.3077536e-05
30.613,-0.101668134,0.013451863,0.0014434746,2.3147419e-05,0.00017494473,-2.485874e-06
30.633,-0.114496306,0.034832146,-0.024212865,7.1349e-05,0.00023455126,4.9592494e-05
30.673,-0.09250516,0.15211827,-0.07796901,0.0009919072,0.0006035374,0.0005081866
30.716,-0.33562952,0.29750422,-0.17082052,0.0023936122,0.0027040895,0.00137219
30.733,-0.50422835,0.271237,-0.22946359,0.0028007068,0.005221298,0.002367285
30.773,-0.7070356,0.20770702,-0.34980404,0.0055929055,0.019378373,0.00952026
30.814,-0.52194345,0.2926173,-0.4279948,0.003594666,0.006451618,0.0052709826
30.833,-0.3466251,0.3359887,-0.43410346,0.0036506453,0.0037840472,0.0047213305
30.873,-0.22689551,0.21748085,-0.35102576,0.0034282503,0.0035965603,0.005543296
30.913,-0.2800408,0.1289054,-0.25084388,0.00085797627,0.0018680213,0.0016718186
30.933,-0.2708778,0.1392901,-0.19647686,0.0008460525,0.0016477384,0.0011940973
30.973,-0.06929228,0.1991549,-0.25634164,0.001108773,0.00038666453,0.0014272948
31.013,0.0070658782,0.011008403,-0.18609217,3.4460616e-05,-2.2104803e-05,0.000582433
31.034,-0.008205753,0.04338426,-0.16226842,0.00012239869,2.3179662e-05,0.00045782136
31.074,-0.05585324,0.10263819,-0.10667967,0.00027243723,0.00014830379,0.0002831663
31.120,-0.3203579,0.06965147,-0.08896458,0.00039649318,0.0018258748,0.00050666253
31.136,-0.44986132,0.34392998,-0.08652112,0.003303599,0.004324807,0.00082437875
31.175,-0.62334704,0.55773276,-0.12561649,0.007906727,0.008852453,0.0017475617
31.215,-0.30203193,0.3873014,-0.12072957,0.0032850637,0.0025645108,0.0010202162
31.234,-0.05340978,0.1692225,-0.041317094,0.00051726284,0.00016329375,0.00012625437
31.274,0.32899186,-0.10444513,0.009995588,-0.0006051527,-0.0019059776,-5.8485584e-05
31.317,0.2898965,-0.120938495,0.09551673,-0.00066656864,-0.0015966196,-0.0005266533
31.354,0.20437536,-0.21867692,0.1083449,-0.0011681595,-0.0010911277,-0.000579253
31.374,0.22514477,-0.4092669,0.005108666,-0.0032075332,-0.0017644308,-4.28673e-05
31.413,0.04127433,-0.007317555,0.004497801,-5.175781e-06,-2.9193483e-05,-3.1813872e-06
31.453,0.07731538,-0.022589186,-0.0040543126,-3.0564628e-05,-0.00010461378,5.4841994e-06
31.474,0.15856045,-0.053132445,0.012439049,-0.00014948696,-0.0004460804,-3.50285e-05
31.513,0.17749728,-0.07084754,-0.022991134,-0.00045751393,-0.0011464754,0.00014823573
31.553,0.0718176,-0.13437754,-0.049869206,-0.00036142167,-0.00019319169,0.00013409805
31.573,0.07303932,-0.15820126,-0.06086478,-0.0004898652,-0.00022621994,0.00018841868
31.613,0.121908545,-0.16919684,-0.09751669,-0.0013066316,-0.0009421925,0.0007526668
31.654,0.18482767,-0.25716144,-0.15188369,-0.001514867,-0.0010897963,0.0008941673
31.673,0.23064256,-0.3579542,-0.15432717,-0.0027190032,-0.001754203,0.0011703201
31.714,0.28073353,-0.40743428,-0.103014484,-0.0069050384,-0.0047665895,0.0017304412
31.754,0.18238421,-0.38483226,-0.0009999864,-0.0027495374,-0.0013031026,5.3532003e-06
31.775,0.1402345,-0.3109176,0.036873657,-0.0017896297,-0.00080695533,-0.00021295529
31.814,0.09136528,-0.15514694,0.09979278,-0.0010718697,-0.0006307212,-0.0006896404
31.853,0.07731538,0.026280032,0.11567528,6.240466e-05,-0.0001836762,-0.00027478827
31.874,0.048604712,0.069040604,0.12972517,0.00017926459,-0.00012624777,-0.0003368613
31.915,0.013785396,0.32682574,0.17798354,0.004083642,-0.00017679554,-0.0022236276
31.956,0.033333085,0.42700762,0.17920527,0.0033259334,-0.00026196425,-0.0013954596
31.974,0.08525663,0.239472,0.07902336,0.0010694175,-0.00038094565,-0.00035271552
32.014,0.10785864,-0.044580333,-0.014439022,-8.795272e-05,-0.00021280335,2.8478431e-05
32.054,0.07242846,-0.15881214,0.002665205,-0.00046512584,-0.00021212483,-7.855118e-06
32.075,0.11518902,-0.14964916,0.00083260937,-0.00047414307,-0.00036495976,-2.7245287e-06
32.115,0.14206709,-0.13682099,0.005108666,-0.0004529113,-0.00047026915,-1.7017292e-05
32.155,0.1597822,-0.0005980371,-0.0016108516,-1.6023243e-06,-0.00042835248,4.3181126e-06
32.194,0.1719995,0.055601567,0.00022174409,0.00016862284,-0.0005216233,-6.285049e-07
32.214,0.1634474,0.033610415,0.022823758,9.495578e-05,-0.00046184525,-6.446962e-05
32.255,0.114578165,0.011619267,0.025878085,2.3004268e-05,-0.00022690416,-5.1244755e-05
32.294,0.017450588,0.11485549,0.005108666,0.00022407736,-3.4046374e-05,-9.962948e-06
32.314,0.0076767434,0.17044424,0.005108666,0.00048811085,-2.1987904e-05,-1.4624617e-05
32.356,0.03394395,0.12340761,0.033208467,0.00027376812,-7.5312295e-05,-7.366028e-05
32.376,0.04432866,0.12401847,0.033208467,0.0002826048,-0.00010102517,-7.5659926e-05
32.414,0.094419606,0.07148406,0.049090967,0.00015373853,-0.00020308756,-0.00010557014
32.453,0.0962522,0.04582772,0.07169298,9.8759556e-05,-0.00020746651,-0.00015451449
32.496,0.08770009,-0.012815342,0.048480097,-2.172685e-05,-0.00014864212,-8.2170605e-05
32.515,0.11091297,-0.06046283,0.0325976,-0.0001323478,-0.0002427581,-7.1364666e-05
32.554,0.09258702,-0.05496504,0.0112173185,-0.00019966501,-0.0003363143,-4.0780003e-05
32.594,0.0046224175,-0.021367455,0.008773857,-8.444738e-06,-1.8268333e-06,-3.4675663e-06
32.614,0.001568091,-0.012204477,-0.0009999864,-2.5278023e-06,-3.247847e-07,2.071177e-07
32.654,0.05837856,-0.0067066895,-0.015049887,-1.3648857e-05,-0.00011882289,3.063146e-05
32.694,0.04921558,0.009786672,0.00205434,8.245945e-06,-4.14677e-05,-1.7307593e-06
32.714,0.02355924,0.002456289,0.002665205,9.82286e-07,-9.421543e-06,-1.0658337e-06
32.754,0.011341935,-0.03724995,0.008162992,-4.9727154e-05,-1.5140722e-05,-1.0897618e-05
32.794,0.015007127,-0.002430633,0.00205434,-6.255901e-07,-3.8624894e-06,-5.287411e-07
32.814,-0.0033188309,-0.02075659,0.00022174409,-7.32045e-06,1.1704882e-06,-7.820059e-08
32.854,0.014396261,-0.09528215,-0.019325944,-0.0003142204,-4.748607e-05,6.372573e-05
32.894,0.017450588,0.001845424,0.002665205,5.4953034e-07,-5.1964553e-06,-7.936463e-07
32.914,0.00034636058,0.03544301,0.011828184,2.221925e-05,-2.172161e-07,-7.4150958e-06
32.955,0.00828761,0.024447437,0.024045488,2.893921e-05,-9.810767e-06,-2.8463404e-05
32.994,0.024170104,0.020171382,0.031986736,1.51881095e-05,-1.8199407e-05,-2.408473e-05
33.034,-0.013092675,0.10447079,0.04359318,0.00019973458,2.502304e-05,-8.3346575e-05
33.054,-0.030807765,0.106914245,0.03809539,0.00021095373,6.0778573e-05,-7.517205e-05
33.094,-0.02775344,0.10996857,0.02771068,0.00021540637,5.4357206e-05,-5.428515e-05
33.133,0.0070658782,0.03971907,-0.021769406,3.0547657e-05,-5.434053e-06,1.6742755e-05
33.154,0.0046224175,0.0061214804,-0.043760557,4.5628485e-06,-3.4453556e-06,3.2617987e-05
33.194,-0.031418633,-0.024421781,-0.00038912118,-1.630551e-05,2.0977042e-05,2.5997264e-07
33.234,0.0034006867,-0.080621384,0.0032760703,-0.00010923552,-4.607416e-06,-4.4390645e-06
33.254,-0.010038348,-0.012815342,-0.024212865,-6.2731297e-06,4.9137266e-06,1.1852195e-05
33.294,-0.07906613,0.10996857,-0.054756127,0.0002695209,0.00019380986,0.00013418162
33.334,0.0021789563,0.048271183,-0.015049887,4.0986677e-05,-1.849872e-06,1.2778773e-05
33.354,0.043717794,-0.029919568,0.0130499145,-2.7387245e-05,-4.0017112e-05,-1.1945845e-05
33.394,0.048604712,-0.11788417,0.0112173185,-0.0002531625,-0.00010437763,-2.4102881e-05
33.434,-0.013092675,-0.0451912,-0.012606426,-3.69305e-05,1.0699202e-05,1.0302224e-05
33.454,-0.07112487,0.020782245,-0.021769406,2.6926522e-05,9.215779e-05,2.820566e-05
33.494,-0.072346605,0.087977424,-0.024212865,0.00034374642,0.00028270073,9.455988e-05
33.536,0.001568091,-0.021367455,-0.016882483,-9.7785e-06,-7.1765163e-07,7.7260165e-06
33.554,0.004011552,-0.024421781,-0.008330369,-1.0699438e-05,-1.7575229e-06,3.6496137e-06
33.594,-0.04180334,0.057434164,-0.0034434474,0.0001370599,9.975964e-05,8.210573e-06
33.634,-0.07906613,0.08675569,-0.02238027,0.00017392251,0.00015851409,4.485373e-05
33.654,-0.08945083,0.06537541,-0.037041035,0.00012812621,0.00017532385,7.2587354e-05
33.697,-0.038749017,-0.025643513,-0.053534396,-6.100103e-05,9.216378e-05,0.00012733869
33.734,0.04921558,-0.026254378,-0.0077195037,-2.4803934e-05,-4.6497036e-05,7.292507e-06
33.754,0.030278757,-0.031752165,0.020380296,-2.5771396e-05,-2.4575109e-05,-1.6541693e-05
33.795,-0.021644788,-0.012204477,0.03137587,-1.6389631e-05,2.9068642e-05,-4.213661e-05
33.836,-0.05340978,0.051936373,-0.00038912118,6.491474e-05,6.6756365e-05,4.841919e-07
33.856,-0.07112487,0.10019472,-0.026656326,0.00021134802,0.00015003778,5.6213397e-05
33.895,-0.08212045,0.1643356,-0.023602001,0.0010213024,0.00051045045,0.00014642492
33.934,-0.014314406,0.10752511,-0.0022217168,0.00019572445,2.605645e-05,4.04157e-06
33.974,0.015617992,-0.016480533,-0.006497774,-6.5299623e-06,-6.1882197e-06,2.5745487e-06
33.995,0.009509339,-0.03236303,-0.010162964,-1.912795e-05,-5.6204926e-06,6.0067027e-06
34.033,0.026002701,-0.044580333,-0.011384696,-3.9528433e-05,-2.305631e-05,1.00941415e-05
34.074,0.066930674,-0.07145841,0.002665205,-0.000117423195,-0.000109982575,-4.3860155e-06
34.094,0.060211156,-0.044580333,0.016715106,-5.7412642e-05,-7.754101e-05,-2.152841e-05
34.133,0.013174531,0.08370137,0.036873657,0.00012976506,-2.0428723e-05,-5.716541e-05
34.175,-0.051577188,0.19671144,0.057032213,0.00069705624,0.00018269093,-0.00020215465
34.193,-0.06868141,0.25230017,0.066806056,0.0011424198,0.000310805,-0.00030266412
34.234,-0.038749017,0.22420038,0.13888815,0.0010027258,0.00017298247,-0.0006212244
34.273,0.264851,-0.19729665,0.07352557,-0.0011202645,-0.0015031866,-0.00041820834
34.294,0.26179668,-0.50700533,0.02771068,-0.0048596724,-0.002508502,-0.00027168557
34.335,-0.17680457,0.08736656,-0.05658872,0.0003006729,0.00060862384,0.00019469751
34.373,-0.11144198,0.07698185,-0.12011871,0.00023375334,0.0003385226,0.00036479402
34.393,-0.02530998,-0.030530434,-0.123173036,-6.628788e-05,5.4938242e-05,0.0002674063
34.436,0.048604712,-0.1698077,-0.065140836,-0.0005363065,-0.00015356878,0.00020570029
34.475,0.02111578,-0.14598396,-0.016271617,-0.0003634555,-5.257937e-05,4.0501927e-05
34.495,0.00095722586,-0.04396947,0.008773857,-3.3082622e-05,-7.201073e-07,-6.60146e-06
34.535,-0.027142577,-0.03969341,-0.023602001,-7.134531e-05,4.8784103e-05,4.2423584e-05
34.575,-0.0014862352,0.0030671544,0.0014434746,1.9046493e-07,9.22926e-08,-8.9637254e-08
34.595,-0.0033188309,0.051936373,0.00022174409,4.534735e-05,2.8977756e-06,-1.9367774e-07
34.635,-0.016147,0.034221284,0.017936837,4.8084818e-05,2.268764e-05,-2.5203703e-05
34.674,0.018672317,-0.115440704,0.004497801,-0.00022665586,-3.666013e-05,-8.8351135e-06
34.714,0.019283185,-0.048856393,0.01610424,-4.503102e-05,-1.7772958e-05,-1.4843663e-05
34.734,0.0021789563,-0.05496504,0.008162992,-0.00010256374,-4.0651094e-06,-1.5232195e-05
34.774,0.001568091,-0.015869668,0.03137587,-9.37087e-06,-9.2585356e-07,-1.8527107e-05
34.815,-0.01492527,1.282817e-05,0.0185477,5.145883e-09,5.9614204e-06,-7.408284e-06
34.836,-0.009427483,0.014673594,0.0063303965,9.1355305e-06,5.8693654e-06,-3.941219e-06
34.875,-0.016147,0.044605993,0.004497801,3.5660585e-05,1.2908766e-05,-3.5960277e-06
34.915,-0.05340978,0.15395087,0.0063303965,0.00042120245,0.00014612259,-1.7350394e-05
34.935,-0.078455254,0.23825027,0.0069412617,0.0020060318,0.0006605161,-5.910636e-05
34.974,-0.17130677,0.32621488,0.026488949,0.0020218496,0.0010615308,-0.00016524213
35.015,-0.095559485,0.096529536,0.022212893,0.0002229025,0.00022065117,-5.1316496e-05
35.036,-0.017368732,0.01650619,0.0148825105,1.5622541e-05,1.6438677e-05,-1.4085808e-05
35.075,0.019283185,-0.051299855,0.010606453,-4.8043694e-05,-1.805895e-05,-9.933644e-06
35.116,-0.02775344,-0.0042632283,0.0185477,-2.4068684e-06,1.566916e-05,-1.04717155e-05
35.136,-0.030196901,-0.010371881,0.020991163,-6.648962e-06,1.9358346e-05,-1.3456722e-05
35.175,0.02111578,-0.072069265,0.014271645,-9.242912e-05,-2.7080154e-05,-1.8304643e-05
35.215,0.029667892,-0.03236303,0.025878085,-2.7671214e-05,-2.5366238e-05,-2.2126549e-05
35.236,0.0076767434,-0.00915015,0.028321546,-4.718601e-06,-3.958727e-06,-1.4604934e-05
35.277,-0.013092675,-0.0311413,-0.0016108516,-1.7669754e-05,7.42885e-06,9.14072e-07
35.316,0.006455013,0.0036780196,0.011828184,8.619113e-07,-1.5126801e-06,-2.7718363e-06
35.335,-0.006984022,0.044605993,0.015493375,3.5722307e-05,5.592864e-06,-1.2407818e-05
35.376,-0.044857666,0.1325706,0.009995588,0.0003120751,0.00010559218,-2.3546294e-05
35.417,-0.034472957,0.10874684,-0.014439022,0.00020979499,6.650864e-05,2.7848988e-05
35.436,-0.028364306,0.10630339,-0.01993681,0.00019941674,5.321319e-05,3.7394762e-05
35.475,-0.07540093,0.13195972,-0.010162964,0.00033722506,0.00019269405,2.5939313e-05
35.516,-0.13832006,0.19976576,-0.020547675,0.0008172281,0.0005659087,8.3830346e-05
35.537,-0.13526572,0.16372472,-0.0138281565,0.00058457995,0.00048299116,4.9233335e-05
35.575,-0.01370354,0.03971907,0.0038869355,2.8118366e-05,9.701118e-06,-2.7518176e-06
35.617,-0.0075948876,0.1832724,0.042371444,0.00057886244,2.3949504e-05,-0.00013383594
35.656,-0.09922468,0.22664383,0.048480097,0.00095870555,0.0004196041,-0.00020526322
35.676,-0.11693977,0.23702855,0.053977884,0.002145739,0.0010579631,-0.00048971974
35.715,-0.1004464,0.26818267,0.04298231,0.0013029886,0.0004878722,-0.00020914296
35.736,-0.09494862,0.28406516,0.044814907,0.0014433669,0.0004822617,-0.00022804899
35.774,-0.12610275,0.3286583,0.108955756,0.0040647187,0.0015564442,-0.0013503393
35.816,-0.16886331,0.39890784,0.19203342,0.0031721662,0.0013399654,-0.0015287076
35.837,-0.19390878,0.36531025,0.1785944,0.0027620194,0.0014637043,-0.0013518459
35.876,-0.14992648,0.24130459,0.14744025,0.002592782,0.0016080907,-0.0015855301
35.917,-0.13282226,0.08370137,0.06863865,0.00024065233,0.00038179773,-0.00019736009
35.954,-0.11144198,-0.010982746,-0.016882483,-2.0870322e-05,0.00021173646,3.207848e-05
35.976,-0.072346605,0.010397538,-0.026045462,2.7064123e-05,0.00018835891,6.780811e-05
36.014,-0.06379449,0.08003618,0.005108666,0.0001376055,0.00010968033,-8.790801e-06
36.056,-0.005762292,0.047049455,-0.008941235,3.807622e-05,4.6634527e-06,7.2358853e-06
36.076,0.00034636058,0.025669169,-0.0095521,2.3592287e-05,-3.1823313e-07,8.779247e-06
36.115,-0.024699114,0.0549907,-0.021769406,5.913143e-05,2.6559755e-05,2.340795e-05
36.156,-0.0320295,-0.031752165,0.0032760703,-2.4089084e-05,2.4299547e-05,-2.4851327e-06
36.175,-0.023477385,-0.023810918,-0.0077195037,-1.3709491e-05,1.3517395e-05,4.4447024e-06
36.216,-0.042414207,0.01772792,-0.014439022,1.433103e-05,3.4287677e-05,1.1672243e-05
36.254,-0.098613806,0.018949652,-0.07491468,3.981411e-05,0.00020728029,0.00015745964
36.277,-0.13282226,-0.07023667,-0.10851227,-0.00021846613,0.0004129655,0.0003374571
36.314,-0.08945083,-0.09833648,-0.15615976,-0.00033842388,0.00030767787,0.00053734274
36.357,-0.024699114,0.023836572,-0.0675843,3.0312516e-05,3.1412095e-05,8.5949025e-05
36.375,-0.02530998,-0.0012089023,-0.016271617,-6.108147e-07,1.2787115e-05,8.220756e-06
36.417,-0.06868141,-0.12460368,0.0130499145,-0.00029867957,0.00016463794,-3.1256805e-05
36.456,-0.1199941,-0.19057713,0.008773857,-0.0007206038,0.00045373425,-3.3012275e-05
36.496,-0.17130677,-0.1630882,-0.00038912118,-0.0012943319,0.0013595521,3.968081e-06
36.514,-0.17741542,-0.100779936,-0.014439022,-0.0003458715,0.0006088453,4.9657097e-05
36.557,-0.13465486,-0.042136874,-0.1079014,-0.00012563347,0.00040125474,0.00032157416
36.577,-0.12854621,0.0268909,-0.15921408,9.299038e-05,0.00044513284,0.00055127783
36.614,-0.1603112,0.1643356,-0.20197466,0.0016843815,0.0016465402,0.0020708772
36.656,-0.16153292,0.16738991,-0.11889698,0.0007334763,0.0007081809,0.0005208592
36.694,-0.12915708,0.14784223,-0.025434596,0.00049098243,0.0004289658,8.436583e-05
36.715,-0.11938322,0.15272914,-0.014439022,0.000996149,0.0007787314,9.379158e-05
36.758,-0.09189429,0.1325706,-0.034597576,0.0003669175,0.0002543631,9.5712705e-05
36.795,-0.05218805,0.07820358,-0.014439022,0.00012480051,8.328594e-05,2.303737e-05
36.815,-0.021033922,0.04582772,0.002665205,7.764682e-05,3.5637982e-05,-4.517089e-06
36.855,0.0052332827,0.022003977,0.02771068,1.3204769e-05,-3.1406523e-06,-1.6629421e-05
36.895,-0.056464106,0.012230133,0.005108666,1.1900783e-05,5.4942906e-05,-4.971363e-06
36.915,-0.10350073,0.03299955,-0.006497774,0.000120498735,0.00037795116,2.3704906e-05
36.957,-0.13770919,0.06232108,-0.054145265,0.00016784995,0.00037096543,0.00014582231
36.998,-0.09189429,0.08553397,-0.07308208,0.00020843677,0.00022397617,0.00017808662
37.015,-0.0741792,0.07881445,-0.07857987,0.00035365197,0.00033297052,0.00035259905
37.057,-0.0601293,0.11057944,-0.04559315,0.00024835675,0.00013506436,0.00010238638
37.095,-0.028975172,0.14417703,-0.013217291,0.0003571536,7.1783026e-05,3.2729004e-05
37.115,-0.01370354,0.12401847,-0.007108639,0.0002600344,2.8734712e-05,1.49012385e-05
37.155,-0.021033922,0.05987762,-0.006497774,6.408845e-05,2.2513363e-05,6.95401e-06
37.195,-0.0014862352,-0.022589186,-0.03276498,-1.5093003e-05,9.928646e-07,2.1891967e-05
37.215,0.017450588,-0.04152601,-0.016271617,-3.3366214e-05,-1.4021833e-05,1.3074074e-05
37.258,0.020504914,-0.026865242,-0.0028325822,-1.528622e-05,-1.1667237e-05,1.6116402e-06
37.295,0.020504914,-0.012815342,-0.005276043,-5.3212034e-06,-8.514098e-06,2.1907067e-06
37.336,0.017450588,-0.028086973,-0.013217291,-3.3560544e-05,-2.0851714e-05,1.5792795e-05
37.357,0.010731069,-0.044580333,-0.018104214,-3.6871814e-05,-8.87582e-06,1.4973623e-05
37.397,-0.010038348,-0.105055995,-0.027267193,-0.00019211821,1.8352517e-05,4.9865765e-05
37.418,-0.0027079657,-0.102001674,-0.030321518,-0.00018216406,4.831201e-06,5.4151384e-05
37.455,0.009509339,0.011619267,-0.04681488,9.584068e-06,-7.8434e-06,3.861434e-05
37.495,-0.009427483,0.051936373,-0.051090933,6.4009866e-05,1.1621144e-05,6.2967876e-05
37.518,-0.005762292,0.058045026,-0.020547675,6.0225364e-05,5.979389e-06,2.1319349e-05
37.554,0.02233751,0.020171382,0.021602027,1.2537414e-05,-1.3883946e-05,-1.3426636e-05
37.595,0.019283185,0.006732346,0.0344302,4.521526e-06,-1.2951305e-05,-2.3124481e-05
37.634,-0.024088249,-0.010982746,0.028321546,-7.1432823e-06,1.5667607e-05,-1.8420917e-05
37.656,-0.021033922,-0.042136874,0.037484523,-8.5102e-05,4.248532e-05,-7.570547e-05
37.695,0.029057028,-0.16430992,0.04420404,-0.00047584705,-8.411872e-05,-0.00012803497
37.735,0.053491637,-0.22845078,-0.025434596,-0.00090453675,-0.00021184485,0.0001006121
37.755,0.047382984,-0.11605157,-0.04437142,-0.0005177818,-0.00021146623,0.00019792315
37.794,-0.027142577,0.3011694,0.045425773,0.0015450652,0.00013906584,-0.00023314926
37.836,-0.07173574,0.49175933,0.051534425,0.004122209,0.00060041907,-0.00043321564
37.855,-0.09617035,0.5241352,0.04725837,0.009409041,0.001722255,-0.00085640384
37.895,-0.21162389,0.3488169,-0.007108639,0.0023879576,0.001448828,4.6935696e-05
37.935,-0.1181615,-0.081843115,-0.17937264,-0.00031577566,0.00045556627,0.00069180067
37.955,-0.05218805,-0.1331558,-0.22702013,-0.0011992808,0.00046862333,0.0020441432
37.995,0.015007127,0.0006236934,-0.11523179,1.2192526e-06,-2.9258079e-05,0.00022465838
38.036,0.027835296,0.030556092,0.03809539,2.8816152e-05,-2.6251231e-05,-3.592635e-05
38.055,0.043106925,-0.010982746,0.08818634,-3.641978e-05,-0.00014285921,-0.00029226884
38.094,0.0803697,-0.087951764,0.07780163,-0.00020998623,-0.00019184817,-0.00018575702
38.135,0.045550387,-0.053743314,0.02526722,-6.74849e-05,-5.719529e-05,-3.1729272e-05
38.156,0.028446162,-0.015869668,0.009995588,-9.071837e-06,-1.6261034e-05,-5.7139855e-06
38.197,-0.00026450463,0.0048997505,-0.0016108516,4.2454582e-07,2.2918409e-08,1.3957452e-07
38.236,0.005844148,0.009175807,0.00205434,1.7043387e-06,-1.085508e-06,-3.8157765e-07
38.274,0.027835296,-0.032973897,0.002665205,-4.783512e-05,-4.038041e-05,-3.8673634e-06
38.296,0.03516568,-0.027476108,-0.008941235,-2.0980528e-05,-2.6852407e-05,6.8272007e-06
38.335,0.0021789563,-0.002430633,-0.030321518,-1.243625e-06,-1.1148729e-06,1.5514008e-05
38.379,-0.01248181,0.03544301,-0.029710654,5.6969457e-05,2.0064213e-05,4.7755362e-05
38.394,-0.010649214,0.015284459,-0.03826277,1.09126995e-05,7.6034785e-06,2.7318823e-05
38.436,0.017450588,-0.004874094,-0.05292353,-4.573939e-06,-1.6377518e-05,4.9668783e-05
38.475,0.030278757,0.079425305,-0.023602001,0.0002351073,-8.9618916e-05,6.9874026e-05
38.498,0.02355924,0.10447079,0.00205434,0.0001877416,-4.233803e-05,-3.6878253e-06
38.534,0.017450588,-0.0451912,0.04298231,-4.910261e-05,-1.8959663e-05,-4.670258e-05
38.574,0.0803697,-0.2070705,0.04359318,-0.0015728507,-0.00061016635,-0.00033158046
38.595,0.10052826,-0.19912924,0.036262795,-0.00075503363,-0.00038110546,-0.00013763589
38.635,0.08098058,-0.12704714,0.048480097,-0.00033736386,-0.00021500714,-0.00012876613
38.675,0.06082202,-0.20645963,0.021602027,-0.0007492777,-0.0002207017,-7.8479265e-05
38.694,0.079758845,-0.2980894,-0.023602001,-0.0030953032,-0.0008286055,0.00024380443
38.735,0.12251941,-0.22845078,-0.051701803,-0.0010130757,-0.00054346735,0.00022901285
38.776,0.09930653,-0.07084754,-0.029099787,-0.00014906027,-0.00020895034,6.1211795e-05
38.795,0.098695666,-0.034195624,-0.047425747,-0.0001315899,-0.00037990787,0.00018252451
38.835,0.08281317,-0.013426208,-0.079801604,-2.6068996e-05,-0.00016087314,0.0001550188
38.874,0.0999174,-0.06718235,-0.13416861,-0.00020312943,-0.00030223798,0.00040575772
38.895,0.11641076,-0.09283869,-0.13477948,-0.0006252804,-0.0007847719,0.00090802886
38.934,0.11702162,-0.16369905,-0.10729054,-0.00062620174,-0.0004478397,0.00041034102
38.975,0.16955604,-0.28403953,-0.063919105,-0.0016053636,-0.0009587068,0.00036053392
39.015,0.23552948,-0.20829222,-0.01993681,-0.0011008967,-0.0012449863,0.0001046939
39.036,0.20804054,-0.13926445,-0.015049887,-0.0005859635,-0.0008754027,6.3069805e-05
39.075,0.114578165,-0.035417356,-0.029710654,-7.340822e-05,-0.00023750775,6.1577564e-05
39.096,0.095641345,-0.022589186,-0.018715078,-3.7910588e-05,-0.00016052257,3.1407864e-05
39.134,0.1365693,-0.0891735,0.002665205,-0.0002440516,-0.00037376225,-7.339747e-06
39.175,0.18849286,-0.17408377,0.009384722,-0.0007499017,-0.0008119387,-4.0730174e-05
39.215,0.18666026,-0.112386376,0.017936837,-0.000824511,-0.0013692087,-0.00013214177
39.235,0.1365693,-0.062906295,0.020991163,-0.00016023776,-0.00034785102,-5.3494405e-05
39.274,-0.0027079657,-0.03969341,0.024656354,-3.1170435e-05,2.126814e-06,-1.9362118e-05
39.315,-0.0020971005,-0.09039523,0.046647504,-0.00030860238,7.183926e-06,-0.00015925018
39.334,0.026002701,-0.07268014,0.046647504,-0.00010997837,-3.9342474e-05,-7.058749e-05
39.376,0.043717794,-0.05496504,0.041760582,-7.5350414e-05,-5.9928276e-05,-5.7249654e-05
39.415,0.07365019,-0.043358605,0.048480097,-0.00014297215,-0.00024281222,-0.00015985557
39.434,0.09075442,-0.04763466,0.044814907,-8.940713e-05,-0.00017032269,-8.4115505e-05
39.474,0.08770009,-0.07695619,0.028932411,-0.00015521055,-0.00017686919,-5.836467e-05
39.515,0.058989424,-0.087340906,-0.0009999864,-0.00030889243,-0.00020862455,3.5043645e-06
39.536,0.034554813,-0.09161696,-0.021769406,-0.00015417936,-5.8154455e-05,3.6630834e-05
39.575,-0.0075948876,-0.038471684,-0.035819307,-3.428046e-05,6.7669084e-06,3.1917054e-05
39.615,-0.015536136,-0.018923994,-0.0009999864,-7.780101e-06,6.387271e-06,4.1114288e-07
39.634,0.0034006867,-0.018923994,0.014271645,-1.52046905e-05,-2.732229e-06,-1.1466718e-05
39.676,0.043106925,-0.04152601,0.019769432,-4.391657e-05,-4.5587545e-05,-2.090829e-05
39.715,0.006455013,-0.042136874,0.0069412617,-3.0532625e-05,-4.677262e-06,-5.0297485e-06
39.755,0.027835296,-0.12032762,-0.02238027,-0.0002533866,-5.8622016e-05,4.712133e-05
39.774,0.049826447,-0.13926445,-0.028488923,-0.0003519335,-0.0001259301,7.197278e-05
39.816,0.042496063,-0.13254493,-0.030321518,-0.00031677852,-0.00010157701,7.24523e-05
39.836,0.053491637,-0.13559926,-0.02482373,-0.0006727705,-0.00026544457,0.00012307569
39.875,0.062654614,-0.073291,-0.01077383,-0.000119299,-0.0001019875,1.7531089e-05
39.915,0.028446162,-0.012204477,-0.008941235,-6.5970808e-06,-1.5376561e-05,4.833125e-06
39.955,-0.016147,0.011008403,-0.008330369,3.923545e-06,5.7550296e-06,2.9690523e-06
39.975,-0.030807765,0.019560516,-0.012606426,1.2670268e-05,1.9955822e-05,8.165703e-06
40.015,-0.019812193,0.033610415,-0.018104214,2.425334e-05,1.4296729e-05,1.3063912e-05
40.054,-0.016147,0.08431223,-0.032154113,0.00012966707,2.4836427e-05,4.944969e-05
40.075,-0.020423058,0.06965147,-0.026045462,9.01134e-05,2.6424512e-05,3.3695967e-05
40.115,0.0034006867,-0.014647937,-0.013217291,-4.920086e-06,-1.142266e-06,4.439547e-06
40.155,0.013785396,-0.026254378,-0.008941235,-2.7284881e-05,-1.4326644e-05,9.292013e-06
40.176,0.0027898217,-0.007317555,-0.0034434474,-1.0502748e-06,-4.0041812e-07,4.942313e-07
40.215,-0.030807765,-0.020145725,-0.008330369,-1.2756014e-05,1.9506968e-05,5.274786e-06
40.256,-0.02530998,-0.04396947,-0.020547675,-8.075789e-05,4.648433e-05,3.7740992e-05
40.274,-0.014314406,-0.035417356,-0.025434596,-2.7270213e-05,1.1021317e-05,1.9583886e-05
40.314,0.009509339,0.034221284,-0.02482373,2.4879126e-05,-6.9131174e-06,1.8047074e-05
40.355,-0.011260079,0.04949291,-0.0095521,8.5773e-05,1.9514868e-05,1.6553327e-05
40.374,-0.022255654,0.05621243,-0.0058869086,5.7286656e-05,2.268116e-05,5.9987656e-06
40.414,0.02233751,-0.017702265,-0.006497774,-8.681963e-06,-1.0955325e-05,3.1867507e-06
40.456,0.06876327,-0.04030428,-0.02238027,-0.00011195409,-0.00019101886,6.2158775e-05
40.475,0.043106925,-0.05496504,-0.0095521,-6.501432e-05,-5.0988776e-05,1.1296907e-05
40.514,-0.0033188309,-0.009761016,0.0032760703,-1.7715507e-06,6.0234333e-07,-5.945816e-07
40.555,0.018061453,0.006732346,-0.008941235,4.800011e-06,-1.2877285e-05,6.374876e-06
40.595,-0.024699114,0.014673594,-0.01993681,8.608677e-06,1.4490623e-05,1.1696542e-05
40.614,-0.035694692,0.0042888853,-0.03276498,3.499676e-06,2.9129706e-05,2.6738733e-05
40.654,-0.0075948876,0.023836572,-0.020547675,1.2946677e-05,4.125193e-06,1.1160328e-05
40.695,0.00828761,0.04888205,0.012439049,4.192062e-05,-7.1075774e-06,-1.0667429e-05
40.715,0.018061453,0.009786672,0.019769432,4.68112e-06,-8.6391765e-06,-9.4560955e-06
40.755,0.017450588,-0.036639087,0.022823758,-2.8620878e-05,-1.3631335e-05,-1.7829056e-05
40.794,0.04493952,-0.06657148,0.0032760703,-8.978296e-05,-6.0608298e-05,-4.4210524e-06
40.815,0.052269906,-0.069014944,-0.0022217168,-0.00010027602,-7.594639e-05,3.224264e-06
40.855,0.015617992,0.017117055,-0.004665178,6.7878236e-06,-6.193354e-06,1.8500108e-06
40.895,-0.035694692,0.047049455,-0.017493347,4.8619168e-05,3.688627e-05,1.8076205e-05
40.917,-0.03691642,0.047049455,-0.023602001,5.074935e-05,3.9820516e-05,2.545727e-05
40.954,-0.014314406,0.015895324,-0.02238027,8.2559945e-06,7.4349573e-06,1.1624292e-05
40.995,-0.018590461,0.03177782,-0.0009999864,1.9635565e-05,1.1487084e-05,6.1778053e-07
41.015,-0.018590461,0.005510615,-0.0040543126,1.8314234e-06,6.178456e-06,1.3474264e-06
41.055,0.014396261,-0.018313129,0.0038869355,-7.255966e-06,-5.7040293e-06,-1.5400882e-06
41.094,0.016839722,0.014062729,0.009995588,1.1376226e-05,-1.3622824e-05,-8.086022e-06
41.114,0.0052332827,0.022003977,0.0112173185,9.320164e-06,-2.2166705e-06,-4.7512813e-06
41.155,-0.011260079,0.034221284,-0.006497774,2.1017717e-05,6.91566e-06,3.9906736e-06
41.196,-0.018590461,-0.002430633,0.004497801,-1.5724834e-06,1.2027124e-05,-2.9098483e-06
41.214,-0.010038348,-0.007317555,0.012439049,-2.1582196e-06,2.960694e-06,-3.6687447e-06
41.255,-0.011260079,0.03544301,0.0069412617,2.2495597e-05,7.1466916e-06,-4.4056796e-06
41.295,-0.01370354,-0.023810918,-0.005276043,-2.235074e-05,1.2863111e-05,4.952632e-06
41.314,0.00095722586,-0.04396947,-0.013217291,-3.3876757e-05,-7.376776e-07,1.0183394e-05
41.354,0.010731069,0.023225708,0.00205434,1.0001582e-05,-4.6210776e-06,-8.8462826e-07
41.394,-0.014314406,0.023225708,0.005108666,2.1631527e-05,1.3331813e-05,-4.7581516e-06
41.435,0.011341935,0.0036780196,0.0112173185,1.0101727e-06,-3.115093e-06,-3.0808635e-06
41.454,0.017450588,-0.0085392855,0.019769432,-3.9710308e-06,-8.1149665e-06,-9.193324e-06
41.495,-0.011870944,-0.04641293,0.014271645,-7.7848366e-05,1.9912117e-05,-2.3937117e-05
41.518,0.004011552,-0.027476108,0.008773857,-1.3423803e-05,-1.9598651e-06,-4.2865913e-06
41.554,0.052269906,-0.002430633,0.0148825105,-2.2187826e-06,-4.770715e-05,-1.3583441e-05
41.595,0.010731069,0.011008403,-0.0138281565,3.818943e-06,-3.7227144e-06,4.7971434e-06
41.616,-0.010038348,0.025058303,-0.018715078,2.76184e-05,1.1064253e-05,2.0627049e-05
41.655,-0.006984022,0.024447437,-0.004665178,1.0602593e-05,3.0289073e-06,2.0232224e-06
41.694,-0.006984022,-0.0067066895,0.004497801,-1.2013085e-06,1.2509854e-06,-8.0564985e-07
41.735,0.0052332827,-0.03786082,0.020991163,-2.7698334e-05,-3.828364e-06,-1.5356816e-05
41.756,0.015007127,-0.026865242,0.022823758,-1.7268616e-05,-9.646213e-06,-1.4670828e-05
41.796,0.012563665,-0.0018197676,-0.0040543126,-4.068642e-07,-2.8089971e-06,9.0646665e-07
41.835,0.0052332827,-0.04396947,-0.020547675,-3.6010097e-05,-4.2862584e-06,1.6828066e-05
41.855,-0.005762292,-0.05007812,-0.0138281565,-4.3916487e-05,5.0530275e-06,1.2126837e-05
41.894,-0.004540561,-0.030530434,-0.0077195037,-1.6297117e-05,2.4237129e-06,4.120682e-06
41.934,0.0021789563,0.001845424,-0.021158539,6.610326e-07,-7.8049817e-07,7.578975e-06
41.953,-0.006984022,-0.020145725,-0.029099787,-1.2193084e-05,4.226919e-06,1.761245e-05
41.995,-0.0033188309,-0.03358476,-0.0077195037,-1.9506919e-05,1.927621e-06,4.48371e-06
42.037,0.055324234,-0.062906295,0.005719531,-8.861986e-05,-7.7937926e-05,-8.060871e-06
42.055,0.05715683,-0.07634533,0.005719531,-0.00012237618,-9.161749e-05,-9.173579e-06
42.095,0.009509339,-0.01953486,0.002665205,-7.174014e-06,-3.4922211e-06,-9.787865e-07
42.134,-0.0027079657,-0.014037072,-0.007108639,-7.5199655e-06,1.4507015e-06,3.8082571e-06
42.155,0.0046224175,-0.00915015,-0.0016108516,-1.5930499e-06,-8.047676e-07,2.8045017e-07
42.197,0.010120205,0.0036780196,-0.00038912118,6.6488406e-07,-1.8294526e-06,7.0342935e-08
42.235,0.006455013,-0.003041498,-0.006497774,-9.849227e-07,-2.0903208e-06,2.1041658e-06
42.255,-0.016147,-0.007317555,-0.0028325822,-2.2040101e-06,4.8633888e-06,8.5316384e-07
42.296,-0.02775344,0.01772792,-0.0034434474,9.8482615e-06,1.5417696e-05,1.9128397e-06
42.337,0.0046224175,0.006732346,-0.0009999864,1.858585e-06,-1.276101e-06,2.7606538e-07
42.374,0.0027898217,0.024447437,0.004497801,1.025966e-05,-1.1707918e-06,-1.8875502e-06
42.395,-0.0075948876,0.037886474,0.009384722,2.5274905e-05,5.066635e-06,-6.260816e-06
42.434,0.00095722586,0.021393113,0.014271645,1.8473042e-05,-8.266825e-07,-1.23236205e-05
42.474,0.018061453,0.0061214804,0.011828184,2.3046978e-06,-6.8000704e-06,-4.4532567e-06
42.495,0.008898473,0.014673594,0.019158568,6.331928e-06,-3.839892e-06,-8.267286e-06
42.536,0.004011552,-0.021367455,0.022823758,-2.2599877e-05,-4.242646e-06,-2.4140167e-05
42.575,0.03516568,-0.003041498,0.015493375,-1.9671174e-06,-2.2742408e-05,-1.0019929e-05
42.594,0.018672317,-0.016480533,0.0032760703,-6.9455205e-06,-7.869211e-06,-1.3806863e-06
42.635,-0.003929696,0.10874684,-0.012606426,0.00019986238,7.2245825e-06,2.316824e-05
42.674,-0.04546853,0.119742416,0.03809539,0.00026845874,0.0001019259,-8.5420965e-05
42.695,-0.01492527,0.043995123,0.036873657,4.3779935e-05,1.4851372e-05,-3.6693396e-05
42.735,0.079758845,0.034221284,0.012439049,5.0337738e-05,-0.00011732409,-1.8294635e-05
42.774,0.12923892,-0.14292964,0.029543275,-0.00046749538,-0.00042267455,-9.672495e-05
42.794,0.14328884,-0.15209262,0.036873657,-0.00054146914,-0.0005100594,-0.0001314049
42.834,0.15672787,-0.16736424,0.009995588,-0.00064444955,-0.00060346996,-3.8682574e-05
42.874,0.17077777,-0.1258254,0.037484523,-0.0004547749,-0.0006171601,-0.00013560941
42.893,0.18971458,-0.09650388,0.008773857,-0.000344919,-0.00067804125,-3.1475014e-05
42.935,0.21353833,-0.077567056,0.0112173185,-0.0002960327,-0.00081490906,-4.29287e-05
42.975,0.05288077,-0.07145841,-0.007108639,-0.000106915984,-7.9121026e-05,1.0631749e-05
42.996,-0.038138147,-0.06779321,-0.035208438,-9.7113145e-05,5.4629316e-05,5.04377e-05
43.034,-0.11693977,-0.07634533,-0.043760557,-0.0001874702,0.00028711837,0.000107474545
43.073,0.04127433,-0.081843115,-0.027267193,-0.00026261664,-0.0001324547,8.747899e-05
43.095,0.09686307,-0.047023796,-0.0077195037,-8.5163825e-05,-0.00017542984,1.3973366e-05
43.133,0.06754153,0.02933436,0.0032760703,3.6275887e-05,-8.352467e-05,-4.049806e-06
43.173,-0.00026450463,0.07881445,-0.017493347,0.00021350391,7.2158707e-07,4.7388417e-05
43.213,0.06754153,0.022003977,0.016715106,2.6939191e-05,-8.269312e-05,-2.0463624e-05
43.234,0.07303932,-0.0012089023,0.025878085,-1.5734048e-06,-9.496524e-05,-3.36466e-05
43.274,0.019283185,0.050714646,0.002665205,9.244031e-05,-3.5148754e-05,-4.8563925e-06
43.313,-0.019201327,-0.002430633,-0.0058869086,-8.2497263e-07,6.5170025e-06,1.9980419e-06
43.333,-0.0008753699,-0.029919568,-0.00038912118,-1.5026332e-05,4.3963047e-07,1.9542938e-07
43.373,0.032111354,0.03544301,0.007552127,5.7582685e-05,-5.2170533e-05,-1.2268171e-05
43.413,0.008898473,0.0042888853,-0.0034434474,7.52735e-07,-1.5617549e-06,6.0435383e-07
43.433,0.00828761,0.0012345586,-0.007108639,2.2759438e-07,-1.5278375e-06,1.3104923e-06
43.473,0.0034006867,0.01772792,-0.010162964,1.2322596e-05,-2.3637565e-06,7.06424e-06
43.513,-0.01492527,0.029945225,-0.006497774,1.7123568e-05,8.534752e-06,3.7155505e-06
43.534,-0.0075948876,0.015895324,-0.0009999864,4.7055373e-06,2.2483368e-06,2.9602353e-07
43.573,0.014396261,-0.009761016,0.0014434746,-2.8581796e-06,-4.215451e-06,-4.2267806e-07
43.613,-0.011870944,-0.00792842,-0.0016108516,-1.910883e-06,2.8610968e-06,3.8824507e-07
43.634,-0.006984022,-0.0067066895,-0.0034434474,-1.1563468e-06,1.2041629e-06,5.937091e-07
43.673,0.030889623,-0.015258803,0.005108666,-8.916401e-06,-1.8050121e-05,-2.9852938e-06
43.714,0.014396261,0.013451863,0.0069412617,4.714517e-06,-5.045516e-06,-2.4327173e-06
43.733,-0.004540561,0.015284459,0.0063303965,4.3991536e-06,1.3068542e-06,-1.8220089e-06
43.773,-0.0075948876,-0.0012089023,0.008162992,-2.2746349e-07,1.4290388e-06,-1.5359318e-06
43.813,0.017450588,-0.020145725,0.002665205,-9.053299e-06,-7.842121e-06,-1.1977529e-06
43.834,0.013785396,-0.02320005,0.0014434746,-1.0519093e-05,-6.2504064e-06,-6.5451593e-07
43.872,0.0046224175,-0.024421781,-0.00038912118,-1.0185232e-05,-1.9278043e-06,1.6227521e-07
43.914,0.015007127,-0.003041498,0.0038869355,-8.061339e-07,-3.977554e-06,-1.0302119e-06
43.954,0.001568091,-0.0060958243,-0.00038912118,-6.449512e-07,-1.6590738e-07,4.11698e-08
43.972,0.0070658782,0.014062729,-0.0028325822,3.7728005e-06,-1.8956579e-06,7.59939e-07
44.013,-0.003929696,-0.0085392855,0.002665205,-1.3997935e-06,6.441717e-07,-4.3689053e-07
44.053,-0.034472957,-0.014647937,-0.011384696,-9.620743e-06,2.264155e-05,7.477495e-06
44.073,-0.0075948876,0.0012345586,-0.005276043,1.9324025e-07,1.1887988e-06,8.258387e-07
44.113,0.036998276,0.026280032,0.020991163,4.4090713e-05,-6.207531e-05,-3.521694e-05
44.154,0.0046224175,-0.010982746,0.009995588,-2.865816e-06,-1.20616e-06,-2.6082294e-06
44.173,0.006455013,-0.026254378,0.0069412617,-1.2295033e-05,-3.022888e-06,-3.2506389e-06
44.213,0.025391836,0.0036780196,0.019158568,3.951515e-06,-2.7281932e-05,-2.0584595e-05
44.254,0.012563665,-0.003041498,0.008773857,-7.972102e-07,-3.2930589e-06,-2.299715e-06
44.273,-0.00026450463,-0.00792842,0.002665205,-1.1131617e-06,3.7137045e-08,-3.7419863e-07
44.313,-0.018590461,0.0012345586,0.007552127,8.3283135e-07,1.2540613e-05,-5.0944623e-06
44.354,0.010120205,0.029945225,0.00022174409,1.588072e-05,-5.367005e-06,-1.1755397e-07
44.373,0.02233751,0.019560516,-0.0009999864,9.749376e-06,-1.1133482e-05,4.984685e-07
44.413,0.005844148,-0.007317555,0.009384722,-3.255319e-06,-2.5998415e-06,-4.174925e-06
44.453,-0.015536136,0.006732346,0.010606453,2.2567292e-06,5.2077953e-06,-3.555348e-06
44.473,-0.013092675,0.012840998,0.0069412617,4.22437e-06,4.3071555e-06,-2.2835095e-06
44.513,0.013785396,0.012840998,0.0148825105,1.0344617e-05,-1.1105551e-05,-1.1989265e-05
44.553,0.0119528,0.022003977,0.0032760703,9.322992e-06,-5.0643594e-06,-1.3880341e-06
44.593,-0.006373157,0.022003977,0.012439049,9.623281e-06,2.787226e-06,-5.4401376e-06
44.613,-0.014314406,-0.0018197676,0.008773857,-5.1558703e-07,4.0556797e-06,-2.4858828e-06
44.653,0.009509339,-0.018313129,0.00205434,-6.3712714e-06,-3.3083656e-06,-7.147303e-07
44.693,0.016228857,0.036053877,-0.007108639,2.4299417e-05,-1.0937777e-05,4.791174e-06
44.712,-0.016757866,0.036053877,-0.0077195037,2.4498124e-05,1.1386822e-05,5.245165e-06
44.753,-0.0320295,0.034221284,-0.011384696,2.7693304e-05,2.5919859e-05,9.212656e-06
44.794,-0.0014862352,0.011619267,0.002665205,2.3418618e-06,2.995499e-07,-5.3717207e-07
44.812,-0.0033188309,0.0048997505,0.0032760703,5.560481e-07,3.7663733e-07,-3.7178486e-07
44.854,0.0027898217,-0.0036523633,-0.006497774,-4.8769266e-07,-3.7251954e-07,8.676347e-07
44.893,0.0052332827,-0.010371881,-0.005276043,-2.2202616e-06,-1.1202668e-06,1.1294178e-06
44.913,0.0034006867,-0.015869668,-0.004665178,-4.496176e-06,-9.634817e-07,1.3217308e-06
44.954,0.015007127,0.026280032,0.00083260937,1.3348213e-05,-7.622457e-06,-4.2284998e-07
44.993,-0.014314406,0.009786672,-0.0028325822,2.8848701e-06,4.219539e-06,8.3497e-07
45.012,-0.03325123,0.006732346,-0.005276043,3.8779663e-06,1.9153525e-05,3.0390925e-06
45.053,-0.005151427,-0.010371881,-0.008941235,-2.5459165e-06,1.264483e-06,2.194746e-06
45.093,0.0052332827,-0.0018197676,-0.00038912118,-1.6957621e-07,-4.8766685e-07,3.6260467e-08
45.113,0.0021789563,0.03299955,0.004497801,1.8478228e-05,-1.2201385e-06,-2.5185502e-06
45.155,-0.01248181,0.038497336,-0.005276043,5.271999e-05,1.7093365e-05,7.2248095e-06
45.193,-0.0033188309,-0.032973897,0.0014434746,-1.835104e-05,1.8470442e-06,-8.0332336e-07
45.213,0.019894049,-0.02197832,0.007552127,-1.1280263e-05,-1.02104805e-05,-3.8761423e-06
45.253,0.016839722,0.023225708,0.00205434,2.2414632e-05,-1.6251688e-05,-1.9824186e-06
45.293,-0.0320295,-0.0018197676,-0.0028325822,-9.832814e-07,1.730638e-05,1.5305272e-06
45.312,-0.016757866,-0.0085392855,-0.0028325822,-2.7249432e-06,5.3475414e-06,9.0390245e-07
45.353,0.017450588,-0.007317555,0.0014434746,-4.6597215e-06,-1.1112288e-05,-9.1921027e-07
45.393,0.00034636058,0.0006236934,-0.004665178,4.9383164e-08,-2.7424333e-08,3.6938218e-07
45.413,0.0021789563,0.02811263,-0.01077383,1.4236876e-05,-1.103434e-06,5.4561197e-06
45.452,-0.021033922,0.014062729,0.00205434,1.1978431e-05,1.791636e-05,-1.7499625e-06
45.493,-0.020423058,-0.023810918,-0.0119955605,-1.34166185e-05,1.1507599e-05,6.759136e-06
45.514,-0.00026450463,-0.016480533,-0.0077195037,-5.032472e-06,8.076282e-08,2.3572168e-06
45.553,0.027835296,0.007954076,0.0032760703,3.8878725e-06,-1.3605655e-05,-1.6012883e-06
45.593,0.00034636058,0.0061214804,-0.004665178,7.912433e-07,-4.476924e-08,6.030062e-07
45.634,-0.020423058,-0.027476108,-0.006497774,-1.606317e-05,1.1939747e-05,3.7988405e-06
45.653,-0.008205753,-0.029308705,-0.004665178,-1.5140609e-05,4.238997e-06,2.4100193e-06
45.694,0.0119528,0.001845424,-0.0034434474,3.8933854e-07,-2.5217373e-06,7.2648055e-07
45.733,-0.0020971005,0.022614842,-0.00038912118,8.618467e-06,7.99201e-07,1.4828979e-07
45.753,-0.003929696,0.015895324,-0.0009999864,4.3747095e-06,1.0815312e-06,2.752138e-07
45.794,-0.009427483,-0.021367455,-0.008330369,-8.889027e-06,3.921888e-06,3.4655134e-06
45.833,0.010120205,-0.012204477,0.002665205,-3.291889e-06,-2.7297008e-06,-7.188847e-07
45.852,0.0119528,0.014673594,-0.00038912118,4.6601635e-06,-3.7960701e-06,1.235892e-07
45.893,-0.006984022,0.015284459,-0.005276043,4.5165852e-06,2.0637954e-06,1.5590762e-06
45.933,0.0027898217,-0.015869668,0.004497801,-4.454079e-06,-7.830057e-07,-1.2623822e-06
45.952,0.013785396,-0.017702265,0.010606453,-7.370654e-06,-5.739769e-06,-4.4161998e-06
45.993,-0.0075948876,0.022614842,0.0014434746,9.067894e-06,3.0453261e-06,-5.788051e-07
46.033,-0.011870944,0.0048997505,0.00205434,1.0691201e-06,2.590225e-06,-4.4825583e-07
46.053,0.0070658782,-0.028086973,0.00022174409,-1.36479675e-05,-3.433437e-06,-1.07772884e-07
46.093,0.008898473,-0.024421781,0.00083260937,-2.1310654e-05,-7.764874e-06,-7.266246e-07
46.133,-0.008816618,-0.0067066895,-0.0034434474,-1.305275e-06,1.715914e-06,6.7017436e-07
46.153,-0.005762292,-0.012815342,-0.006497774,-3.3284825e-06,1.4966158e-06,1.6876451e-06
46.192,-0.0008753699,-0.01953486,-0.01077383,-1.46343045e-05,6.5571356e-07,8.071087e-06
46.233,-0.033862095,-0.020145725,-0.008330369,-1.3611786e-05,2.2879327e-05,5.628678e-06
46.253,-0.042414207,-0.02320005,0.005719531,-1.8948453e-05,3.464165e-05,-4.671072e-06
46.294,0.033333085,-0.04152601,0.023434624,-8.1065664e-05,-6.506866e-05,-4.5750072e-05
46.333,0.041885197,-0.015258803,0.019769432,-1.2484143e-05,-3.426793e-05,-1.6174414e-05
46.372,0.005844148,-0.022589186,0.015493375,-1.0614733e-05,-2.7461429e-06,-7.2803955e-06
46.392,0.0076767434,-0.01953486,0.0130499145,-1.6200409e-05,-6.366281e-06,-1.0822423e-05
46.432,0.004011552,0.0012345586,0.00205434,9.6789435e-08,-3.1450588e-07,-1.6106034e-07
46.473,-0.021644788,-0.02197832,-0.0095521,-1.1907293e-05,1.1726534e-05,5.175141e-06
46.492,-0.019812193,-0.012204477,-0.015049887,-1.1348708e-05,1.8422686e-05,1.3994545e-05
46.533,-0.0014862352,0.0030671544,-0.004665178,2.9730353e-07,1.4406292e-07,4.522022e-07
46.573,0.019894049,0.006732346,-0.0058869086,2.4636477e-06,-7.280041e-06,2.1542687e-06
46.594,0.013785396,0.018949652,0.00205434,7.478589e-06,-5.4404904e-06,-8.1073694e-07
46.632,-0.013092675,0.020171382,0.008162992,8.594384e-06,5.578351e-06,-3.4780112e-06
46.672,0.0052332827,-0.043358605,0.005719531,-3.2040836e-05,-3.8671856e-06,-4.2266392e-06
46.692,0.019283185,-0.04946726,0.009384722,-4.47461e-05,-1.7442579e-05,-8.48942e-06
46.732,0.0027898217,0.04521686,0.0130499145,3.5764766e-05,-2.2068252e-06,-1.0321936e-05
46.773,-0.011260079,0.037886474,0.00205434,2.5156762e-05,7.4767163e-06,-1.3641832e-06
46.792,0.00034636058,-0.0005980371,-0.0040543126,-4.1265277e-08,-2.3899304e-08,2.7975247e-07
46.832,0.0027898217,0.020782245,-0.0077195037,7.79081e-06,-1.0458318e-06,2.8938769e-06
46.873,-0.04363594,0.02811263,-0.0058869086,2.4639217e-05,3.8244787e-05,5.1591105e-06
46.893,-0.039970744,0.030556092,-0.007108639,2.6048512e-05,3.407455e-05,6.0595657e-06
46.932,-0.011260079,0.10324905,-0.0058869086,0.0001802003,1.9653122e-05,1.0272641e-05
46.972,-0.02530998,0.07392752,0.0063303965,9.7234624e-05,3.3288998e-05,-8.327785e-06
46.993,-0.02775344,0.036664743,0.009384722,2.886958e-05,2.185271e-05,-7.389764e-06
47.032,0.015007127,-0.09039523,-0.035208438,-0.00014887258,-2.4719788e-05,5.798348e-05
47.074,0.02355924,-0.048245527,0.00205434,-4.349027e-05,-2.1237105e-05,-1.8523175e-06
47.094,0.0034006867,-0.017702265,0.021602027,-8.355976e-06,-1.6051774e-06,-1.0196773e-05
47.134,-0.01370354,0.061099354,0.009995588,0.00013000051,2.9155439e-05,-2.1269363e-05
47.175,-0.06990314,0.024447437,-0.022991134,3.1803138e-05,9.093984e-05,2.9908497e-05
47.213,-0.09922468,0.064764544,-0.024212865,0.00013140353,0.00020133198,4.9115133e-05
47.233,-0.08883996,0.008564942,-0.029099787,2.6966303e-05,0.00027984256,9.1659065e-05
47.273,-0.048522856,-0.11299725,-0.030321518,-0.00024011866,0.0001031017,6.444458e-05
47.313,0.04127433,-0.14903829,-0.030321518,-0.00039404677,-0.000109143446,8.014735e-05
47.332,0.030278757,-0.12460368,-0.013217291,-0.0005389646,-0.00013098499,5.7135578e-05
47.373,-0.10777678,0.06232108,-0.03398671,0.00013492648,0.00023335886,7.3570896e-05
47.413,-0.09372689,0.0708732,-0.008941235,0.00014012367,0.0001853112,1.7664974e-05
47.433,-0.013092675,-0.00915015,-0.004665178,-5.1091197e-06,7.3104657e-06,2.6048838e-06
47.472,0.3198289,-0.17591637,0.011828184,-0.0010779371,-0.0019595975,-7.352916e-05
47.513,0.14084537,-0.057408504,0.017936837,-0.00014751525,-0.00036188835,-4.6114066e-05
47.532,-0.013092675,0.009175807,0.022823758,4.289915e-06,6.1210776e-06,-1.0670599e-05
47.572,0.032722216,0.079425305,0.033819333,0.00012301748,-5.0685412e-05,-5.2378353e-05
47.614,0.1719995,0.0006236934,0.022212893,1.7985583e-06,-0.0005004588,-6.463135e-05
47.632,0.120686814,-0.010982746,0.0148825105,-2.2501137e-05,-0.00024721792,-3.0488538e-05
47.674,-0.038138147,0.026280032,-0.0040543126,2.0498966e-05,2.9748642e-05,3.1621498e-06
47.712,-0.03935988,0.053158104,-0.0058869086,5.9222915e-05,4.3850752e-05,6.557264e-06
47.734,-0.022866517,0.009786672,-0.008941235,4.3397818e-06,1.0139937e-05,3.9648794e-06
47.772,-0.004540561,-0.012204477,-0.01077383,-3.4605878e-06,1.2874733e-06,3.0549274e-06
47.812,-0.04180334,0.037886474,-0.0016108516,3.587504e-05,3.9584018e-05,1.5246209e-06
47.833,-0.047911994,0.042773396,0.002665205,4.61303e-05,5.1672036e-05,-2.8755605e-06
47.873,0.00095722586,-0.010982746,0.005108666,-2.238856e-06,-1.9513135e-07,-1.0414127e-06
47.913,0.06754153,-0.052521583,0.0069412617,-7.564001e-05,-9.7270284e-05,-1.0000211e-05
47.953,-0.0008753699,0.006732346,0.0038869355,1.7672116e-06,2.297799e-07,-1.0203039e-06
47.974,-0.020423058,0.03544301,-0.0028325822,2.438243e-05,1.4049735e-05,1.9484576e-06
48.012,-0.01492527,0.001845424,-0.0022217168,4.7067374e-07,3.806686e-06,5.666473e-07
48.052,0.0070658782,-0.02075659,-0.0028325822,-7.699015e-06,-2.620874e-06,1.0506491e-06
48.071,0.018672317,-0.004874094,0.0032760703,-3.2013052e-06,-1.2263925e-05,-2.1517337e-06
48.112,0.0052332827,0.010397538,0.00022174409,2.0309185e-06,-1.0222006e-06,-4.331154e-08
48.153,-0.0075948876,0.015895324,-0.0028325822,4.758316e-06,2.2735564e-06,8.479374e-07
48.172,-0.01248181,0.011619267,-0.0040543126,6.8338777e-06,7.3411998e-06,2.384524e-06
48.214,-0.0075948876,-0.0085392855,0.007552127,-1.9624542e-06,1.7454207e-06,-1.7355903e-06
48.252,0.0027898217,-0.03358476,0.0112173185,-2.0013082e-05,-1.6623811e-06,-6.6843895e-06
48.273,0.0046224175,-0.0042632283,0.005719531,-1.2159688e-06,-1.3184156e-06,-1.6313386e-06
48.312,-0.0075948876,0.0549907,-0.0022217168,5.125649e-05,7.079202e-06,2.0706673e-06
48.352,0.00095722586,0.008564942,0.008162992,1.7057429e-06,-1.9063683e-07,-1.625693e-06
48.372,-0.00026450463,-0.021367455,0.007552127,-1.624972e-05,2.0119961e-07,-5.74331e-06
48.413,-0.00026450463,0.011619267,-0.0034434474,2.3629839e-06,5.3792533e-08,7.00286e-07
48.453,-0.01370354,-0.036639087,-0.0028325822,-2.4108811e-05,9.0170115e-06,1.8639696e-06
48.473,0.00095722586,-0.017091399,-0.0016108516,-9.860514e-06,-5.522554e-07,9.293434e-07
48.514,0.005844148,0.014062729,0.0063303965,3.891029e-06,-1.6170264e-06,-1.7515605e-06
48.552,-0.017368732,-0.00915015,0.007552127,-3.2290193e-06,6.1293144e-06,-2.6650855e-06
48.572,-0.008816618,-0.0005980371,0.0032760703,-9.456036e-08,1.3940703e-06,-5.1800725e-07
48.611,0.010731069,-0.025032647,0.01366078,-1.27966505e-05,-5.485653e-06,-6.983394e-06
48.652,0.013785396,-0.015258803,0.009995588,-5.8532974e-06,-5.288076e-06,-3.83433e-06
48.674,0.00095722586,-0.0005980371,0.008773857,-8.8757105e-08,-1.4206556e-07,-1.3021622e-06
48.712,-0.003929696,-0.005484959,0.008773857,-1.0185328e-06,7.2972847e-07,-1.6292671e-06
48.754,0.030278757,-0.016480533,0.005108666,-9.635911e-06,-1.7703454e-05,-2.9870346e-06
48.793,-0.01370354,-0.024421781,-0.0009999864,-2.2962557e-05,1.2884726e-05,9.40384e-07
48.813,-0.027142577,-0.020145725,0.0014434746,-1.1435088e-05,1.5406644e-05,-8.192553e-07
48.855,-0.010649214,-0.0005980371,0.004497801,-1.161413e-07,2.0681377e-06,-8.734984e-07
48.893,-0.0008753699,0.01650619,0.01610424,1.2781564e-05,6.777625e-07,-1.2470315e-05
48.913,-0.0033188309,0.021393113,0.015493375,9.555048e-06,1.4822931e-06,-6.919985e-06
48.952,-0.020423058,-0.029919568,0.0063303965,-1.8459505e-05,1.2600488e-05,-3.90556e-06
48.993,0.022948373,-0.07573446,-0.008330369,-0.00020221002,-6.127431e-05,2.2235858e-05
49.012,0.048604712,-0.07512359,0.0032760703,-0.00011284821,-7.301202e-05,-4.925318e-06
49.053,0.028446162,0.0036780196,0.019769432,2.1495223e-06,-1.662537e-05,-1.1554225e-05
49.092,-0.018590461,-0.02075659,0.0069412617,-1.0000064e-05,8.956501e-06,-3.344106e-06
49.113,0.019283185,-0.052521583,-0.004665178,-9.8943725e-05,-3.632747e-05,8.786796e-06
49.152,0.062043753,-0.08428658,-0.00038912118,-0.00014799958,-0.00010894329,6.7519994e-07
49.192,-0.1181615,0.16983336,0.019158568,0.0005920468,0.00041188698,-6.690802e-05
49.212,-0.21040215,0.25413278,0.03504106,0.0028296225,0.0023417696,-0.00039341208
49.252,-0.09250516,0.16677904,0.09185153,0.0005923565,0.00032842832,-0.00032630094
49.292,0.12984979,-0.0005980371,-0.029710654,-1.3268815e-06,-0.0002901932,6.639829e-05
49.312,0.13351499,-0.12643628,-0.015660752,-0.000782896,-0.0008268075,9.665299e-05
49.353,-0.021033922,-0.06412802,-0.03276498,-8.071643e-05,2.647306e-05,4.12413e-05
49.393,-0.12243755,0.09408607,-0.084077656,0.00027748497,0.0003611937,0.0002479574
49.413,-0.06501622,0.012840998,-0.084077656,4.6092235e-05,0.00023355859,0.00030201883
49.452,0.05043731,-0.047023796,-0.0077195037,-5.4742195e-05,-5.8716527e-05,8.9850055e-06
49.493,-0.07356834,-0.0042632283,-0.011384696,-5.333994e-06,9.203465e-05,1.4242607e-05
49.512,-0.14198524,-0.015869668,-0.05231267,-4.053273e-05,0.0003624254,0.00013353939
49.552,-0.08945083,-0.004874094,-0.054145265,-8.567154e-06,0.00015708948,9.508837e-05
49.592,-0.020423058,-0.053743314,-0.031543247,-5.9129277e-05,2.2468612e-05,3.4704837e-05
49.632,-0.021033922,-0.0042632283,-0.018104214,-4.016705e-06,1.9816758e-05,1.7056653e-05
49.653,-0.030196901,0.047660317,-0.007108639,4.5471417e-05,2.8810262e-05,6.7815195e-06
49.692,0.13901277,-0.051299855,-0.021158539,-0.00012881492,-0.0003490923,5.3110838e-05
49.732,0.22270131,-0.12765801,0.014271645,-0.0011013567,-0.0019210565,-0.00012417177
49.752,0.095641345,-0.05801937,0.017325971,-0.000110189896,-0.00018163449,-3.2914453e-05
49.794,-0.019201327,0.046438586,0.01366078,4.05726e-05,1.6775586e-05,-1.1935499e-05
49.832,0.08953268,-0.003041498,-0.0022217168,-9.144494e-06,-0.00026921325,6.679185e-06
49.851,0.07487192,-0.023810918,-0.0022217168,-3.1398384e-05,-9.873073e-05,2.9281414e-06
49.892,-0.029586036,0.06354281,0.0032760703,7.4805714e-05,3.4829955e-05,-3.8580497e-06
49.932,-0.05096632,0.014062729,0.0130499145,2.5697816e-05,9.3130024e-05,-2.3847197e-05
49.952,0.00828761,0.007954076,0.009995588,2.0320074e-06,-2.1172198e-06,-2.5535487e-06
49.992,0.036998276,-0.048245527,0.0032760703,-4.928361e-05,-3.7794227e-05,-3.3474878e-06
50.032,0.03760914,0.039108206,-0.013217291,3.6641213e-05,-3.5236277e-05,1.23841e-05
50.052,0.066930674,0.09469694,-0.020547675,0.00037421955,-0.00026447113,8.124663e-05
50.092,0.010120205,-0.011593612,-0.02482373,-5.680977e-06,-4.9590544e-06,1.2163909e-05
50.133,0.026002701,-0.080621384,-0.065140836,-0.00014453765,-4.6626847e-05,0.00011678303
50.152,0.06509808,-0.18080328,-0.029710654,-0.0011796231,-0.00042485137,0.00019359874
50.192,0.008898473,-0.18630107,-0.031543247,-0.0005912447,-2.8269838e-05,0.00010009748
50.231,-0.12549189,-0.17408377,-0.060253914,-0.0006510591,0.0004692179,0.00022547915
50.255,-0.11205284,-0.14476223,-0.040706225,-0.0009110142,0.0007049815,0.00025646714
50.292,0.032111354,0.0006236934,-0.00038912118,3.3609783e-07,-1.7304172e-05,2.0969262e-07
50.332,0.02355924,0.081868775,-0.0022217168,0.00011705242,-3.368378e-05,3.1784841e-06
50.373,-0.03325123,-0.00915015,-0.015660752,-5.814678e-06,2.1129865e-05,9.951875e-06
50.392,0.0052332827,-0.053743314,-0.005276043,-4.8919403e-05,-4.7636704e-06,4.802359e-06
50.433,0.0400526,-0.027476108,0.014271645,-2.3336648e-05,-3.401797e-05,-1.2121816e-05
50.472,-0.06990314,0.06415368,-0.022991134,0.00010507407,0.000114495146,3.7650774e-05
50.493,-0.13770919,0.09775127,-0.026045462,0.00028021523,0.00039479035,7.461092e-05
50.531,-0.15481341,0.2254221,0.06314086,0.0010615421,0.0007288041,-0.00029769505
50.554,-0.08089872,0.21137221,0.11323181,0.000897525,0.00034326335,-0.00048091283
50.591,0.026002701,-0.015869668,0.025878085,-1.064232e-05,-1.7437269e-05,-1.7353888e-05
50.632,0.0070658782,-0.10261253,0.0344302,-0.00018672882,-1.2852231e-05,-6.26553e-05
50.674,-0.02775344,-0.047023796,0.023434624,-9.375404e-05,5.5336583e-05,-4.6721005e-05
50.692,-0.03691642,0.008564942,-0.006497774,5.5250534e-06,2.381419e-05,4.1915414e-06
50.733,-0.015536136,0.022003977,0.01610424,1.1585556e-05,8.180028e-06,-8.479243e-06
50.771,-0.035694692,0.02811263,-0.0095521,4.3796415e-05,5.56093e-05,1.4880055e-05
50.792,-0.052798916,0.050714646,-0.03276498,6.824302e-05,7.10508e-05,4.408804e-05
50.832,0.07487192,-0.13193406,-0.026656326,-0.00034091983,-0.00019348583,6.8848756e-05
50.874,0.1701669,-0.12521455,0.0063303965,-0.0008880747,-0.0012068384,-4.5432367e-05
50.891,0.08098058,-0.04030428,0.01610424,-6.212909e-05,-0.00012482775,-2.4827963e-05
50.932,-0.104722455,0.06048849,0.026488949,0.00012564521,0.00021751312,-5.5033248e-05
50.974,0.0119528,0.037886474,0.036873657,6.8904774e-05,-2.17413e-05,-6.7062705e-05
50.992,0.08098058,-0.01953486,0.029543275,-2.897064e-05,-0.00012008449,-4.3811106e-05
51.032,0.06631981,-0.06412802,0.017325971,-0.00010099132,-0.00010444019,-2.7290507e-05
51.071,-0.00026450463,0.022614842,0.0069412617,8.976027e-06,1.0497182e-07,-2.7550475e-06
51.092,-0.011870944,0.027501764,0.009995588,2.9140549e-05,1.2578131e-05,-1.0591369e-05
51.132,0.04799385,0.012840998,0.016715106,1.12925245e-05,-4.2207594e-05,-1.4699624e-05
51.172,0.005844148,0.008564942,0.0038869355,1.591204e-06,-1.0857328e-06,-7.2211833e-07
51.192,-0.014314406,-0.014037072,0.00205434,-9.492392e-06,9.679949e-06,-1.3891764e-06
51.232,-0.011870944,0.020782245,-0.010162964,9.066078e-06,5.1786255e-06,4.4334893e-06
51.273,0.001568091,0.01772792,-0.015660752,7.0509045e-06,-6.2365285e-07,6.2287327e-06
51.312,0.005844148,0.021393113,-0.01077383,8.849288e-06,-2.4174178e-06,4.4566164e-06
51.332,-0.015536136,0.02933436,-0.010162964,1.7085138e-05,9.048738e-06,5.919122e-06
51.372,-0.016757866,0.0409408,0.0032760703,3.0468893e-05,1.2471468e-05,-2.4383005e-06
51.394,0.009509339,0.008564942,0.009384722,4.560911e-06,-5.063837e-06,-4.997454e-06
51.432,0.032111354,-0.00792842,0.014271645,-4.7917883e-06,-1.9407142e-05,-8.62541e-06
51.472,-0.0033188309,-0.0012089023,0.00083260937,-7.3602536e-08,2.0206296e-07,-5.06924e-08
51.514,-0.016757866,0.02933436,-0.0016108516,1.664544e-05,9.5090645e-06,9.1398005e-07
51.531,-0.017979598,0.0048997505,0.004497801,1.5758899e-06,5.782699e-06,-1.4466129e-06
51.572,0.005844148,1.282817e-05,-0.016271617,3.7250196e-09,-1.69519e-06,4.719847e-06
51.612,-0.005762292,0.01772792,-0.018715078,1.571276e-05,5.107427e-06,1.658771e-05
51.632,-0.022255654,0.011619267,-0.016271617,5.832139e-06,1.1171044e-05,8.167355e-06
51.672,-0.035083823,0.02811263,-0.0058869086,2.1385324e-05,2.6688445e-05,4.477908e-06
51.712,-0.003929696,0.015284459,-0.0058869086,8.638518e-06,2.2210131e-06,3.3271733e-06
51.732,0.0119528,0.0268909,-0.0028325822,1.3337807e-05,-5.9285417e-06,1.4049915e-06
51.771,0.008898473,-0.04030428,-0.0009999864,-2.7918015e-05,-6.1638148e-06,6.9258573e-07
51.813,0.028446162,-0.013426208,-0.010162964,-1.4892068e-05,-3.1552347e-05,1.1272447e-05
51.832,0.0076767434,0.014673594,-0.011384696,4.9473338e-06,-2.5882707e-06,3.8384546e-06
51.872,-0.024088249,0.022614842,-0.0009999864,1.2541768e-05,1.3358899e-05,5.544901e-07
51.912,0.013785396,0.015895324,-0.0058869086,1.1653072e-05,-1.01062105e-05,4.3158207e-06
51.933,0.0034006867,0.019560516,-0.01077383,7.4129916e-06,-1.2887674e-06,4.0830405e-06
51.972,-0.015536136,0.011619267,-0.013217291,4.576176e-06,6.1188434e-06,5.2055516e-06
52.012,0.025391836,0.0042888853,-0.0034434474,1.8694645e-06,-1.1067891e-05,1.5009538e-06
52.033,0.030278757,0.013451863,0.00083260937,1.4959661e-05,-3.3672695e-05,-9.256843e-07
52.073,0.00095722586,-0.014037072,0.00205434,-3.3485837e-06,-2.2834814e-07,-4.9006906e-07
52.113,0.034554813,-0.023810918,0.0038869355,-1.683569e-05,-2.443217e-05,-2.7484875e-06
52.152,0.015007127,0.025058303,0.007552127,1.268328e-05,-7.5959024e-06,-3.822471e-06
52.173,-0.006984022,0.046438586,0.002665205,3.6646536e-05,5.51133e-06,-2.1033197e-06
52.212,-0.01370354,1.282817e-05,0.005108666,3.1496774e-09,3.3623542e-06,-1.2534823e-06
52.251,0.00095722586,-0.0060958243,-0.0009999864,-6.3929843e-07,-1.0038892e-07,1.0487335e-07
52.273,-0.0075948876,0.014062729,-0.005276043,3.9709707e-06,2.1446144e-06,1.4898219e-06
52.311,-0.02530998,-0.0060958243,0.00083260937,-2.663852e-06,1.1060374e-05,-3.6383267e-07
52.335,-0.010038348,-0.038471684,-0.004665178,-5.1677827e-05,1.3484029e-05,6.2669324e-06
52.371,0.043717794,0.038497336,-0.014439022,3.8762562e-05,-4.4018343e-05,1.4539231e-05
52.412,-0.035694692,0.031166956,-0.007108639,2.5055375e-05,2.8695425e-05,5.714353e-06
52.452,-0.03325123,-0.012204477,0.00022174409,-7.2526873e-06,1.976003e-05,-1.31703e-07
52.473,0.015007127,-0.021367455,0.00205434,-9.389351e-06,-6.594471e-06,-9.0275495e-07
52.511,0.029667892,-0.0012089023,0.0032760703,-6.0589053e-07,-1.486897e-05,-1.6419073e-06
52.552,-0.021033922,0.01772792,-0.004665178,1.6596905e-05,1.9692077e-05,4.3673945e-06
52.572,-0.014314406,0.0036780196,-0.0040543126,9.4568065e-07,3.6804822e-06,1.0424322e-06
52.611,0.024170104,-0.018313129,-0.0077195037,-9.614065e-06,-1.2688925e-05,4.052551e-06
52.654,-0.005151427,0.0268909,0.002665205,2.4821877e-05,4.7550375e-06,-2.460199e-06
52.673,-0.024088249,0.03299955,0.0014434746,2.2633665e-05,1.6521584e-05,-9.902342e-07
52.712,-0.0075948876,-0.011593612,-0.0058869086,-2.9289527e-06,1.9187316e-06,1.4872415e-06
52.751,0.012563665,-0.00792842,-0.004665178,-4.142515e-06,-6.5644e-06,2.4374972e-06
52.774,-0.0014862352,-0.0018197676,0.00205434,-9.5286694e-08,7.782228e-08,-1.0756937e-07
52.812,-0.0075948876,0.023836572,-0.0028325822,1.00686175e-05,3.208103e-06,1.1964727e-06
52.852,-0.00026450463,-0.0018197676,0.00205434,-1.6835456e-07,2.4470483e-08,-1.9005586e-07
52.872,0.0070658782,-0.014037072,0.0014434746,-3.7165453e-06,-1.8708064e-06,-3.82187e-07
52.912,0.0076767434,-0.0042632283,0.005108666,-7.266265e-07,-1.3084262e-06,-8.707231e-07
52.952,0.0027898217,0.01772792,-0.0009999864,1.0691799e-05,-1.6825522e-06,6.031058e-07
52.995,-0.0033188309,0.0061214804,0.00205434,7.456113e-07,4.042416e-07,-2.5022376e-07
53.012,-0.0033188309,0.010397538,0.004497801,2.0592524e-06,6.572999e-07,-8.907988e-07
53.052,-0.008205753,0.007343211,0.004497801,1.4654295e-06,1.637559e-06,-8.975931e-07
53.077,-0.021644788,0.0048997505,0.008162992,3.8876738e-06,1.7173652e-05,-6.476812e-06
53.111,-0.009427483,0.002456289,-0.00038912118,4.017938e-07,1.5421251e-06,6.365119e-08
53.151,0.0052332827,0.017117055,-0.011384696,6.091884e-06,-1.8624887e-06,4.051766e-06
53.193,-0.044246804,0.028723495,0.00083260937,2.5424588e-05,3.9165006e-05,-7.3748123e-07
53.212,-0.034472957,0.013451863,0.0032760703,8.384052e-06,2.1485665e-05,-2.041939e-06
53.252,0.026613565,-0.014647937,0.007552127,-7.692791e-06,-1.3976825e-05,-3.966259e-06
53.292,0.019283185,-0.021367455,0.019769432,-1.2517555e-05,-1.1296408e-05,-1.15814055e-05
53.312,0.010731069,-0.029919568,0.0185477,-1.8473198e-05,-6.6255498e-06,-1.1451919e-05
53.353,0.018672317,-0.04641293,0.010606453,-3.9821847e-05,-1.6020456e-05,-9.100537e-06
53.392,0.036998276,-0.074512735,0.004497801,-0.00010415252,-5.1715095e-05,-6.289626e-06
53.411,0.03516568,-0.05801937,0.008162992,-6.651652e-05,-4.0315394e-05,-9.359806e-06
53.451,-0.010649214,0.012840998,0.007552127,3.9450847e-06,3.2717046e-06,-2.3202117e-06
53.494,-0.008816618,-0.004874094,0.008162992,-1.0602979e-06,1.9179483e-06,-1.7757582e-06
53.511,0.024170104,-0.010371881,0.004497801,-4.643211e-06,-1.0820273e-05,-2.0135644e-06
53.552,0.025391836,0.008564942,0.008773857,4.0518016e-06,-1.2012152e-05,-4.1506337e-06
53.593,-0.008816618,-0.016480533,0.015493375,-1.3425155e-05,7.1821855e-06,-1.2621003e-05
53.612,0.0027898217,-0.017702265,0.0148825105,-6.918401e-06,-1.0902978e-06,-5.8163855e-06
53.653,0.0076767434,-0.031752165,0.012439049,-1.8621073e-05,-4.5019583e-06,-7.294922e-06
53.692,-0.006984022,-0.022589186,0.0063303965,-1.8552724e-05,5.7360994e-06,-5.1991688e-06
53.714,-0.0020971005,0.0048997505,0.0038869355,5.422589e-07,2.3208746e-07,-4.3016993e-07
53.752,-0.0020971005,0.03544301,0.0148825105,2.2892249e-05,1.3543836e-06,-9.612461e-06
53.793,-0.004540561,0.03544301,0.0112173185,4.4540568e-05,5.7057196e-06,-1.4096709e-05
53.813,0.004011552,-0.003041498,0.009995588,-5.710913e-07,-7.5323345e-07,-1.8768341e-06
53.853,0.022948373,-0.034806494,0.020380296,-2.7098948e-05,-1.786638e-05,-1.5867443e-05
53.892,0.009509339,0.022614842,0.004497801,1.8926454e-05,-7.958446e-06,-3.7641557e-06
53.932,-0.031418633,0.012840998,0.00205434,7.3256074e-06,1.7923854e-05,-1.1720357e-06
53.951,-0.019812193,-0.0085392855,0.0032760703,-3.1262532e-06,7.253304e-06,-1.1993676e-06
53.992,0.013785396,0.011008403,-0.0034434474,3.3197023e-06,-4.1571298e-06,1.0384149e-06
54.033,-0.024699114,0.008564942,-0.0016108516,3.7636191e-06,1.0853333e-05,7.078231e-07
54.052,-0.023477385,0.005510615,-0.00038912118,2.229829e-06,9.4999505e-06,1.5744442e-07
54.093,0.019894049,-0.018313129,0.0014434746,-8.31959e-06,-9.037791e-06,-6.558028e-07
54.131,0.024170104,-0.026865242,0.00022174409,-1.6288444e-05,-1.4654376e-05,-1.3456318e-07
54.152,0.013174531,-0.018923994,-0.0034434474,-7.402007e-06,-5.1531465e-06,1.3468655e-06
54.191,0.0034006867,0.012230133,-0.0022217168,2.6442688e-06,-7.352595e-07,4.8035685e-07
54.231,-0.020423058,0.010397538,-0.013217291,4.614961e-06,9.064868e-06,5.866525e-06
54.251,-0.024088249,-0.022589186,-0.018715078,-1.438535e-05,1.5339807e-05,1.1918257e-05
54.291,0.014396261,0.0006236934,-0.021769406,2.7320408e-07,-6.305476e-06,9.534872e-06
54.332,-0.023477385,0.033610415,-0.012606426,2.4186558e-05,1.6894839e-05,9.071597e-06
54.352,-0.0320295,0.03544301,-0.01077383,2.911983e-05,2.6315536e-05,8.851386e-06
54.393,0.013174531,-0.011593612,0.0032760703,-3.4724708e-06,-3.945977e-06,-9.812413e-07
54.432,0.018061453,-0.013426208,0.010606453,-5.604172e-06,-7.538914e-06,-4.4271987e-06
54.453,-0.0027079657,0.021393113,0.0112173185,8.724168e-06,1.1042953e-06,-4.574456e-06
54.492,-0.016147,0.015895324,0.002665205,6.0840925e-06,6.180418e-06,-1.0201518e-06
54.533,0.010120205,-0.0012089023,0.00022174409,-4.1353277e-07,-3.461847e-06,-7.585335e-08
54.552,0.016839722,-0.0036523633,-0.0034434474,-1.0767448e-06,-4.9644914e-06,1.0151543e-06
54.593,-0.00026450463,0.014062729,-0.0034434474,3.4164564e-06,6.426126e-08,8.3656494e-07
54.634,-0.006984022,0.02811263,-0.005276043,2.7774346e-05,6.900059e-06,5.212463e-06
54.672,-0.011260079,0.02811263,-0.017493347,1.6495142e-05,6.606973e-06,1.0264223e-05
54.693,-0.016757866,0.02811263,-0.015660752,1.7112554e-05,1.0200861e-05,9.5328605e-06
54.732,-0.023477385,0.006732346,-0.016271617,6.629423e-06,2.3119163e-05,1.602323e-05
54.773,-0.00026450463,0.018949652,-0.0077195037,6.505768e-06,9.081798e-08,2.650249e-06
54.791,0.001568091,0.025669169,-0.0009999864,1.1083589e-05,-6.770774e-07,4.3178395e-07
54.831,0.001568091,0.001845424,-0.0077195037,5.0097793e-07,-4.2568936e-07,2.0956147e-06
54.855,0.010120205,-0.018313129,-0.004665178,-6.5864297e-06,-3.6398012e-06,1.6778489e-06
54.894,0.015007127,0.012230133,-0.0016108516,3.986056e-06,-4.8911343e-06,5.250198e-07
54.932,-0.019201327,0.014062729,-0.0028325822,1.1309783e-05,1.5442476e-05,2.2779868e-06
54.973,-0.0014862352,0.012840998,-0.007108639,3.1781976e-06,3.6785187e-07,1.7594157e-06
54.994,0.0052332827,0.014062729,-0.007108639,3.9173515e-06,-1.4577929e-06,1.980204e-06
55.032,-0.0020971005,-0.0042632283,-0.016882483,-1.2544285e-06,6.17055e-07,4.9675605e-06
55.074,-0.006984022,0.018338785,-0.013217291,7.2794805e-06,2.7722913e-06,5.2465266e-06
55.092,-0.011870944,0.020171382,-0.013217291,9.096491e-06,5.353361e-06,5.960459e-06
55.133,0.0046224175,-0.005484959,-0.0009999864,-6.66457e-07,-5.6165294e-07,1.2150447e-07
55.172,0.0052332827,0.015895324,0.00083260937,4.4683047e-06,-1.4711189e-06,-2.3404998e-07
55.191,-0.0008753699,0.0048997505,0.004497801,5.514671e-07,9.852277e-08,-5.0622765e-07
55.232,0.009509339,-0.005484959,0.007552127,-1.2261695e-06,-2.1258204e-06,-1.6882861e-06
55.272,0.009509339,0.0042888853,0.0032760703,7.867692e-07,-1.7444302e-06,-6.009744e-07
55.312,0.0021789563,0.011008403,-0.0009999864,2.0808036e-06,-4.118652e-07,1.8901743e-07
55.331,-0.014314406,0.012840998,0.00083260937,4.146723e-06,4.6225273e-06,-2.6888276e-07
55.370,-0.015536136,0.0042888853,-0.006497774,1.2504232e-06,4.529573e-06,1.8944277e-06
55.392,0.00095722586,-0.014037072,-0.0058869086,-3.5917972e-06,-2.4493707e-07,1.5063381e-06
55.432,0.019283185,0.0061214804,-0.004665178,2.1323337e-06,-6.717014e-06,1.6250538e-06
55.471,-0.021644788,0.014062729,-0.007108639,1.2633196e-05,1.9444644e-05,6.3859256e-06
55.494,-0.020423058,-0.0060958243,-0.008330369,-2.340332e-06,7.840853e-06,3.198219e-06
55.532,0.010120205,0.013451863,-0.005276043,3.9813262e-06,-2.995256e-06,1.561547e-06
55.572,-0.015536136,0.013451863,0.004497801,9.495468e-06,1.0966689e-05,-3.1749764e-06
55.613,0.004011552,0.012840998,-0.0028325822,2.9618154e-06,-9.2527563e-07,6.5334507e-07
55.632,0.014396261,-0.003041498,-0.0016108516,-7.553114e-07,-3.5751043e-06,4.0003042e-07
55.672,0.00034636058,-0.005484959,0.0032760703,-1.1775608e-06,-7.435942e-08,-7.033365e-07
55.712,0.0046224175,-0.002430633,-0.00038912118,-2.1356081e-07,-4.0613588e-07,3.418901e-08
55.733,0.017450588,-0.002430633,0.0032760703,-7.308092e-07,-5.246783e-06,-9.850021e-07
55.774,0.00828761,-0.017091399,-0.0022217168,-1.0967596e-05,-5.3181902e-06,1.4256528e-06
55.812,-0.006984022,0.008564942,-0.00038912118,1.5890333e-06,1.2957292e-06,7.21917e-08
55.832,-0.005762292,0.007343211,-0.005276043,1.3209474e-06,1.0365618e-06,9.490906e-07
55.873,0.00828761,0.0061214804,-0.0058869086,2.4374062e-06,-3.2998917e-06,2.3440066e-06
55.913,-0.01248181,0.007343211,-0.0016108516,1.795123e-06,3.0513074e-06,3.9378654e-07
55.933,-0.003929696,0.022003977,0.0038869355,8.375468e-06,1.4957707e-06,-1.4795069e-06
55.973,0.009509339,-0.0042632283,0.0112173185,-1.095134e-06,-2.4427407e-06,-2.8814864e-06
56.012,0.019894049,-0.017091399,0.009995588,-8.0483505e-06,-9.368076e-06,-4.706954e-06
56.032,0.016228857,-0.004874094,0.010606453,-1.6347263e-06,-5.4429747e-06,-3.5572905e-06
56.073,-0.008205753,0.018949652,0.009995588,7.2937823e-06,3.1584043e-06,-3.8473427e-06
56.112,-0.0033188309,0.011619267,0.004497801,2.5135205e-06,7.179397e-07,-9.729807e-07
56.138,0.001568091,0.010397538,-0.0009999864,1.8425512e-06,-2.7788178e-07,1.772082e-07
56.172,-0.01370354,-0.004874094,0.0014434746,-1.195204e-06,3.360324e-06,-3.5396067e-07
56.211,0.0076767434,-0.003041498,-0.005276043,-5.000197e-07,-1.2620519e-06,8.6737776e-07
56.232,0.014396261,1.282817e-05,0.0014434746,3.1133023e-09,-3.4945535e-06,-3.503895e-07
56.271,-0.008205753,-0.009761016,0.00022174409,-2.0886064e-06,1.75582e-06,-4.74457e-08
56.312,0.004011552,1.282817e-05,0.009384722,2.1960278e-09,-6.869019e-07,-1.606955e-06
56.352,0.0046224175,0.007954076,0.0130499145,2.1307048e-06,-1.2382391e-06,-3.4957593e-06
56.373,-0.0075948876,-0.017702265,0.015493375,-7.3418114e-06,3.1499205e-06,-6.425697e-06
56.412,0.005844148,-0.01953486,0.017325971,-1.7538954e-05,-5.2468945e-06,-1.5555761e-05
56.452,0.020504914,-0.00792842,0.017325971,-3.7233233e-06,-9.629346e-06,-8.136509e-06
56.471,0.015617992,-0.012204477,0.012439049,-4.7915105e-06,-6.131635e-06,-4.8836037e-06
56.511,0.005844148,0.0012345586,0.005108666,3.2559106e-07,-1.5412866e-06,-1.3473164e-06
56.551,-0.010038348,0.001845424,-0.0040543126,3.4002392e-07,1.8495942e-06,7.470183e-07
56.572,-0.011260079,-0.011593612,-0.005276043,-3.3068638e-06,3.211725e-06,1.5048981e-06
56.612,0.0070658782,-0.004874094,-0.0119955605,-2.412394e-06,-3.4972225e-06,5.9371287e-06
56.653,0.004011552,0.006732346,0.0014434746,9.000681e-07,-5.3631686e-07,-1.9298233e-07
56.672,-0.006373157,0.012840998,0.0069412617,3.4313903e-06,1.7030402e-06,-1.8548561e-06
56.712,-0.0027079657,-0.010982746,0.011828184,-6.0313446e-06,1.487142e-06,-6.4956307e-06
56.751,0.026613565,-0.03786082,0.0185477,-3.1669417e-05,-2.2261069e-05,-1.5514854e-05
56.772,0.03150049,-0.04396947,0.020380296,-4.2639218e-05,-3.0546835e-05,-1.9764222e-05
56.811,0.010731069,0.0036780196,0.01366078,2.1913975e-06,-6.393753e-06,-8.1393055e-06
56.853,-0.010038348,0.046438586,0.0063303965,3.734358e-05,8.072236e-06,-5.0907347e-06
56.871,-0.008816618,0.014673594,0.0063303965,4.49322e-06,2.6997418e-06,-1.9384438e-06
56.912,0.014396261,0.010397538,0.007552127,3.3662939e-06,-4.6609275e-06,-2.4450635e-06
56.951,-0.010038348,0.019560516,0.004497801,7.3645906e-06,3.7794591e-06,-1.6934482e-06
56.972,-0.006984022,0.022614842,-0.004665178,9.153015e-06,2.8266866e-06,1.8881477e-06
57.012,0.0119528,-0.018923994,-0.0077195037,-7.5170974e-06,-4.7479753e-06,3.0663707e-06
57.051,-0.010038348,-0.0005980371,-0.0022217168,-1.0333073e-07,1.7344518e-06,3.8387407e-07
57.091,-0.005762292,0.020782245,-0.0022217168,7.5592816e-06,2.0959649e-06,8.0811384e-07
57.112,0.0076767434,0.010397538,0.0014434746,2.2685792e-06,-1.6749452e-06,-3.149416e-07
57.153,0.006455013,-0.010371881,0.00083260937,-2.130742e-06,-1.326082e-06,-1.7104809e-07
57.191,-0.0020971005,0.015284459,-0.0016108516,3.9776305e-06,5.457507e-07,4.1920725e-07
57.213,0.00034636058,0.014062729,-0.0034434474,3.4168638e-06,-8.415485e-08,8.36665e-07
57.251,0.010731069,0.0006236934,-0.005276043,1.2529723e-07,-2.1558046e-06,1.0599241e-06
57.292,-0.010038348,0.020171382,-0.006497774,7.93573e-06,3.949252e-06,2.5563095e-06
57.311,-0.019812193,-0.00792842,-0.011384696,-3.21725e-06,8.039477e-06,4.619748e-06
57.351,0.030278757,-0.016480533,-0.008330369,-9.806094e-06,-1.801629e-05,4.956593e-06
57.393,-0.0020971005,0.03299955,-0.008941235,1.8964214e-05,1.2052128e-06,5.138347e-06
57.412,-0.03325123,0.024447437,-0.007108639,1.7177044e-05,2.3362812e-05,4.9944265e-06
57.451,0.0119528,-0.010371881,-0.0040543126,-5.685479e-06,-6.552095e-06,2.2224076e-06
57.491,0.015007127,-0.0018197676,-0.010162964,-5.561294e-07,-4.586307e-06,3.1058871e-06
57.512,-0.005762292,-0.0018197676,-0.0077195037,-2.9930408e-07,9.4774396e-07,1.2696536e-06
57.551,-0.0008753699,-0.014037072,-0.016271617,-1.0130148e-05,6.316694e-07,1.1742754e-05
57.592,0.019283185,-0.057408504,0.00022174409,-5.832955e-05,-1.9592551e-05,-2.2587311e-07
57.611,0.027224433,0.0048997505,-0.0009999864,2.2754068e-06,-1.2642802e-05,4.6439985e-07
57.651,-0.03752728,0.07698185,-0.0058869086,0.00022174038,0.000108096814,1.694488e-05
57.692,-0.019201327,-0.022589186,-0.007108639,-1.1554327e-05,9.821407e-06,3.6361068e-06
57.714,0.026002701,-0.018923994,-0.015660752,-1.1356719e-05,-1.5604966e-05,9.398346e-06
57.752,-0.0008753699,0.025058303,-0.0058869086,2.1655576e-05,7.565564e-07,5.0875033e-06
57.793,-0.02775344,0.007343211,0.00022174409,3.5369505e-06,1.3367793e-05,-1.0682946e-07
57.812,0.006455013,-0.031752165,0.0148825105,-1.8994471e-05,-3.861367e-06,-8.902899e-06
57.852,0.027224433,-0.047023796,0.025878085,-9.496269e-05,-5.4975353e-05,-5.226159e-05
57.893,-0.0460794,-0.03602822,0.024656354,-3.8367994e-05,4.9073245e-05,-2.6257103e-05
57.933,-0.030807765,-0.03602822,0.00022174409,-2.8653887e-05,2.4501967e-05,-1.76006e-07
57.951,-0.028975172,0.024447437,0.016715106,1.6993969e-05,2.0141064e-05,-1.1619141e-05
57.993,-0.04180334,0.020782245,-0.010162964,1.6658421e-05,3.350864e-05,8.146113e-06
58.031,-0.020423058,-0.034806494,-0.026656326,-2.8243092e-05,1.6571505e-05,2.1629883e-05
58.053,-0.019201327,-0.03969341,0.012439049,-3.0510002e-05,1.4759115e-05,-9.560965e-06
58.093,-0.054631513,-0.08611917,-0.004665178,-0.0001475076,9.357373e-05,7.997543e-06
58.131,-0.028975172,-0.024421781,-0.06880603,-3.218637e-05,3.8183935e-05,9.067774e-05
58.152,-0.036305554,-0.004874094,-0.21724628,-1.8069648e-05,0.00013418643,0.00080299337
58.192,0.013785396,0.20220923,-0.26855895,0.0011414823,-7.69501e-05,0.0015159962
58.233,0.29905948,-0.093449555,-0.024212865,-0.0004925927,-0.0015767589,0.00012726887
58.252,0.36991984,-0.37628016,0.078412496,-0.003368818,-0.003309532,-0.00070735463
58.292,0.18177335,-0.5247204,0.09368413,-0.0049584103,-0.0017152238,-0.000889398
58.331,-0.13098967,-0.24127895,0.05092356,-0.0011302258,0.00061377086,-0.00023821044
58.353,-0.25194097,0.091031745,0.0038869355,0.00040917788,0.0011324161,-1.7702609e-05
58.392,-0.31058404,0.41845554,-0.034597576,0.0036661585,0.0027219274,0.00029815937
58.432,-0.118772365,0.1973223,-0.03826277,0.00077286136,0.00046528006,0.00014969251
58.452,-0.011870944,0.08370137,-0.07124949,0.00015525403,2.2029362e-05,0.00013215712
58.492,0.02111578,0.08553397,-0.061475646,0.00015416634,-3.8049995e-05,0.00011080506
58.538,-0.05340978,0.036053877,-0.09446237,6.915833e-05,0.00010247034,0.00018121793
58.553,-0.013092675,0.011619267,-0.08468852,1.68569e-05,1.8996829e-05,0.00012287204
58.592,0.11274557,-0.118495025,0.076579906,-0.0007182343,-0.0006830674,-0.0004643169
58.632,0.058989424,-0.12338195,0.18225959,-0.00047175452,-0.00022534591,-0.0006968121
58.672,-0.018590461,-0.02075659,0.16882056,-5.957211e-05,5.3381274e-05,-0.00048462432
58.694,-0.04974459,0.07392752,0.12117307,0.00037317793,0.0002509394,-0.00061158923
58.733,-0.1004464,0.3097215,0.033208467,0.0017007357,0.0005513973,-0.00018281712
58.752,-0.13160053,0.30300197,-0.026045462,0.0016844777,0.0007317508,0.00014418269
58.794,-0.08945083,0.11180117,-0.079801604,0.0006148167,0.00049212895,0.00043877054
58.833,0.07059586,-0.072069265,0.020380296,-0.00012444831,-0.000121899764,-3.519942e-05
58.873,0.12435201,-0.014037072,0.10590143,-3.8657585e-05,-0.00034201398,-0.0002912795
58.895,0.05043731,0.081868775,0.107734025,0.00039662613,-0.0002444943,-0.0005219699
58.932,0.015617992,0.10508165,0.076579906,0.0002308767,-3.4334407e-05,-0.00016825317
58.971,0.08892182,0.011008403,0.053977884,1.9311852e-05,-0.00015605464,-9.4727206e-05
58.992,0.09930653,0.02811263,0.023434624,9.98207e-05,-0.00035266788,-8.320494e-05
59.032,0.030889623,0.06048849,-0.01077383,6.978839e-05,-3.5638255e-05,1.2431475e-05
59.074,-0.0020971005,0.05254724,-0.016882483,4.869274e-05,1.9436534e-06,1.564406e-05
59.093,0.008898473,0.03177782,-0.012606426,1.8833904e-05,-5.273822e-06,7.471549e-06
59.133,0.019894049,-0.029919568,0.008162992,-1.8495239e-05,-1.22977435e-05,-5.0461836e-06
59.172,-0.010649214,-0.028086973,0.027099816,-1.9063633e-05,7.2282032e-06,-1.839361e-05
59.192,-0.028975172,-0.010371881,0.008773857,-5.5686414e-06,1.5556825e-05,-4.7106532e-06
59.231,0.010731069,-0.05435418,0.010606453,-5.144051e-05,-1.0155561e-05,-1.0038143e-05
59.256,0.06082202,-0.036639087,0.024656354,-4.6204837e-05,-7.6698765e-05,-3.1094612e-05
59.292,0.040663466,-0.013426208,0.029543275,-1.1719282e-05,-3.5492227e-05,-2.5786525e-05
59.332,-0.03935988,-0.031752165,-0.018715078,-2.8725597e-05,3.560754e-05,1.6931519e-05
59.373,0.00828761,-0.02075659,-0.006497774,-8.105349e-06,-3.2362836e-06,2.5373377e-06
59.392,0.0119528,-0.029308705,0.0032760703,-1.5647178e-05,-6.381283e-06,-1.7490607e-06
59.434,0.0027898217,-0.03358476,0.0069412617,-1.9387406e-05,-1.6104356e-06,-4.0069826e-06
59.474,0.016839722,0.005510615,0.015493375,2.1760359e-06,-6.6497505e-06,-6.118085e-06
59.493,0.005844148,0.020171382,0.017325971,9.213633e-06,-2.6694568e-06,-7.913938e-06
59.532,-0.021644788,0.023225708,0.00022174409,1.23712825e-05,1.1529196e-05,-1.1818434e-07
59.572,-0.008816618,-0.015258803,-0.007108639,-4.8646575e-06,2.8108177e-06,2.2663098e-06
59.593,-0.009427483,-0.018313129,-0.004665178,-6.4886726e-06,3.340321e-06,1.6529671e-06
59.632,-0.035694692,-0.0012089023,0.0014434746,-1.4498962e-06,4.2811498e-05,-1.7312433e-06
59.673,-0.010038348,-0.022589186,0.009384722,-1.0020599e-05,4.453052e-06,-4.1630597e-06
59.712,0.024170104,0.01772792,0.0148825105,9.953524e-06,-1.3570673e-05,-8.355919e-06
59.734,0.012563665,0.037886474,0.0185477,5.5953147e-05,-1.855567e-05,-2.7392029e-05
59.772,-0.005762292,-0.00792842,0.016715106,-2.577429e-06,1.873259e-06,-5.4338775e-06
59.812,0.029057028,-0.010982746,0.008162992,-5.918094e-06,-1.5657382e-05,-4.3986793e-06
59.832,0.024170104,0.009175807,0.012439049,8.833212e-06,-2.3268089e-05,-1.19747e-05
59.872,-0.02775344,0.033610415,0.012439049,2.5560164e-05,2.1105829e-05,-9.459924e-06
59.915,-0.0075948876,0.03727561,0.0063303965,2.4117566e-05,4.9138907e-06,-4.0958657e-06
59.933,0.0021789563,0.025669169,0.009384722,2.3615194e-05,-2.004705e-06,-8.633763e-06
59.973,-0.004540561,-0.020145725,-0.004665178,-7.155726e-06,1.6127931e-06,1.6570684e-06
