timestamp,value
00.000,-9.11
00.015,-4.51
00.031,-0.29
00.046,3.52
00.062,6.94
00.078,9.94
00.093,12.35
00.109,13.95
00.125,14.51
00.140,14.01
00.156,12.63
00.171,10.66
00.187,8.5
00.203,6.52
00.218,4.88
00.234,3.66
00.250,2.75
00.265,1.97
00.281,1.19
00.296,0.38
00.312,-0.44
00.328,-1.23
00.343,-2.03
00.359,-3.01
00.375,-4.35
00.390,-6.1
00.406,-8.23
00.421,-10.58
00.437,-12.99
00.453,-15.36
00.468,-17.63
00.484,-19.74
00.500,-21.55
00.515,-22.97
00.531,-23.9
00.546,-24.46
00.562,-24.89
00.578,-25.51
00.593,-26.49
00.609,-27.8
00.625,-29.29
00.640,-30.79
00.656,-32.17
00.671,-33.46
00.687,-34.67
00.703,-35.71
00.718,-36.47
00.734,-36.8
00.750,-36.64
00.765,-36.04
00.781,-35.07
00.796,-33.65
00.812,-31.51
00.828,-28.22
00.843,-23.38
00.859,-16.78
00.875,-8.65
00.890,0.43
00.906,9.63
00.921,18.12
00.937,25.25
00.953,30.76
00.968,34.66
00.984,37.25
01.000,38.81
01.015,39.61
01.031,39.71
01.046,39.13
01.062,37.87
01.078,36.09
01.093,34.06
01.109,32.11
01.125,30.49
01.140,29.27
01.156,28.36
01.171,27.45
01.187,26.14
01.203,23.95
01.218,20.46
01.234,15.49
01.250,9.16
01.265,1.98
01.281,-5.21
01.296,-11.59
01.312,-16.48
01.328,-19.53
01.343,-20.85
01.359,-20.7
01.375,-19.38
01.390,-17.12
01.406,-14.1
01.421,-10.66
01.437,-7.33
01.453,-4.79
01.468,-3.61
01.484,-4.07
01.500,-6.04
01.515,-9.04
01.531,-12.42
01.546,-15.54
01.562,-18.13
01.578,-20.21
01.593,-22.0
01.609,-23.81
01.625,-25.75
01.640,-27.73
01.656,-29.4
01.671,-30.4
01.687,-30.39
01.703,-29.18
01.718,-26.77
01.734,-23.2
01.750,-18.57
01.765,-13.1
01.781,-7.18
01.796,-1.29
01.812,3.98
01.828,8.31
01.843,11.7
01.859,14.55
01.875,17.4
01.890,20.7
01.906,24.63
01.921,29.05
01.937,33.67
01.953,38.14
01.968,42.26
01.984,45.86
02.000,48.76
02.015,50.8
02.031,51.83
02.046,51.85
02.062,51.0
02.078,49.57
02.093,47.92
02.109,46.26
02.125,44.75
02.140,43.33
02.156,41.92
02.171,40.34
02.187,38.45
02.203,36.11
02.218,33.17
02.234,29.44
02.250,24.75
02.265,18.97
02.281,12.07
02.296,4.11
02.312,-4.8
02.328,-14.49
02.343,-24.74
02.359,-35.11
02.375,-44.97
02.390,-53.52
02.406,-60.0
02.421,-63.92
02.437,-65.23
02.453,-64.34
02.468,-61.85
02.484,-58.36
02.500,-54.27
02.515,-49.77
02.531,-44.99
02.546,-40.11
02.562,-35.46
02.578,-31.26
02.593,-27.55
02.609,-24.11
02.625,-20.58
02.640,-16.75
02.656,-12.71
02.671,-8.88
02.687,-5.73
02.703,-3.57
02.718,-2.3
02.734,-1.46
02.750,-0.58
02.765,0.61
02.781,2.03
02.796,3.33
02.812,4.13
02.828,4.37
02.843,4.2
02.859,3.98
02.875,3.95
02.890,4.08
02.906,4.12
02.921,3.71
02.937,2.69
02.953,1.15
02.968,-0.51
02.984,-1.86
03.000,-2.61
03.015,-2.77
03.031,-2.59
03.046,-2.37
03.062,-2.38
03.078,-2.64
03.093,-3.04
03.109,-3.39
03.125,-3.66
03.140,-3.95
03.156,-4.48
03.171,-5.42
03.187,-6.82
03.203,-8.56
03.218,-10.44
03.234,-12.25
03.250,-13.85
03.265,-15.27
03.281,-16.5
03.296,-17.61
03.312,-18.65
03.328,-19.65
03.343,-20.67
03.359,-21.73
03.375,-22.85
03.390,-24.05
03.406,-25.37
03.421,-26.76
03.437,-28.13
03.453,-29.25
03.468,-29.82
03.484,-29.49
03.500,-28.09
03.515,-25.59
03.531,-22.27
03.546,-18.54
03.562,-14.8
03.578,-11.37
03.593,-8.32
03.609,-5.6
03.625,-3.06
03.640,-0.64
03.656,1.72
03.671,3.99
03.687,6.09
03.703,7.97
03.718,9.58
03.734,10.85
03.750,11.82
03.765,12.48
03.781,12.9
03.796,13.21
03.812,13.51
03.828,13.86
03.843,14.26
03.859,14.68
03.875,15.03
03.890,15.22
03.906,15.11
03.921,14.63
03.937,13.78
03.953,12.66
03.968,11.47
03.984,10.46
04.000,9.77
04.015,9.44
04.031,9.35
04.046,9.31
04.062,9.16
04.078,8.77
04.093,8.05
04.109,6.92
04.125,5.33
04.140,3.3
04.156,0.95
04.171,-1.38
04.187,-3.46
04.203,-5.11
04.218,-6.37
04.234,-7.47
04.250,-8.6
04.265,-10.03
04.281,-11.85
04.296,-14.1
04.312,-16.63
04.328,-19.22
04.343,-21.54
04.359,-23.26
04.375,-24.07
04.390,-23.75
04.406,-22.22
04.421,-19.53
04.437,-15.82
04.453,-11.41
04.468,-6.67
04.484,-2.0
04.500,2.25
04.515,5.87
04.531,8.79
04.546,11.04
04.562,12.71
04.578,13.91
04.593,14.73
04.609,15.3
04.625,15.79
04.640,16.26
04.656,16.73
04.671,17.16
04.687,17.45
04.703,17.63
04.718,17.76
04.734,17.96
04.750,18.26
04.765,18.58
04.781,18.77
04.796,18.75
04.812,18.52
04.828,18.18
04.843,17.79
04.859,17.37
04.875,16.84
04.890,16.09
04.906,15.06
04.921,13.77
04.937,12.37
04.953,11.02
04.968,9.81
04.984,8.73
05.000,7.61
05.015,6.24
05.031,4.45
05.046,2.14
05.062,-0.68
05.078,-3.88
05.093,-7.22
05.109,-10.54
05.125,-13.61
05.140,-16.37
05.156,-18.76
05.171,-20.81
05.187,-22.62
05.203,-24.43
05.218,-26.52
05.234,-29.13
05.250,-32.3
05.265,-35.78
05.281,-39.03
05.296,-41.34
05.312,-42.04
05.328,-40.75
05.343,-37.48
05.359,-32.53
05.375,-26.52
05.390,-20.04
05.406,-13.63
05.421,-7.71
05.437,-2.54
05.453,1.78
05.468,5.22
05.484,7.95
05.500,10.22
05.515,12.34
05.531,14.51
05.546,16.79
05.562,19.12
05.578,21.36
05.593,23.37
05.609,25.12
05.625,26.6
05.640,27.83
05.656,28.78
05.671,29.41
05.687,29.73
05.703,29.71
05.718,29.4
05.734,28.86
05.750,28.17
05.765,27.35
05.781,26.45
05.796,25.42
05.812,24.2
05.828,22.74
05.843,21.07
05.859,19.26
05.875,17.4
05.890,15.61
05.906,13.86
05.921,12.12
05.937,10.32
05.953,8.47
05.968,6.64
05.984,4.92
06.000,3.24
06.015,1.45
06.031,-0.67
06.046,-3.24
06.062,-6.16
06.078,-9.17
06.093,-11.99
06.109,-14.52
06.125,-16.85
06.140,-19.27
06.156,-22.01
06.171,-25.17
06.187,-28.65
06.203,-32.17
06.218,-35.47
06.234,-38.28
06.250,-40.33
06.265,-41.25
06.281,-40.63
06.296,-38.12
06.312,-33.64
06.328,-27.56
06.343,-20.62
06.359,-13.72
06.375,-7.51
06.390,-2.33
06.406,1.96
06.421,5.69
06.437,9.17
06.453,12.46
06.468,15.44
06.484,17.93
06.500,19.88
06.515,21.46
06.531,22.84
06.546,24.21
06.562,25.5
06.578,26.59
06.593,27.34
06.609,27.73
06.625,27.92
06.640,28.21
06.656,28.78
06.671,29.67
06.687,30.69
06.703,31.46
06.718,31.61
06.734,30.89
06.750,29.29
06.765,27.05
06.781,24.55
06.796,22.13
06.812,20.05
06.828,18.36
06.843,16.94
06.859,15.6
06.875,14.21
06.890,12.71
06.906,11.17
06.921,9.63
06.937,8.05
06.953,6.38
06.968,4.46
06.984,2.19
07.000,-0.47
07.015,-3.41
07.031,-6.48
07.046,-9.47
07.062,-12.28
07.078,-14.89
07.093,-17.4
07.109,-19.94
07.125,-22.77
07.140,-26.01
07.156,-29.73
07.171,-33.84
07.187,-38.08
07.203,-42.03
07.218,-45.16
07.234,-46.89
07.250,-46.75
07.265,-44.51
07.281,-40.29
07.296,-34.53
07.312,-27.9
07.328,-21.1
07.343,-14.68
07.359,-8.9
07.375,-3.8
07.390,0.67
07.406,4.48
07.421,7.5
07.437,9.52
07.453,10.42
07.468,10.38
07.484,9.81
07.500,9.31
07.515,9.4
07.531,10.25
07.546,11.67
07.562,13.15
07.578,14.01
07.593,13.76
07.609,12.32
07.625,10.02
07.640,7.56
07.656,5.7
07.671,4.89
07.687,5.01
07.703,5.33
07.718,4.74
07.734,2.31
07.750,-2.12
07.765,-7.73
07.781,-12.93
07.796,-16.06
07.812,-15.98
07.828,-12.56
07.843,-6.55
07.859,0.61
07.875,7.37
07.890,12.48
07.906,15.14
07.921,15.3
07.937,13.91
07.953,13.18
07.968,16.38
07.984,26.72
08.000,45.67
08.015,71.46
08.031,98.9
08.046,120.86
08.062,131.07
08.078,126.66
08.093,109.26
08.109,84.06
08.125,57.35
08.140,34.06
08.156,16.42
08.171,4.29
08.187,-3.43
08.203,-7.39
08.218,-7.54
08.234,-3.64
08.250,3.84
08.265,13.22
08.281,22.22
08.296,28.74
08.312,31.72
08.328,31.37
08.343,28.96
08.359,26.01
08.375,23.56
08.390,21.87
08.406,20.49
08.421,18.73
08.437,16.15
08.453,12.63
08.468,8.45
08.484,3.85
08.500,-1.1
08.515,-6.59
08.531,-12.96
08.546,-20.37
08.562,-28.66
08.578,-37.12
08.593,-44.8
08.609,-50.66
08.625,-54.07
08.640,-54.83
08.656,-53.19
08.671,-49.71
08.687,-44.93
08.703,-39.24
08.718,-32.92
08.734,-26.13
08.750,-19.13
08.765,-12.36
08.781,-6.22
08.796,-1.05
08.812,3.05
08.828,6.12
08.843,8.27
08.859,9.56
08.875,9.95
08.890,9.36
08.906,7.78
08.921,5.32
08.937,2.29
08.953,-1.05
08.968,-4.45
08.984,-7.88
09.000,-11.38
09.015,-15.04
09.031,-18.85
09.046,-22.66
09.062,-26.17
09.078,-28.98
09.093,-30.61
09.109,-30.65
09.125,-28.83
09.140,-25.05
09.156,-19.45
09.171,-12.32
09.187,-4.02
09.203,5.0
09.218,14.2
09.234,23.04
09.250,30.93
09.265,37.38
09.281,42.05
09.296,44.84
09.312,45.82
09.328,45.22
09.343,43.25
09.359,40.16
09.375,36.18
09.390,31.67
09.406,27.03
09.421,22.7
09.437,19.06
09.453,16.32
09.468,14.57
09.484,13.76
09.500,13.71
09.515,14.16
09.531,14.83
09.546,15.31
09.562,15.32
09.578,14.67
09.593,13.41
09.609,11.78
09.625,10.09
09.640,8.63
09.656,7.57
09.671,6.89
09.687,6.33
09.703,5.62
09.718,4.48
09.734,2.89
09.750,0.89
09.765,-1.29
09.781,-3.54
09.796,-5.82
09.812,-8.25
09.828,-11.05
09.843,-14.29
09.859,-17.85
09.875,-21.41
09.890,-24.59
09.906,-27.06
09.921,-28.77
09.937,-29.95
09.953,-31.06
09.968,-32.62
09.984,-34.96
10.000,-38.15
10.015,-41.9
10.031,-45.66
10.046,-48.78
10.062,-50.62
10.078,-50.73
10.093,-48.85
10.109,-44.99
10.125,-39.42
10.140,-32.67
10.156,-25.34
10.171,-18.05
10.187,-11.33
10.203,-5.39
10.218,-0.24
10.234,4.3
10.250,8.33
10.265,11.9
10.281,14.82
10.296,17.02
10.312,18.51
10.328,19.5
10.343,20.28
10.359,21.08
10.375,21.95
10.390,22.73
10.406,23.24
10.421,23.37
10.437,23.22
10.453,23.09
10.468,23.25
10.484,23.83
10.500,24.72
10.515,25.62
10.531,26.23
10.546,26.4
10.562,26.05
10.578,25.21
10.593,23.85
10.609,21.9
10.625,19.29
10.640,16.03
10.656,12.29
10.671,8.35
10.687,4.53
10.703,1.0
10.718,-2.18
10.734,-5.02
10.750,-7.6
10.765,-9.92
10.781,-12.06
10.796,-14.08
10.812,-16.05
10.828,-17.98
10.843,-19.85
10.859,-21.65
10.875,-23.43
10.890,-25.42
10.906,-27.88
10.921,-31.02
10.937,-34.86
10.953,-39.03
10.968,-42.81
10.984,-45.36
11.000,-45.93
11.015,-44.15
11.031,-40.18
11.046,-34.59
11.062,-28.22
11.078,-21.88
11.093,-16.09
11.109,-11.05
11.125,-6.64
11.140,-2.62
11.156,1.16
11.171,4.67
11.187,7.83
11.203,10.43
11.218,12.41
11.234,13.77
11.250,14.62
11.265,15.1
11.281,15.34
11.296,15.45
11.312,15.52
11.328,15.61
11.343,15.74
11.359,15.89
11.375,16.05
11.390,16.09
11.406,15.93
11.421,15.53
11.437,14.95
11.453,14.29
11.468,13.63
11.484,13.02
11.500,12.45
11.515,11.94
11.531,11.4
11.546,10.8
11.562,10.03
11.578,9.03
11.593,7.71
11.609,6.05
11.625,4.01
11.640,1.66
11.656,-0.97
11.671,-3.89
11.687,-7.07
11.703,-10.52
11.718,-14.14
11.734,-17.74
11.750,-21.08
11.765,-23.97
11.781,-26.42
11.796,-28.63
11.812,-30.99
11.828,-33.78
11.843,-37.03
11.859,-40.36
11.875,-43.14
11.890,-44.64
11.906,-44.4
11.921,-42.31
11.937,-38.64
11.953,-33.79
11.968,-28.21
11.984,-22.25
12.000,-16.2
12.015,-10.29
12.031,-4.8
12.046,0.06
12.062,4.2
12.078,7.64
12.093,10.46
12.109,12.79
12.125,14.71
12.140,16.26
12.156,17.48
12.171,18.36
12.187,18.91
12.203,19.23
12.218,19.39
12.234,19.54
12.250,19.81
12.265,20.27
12.281,20.92
12.296,21.65
12.312,22.28
12.328,22.6
12.343,22.45
12.359,21.79
12.375,20.67
12.390,19.15
12.406,17.31
12.421,15.27
12.437,13.14
12.453,11.06
12.468,9.13
12.484,7.4
12.500,5.85
12.515,4.43
12.531,3.02
12.546,1.43
12.562,-0.43
12.578,-2.68
12.593,-5.24
12.609,-8.05
12.625,-10.92
12.640,-13.74
12.656,-16.4
12.671,-18.89
12.687,-21.32
12.703,-23.82
12.718,-26.53
12.734,-29.49
12.750,-32.69
12.765,-36.06
12.781,-39.49
12.796,-42.8
12.812,-45.72
12.828,-47.78
12.843,-48.52
12.859,-47.46
12.875,-44.4
12.890,-39.55
12.906,-33.47
12.921,-26.86
12.937,-20.34
12.953,-14.26
12.968,-8.59
12.984,-3.16
13.000,2.18
13.015,7.32
13.031,12.04
13.046,16.03
13.062,19.11
13.078,21.35
13.093,22.93
13.109,24.1
13.125,25.13
13.140,26.13
13.156,27.21
13.171,28.39
13.187,29.65
13.203,30.92
13.218,32.05
13.234,32.82
13.250,33.07
13.265,32.63
13.281,31.43
13.296,29.54
13.312,27.16
13.328,24.59
13.343,22.14
13.359,20.0
13.375,18.24
13.390,16.75
13.406,15.35
13.421,13.88
13.437,12.34
13.453,10.88
13.468,9.67
13.484,8.82
13.500,8.26
13.515,7.75
13.531,6.96
13.546,5.65
13.562,3.55
13.578,0.61
13.593,-3.04
13.609,-7.23
13.625,-11.66
13.640,-16.1
13.656,-20.35
13.671,-24.42
13.687,-28.43
13.703,-32.63
13.718,-37.21
13.734,-42.14
13.750,-47.12
13.765,-51.4
13.781,-54.18
13.796,-54.66
13.812,-52.46
13.828,-47.68
13.843,-40.9
13.859,-33.0
13.875,-24.94
13.890,-17.46
13.906,-10.91
13.921,-5.33
13.937,-0.53
13.953,3.7
13.968,7.49
13.984,10.87
14.000,13.77
14.015,16.15
14.031,18.01
14.046,19.53
14.062,20.83
14.078,21.94
14.093,22.84
14.109,23.47
14.125,23.85
14.140,24.08
14.156,24.3
14.171,24.57
14.187,24.87
14.203,25.03
14.218,24.86
14.234,24.25
14.250,23.23
14.265,21.95
14.281,20.6
14.296,19.34
14.312,18.18
14.328,17.05
14.343,15.8
14.359,14.35
14.375,12.65
14.390,10.72
14.406,8.67
14.421,6.54
14.437,4.4
14.453,2.18
14.468,-0.11
14.484,-2.46
14.500,-4.84
14.515,-7.16
14.531,-9.44
14.546,-11.71
14.562,-14.09
14.578,-16.64
14.593,-19.49
14.609,-22.66
14.625,-26.23
14.640,-30.14
14.656,-34.27
14.671,-38.42
14.687,-42.28
14.703,-45.58
14.718,-47.87
14.734,-48.75
14.750,-47.8
14.765,-44.72
14.781,-39.49
14.796,-32.39
14.812,-24.13
14.828,-15.57
14.843,-7.58
14.859,-0.71
14.875,4.79
14.890,9.03
14.906,12.24
14.921,14.63
14.937,16.37
14.953,17.58
14.968,18.38
14.984,18.96
15.000,19.51
15.015,20.17
15.031,21.04
15.046,22.17
15.062,23.5
15.078,24.95
15.093,26.38
15.109,27.68
15.125,28.66
15.140,29.19
15.156,29.2
15.171,28.73
15.187,27.84
15.203,26.62
15.218,25.12
15.234,23.31
15.250,21.2
15.265,18.81
15.281,16.2
15.296,13.53
15.312,11.0
15.328,8.74
15.343,6.78
15.359,5.03
15.375,3.33
15.390,1.52
15.406,-0.59
15.421,-3.0
15.437,-5.64
15.453,-8.4
15.468,-11.17
15.484,-13.9
15.500,-16.64
15.515,-19.49
15.531,-22.52
15.546,-25.8
15.562,-29.34
15.578,-33.14
15.593,-37.15
15.609,-41.19
15.625,-44.87
15.640,-47.61
15.656,-48.72
15.671,-47.58
15.687,-43.93
15.703,-37.95
15.718,-30.3
15.734,-21.88
15.750,-13.58
15.765,-6.04
15.781,0.46
15.796,5.94
15.812,10.66
15.828,14.82
15.843,18.52
15.859,21.67
15.875,24.08
15.890,25.69
15.906,26.61
15.921,27.05
15.937,27.38
15.953,27.75
15.968,28.19
15.984,28.55
16.000,28.65
16.015,28.47
16.031,28.16
16.046,28.02
16.062,28.18
16.078,28.56
16.093,28.9
16.109,28.78
16.125,27.99
16.140,26.56
16.156,24.7
16.171,22.72
16.187,20.92
16.203,19.34
16.218,17.88
16.234,16.33
16.250,14.46
16.265,12.17
16.281,9.48
16.296,6.49
16.312,3.33
16.328,0.07
16.343,-3.28
16.359,-6.72
16.375,-10.23
16.390,-13.72
16.406,-16.98
16.421,-19.87
16.437,-22.3
16.453,-24.36
16.468,-26.31
16.484,-28.51
16.500,-31.26
16.515,-34.73
16.531,-38.95
16.546,-43.66
16.562,-48.36
16.578,-52.42
16.593,-55.09
16.609,-55.75
16.625,-54.02
16.640,-49.86
16.656,-43.62
16.671,-35.94
16.687,-27.49
16.703,-18.93
16.718,-10.71
16.734,-3.14
16.750,3.65
16.765,9.6
16.781,14.82
16.796,19.38
16.812,23.38
16.828,26.81
16.843,29.56
16.859,31.53
16.875,32.63
16.890,32.93
16.906,32.71
16.921,32.33
16.937,32.16
16.953,32.38
16.968,32.98
16.984,33.71
17.000,34.24
17.015,34.33
17.031,33.83
17.046,32.77
17.062,31.21
17.078,29.22
17.093,26.75
17.109,23.73
17.125,20.08
17.140,15.85
17.156,11.17
17.171,6.23
17.187,1.19
17.203,-3.92
17.218,-9.06
17.234,-14.2
17.250,-19.18
17.265,-23.66
17.281,-27.36
17.296,-30.03
17.312,-31.58
17.328,-32.13
17.343,-31.86
17.359,-30.9
17.375,-29.38
17.390,-27.46
17.406,-25.37
17.421,-23.51
17.437,-22.26
17.453,-21.9
17.468,-22.47
17.484,-23.83
17.500,-25.66
17.515,-27.54
17.531,-29.07
17.546,-29.81
17.562,-29.34
17.578,-27.21
17.593,-23.17
17.609,-17.37
17.625,-10.35
17.640,-2.96
17.656,3.94
17.671,9.82
17.687,14.65
17.703,18.78
17.718,22.6
17.734,26.35
17.750,29.88
17.765,32.83
17.781,34.93
17.796,36.16
17.812,36.79
17.828,37.19
17.843,37.55
17.859,37.83
17.875,37.82
17.890,37.38
17.906,36.63
17.921,35.95
17.937,35.64
17.953,35.81
17.968,36.27
17.984,36.62
18.000,36.53
18.015,35.89
18.031,34.81
18.046,33.53
18.062,32.27
18.078,31.07
18.093,29.84
18.109,28.46
18.125,26.76
18.140,24.65
18.156,22.11
18.171,19.19
18.187,16.08
18.203,12.99
18.218,10.1
18.234,7.45
18.250,4.91
18.265,2.27
18.281,-0.67
18.296,-3.8
18.312,-6.85
18.328,-9.52
18.343,-11.65
18.359,-13.4
18.375,-15.2
18.390,-17.55
18.406,-20.83
18.421,-25.18
18.437,-30.36
18.453,-35.84
18.468,-40.9
18.484,-44.77
18.500,-46.71
18.515,-46.21
18.531,-43.08
18.546,-37.62
18.562,-30.51
18.578,-22.58
18.593,-14.72
18.609,-7.58
18.625,-1.49
18.640,3.42
18.656,7.22
18.671,10.12
18.687,12.41
18.703,14.43
18.718,16.49
18.734,18.7
18.750,20.95
18.765,22.98
18.781,24.48
18.796,25.32
18.812,25.56
18.828,25.48
18.843,25.38
18.859,25.49
18.875,25.78
18.890,26.04
18.906,26.05
18.921,25.57
18.937,24.56
18.953,23.13
18.968,21.48
18.984,19.82
19.000,18.27
19.015,16.89
19.031,15.62
19.046,14.43
19.062,13.24
19.078,11.95
19.093,10.38
19.109,8.4
19.125,5.88
19.140,2.9
19.156,-0.34
19.171,-3.57
19.187,-6.49
19.203,-8.97
19.218,-11.08
19.234,-13.04
19.250,-15.09
19.265,-17.34
19.281,-19.77
19.296,-22.26
19.312,-24.78
19.328,-27.32
19.343,-30.05
19.359,-33.14
19.375,-36.72
19.390,-40.7
19.406,-44.64
19.421,-47.91
19.437,-49.71
19.453,-49.36
19.468,-46.46
19.484,-41.08
19.500,-33.72
19.515,-25.23
19.531,-16.58
19.546,-8.61
19.562,-1.73
19.578,3.94
19.593,8.62
19.609,12.56
19.625,15.94
19.640,18.83
19.656,21.22
19.671,23.06
19.687,24.45
19.703,25.58
19.718,26.62
19.734,27.72
19.750,28.78
19.765,29.62
19.781,30.06
19.796,29.98
19.812,29.41
19.828,28.54
19.843,27.62
19.859,26.81
19.875,26.17
19.890,25.57
19.906,24.78
19.921,23.64
19.937,22.03
19.953,19.95
19.968,17.45
19.984,14.68
20.000,11.79
20.015,8.95
20.031,6.37
20.046,4.19
20.062,2.47
20.078,1.11
20.093,-0.09
20.109,-1.33
20.125,-2.79
20.140,-4.54
20.156,-6.56
20.171,-8.79
20.187,-11.18
20.203,-13.7
20.218,-16.38
20.234,-19.25
20.250,-22.31
20.265,-25.53
20.281,-28.9
20.296,-32.43
20.312,-36.1
20.328,-39.83
20.343,-43.47
20.359,-46.64
20.375,-48.75
20.390,-49.19
20.406,-47.38
20.421,-43.1
20.437,-36.54
20.453,-28.37
20.468,-19.56
20.484,-11.09
20.500,-3.67
20.515,2.37
20.531,7.17
20.546,11.12
20.562,14.66
20.578,18.08
20.593,21.4
20.609,24.45
20.625,26.98
20.640,28.86
20.656,30.07
20.671,30.72
20.687,30.95
20.703,30.79
20.718,30.21
20.734,29.22
20.750,27.93
20.765,26.62
20.781,25.63
20.796,25.14
20.812,25.1
20.828,25.17
20.843,24.99
20.859,24.31
20.875,23.19
20.890,21.87
20.906,20.61
20.921,19.47
20.937,18.32
20.953,16.89
20.968,14.97
20.984,12.57
21.000,9.92
21.015,7.33
21.031,5.02
21.046,3.01
21.062,1.15
21.078,-0.74
21.093,-2.82
21.109,-5.09
21.125,-7.47
21.140,-9.88
21.156,-12.23
21.171,-14.49
21.187,-16.71
21.203,-18.97
21.218,-21.36
21.234,-24.03
21.250,-27.06
21.265,-30.46
21.281,-34.03
21.296,-37.42
21.312,-40.09
21.328,-41.48
21.343,-41.14
21.359,-38.89
21.375,-34.88
21.390,-29.56
21.406,-23.54
21.421,-17.5
21.437,-12.03
21.453,-7.5
21.468,-4.12
21.484,-1.81
21.500,-0.36
21.515,0.56
21.531,1.23
21.546,1.9
21.562,2.68
21.578,3.53
21.593,4.36
21.609,5.09
21.625,5.77
21.640,6.56
21.656,7.66
21.671,9.2
21.687,11.17
21.703,13.35
21.718,15.5
21.734,17.39
21.750,18.93
21.765,20.18
21.781,21.21
21.796,22.05
21.812,22.61
21.828,22.74
21.843,22.33
21.859,21.35
21.875,19.91
21.890,18.19
21.906,16.34
21.921,14.5
21.937,12.8
21.953,11.41
21.968,10.46
21.984,9.94
22.000,9.71
22.015,9.45
22.031,8.86
22.046,7.67
22.062,5.93
22.078,3.78
22.093,1.42
22.109,-1.09
22.125,-3.87
22.140,-7.16
22.156,-11.21
22.171,-16.14
22.187,-21.92
22.203,-28.28
22.218,-34.87
22.234,-41.23
22.250,-46.8
22.265,-50.98
22.281,-53.21
22.296,-53.12
22.312,-50.6
22.328,-45.82
22.343,-39.18
22.359,-31.24
22.375,-22.66
22.390,-14.07
22.406,-6.01
22.421,1.11
22.437,7.09
22.453,11.91
22.468,15.67
22.484,18.49
22.500,20.38
22.515,21.28
22.531,21.18
22.546,20.21
22.562,18.75
22.578,17.33
22.593,16.37
22.609,16.05
22.625,16.25
22.640,16.63
22.656,16.86
22.671,16.79
22.687,16.5
22.703,16.16
22.718,15.96
22.734,15.89
22.750,15.74
22.765,15.23
22.781,14.18
22.796,12.53
22.812,10.39
22.828,8.0
22.843,5.61
22.859,3.42
22.875,1.59
22.890,0.17
22.906,-0.84
22.921,-1.55
22.937,-2.18
22.953,-3.02
22.968,-4.29
22.984,-6.03
23.000,-8.13
23.015,-10.3
23.031,-12.31
23.046,-14.02
23.062,-15.6
23.078,-17.29
23.093,-19.42
23.109,-22.14
23.125,-25.45
23.140,-29.18
23.156,-32.99
23.171,-36.42
23.187,-38.94
23.203,-39.99
23.218,-39.12
23.234,-36.19
23.250,-31.42
23.265,-25.41
23.281,-18.88
23.296,-12.55
23.312,-6.91
23.328,-2.19
23.343,1.64
23.359,4.67
23.375,7.04
23.390,8.83
23.406,10.13
23.421,11.06
23.437,11.77
23.453,12.41
23.468,13.06
23.484,13.81
23.500,14.66
23.515,15.63
23.531,16.74
23.546,17.95
23.562,19.18
23.578,20.32
23.593,21.21
23.609,21.72
23.625,21.8
23.640,21.43
23.656,20.66
23.671,19.58
23.687,18.21
23.703,16.57
23.718,14.74
23.734,12.84
23.750,11.02
23.765,9.32
23.781,7.72
23.796,6.09
23.812,4.34
23.828,2.38
23.843,0.18
23.859,-2.25
23.875,-4.97
23.890,-7.96
23.906,-11.24
23.921,-14.7
23.937,-18.16
23.953,-21.44
23.968,-24.34
23.984,-26.86
24.000,-29.12
24.015,-31.44
24.031,-34.13
24.046,-37.43
24.062,-41.3
24.078,-45.41
24.093,-49.1
24.109,-51.53
24.125,-51.97
24.140,-49.95
24.156,-45.53
24.171,-39.3
24.187,-32.07
24.203,-24.7
24.218,-17.77
24.234,-11.43
24.250,-5.55
24.265,0.12
24.281,5.67
24.296,10.9
24.312,15.41
24.328,18.85
24.343,21.11
24.359,22.44
24.375,23.32
24.390,24.21
24.406,25.35
24.421,26.68
24.437,27.89
24.453,28.59
24.468,28.59
24.484,27.89
24.500,26.7
24.515,25.39
24.531,24.26
24.546,23.49
24.562,23.19
24.578,23.3
24.593,23.68
24.609,24.17
24.625,24.6
24.640,24.99
24.656,25.79
24.671,27.83
24.687,32.24
24.703,40.09
24.718,51.72
24.734,66.51
24.750,82.78
24.765,98.15
24.781,110.26
24.796,117.42
24.812,118.98
24.828,115.23
24.843,107.1
24.859,95.6
24.875,81.53
24.890,65.32
24.906,47.09
24.921,26.94
24.937,5.15
24.953,-17.72
24.968,-40.67
24.984,-62.43
25.000,-81.71
25.015,-97.43
25.031,-109.03
25.046,-116.57
25.062,-120.61
25.078,-121.91
25.093,-121.27
25.109,-119.17
25.125,-115.9
25.140,-111.58
25.156,-106.18
25.171,-99.56
25.187,-91.49
25.203,-81.65
25.218,-69.85
25.234,-56.29
25.250,-41.66
25.265,-27.2
25.281,-14.4
25.296,-4.52
25.312,1.79
25.328,4.61
25.343,4.79
25.359,3.57
25.375,2.21
25.390,1.72
25.406,2.67
25.421,5.12
25.437,8.76
25.453,12.98
25.468,17.03
25.484,20.19
25.500,22.1
25.515,22.78
25.531,22.76
25.546,22.73
25.562,23.21
25.578,24.19
25.593,25.01
25.609,24.55
25.625,21.76
25.640,16.09
25.656,7.89
25.671,-1.75
25.687,-11.25
25.703,-19.05
25.718,-24.01
25.734,-25.71
25.750,-24.6
25.765,-21.87
25.781,-19.36
25.796,-18.92
25.812,-21.88
25.828,-28.5
25.843,-37.71
25.859,-47.47
25.875,-55.56
25.890,-60.45
25.906,-61.84
25.921,-60.67
25.937,-58.58
25.953,-57.23
25.968,-57.56
25.984,-59.63
26.000,-62.56
26.015,-64.77
26.031,-64.24
26.046,-58.97
26.062,-47.61
26.078,-30.02
26.093,-7.64
26.109,16.74
26.125,39.66
26.140,57.93
26.156,69.52
26.171,73.92
26.187,71.99
26.203,65.51
26.218,56.86
26.234,48.61
26.250,43.22
26.265,42.43
26.281,46.7
26.296,54.81
26.312,64.01
26.328,70.85
26.343,72.19
26.359,66.28
26.375,53.25
26.390,35.01
26.406,14.56
26.421,-4.66
26.437,-19.52
26.453,-27.67
26.468,-28.02
26.484,-21.13
26.500,-9.28
26.515,3.96
26.531,14.69
26.546,19.97
26.562,18.77
26.578,12.21
26.593,2.94
26.609,-6.21
26.625,-13.43
26.640,-18.59
26.656,-23.21
26.671,-29.55
26.687,-39.4
26.703,-53.27
26.718,-70.03
26.734,-87.1
26.750,-101.18
26.765,-109.11
26.781,-108.63
26.796,-99.08
26.812,-81.59
26.828,-58.89
26.843,-34.66
26.859,-12.82
26.875,3.51
26.890,12.68
26.906,14.93
26.921,12.29
26.937,7.82
26.953,4.74
26.968,5.53
26.984,11.42
27.000,22.14
27.015,36.33
27.031,51.97
27.046,67.01
27.062,79.75
27.078,89.08
27.093,94.56
27.109,96.3
27.125,94.93
27.140,91.4
27.156,86.81
27.171,82.13
27.187,78.01
27.203,74.71
27.218,72.02
27.234,69.36
27.250,65.89
27.265,60.86
27.281,53.87
27.296,45.21
27.312,35.87
27.328,27.15
27.343,20.09
27.359,14.87
27.375,10.73
27.390,6.11
27.406,-0.49
27.421,-9.76
27.437,-21.13
27.453,-32.84
27.468,-42.58
27.484,-48.22
27.500,-48.45
27.515,-43.24
27.531,-33.93
27.546,-22.93
27.562,-13.21
27.578,-7.5
27.593,-7.36
27.609,-12.84
27.625,-22.29
27.640,-33.08
27.656,-42.6
27.671,-49.32
27.687,-53.27
27.703,-55.8
27.718,-58.88
27.734,-63.86
27.750,-70.87
27.765,-78.57
27.781,-84.36
27.796,-85.19
27.812,-78.36
27.828,-62.29
27.843,-37.19
27.859,-5.47
27.875,28.59
27.890,59.68
27.906,82.65
27.921,94.01
27.937,92.75
27.953,80.49
27.968,60.87
27.984,38.32
28.000,17.16
28.015,0.83
28.031,-8.33
28.046,-9.39
28.062,-2.82
28.078,9.31
28.093,24.0
28.109,38.01
28.125,48.81
28.140,55.28
28.156,57.62
28.171,56.92
28.187,54.4
28.203,50.91
28.218,46.71
28.234,41.6
28.250,35.19
28.265,27.01
28.281,16.89
28.296,5.18
28.312,-6.96
28.328,-17.52
28.343,-24.02
28.359,-24.49
28.375,-18.44
28.390,-7.29
28.406,5.72
28.421,16.81
28.437,22.84
28.453,22.41
28.468,16.13
28.484,6.04
28.500,-5.28
28.515,-15.75
28.531,-24.23
28.546,-30.62
28.562,-35.38
28.578,-39.28
28.593,-42.98
28.609,-47.03
28.625,-51.8
28.640,-57.31
28.656,-63.14
28.671,-68.37
28.687,-71.65
28.703,-71.66
28.718,-67.54
28.734,-59.32
28.750,-48.05
28.765,-35.49
28.781,-23.57
28.796,-13.86
28.812,-7.19
28.828,-3.57
28.843,-2.31
28.859,-2.27
28.875,-2.25
28.890,-1.38
28.906,0.5
28.921,2.85
28.937,4.47
28.953,4.19
28.968,1.48
28.984,-3.01
29.000,-7.41
29.015,-9.18
29.031,-5.9
29.046,3.74
29.062,19.47
29.078,39.36
29.093,60.27
29.109,78.63
29.125,91.3
29.140,96.29
29.156,93.29
29.171,83.8
29.187,70.76
29.203,57.76
29.218,47.95
29.234,43.12
29.250,43.19
29.265,46.15
29.281,48.86
29.296,48.03
29.312,41.52
29.328,29.07
29.343,12.33
29.359,-5.71
29.375,-21.68
29.390,-32.81
29.406,-37.66
29.421,-36.48
29.437,-30.95
29.453,-23.64
29.468,-17.24
29.484,-13.79
29.500,-14.19
29.515,-17.99
29.531,-23.67
29.546,-29.26
29.562,-33.2
29.578,-34.92
29.593,-34.8
29.609,-33.75
29.625,-32.47
29.640,-30.96
29.656,-28.49
29.671,-23.92
29.687,-16.21
29.703,-4.88
29.718,9.56
29.734,25.61
29.750,41.02
29.765,53.35
29.781,60.84
29.796,62.96
29.812,60.42
29.828,54.96
29.843,48.43
29.859,42.08
29.875,36.21
29.890,30.41
29.906,24.18
29.921,17.61
29.937,11.31
29.953,6.01
29.968,1.99
29.984,-1.26
30.000,-4.78
30.015,-9.2
30.031,-14.24
30.046,-18.46
30.062,-19.87
30.078,-16.89
30.093,-9.14
30.109,2.24
30.125,14.91
30.140,25.97
30.156,32.8
30.171,33.71
30.187,28.26
30.203,17.33
30.218,2.79
30.234,-12.85
30.250,-27.01
30.265,-37.51
30.281,-43.08
30.296,-43.62
30.312,-40.22
30.328,-34.79
30.343,-29.42
30.359,-25.87
30.375,-25.03
30.390,-26.78
30.406,-30.16
30.421,-33.83
30.437,-36.52
30.453,-37.52
30.468,-36.78
30.484,-34.64
30.500,-31.67
30.515,-28.37
30.531,-25.05
30.546,-21.74
30.562,-18.29
30.578,-14.45
30.593,-10.22
30.609,-5.92
30.625,-2.17
30.640,0.4
30.656,1.45
30.671,1.09
30.687,-0.03
30.703,-1.1
30.718,-1.41
30.734,-0.78
30.750,0.44
30.765,1.51
30.781,1.75
30.796,0.91
30.812,-0.79
30.828,-2.64
30.843,-3.88
30.859,-3.89
30.875,-2.4
30.890,0.45
30.906,4.19
30.921,8.07
30.937,11.26
30.953,12.99
30.968,12.77
30.984,10.53
31.000,6.79
31.015,2.48
31.031,-1.36
31.046,-3.95
31.062,-5.19
31.078,-5.59
31.093,-6.0
31.109,-7.26
31.125,-9.78
31.140,-13.43
31.156,-17.72
31.171,-22.06
31.187,-26.01
31.203,-29.38
31.218,-32.14
31.234,-34.23
31.250,-35.41
31.265,-35.41
31.281,-34.07
31.296,-31.47
31.312,-28.03
31.328,-24.22
31.343,-20.34
31.359,-16.31
31.375,-11.65
31.390,-5.86
31.406,1.27
31.421,9.34
31.437,17.41
31.453,24.39
31.468,29.34
31.484,31.91
31.500,32.29
31.515,31.14
31.531,29.22
31.546,27.15
31.562,25.2
31.578,23.44
31.593,21.8
31.609,20.23
31.625,18.78
31.640,17.53
31.656,16.6
31.671,16.02
31.687,15.7
31.703,15.5
31.718,15.34
31.734,15.13
31.750,14.88
31.765,14.5
31.781,13.86
31.796,12.85
31.812,11.39
31.828,9.64
31.843,7.75
31.859,5.95
31.875,4.3
31.890,2.78
31.906,1.31
31.921,-0.23
31.937,-1.84
31.953,-3.54
31.968,-5.26
31.984,-7.02
32.000,-8.85
32.015,-10.82
32.031,-12.92
32.046,-15.13
32.062,-17.36
32.078,-19.61
32.093,-21.89
32.109,-24.21
32.125,-26.55
32.140,-28.81
32.156,-30.96
32.171,-33.02
32.187,-35.15
32.203,-37.6
32.218,-40.5
32.234,-43.68
32.250,-46.58
32.265,-48.37
32.281,-48.31
32.296,-45.94
32.312,-41.41
32.328,-35.24
32.343,-28.19
32.359,-20.92
32.375,-13.95
32.390,-7.58
32.406,-1.96
32.421,2.87
32.437,6.95
32.453,10.43
32.468,13.48
32.484,16.15
32.500,18.45
32.515,20.19
32.531,21.24
32.546,21.63
32.562,21.62
32.578,21.58
32.593,21.76
32.609,22.2
32.625,22.69
32.640,23.0
32.656,23.01
32.671,22.76
32.687,22.4
32.703,22.04
32.718,21.65
32.734,21.02
32.750,19.97
32.765,18.4
32.781,16.38
32.796,14.14
32.812,11.86
32.828,9.62
32.843,7.36
32.859,4.95
32.875,2.36
32.890,-0.34
32.906,-2.92
32.921,-5.14
32.937,-6.84
32.953,-7.99
32.968,-8.74
32.984,-9.4
33.000,-10.3
33.015,-11.74
33.031,-13.89
33.046,-16.76
33.062,-20.13
33.078,-23.62
33.093,-26.7
33.109,-28.8
33.125,-29.39
33.140,-28.1
33.156,-24.84
33.171,-19.82
33.187,-13.58
33.203,-6.86
33.218,-0.39
33.234,5.27
33.250,9.95
33.265,13.83
33.281,17.19
33.296,20.31
33.312,23.16
33.328,25.56
33.343,27.26
33.359,28.19
33.375,28.53
33.390,28.6
33.406,28.69
33.421,28.89
33.437,29.09
33.453,29.09
33.468,28.77
33.484,28.19
33.500,27.49
33.515,26.83
33.531,26.15
33.546,25.28
33.562,24.01
33.578,22.17
33.593,19.82
33.609,17.16
33.625,14.44
33.640,11.91
33.656,9.72
33.671,7.91
33.687,6.39
33.703,4.97
33.718,3.39
33.734,1.41
33.750,-1.12
33.765,-4.19
33.781,-7.65
33.796,-11.23
33.812,-14.63
33.828,-17.59
33.843,-19.95
33.859,-21.73
33.875,-23.14
33.890,-24.52
33.906,-26.24
33.921,-28.5
33.937,-31.25
33.953,-34.14
33.968,-36.59
33.984,-38.04
34.000,-38.04
34.015,-36.38
34.031,-33.1
34.046,-28.39
34.062,-22.47
34.078,-15.65
34.093,-8.25
34.109,-0.72
34.125,6.52
34.140,13.0
34.156,18.44
34.171,22.72
34.187,25.94
34.203,28.33
34.218,30.12
34.234,31.46
34.250,32.37
34.265,32.82
34.281,32.83
34.296,32.52
34.312,32.08
34.328,31.73
34.343,31.54
34.359,31.45
34.375,31.3
34.390,30.84
34.406,29.96
34.421,28.66
34.437,27.04
34.453,25.26
34.468,23.44
34.484,21.58
34.500,19.63
34.515,17.56
34.531,15.37
34.546,13.23
34.562,11.28
34.578,9.69
34.593,8.42
34.609,7.29
34.625,6.0
34.640,4.34
34.656,2.16
34.671,-0.51
34.687,-3.49
34.703,-6.61
34.718,-9.65
34.734,-12.5
34.750,-15.08
34.765,-17.42
34.781,-19.67
34.796,-22.07
34.812,-24.92
34.828,-28.3
34.843,-32.06
34.859,-35.62
34.875,-38.21
34.890,-39.09
34.906,-37.81
34.921,-34.34
34.937,-29.02
34.953,-22.46
34.968,-15.21
34.984,-7.84
35.000,-0.73
35.015,5.76
35.031,11.36
35.046,15.96
35.062,19.63
35.078,22.56
35.093,24.94
35.109,26.9
35.125,28.31
35.140,29.02
35.156,28.98
35.171,28.27
35.187,27.23
35.203,26.18
35.218,25.39
35.234,24.92
35.250,24.74
35.265,24.71
35.281,24.71
35.296,24.72
35.312,24.7
35.328,24.66
35.343,24.52
35.359,24.16
35.375,23.49
35.390,22.4
35.406,20.86
35.421,18.9
35.437,16.68
35.453,14.41
35.468,12.39
35.484,10.81
35.500,9.8
35.515,9.39
35.531,9.5
35.546,9.97
35.562,10.58
35.578,11.05
35.593,11.02
35.609,10.23
35.625,8.56
35.640,6.16
35.656,3.46
35.671,0.91
35.687,-1.18
35.703,-2.85
35.718,-4.46
35.734,-6.56
35.750,-9.37
35.765,-12.71
35.781,-15.93
35.796,-18.15
35.812,-18.72
35.828,-17.36
35.843,-14.38
35.859,-10.44
35.875,-6.37
35.890,-2.76
35.906,0.13
35.921,2.36
35.937,4.11
35.953,5.51
35.968,6.57
35.984,7.16
36.000,7.11
36.015,6.4
36.031,5.13
36.046,3.61
36.062,2.15
36.078,1.03
36.093,0.32
36.109,-0.07
36.125,-0.34
36.140,-0.69
36.156,-1.16
36.171,-1.65
36.187,-1.88
36.203,-1.67
36.218,-0.92
36.234,0.17
36.250,1.27
36.265,1.95
36.281,1.87
36.296,0.89
36.312,-0.93
36.328,-3.3
36.343,-5.94
36.359,-8.5
36.375,-10.83
36.390,-12.93
36.406,-14.87
36.421,-16.76
36.437,-18.66
36.453,-20.53
36.468,-22.16
36.484,-23.37
36.500,-23.92
36.515,-23.65
36.531,-22.57
36.546,-20.85
36.562,-18.76
36.578,-16.76
36.593,-15.42
36.609,-15.23
36.625,-16.62
36.640,-19.54
36.656,-23.48
36.671,-27.48
36.687,-30.37
36.703,-31.14
36.718,-29.37
36.734,-25.33
36.750,-19.79
36.765,-13.79
36.781,-8.08
36.796,-2.97
36.812,1.61
36.828,5.95
36.843,10.16
36.859,14.05
36.875,17.26
36.890,19.51
36.906,20.72
36.921,21.3
36.937,21.84
36.953,22.89
36.968,24.83
36.984,27.62
37.000,30.85
37.015,33.92
37.031,36.24
37.046,37.43
37.062,37.6
37.078,37.25
37.093,37.2
37.109,38.36
37.125,41.3
37.140,45.93
37.156,51.24
37.171,55.51
37.187,56.67
37.203,53.21
37.218,44.67
37.234,32.03
37.250,17.52
37.265,3.93
37.281,-6.13
37.296,-11.04
37.312,-10.6
37.328,-6.06
37.343,0.39
37.359,6.29
37.375,9.63
37.390,9.5
37.406,6.13
37.421,0.82
37.437,-4.69
37.453,-8.81
37.468,-10.74
37.484,-10.48
37.500,-8.78
37.515,-6.59
37.531,-4.66
37.546,-3.29
37.562,-2.27
37.578,-1.28
37.593,-0.03
37.609,1.38
37.625,2.6
37.640,3.08
37.656,2.29
37.671,-0.21
37.687,-4.85
37.703,-11.96
37.718,-21.73
37.734,-33.84
37.750,-47.31
37.765,-60.39
37.781,-70.9
37.796,-76.82
37.812,-76.93
37.828,-71.22
37.843,-60.87
37.859,-47.76
37.875,-33.79
37.890,-20.42
37.906,-8.47
37.921,1.79
37.937,10.47
37.953,17.81
37.968,24.04
37.984,29.43
38.000,34.19
38.015,38.51
38.031,42.4
38.046,45.59
38.062,47.57
38.078,47.65
38.093,45.17
38.109,39.67
38.125,31.06
38.140,19.69
38.156,6.39
38.171,-7.63
38.187,-20.83
38.203,-31.6
38.218,-38.51
38.234,-40.77
38.250,-38.48
38.265,-32.67
38.281,-25.23
38.296,-18.29
38.312,-13.67
38.328,-12.42
38.343,-14.69
38.359,-19.81
38.375,-26.61
38.390,-33.65
38.406,-39.3
38.421,-42.06
38.437,-40.67
38.453,-34.69
38.468,-24.9
38.484,-13.47
38.500,-3.44
38.515,2.35
38.531,2.46
38.546,-2.33
38.562,-9.22
38.578,-14.23
38.593,-13.8
38.609,-6.13
38.625,8.09
38.640,26.01
38.656,43.67
38.671,57.41
38.687,64.93
38.703,65.8
38.718,61.26
38.734,53.42
38.750,44.38
38.765,35.47
38.781,26.93
38.796,18.09
38.812,7.85
38.828,-4.78
38.843,-20.21
38.859,-38.1
38.875,-57.38
38.890,-76.38
38.906,-93.04
38.921,-105.13
38.937,-110.62
38.953,-108.19
38.968,-97.69
38.984,-80.63
39.000,-60.0
39.015,-39.65
39.031,-23.26
39.046,-13.37
39.062,-10.72
39.078,-14.3
39.093,-21.92
39.109,-31.02
39.125,-39.6
39.140,-46.55
39.156,-51.68
39.171,-55.19
39.187,-57.3
39.203,-57.9
39.218,-56.65
39.234,-53.22
39.250,-47.62
39.265,-40.4
39.281,-32.45
39.296,-24.68
39.312,-17.6
39.328,-11.19
39.343,-5.05
39.359,1.25
39.375,7.83
39.390,14.41
39.406,20.43
39.421,25.37
39.437,28.96
39.453,31.29
39.468,32.8
39.484,34.03
39.500,35.45
39.515,37.15
39.531,38.89
39.546,40.09
39.562,40.19
39.578,38.83
39.593,36.1
39.609,32.51
39.625,28.82
39.640,25.7
39.656,23.4
39.671,21.8
39.687,20.5
39.703,19.14
39.718,17.56
39.734,15.79
39.750,13.9
39.765,11.86
39.781,9.53
39.796,6.67
39.812,3.17
39.828,-0.87
39.843,-5.16
39.859,-9.35
39.875,-13.05
39.890,-16.04
39.906,-18.26
39.921,-19.72
39.937,-20.65
39.953,-21.41
39.968,-22.47
39.984,-24.33
40.000,-27.26
40.015,-31.14
40.031,-35.44
40.046,-39.4
40.062,-42.19
40.078,-43.17
40.093,-41.94
40.109,-38.46
40.125,-33.02
40.140,-26.12
40.156,-18.47
40.171,-10.85
40.187,-3.92
40.203,1.94
40.218,6.73
40.234,10.79
40.250,14.59
40.265,18.38
40.281,22.14
40.296,25.52
40.312,28.02
40.328,29.4
40.343,29.74
40.359,29.35
40.375,28.67
40.390,27.95
40.406,27.24
40.421,26.39
40.437,25.26
40.453,23.82
40.468,22.26
40.484,20.92
40.500,20.05
40.515,19.68
40.531,19.58
40.546,19.44
40.562,18.97
40.578,18.13
40.593,17.08
40.609,16.02
40.625,15.07
40.640,14.05
40.656,12.64
40.671,10.54
40.687,7.79
40.703,4.79
40.718,2.27
40.734,0.88
40.750,0.96
40.765,2.3
40.781,4.14
40.796,5.55
40.812,5.72
40.828,4.32
40.843,1.6
40.859,-1.8
40.875,-5.14
40.890,-7.87
40.906,-9.69
40.921,-10.62
40.937,-10.78
40.953,-10.22
40.968,-8.9
40.984,-6.7
41.000,-3.54
41.015,0.45
41.031,4.87
41.046,9.12
41.062,12.47
41.078,14.28
41.093,14.18
41.109,12.31
41.125,9.32
41.140,6.25
41.156,4.17
41.171,3.74
41.187,5.0
41.203,7.33
41.218,9.73
41.234,11.21
41.250,11.21
41.265,9.86
41.281,7.91
41.296,6.52
41.312,6.93
41.328,10.08
41.343,16.21
41.359,24.62
41.375,33.56
41.390,40.56
41.406,43.24
41.421,40.28
41.437,31.97
41.453,20.39
41.468,8.67
41.484,-0.05
41.500,-3.71
41.515,-1.91
41.531,4.09
41.546,12.06
41.562,19.59
41.578,24.82
41.593,26.76
41.609,25.38
41.625,21.37
41.640,15.93
41.656,10.42
41.671,6.11
41.687,3.94
41.703,4.3
41.718,6.81
41.734,10.07
41.750,11.89
41.765,9.77
41.781,1.8
41.796,-12.37
41.812,-31.01
41.828,-50.51
41.843,-66.64
41.859,-75.98
41.875,-77.32
41.890,-72.08
41.906,-63.59
41.921,-55.6
41.937,-50.76
41.953,-49.74
41.968,-51.18
41.984,-52.57
42.000,-51.15
42.015,-44.77
42.031,-32.3
42.046,-13.7
42.062,10.11
42.078,37.17
42.093,64.63
42.109,88.95
42.125,106.56
42.140,114.87
42.156,113.05
42.171,102.42
42.187,86.1
42.203,67.96
42.218,51.46
42.234,38.61
42.250,29.81
42.265,24.18
42.281,20.39
42.296,17.3
42.312,14.12
42.328,10.57
42.343,6.53
42.359,1.95
42.375,-3.01
42.390,-7.85
42.406,-11.93
42.421,-14.68
42.437,-15.97
42.453,-16.42
42.468,-17.09
42.484,-19.19
42.500,-23.53
42.515,-30.15
42.531,-38.32
42.546,-46.71
42.562,-53.7
42.578,-57.77
42.593,-57.92
42.609,-53.96
42.625,-46.82
42.640,-38.52
42.656,-31.8
42.671,-29.27
42.687,-32.4
42.703,-40.87
42.718,-52.37
42.734,-63.44
42.750,-70.65
42.765,-71.79
42.781,-66.57
42.796,-56.46
42.812,-43.95
42.828,-31.47
42.843,-20.58
42.859,-11.7
42.875,-4.49
42.890,1.72
42.906,7.39
42.921,12.56
42.937,17.01
42.953,20.46
42.968,22.87
42.984,24.5
43.000,25.74
43.015,26.86
43.031,27.87
43.046,28.59
43.062,28.79
43.078,28.55
43.093,28.26
43.109,28.52
43.125,29.82
43.140,32.29
43.156,35.59
43.171,39.12
43.187,42.25
43.203,44.57
43.218,46.01
43.234,46.8
43.250,47.27
43.265,47.6
43.281,47.82
43.296,47.7
43.312,46.97
43.328,45.49
43.343,43.23
43.359,40.45
43.375,37.53
43.390,34.92
43.406,32.87
43.421,31.2
43.437,29.27
43.453,26.0
43.468,20.32
43.484,11.63
43.500,0.36
43.515,-12.08
43.531,-23.55
43.546,-32.01
43.562,-36.35
43.578,-36.76
43.593,-34.7
43.609,-32.24
43.625,-31.25
43.640,-32.64
43.656,-36.21
43.671,-40.84
43.687,-45.0
43.703,-47.19
43.718,-46.45
43.734,-42.51
43.750,-35.79
43.765,-27.29
43.781,-18.24
43.796,-9.88
43.812,-3.12
43.828,1.56
43.843,4.29
43.859,5.86
43.875,7.45
43.890,10.47
43.906,16.05
43.921,24.51
43.937,35.02
43.953,45.67
43.968,53.94
43.984,57.54
44.000,55.47
44.015,48.42
44.031,38.63
44.046,28.98
44.062,21.8
44.078,17.97
44.093,16.77
44.109,16.4
44.125,14.86
44.140,10.9
44.156,4.38
44.171,-3.83
44.187,-12.45
44.203,-20.21
44.218,-26.11
44.234,-29.4
44.250,-29.59
44.265,-26.47
44.281,-20.41
44.296,-12.55
44.312,-4.7
44.328,1.05
44.343,2.95
44.359,0.31
44.375,-6.36
44.390,-15.43
44.406,-24.77
44.421,-32.4
44.437,-37.03
44.453,-38.31
44.468,-36.73
44.484,-33.39
44.500,-29.54
44.515,-26.29
44.531,-24.34
44.546,-23.84
44.562,-24.45
44.578,-25.5
44.593,-26.22
44.609,-25.92
44.625,-24.27
44.640,-21.27
44.656,-17.32
44.671,-12.97
44.687,-8.77
44.703,-5.04
44.718,-1.84
44.734,0.95
44.750,3.49
44.765,5.89
44.781,8.23
44.796,10.59
44.812,13.1
44.828,15.98
44.843,19.36
44.859,23.25
44.875,27.27
44.890,30.87
44.906,33.5
44.921,34.97
44.937,35.51
44.953,35.7
44.968,36.22
44.984,37.51
45.000,39.63
45.015,42.18
45.031,44.61
45.046,46.42
45.062,47.38
45.078,47.54
45.093,47.2
45.109,46.73
45.125,46.42
45.140,46.44
45.156,46.78
45.171,47.13
45.187,46.93
45.203,45.48
45.218,42.1
45.234,36.39
45.250,28.34
45.265,18.39
45.281,7.39
45.296,-3.78
45.312,-14.49
45.328,-24.61
45.343,-34.6
45.359,-45.28
45.375,-57.46
45.390,-71.45
45.406,-86.74
45.421,-101.75
45.437,-114.22
45.453,-121.8
45.468,-122.75
45.484,-116.52
45.500,-103.92
45.515,-86.85
45.531,-67.72
45.546,-48.82
45.562,-31.86
45.578,-17.82
45.593,-7.05
45.609,0.5
45.625,5.24
45.640,7.69
45.656,8.62
45.671,8.95
45.687,9.45
45.703,10.68
45.718,12.76
45.734,15.45
45.750,18.33
45.765,21.0
45.781,23.26
45.796,25.19
45.812,27.02
45.828,28.97
45.843,31.07
45.859,33.17
45.875,34.94
45.890,36.16
45.906,36.77
45.921,36.86
45.937,36.63
45.953,36.24
45.968,35.72
45.984,35.06
46.000,34.27
46.015,33.4
46.031,32.6
46.046,31.99
46.062,31.54
46.078,31.11
46.093,30.5
46.109,29.44
46.125,27.77
46.140,25.37
46.156,22.11
46.171,17.82
46.187,12.37
46.203,5.87
46.218,-1.25
46.234,-8.26
46.250,-14.37
46.265,-19.02
46.281,-22.15
46.296,-24.14
46.312,-25.76
46.328,-27.79
46.343,-30.75
46.359,-34.76
46.375,-39.52
46.390,-44.49
46.406,-48.93
46.421,-52.28
46.437,-54.16
46.453,-54.51
46.468,-53.51
46.484,-51.54
46.500,-48.97
46.515,-46.1
46.531,-43.04
46.546,-39.75
46.562,-36.16
46.578,-32.21
46.593,-27.94
46.609,-23.47
46.625,-19.05
46.640,-14.98
46.656,-11.56
46.671,-8.96
46.687,-7.16
46.703,-5.91
46.718,-5.0
46.734,-4.24
46.750,-3.62
46.765,-3.22
46.781,-3.06
46.796,-2.89
46.812,-2.33
46.828,-0.92
46.843,1.58
46.859,5.11
46.875,9.34
46.890,13.8
46.906,18.14
46.921,22.13
46.937,25.65
46.953,28.51
46.968,30.43
46.984,31.13
47.000,30.45
47.015,28.42
47.031,25.3
47.046,21.44
47.062,17.12
47.078,12.58
47.093,7.9
47.109,3.21
47.125,-1.3
47.140,-5.42
47.156,-9.02
47.171,-12.11
47.187,-14.86
47.203,-17.43
47.218,-19.95
47.234,-22.52
47.250,-25.13
47.265,-27.78
47.281,-30.43
47.296,-32.9
47.312,-34.87
47.328,-35.9
47.343,-35.55
47.359,-33.55
47.375,-30.0
47.390,-25.21
47.406,-19.73
47.421,-14.11
47.437,-8.75
47.453,-3.93
47.468,0.25
47.484,3.79
47.500,6.69
47.515,9.0
47.531,10.78
47.546,12.07
47.562,12.9
47.578,13.35
47.593,13.53
47.609,13.64
47.625,13.84
47.640,14.23
47.656,14.81
47.671,15.42
47.687,15.91
47.703,16.16
47.718,16.14
47.734,15.94
47.750,15.64
47.765,15.26
47.781,14.73
47.796,13.84
47.812,12.45
47.828,10.52
47.843,8.19
47.859,5.78
47.875,3.64
47.890,2.01
47.906,0.93
47.921,0.21
47.937,-0.46
47.953,-1.44
47.968,-2.95
47.984,-4.94
48.000,-7.28
48.015,-9.66
48.031,-11.82
48.046,-13.54
48.062,-14.78
48.078,-15.56
48.093,-16.11
48.109,-16.68
48.125,-17.49
48.140,-18.64
48.156,-19.85
48.171,-20.6
48.187,-20.09
48.203,-17.7
48.218,-13.14
48.234,-6.78
48.250,0.52
48.265,7.56
48.281,13.14
48.296,16.51
48.312,17.47
48.328,16.51
48.343,14.63
48.359,13.06
48.375,12.93
48.390,14.8
48.406,18.55
48.421,23.33
48.437,28.03
48.453,31.67
48.468,33.8
48.484,34.69
48.500,34.94
48.515,35.24
48.531,35.99
48.546,37.17
48.562,38.5
48.578,39.67
48.593,40.45
48.609,40.75
48.625,40.58
48.640,39.89
48.656,38.62
48.671,36.68
48.687,34.07
48.703,30.96
48.718,27.69
48.734,24.79
48.750,22.7
48.765,21.72
48.781,21.72
48.796,22.08
48.812,21.72
48.828,19.46
48.843,14.34
48.859,6.16
48.875,-4.39
48.890,-15.95
48.906,-26.98
48.921,-36.44
48.937,-44.2
48.953,-51.05
48.968,-58.07
48.984,-66.1
49.000,-75.03
49.015,-83.69
49.031,-90.17
49.046,-92.46
49.062,-89.2
49.078,-80.19
49.093,-66.59
49.109,-50.55
49.125,-34.63
49.140,-21.07
49.156,-11.16
49.171,-5.19
49.187,-2.71
49.203,-3.08
49.218,-5.86
49.234,-10.94
49.250,-18.21
49.265,-27.21
49.281,-36.83
49.296,-45.34
49.312,-50.84
49.328,-51.7
49.343,-46.99
49.359,-36.77
49.375,-22.12
49.390,-4.95
49.406,12.23
49.421,26.91
49.437,37.07
49.453,41.62
49.468,40.63
49.484,35.22
49.500,27.25
49.515,18.78
49.531,11.66
49.546,7.09
49.562,5.44
49.578,6.27
49.593,8.54
49.609,11.03
49.625,12.81
49.640,13.36
49.656,12.68
49.671,11.09
49.687,9.0
49.703,6.77
49.718,4.77
49.734,3.24
49.750,2.39
49.765,2.21
49.781,2.45
49.796,2.66
49.812,2.35
49.828,1.18
49.843,-0.85
49.859,-3.43
49.875,-6.17
49.890,-8.77
49.906,-11.17
49.921,-13.58
49.937,-16.08
49.953,-18.58
49.968,-20.71
49.984,-21.98
50.000,-21.92
50.015,-20.42
50.031,-17.62
50.046,-13.82
50.062,-9.35
50.078,-4.43
50.093,0.84
50.109,6.25
50.125,11.43
50.140,15.98
50.156,19.64
50.171,22.62
50.187,25.6
50.203,29.41
50.218,34.73
50.234,41.67
50.250,49.78
50.265,58.08
50.281,65.37
50.296,70.43
50.312,72.31
50.328,70.48
50.343,65.08
50.359,57.1
50.375,48.24
50.390,40.62
50.406,36.0
50.421,35.22
50.437,37.83
50.453,42.26
50.468,46.44
50.484,48.5
50.500,47.31
50.515,42.7
50.531,35.27
50.546,26.14
50.562,16.62
50.578,7.77
50.593,0.17
50.609,-6.13
50.625,-11.38
50.640,-15.87
50.656,-19.66
50.671,-22.62
50.687,-24.61
50.703,-25.77
50.718,-26.78
50.734,-28.67
50.750,-32.36
50.765,-38.16
50.781,-45.4
50.796,-52.74
50.812,-58.76
50.828,-62.68
50.843,-64.69
50.859,-65.7
50.875,-66.73
50.890,-68.14
50.906,-69.35
50.921,-68.88
50.937,-65.09
50.953,-57.0
50.968,-44.98
50.984,-30.76
51.000,-16.87
51.015,-5.7
51.031,1.44
51.046,4.73
51.062,5.74
51.078,6.83
51.093,10.11
51.109,16.77
51.125,26.66
51.140,38.35
51.156,49.6
51.171,58.1
51.187,62.15
51.203,61.28
51.218,56.45
51.234,49.69
51.250,43.47
51.265,39.78
51.281,39.45
51.296,42.06
51.312,46.19
51.328,50.04
51.343,52.11
51.359,51.55
51.375,48.18
51.390,42.39
51.406,35.0
51.421,27.13
51.437,20.18
51.453,15.59
51.468,14.32
51.484,16.44
51.500,20.89
51.515,25.58
51.531,28.12
51.546,26.44
51.562,19.55
51.578,7.79
51.593,-7.31
51.609,-23.59
51.625,-38.99
51.640,-52.17
51.656,-62.77
51.671,-71.24
51.687,-78.4
51.703,-84.97
51.718,-91.16
51.734,-96.55
51.750,-100.21
51.765,-100.98
51.781,-97.92
51.796,-90.48
51.812,-78.82
51.828,-63.77
51.843,-46.74
51.859,-29.39
51.875,-13.26
51.890,0.46
51.906,11.16
51.921,18.63
51.937,23.03
51.953,24.81
51.968,24.63
51.984,23.32
52.000,21.9
52.015,21.19
52.031,21.6
52.046,23.02
52.062,24.92
52.078,26.65
52.093,27.84
52.109,28.53
52.125,29.19
52.140,30.42
52.156,32.65
52.171,35.86
52.187,39.62
52.203,43.24
52.218,45.93
52.234,47.14
52.250,46.73
52.265,45.07
52.281,43.0
52.296,41.45
52.312,41.14
52.328,42.21
52.343,44.01
52.359,45.29
52.375,44.56
52.390,40.69
52.406,33.33
52.421,23.25
52.437,12.1
52.453,2.08
52.468,-4.77
52.484,-7.22
52.500,-5.31
52.515,-0.44
52.531,4.99
52.546,8.38
52.562,7.98
52.578,3.4
52.593,-4.03
52.609,-11.82
52.625,-17.13
52.640,-17.86
52.656,-13.33
52.671,-4.53
52.687,6.3
52.703,16.54
52.718,23.9
52.734,27.05
52.750,25.78
52.765,20.8
52.781,13.36
52.796,4.92
52.812,-3.2
52.828,-9.99
52.843,-14.9
52.859,-17.92
52.875,-19.54
52.890,-20.56
52.906,-21.76
52.921,-23.59
52.937,-25.81
52.953,-27.42
52.968,-26.9
52.984,-22.69
53.000,-13.85
53.015,-0.61
53.031,15.28
53.046,30.75
53.062,42.06
53.078,46.04
53.093,41.13
53.109,28.12
53.125,10.05
53.140,-8.77
53.156,-24.33
53.171,-34.34
53.187,-38.91
53.203,-40.07
53.218,-40.55
53.234,-42.29
53.250,-45.63
53.265,-49.37
53.281,-51.66
53.296,-51.03
53.312,-47.17
53.328,-40.93
53.343,-33.76
53.359,-27.11
53.375,-22.0
53.390,-18.97
53.406,-18.18
53.421,-19.74
53.437,-23.5
53.453,-29.04
53.468,-35.42
53.484,-41.12
53.500,-44.44
53.515,-44.03
53.531,-39.45
53.546,-31.43
53.562,-21.74
53.578,-12.41
53.593,-5.1
53.609,-0.51
53.625,1.74
53.640,2.65
53.656,3.27
53.671,4.3
53.687,5.82
53.703,7.52
53.718,9.11
53.734,10.55
53.750,12.13
53.765,14.25
53.781,17.14
53.796,20.76
53.812,24.81
53.828,28.99
53.843,33.11
53.859,37.16
53.875,41.21
53.890,45.22
53.906,49.0
53.921,52.11
53.937,54.01
53.953,54.2
53.968,52.34
53.984,48.39
54.000,42.52
54.015,35.14
54.031,26.8
54.046,18.1
54.062,9.73
54.078,2.28
54.093,-3.74
54.109,-8.06
54.125,-10.66
54.140,-11.84
54.156,-12.13
54.171,-12.06
54.187,-12.1
54.203,-12.35
54.218,-12.64
54.234,-12.55
54.250,-11.73
54.265,-9.99
54.281,-7.57
54.296,-4.97
54.312,-2.87
54.328,-1.91
54.343,-2.26
54.359,-3.67
54.375,-5.43
54.390,-6.75
54.406,-7.07
54.421,-6.22
54.437,-4.49
54.453,-2.5
54.468,-0.95
54.484,-0.27
54.500,-0.55
54.515,-1.56
54.531,-2.74
54.546,-3.5
54.562,-3.16
54.578,-1.22
54.593,2.53
54.609,7.8
54.625,13.73
54.640,18.93
54.656,21.84
54.671,21.39
54.687,17.29
54.703,10.35
54.718,2.09
54.734,-5.73
54.750,-11.86
54.765,-15.69
54.781,-17.39
54.796,-17.43
54.812,-16.28
54.828,-14.27
54.843,-11.67
54.859,-8.85
54.875,-6.17
54.890,-3.68
54.906,-0.66
54.921,4.32
54.937,13.13
54.953,26.95
54.968,45.34
54.984,65.6
55.000,83.26
55.015,93.52
55.031,92.94
55.046,80.86
55.062,59.4
55.078,32.72
55.093,5.36
55.109,-18.91
55.125,-37.66
55.140,-49.63
55.156,-54.46
55.171,-52.49
55.187,-44.93
55.203,-34.0
55.218,-22.59
55.234,-13.45
55.250,-8.4
55.265,-7.58
55.281,-9.6
55.296,-12.29
55.312,-13.68
55.328,-12.84
55.343,-10.23
55.359,-7.33
55.375,-6.12
55.390,-8.23
55.406,-14.27
55.421,-23.53
55.437,-34.15
55.453,-43.76
55.468,-50.15
55.484,-51.8
55.500,-48.1
55.515,-39.33
55.531,-26.54
55.546,-11.47
55.562,3.54
55.578,15.9
55.593,23.22
55.609,24.11
55.625,18.62
55.640,8.31
55.656,-4.29
55.671,-16.52
55.687,-26.33
55.703,-32.76
55.718,-35.83
55.734,-36.25
55.750,-34.95
55.765,-32.86
55.781,-30.68
55.796,-28.91
55.812,-27.87
55.828,-27.71
55.843,-28.46
55.859,-30.05
55.875,-32.33
55.890,-35.12
55.906,-38.31
55.921,-41.89
55.937,-45.77
55.953,-49.76
55.968,-53.46
55.984,-56.25
56.000,-57.47
56.015,-56.54
56.031,-53.2
56.046,-47.62
56.062,-40.26
56.078,-31.84
56.093,-23.11
56.109,-14.77
56.125,-7.35
56.140,-1.17
56.156,3.62
56.171,7.08
56.187,9.42
56.203,11.01
56.218,12.33
56.234,13.81
56.250,15.85
56.265,18.64
56.281,22.15
56.296,26.12
56.312,30.13
56.328,33.69
56.343,36.39
56.359,38.03
56.375,38.59
56.390,38.27
56.406,37.33
56.421,35.95
56.437,34.2
56.453,32.02
56.468,29.37
56.484,26.29
56.500,23.0
56.515,19.87
56.531,17.25
56.546,15.28
56.562,13.78
56.578,12.39
56.593,10.76
56.609,8.68
56.625,6.28
56.640,3.8
56.656,1.55
56.671,-0.32
56.687,-1.88
56.703,-3.41
56.718,-5.2
56.734,-7.39
56.750,-9.96
56.765,-12.68
56.781,-15.26
56.796,-17.32
56.812,-18.58
56.828,-18.74
56.843,-17.61
56.859,-15.14
56.875,-11.35
56.890,-6.55
56.906,-1.14
56.921,4.33
56.937,9.39
56.953,13.72
56.968,17.26
56.984,20.15
57.000,22.54
57.015,24.55
57.031,26.06
57.046,26.9
57.062,26.86
57.078,25.92
57.093,24.33
57.109,22.5
57.125,20.88
57.140,19.72
57.156,19.0
57.171,18.4
57.187,17.55
57.203,16.13
57.218,14.11
57.234,11.75
57.250,9.46
57.265,7.65
57.281,6.49
57.296,5.9
57.312,5.59
57.328,5.29
57.343,4.83
57.359,4.19
57.375,3.39
57.390,2.42
57.406,1.21
57.421,-0.31
57.437,-2.11
57.453,-4.03
57.468,-5.86
57.484,-7.44
57.500,-8.81
57.515,-10.11
57.531,-11.49
57.546,-12.92
57.562,-14.29
57.578,-15.4
57.593,-16.26
57.609,-17.07
57.625,-18.11
57.640,-19.51
57.656,-21.09
57.671,-22.35
57.687,-22.66
57.703,-21.58
57.718,-19.0
57.734,-15.15
57.750,-10.49
57.765,-5.54
57.781,-0.65
57.796,3.95
57.812,8.17
57.828,11.99
57.843,15.35
57.859,18.23
57.875,20.51
57.890,22.09
57.906,22.94
57.921,23.14
57.937,22.89
57.953,22.45
57.968,22.05
57.984,21.78
58.000,21.64
58.015,21.57
58.031,21.55
58.046,21.65
58.062,21.98
58.078,22.54
58.093,23.09
58.109,23.31
58.125,22.81
58.140,21.44
58.156,19.27
58.171,16.62
58.187,13.89
58.203,11.36
58.218,9.13
58.234,7.11
58.250,5.16
58.265,3.14
58.281,1.02
58.296,-1.13
58.312,-3.18
58.328,-5.02
58.343,-6.62
58.359,-8.06
58.375,-9.51
58.390,-11.15
58.406,-13.15
58.421,-15.58
58.437,-18.44
58.453,-21.6
58.468,-24.86
58.484,-27.87
58.500,-30.16
58.515,-31.15
58.531,-30.4
58.546,-27.79
58.562,-23.66
58.578,-18.77
58.593,-13.99
58.609,-9.86
58.625,-6.46
58.640,-3.35
58.656,0.01
58.671,3.94
58.687,8.28
58.703,12.52
58.718,16.03
58.734,18.4
58.750,19.68
58.765,20.23
58.781,20.53
58.796,20.89
58.812,21.38
58.828,21.77
58.843,21.8
58.859,21.3
58.875,20.27
58.890,18.9
58.906,17.46
58.921,16.15
58.937,14.97
58.953,13.74
58.968,12.25
58.984,10.4
59.000,8.23
59.015,6.0
59.031,3.99
59.046,2.41
59.062,1.28
59.078,0.48
59.093,-0.25
59.109,-1.2
59.125,-2.59
59.140,-4.56
59.156,-7.09
59.171,-10.0
59.187,-12.98
59.203,-15.72
59.218,-17.96
59.234,-19.72
59.250,-21.27
59.265,-22.98
59.281,-25.17
59.296,-27.93
59.312,-31.05
59.328,-34.02
59.343,-36.2
59.359,-36.96
59.375,-35.91
59.390,-33.08
59.406,-28.77
59.421,-23.54
59.437,-17.93
59.453,-12.39
59.468,-7.09
59.484,-2.02
59.500,2.88
59.515,7.62
59.531,12.07
59.546,16.09
59.562,19.48
59.578,22.12
59.593,23.94
59.609,24.93
59.625,25.19
59.640,24.84
59.656,24.11
59.671,23.3
59.687,22.61
59.703,22.13
59.718,21.82
59.734,21.54
59.750,21.16
59.765,20.66
59.781,20.11
59.796,19.63
59.812,19.22
59.828,18.81
59.843,18.16
59.859,17.1
59.875,15.51
59.890,13.47
59.906,11.11
59.921,8.56
59.937,5.94
59.953,3.23
59.968,0.41
59.984,-2.51
