timestamp,value
00.000,-38.8
00.015,-49.23
00.031,-63.24
00.046,-79.4
00.062,-94.74
00.078,-105.74
00.093,-109.58
00.109,-105.21
00.125,-93.92
00.140,-78.48
00.156,-62.15
00.171,-47.44
00.187,-35.51
00.203,-26.19
00.218,-18.62
00.234,-11.98
00.250,-5.9
00.265,-0.52
00.281,3.94
00.296,7.65
00.312,11.37
00.328,16.28
00.343,23.45
00.359,33.11
00.375,44.31
00.390,55.23
00.406,63.8
00.421,68.69
00.437,69.8
00.453,68.19
00.468,65.32
00.484,62.24
00.500,58.82
00.515,54.09
00.531,46.94
00.546,37.12
00.562,25.59
00.578,14.04
00.593,3.93
00.609,-4.67
00.625,-13.51
00.640,-25.17
00.656,-41.48
00.671,-61.86
00.687,-83.12
00.703,-100.47
00.718,-109.77
00.734,-109.43
00.750,-101.04
00.765,-88.19
00.781,-74.27
00.796,-60.67
00.812,-46.38
00.828,-29.23
00.843,-7.75
00.859,17.37
00.875,43.32
00.890,66.62
00.906,84.95
00.921,98.46
00.937,109.35
00.953,120.23
00.968,132.3
00.984,144.25
01.000,152.52
01.015,153.16
01.031,143.9
01.046,125.45
01.062,101.41
01.078,76.72
01.093,55.66
01.109,40.29
01.125,30.11
01.140,23.08
01.156,17.13
01.171,11.5
01.187,6.92
01.203,4.9
01.218,6.51
01.234,11.36
01.250,17.54
01.265,22.38
01.281,23.85
01.296,21.51
01.312,16.72
01.328,11.79
01.343,8.71
01.359,7.96
01.375,8.24
01.390,7.45
01.406,3.87
01.421,-2.67
01.437,-10.6
01.453,-17.5
01.468,-21.48
01.484,-22.12
01.500,-20.96
01.515,-20.46
01.531,-22.7
01.546,-28.13
01.562,-35.5
01.578,-42.62
01.593,-47.64
01.609,-50.1
01.625,-51.26
01.640,-53.07
01.656,-57.05
01.671,-63.13
01.687,-69.38
01.703,-73.01
01.718,-71.69
01.734,-64.75
01.750,-53.61
01.765,-41.06
01.781,-29.8
01.796,-21.21
01.812,-14.8
01.828,-8.73
01.843,-1.2
01.859,8.45
01.875,19.02
01.890,28.22
01.906,33.94
01.921,35.52
01.937,34.24
01.953,32.51
01.968,32.56
01.984,35.14
02.000,39.12
02.015,42.24
02.031,42.51
02.046,39.49
02.062,34.61
02.078,30.38
02.093,28.91
02.109,30.95
02.125,35.19
02.140,39.12
02.156,40.45
02.171,38.19
02.187,33.23
02.203,27.74
02.218,23.97
02.234,22.93
02.250,24.01
02.265,25.29
02.281,24.84
02.296,21.88
02.312,17.21
02.328,12.69
02.343,10.11
02.359,10.16
02.375,11.83
02.390,13.16
02.406,12.26
02.421,8.48
02.437,2.79
02.453,-2.89
02.468,-6.74
02.484,-8.16
02.500,-8.06
02.515,-8.36
02.531,-10.75
02.546,-15.73
02.562,-22.25
02.578,-28.37
02.593,-32.47
02.609,-34.09
02.625,-34.36
02.640,-35.3
02.656,-38.56
02.671,-44.37
02.687,-51.25
02.703,-56.75
02.718,-58.53
02.734,-55.69
02.750,-49.11
02.765,-40.97
02.781,-33.58
02.796,-28.16
02.812,-24.32
02.828,-20.53
02.843,-15.2
02.859,-7.6
02.875,1.47
02.890,10.34
02.906,17.34
02.921,21.81
02.937,24.5
02.953,26.99
02.968,30.7
02.984,35.93
03.000,41.62
03.015,45.86
03.031,47.1
03.046,45.05
03.062,40.89
03.078,36.74
03.093,34.53
03.109,35.12
03.125,37.8
03.140,40.86
03.156,42.48
03.171,41.81
03.187,39.36
03.203,36.62
03.218,35.2
03.234,35.9
03.250,38.23
03.265,40.69
03.281,41.67
03.296,40.31
03.312,37.06
03.328,33.2
03.343,30.17
03.359,28.74
03.375,28.39
03.390,27.82
03.406,25.69
03.421,21.6
03.437,16.34
03.453,11.6
03.468,8.89
03.484,8.74
03.500,10.22
03.515,11.43
03.531,10.52
03.546,6.77
03.562,1.06
03.578,-4.65
03.593,-8.38
03.609,-9.27
03.625,-8.03
03.640,-6.63
03.656,-7.19
03.671,-10.8
03.687,-16.81
03.703,-23.18
03.718,-27.45
03.734,-27.88
03.750,-24.37
03.765,-18.35
03.781,-11.86
03.796,-6.56
03.812,-2.75
03.828,0.4
03.843,4.28
03.859,9.78
03.875,16.6
03.890,23.3
03.906,28.13
03.921,30.0
03.937,29.06
03.953,26.58
03.968,24.02
03.984,22.31
04.000,21.13
04.015,19.22
04.031,15.16
04.046,8.31
04.062,-0.6
04.078,-9.82
04.093,-17.25
04.109,-21.55
04.125,-22.75
04.140,-22.26
04.156,-21.98
04.171,-23.29
04.187,-26.26
04.203,-29.74
04.218,-32.12
04.234,-32.26
04.250,-30.25
04.265,-27.35
04.281,-25.23
04.296,-24.87
04.312,-26.04
04.328,-27.42
04.343,-27.37
04.359,-24.95
04.375,-20.5
04.390,-15.53
04.406,-11.83
04.421,-10.59
04.437,-11.76
04.453,-14.13
04.468,-16.24
04.484,-17.06
04.500,-16.83
04.515,-16.83
04.531,-18.61
04.546,-23.02
04.562,-29.53
04.578,-36.54
04.593,-42.16
04.609,-45.17
04.625,-45.73
04.640,-45.16
04.656,-45.07
04.671,-46.25
04.687,-48.06
04.703,-48.66
04.718,-45.99
04.734,-38.89
04.750,-27.86
04.765,-14.95
04.781,-2.76
04.796,6.76
04.812,13.23
04.828,17.74
04.843,22.15
04.859,27.95
04.875,35.34
04.890,43.16
04.906,49.6
04.921,53.24
04.937,53.9
04.953,52.6
04.968,50.98
04.984,50.4
05.000,51.16
05.015,52.39
05.031,52.71
05.046,51.15
05.062,47.84
05.078,44.03
05.093,41.38
05.109,41.06
05.125,43.05
05.140,46.0
05.156,47.98
05.171,47.42
05.187,44.01
05.203,38.79
05.218,33.5
05.234,29.61
05.250,27.51
05.265,26.17
05.281,23.9
05.296,19.16
05.312,11.66
05.328,2.43
05.343,-6.67
05.359,-13.96
05.375,-18.89
05.390,-22.32
05.406,-25.94
05.421,-31.25
05.437,-38.64
05.453,-47.12
05.468,-54.9
05.484,-60.36
05.500,-62.98
05.515,-63.58
05.531,-63.84
05.546,-65.2
05.562,-68.0
05.578,-71.4
05.593,-73.92
05.609,-74.4
05.625,-72.78
05.640,-70.27
05.656,-68.52
05.671,-68.67
05.687,-70.44
05.703,-72.09
05.718,-71.3
05.734,-66.4
05.750,-57.26
05.765,-45.61
05.781,-34.12
05.796,-25.2
05.812,-19.83
05.828,-17.28
05.843,-15.64
05.859,-12.97
05.875,-8.38
05.890,-2.46
05.906,3.2
05.921,7.08
05.937,8.65
05.953,8.68
05.968,8.71
05.984,10.16
06.000,13.44
06.015,17.59
06.031,20.93
06.046,22.0
06.062,20.5
06.078,17.59
06.093,15.21
06.109,15.09
06.125,17.83
06.140,22.41
06.156,26.85
06.171,29.24
06.187,28.77
06.203,26.12
06.218,22.99
06.234,21.06
06.250,21.09
06.265,22.45
06.281,23.69
06.296,23.34
06.312,20.99
06.328,17.48
06.343,14.39
06.359,13.16
06.375,14.17
06.390,16.43
06.406,18.2
06.421,17.96
06.437,15.25
06.453,11.03
06.468,6.99
06.484,4.58
06.500,4.26
06.515,5.07
06.531,5.36
06.546,3.67
06.562,-0.3
06.578,-5.55
06.593,-10.29
06.609,-12.99
06.625,-13.25
06.640,-12.07
06.656,-11.31
06.671,-12.64
06.687,-16.6
06.703,-22.23
06.718,-27.52
06.734,-30.34
06.750,-29.47
06.765,-25.22
06.781,-19.01
06.796,-12.64
06.812,-7.31
06.828,-3.1
06.843,0.74
06.859,5.18
06.875,10.66
06.890,16.57
06.906,21.56
06.921,24.36
06.937,24.55
06.953,22.96
06.968,21.23
06.984,20.96
07.000,22.84
07.015,26.11
07.031,29.08
07.046,29.9
07.062,27.78
07.078,23.35
07.093,18.33
07.109,14.61
07.125,13.25
07.140,13.91
07.156,15.14
07.171,15.35
07.187,13.72
07.203,10.74
07.218,7.73
07.234,6.11
07.250,6.5
07.265,8.3
07.281,10.05
07.296,10.24
07.312,8.21
07.328,4.52
07.343,0.64
07.359,-1.91
07.375,-2.36
07.390,-1.23
07.406,0.03
07.421,-0.2
07.437,-2.68
07.453,-6.9
07.468,-11.33
07.484,-14.24
07.500,-14.74
07.515,-13.27
07.531,-11.36
07.546,-10.78
07.562,-12.63
07.578,-16.57
07.593,-21.25
07.609,-25.1
07.625,-27.15
07.640,-27.71
07.656,-27.94
07.671,-29.22
07.687,-32.23
07.703,-36.43
07.718,-40.56
07.734,-43.26
07.750,-43.92
07.765,-43.14
07.781,-42.29
07.796,-42.63
07.812,-44.46
07.828,-46.71
07.843,-47.52
07.859,-45.15
07.875,-38.98
07.890,-30.01
07.906,-20.41
07.921,-12.44
07.937,-7.29
07.953,-4.55
07.968,-2.54
07.984,0.64
08.000,5.99
08.015,13.02
08.031,20.04
08.046,25.12
08.062,27.14
08.078,26.46
08.093,24.52
08.109,23.05
08.125,23.22
08.140,24.83
08.156,26.7
08.171,27.38
08.187,26.14
08.203,23.41
08.218,20.6
08.234,19.26
08.250,20.26
08.265,23.22
08.281,26.59
08.296,28.61
08.312,28.18
08.328,25.57
08.343,22.11
08.359,19.5
08.375,18.8
08.390,19.79
08.406,21.12
08.421,21.14
08.437,18.92
08.453,14.8
08.468,10.23
08.484,6.9
08.500,5.86
08.515,6.78
08.531,8.23
08.546,8.42
08.562,6.27
08.578,2.0
08.593,-3.12
08.609,-7.48
08.625,-9.96
08.640,-10.64
08.656,-10.64
08.671,-11.44
08.687,-13.9
08.703,-17.83
08.718,-22.06
08.734,-25.14
08.750,-26.24
08.765,-25.7
08.781,-25.07
08.796,-26.23
08.812,-30.37
08.828,-37.1
08.843,-44.56
08.859,-50.2
08.875,-51.99
08.890,-49.4
08.906,-43.61
08.921,-36.7
08.937,-30.58
08.953,-25.85
08.968,-21.78
08.984,-16.94
09.000,-10.26
09.015,-1.89
09.031,6.8
09.046,14.03
09.062,18.61
09.078,20.69
09.093,21.67
09.109,23.31
09.125,26.73
09.140,31.68
09.156,36.59
09.171,39.45
09.187,39.01
09.203,35.52
09.218,30.6
09.234,26.47
09.250,24.8
09.265,25.83
09.281,28.4
09.296,30.6
09.312,30.92
09.328,29.11
09.343,26.19
09.359,23.76
09.375,23.03
09.390,24.12
09.406,25.84
09.421,26.57
09.437,25.08
09.453,21.38
09.468,16.57
09.484,12.39
09.500,10.12
09.515,9.85
09.531,10.45
09.546,10.22
09.562,7.96
09.578,3.62
09.593,-1.63
09.609,-6.11
09.625,-8.57
09.640,-8.92
09.656,-8.29
09.671,-8.4
09.687,-10.57
09.703,-14.88
09.718,-20.34
09.734,-25.33
09.750,-28.56
09.765,-29.88
09.781,-30.3
09.796,-31.33
09.812,-34.2
09.828,-39.06
09.843,-44.99
09.859,-50.66
09.875,-55.06
09.890,-58.23
09.906,-61.1
09.921,-64.8
09.937,-69.72
09.953,-74.97
09.968,-78.72
09.984,-79.03
10.000,-74.88
10.015,-66.87
10.031,-56.99
10.046,-47.66
10.062,-40.58
10.078,-36.02
10.093,-32.85
10.109,-29.4
10.125,-24.47
10.140,-18.12
10.156,-11.61
10.171,-6.75
10.187,-4.79
10.203,-5.67
10.218,-8.08
10.234,-10.22
10.250,-10.73
10.265,-9.5
10.281,-7.76
10.296,-7.17
10.312,-8.82
10.328,-12.61
10.343,-17.29
10.359,-21.36
10.375,-23.91
10.390,-25.31
10.406,-27.05
10.421,-30.89
10.437,-38.09
10.453,-48.92
10.468,-62.79
10.484,-78.71
10.500,-95.52
10.515,-112.01
10.531,-126.76
10.546,-137.99
10.562,-143.61
10.578,-141.55
10.593,-130.51
10.609,-110.59
10.625,-83.64
10.640,-52.84
10.656,-21.9
10.671,6.19
10.687,30.07
10.703,50.3
10.718,68.91
10.734,88.07
10.750,109.09
10.765,131.54
10.781,153.41
10.796,172.14
10.812,185.7
10.828,193.34
10.843,195.8
10.859,195.17
10.875,194.38
10.890,196.4
10.906,203.06
10.921,214.09
10.937,226.69
10.953,235.8
10.968,235.43
10.984,220.36
11.000,188.05
11.015,139.47
11.031,78.92
11.046,12.65
11.062,-52.97
11.078,-112.87
11.093,-163.98
11.109,-204.9
11.125,-235.18
11.140,-254.57
11.156,-262.8
11.171,-259.84
11.187,-246.46
11.203,-224.54
11.218,-196.69
11.234,-165.72
11.250,-133.72
11.265,-101.84
11.281,-70.74
11.296,-41.05
11.312,-13.64
11.328,10.44
11.343,30.32
11.359,45.7
11.375,56.91
11.390,64.85
11.406,70.74
11.421,75.68
11.437,80.56
11.453,86.05
11.468,92.63
11.484,100.63
11.500,110.43
11.515,122.39
11.531,136.88
11.546,153.96
11.562,173.08
11.578,192.84
11.593,211.14
11.609,225.37
11.625,233.11
11.640,232.7
11.656,223.49
11.671,206.0
11.687,181.64
11.703,152.24
11.718,119.65
11.734,85.5
11.750,51.08
11.765,17.54
11.781,-14.11
11.796,-42.98
11.812,-68.47
11.828,-90.38
11.843,-108.95
11.859,-124.66
11.875,-138.05
11.890,-149.58
11.906,-159.49
11.921,-167.88
11.937,-174.74
11.953,-179.88
11.968,-182.78
11.984,-182.68
12.000,-178.64
12.015,-169.94
12.031,-156.41
12.046,-138.62
12.062,-117.76
12.078,-95.4
12.093,-73.02
12.109,-51.87
12.125,-32.87
12.140,-16.69
12.156,-3.78
12.171,5.64
12.187,11.63
12.203,14.65
12.218,15.48
12.234,15.17
12.250,14.67
12.265,14.56
12.281,14.89
12.296,15.32
12.312,15.36
12.328,14.79
12.343,13.85
12.359,13.23
12.375,13.83
12.390,16.57
12.406,21.92
12.421,29.95
12.437,40.1
12.453,51.48
12.468,63.09
12.484,74.25
12.500,84.71
12.515,94.7
12.531,104.66
12.546,114.7
12.562,124.42
12.578,132.76
12.593,138.45
12.609,140.42
12.625,138.34
12.640,132.49
12.656,123.54
12.671,112.19
12.687,98.98
12.703,84.29
12.718,68.49
12.734,52.02
12.750,35.31
12.765,18.77
12.781,2.69
12.796,-12.72
12.812,-27.25
12.828,-40.6
12.843,-52.34
12.859,-62.01
12.875,-69.42
12.890,-74.65
12.906,-78.24
12.921,-80.82
12.937,-82.91
12.953,-84.6
12.968,-85.52
12.984,-84.77
13.000,-81.36
13.015,-74.55
13.031,-64.19
13.046,-50.9
13.062,-35.92
13.078,-20.67
13.093,-6.5
13.109,5.51
13.125,14.68
13.140,20.76
13.156,23.87
13.171,24.54
13.187,23.6
13.203,21.92
13.218,20.17
13.234,18.44
13.250,16.13
13.265,12.21
13.281,5.74
13.296,-3.5
13.312,-14.66
13.328,-25.95
13.343,-35.2
13.359,-40.54
13.375,-40.93
13.390,-36.42
13.406,-27.9
13.421,-16.79
13.437,-4.56
13.453,7.56
13.468,18.63
13.484,28.06
13.500,35.47
13.515,40.75
13.531,44.11
13.546,45.98
13.562,46.86
13.578,47.16
13.593,47.06
13.609,46.44
13.625,44.94
13.640,42.1
13.656,37.5
13.671,31.03
13.687,22.82
13.703,13.34
13.718,3.19
13.734,-6.86
13.750,-16.02
13.765,-23.68
13.781,-29.5
13.796,-33.58
13.812,-36.31
13.828,-38.27
13.843,-39.85
13.859,-41.27
13.875,-42.49
13.890,-43.42
13.906,-44.07
13.921,-44.59
13.937,-45.08
13.953,-45.4
13.968,-45.12
13.984,-43.55
14.000,-40.19
14.015,-34.95
14.031,-28.41
14.046,-21.54
14.062,-15.4
14.078,-10.57
14.093,-7.04
14.109,-4.28
14.125,-1.61
14.140,1.47
14.156,4.99
14.171,8.64
14.187,11.89
14.203,14.44
14.218,16.29
14.234,17.68
14.250,18.97
14.265,20.27
14.281,21.47
14.296,22.27
14.312,22.35
14.328,21.64
14.343,20.39
14.359,19.11
14.375,18.18
14.390,17.78
14.406,17.64
14.421,17.23
14.437,16.04
14.453,13.89
14.468,11.12
14.484,8.36
14.500,6.35
14.515,5.51
14.531,5.8
14.546,6.74
14.562,7.74
14.578,8.34
14.593,8.44
14.609,8.22
14.625,7.95
14.640,7.85
14.656,7.85
14.671,7.73
14.687,7.18
14.703,6.03
14.718,4.39
14.734,2.55
14.750,0.95
14.765,-0.15
14.781,-0.83
14.796,-1.42
14.812,-2.44
14.828,-4.21
14.843,-6.75
14.859,-9.66
14.875,-12.41
14.890,-14.48
14.906,-15.71
14.921,-16.21
14.937,-16.18
14.953,-15.71
14.968,-14.54
14.984,-12.3
15.000,-8.64
15.015,-3.58
15.031,2.46
15.046,8.71
15.062,14.43
15.078,19.13
15.093,22.73
15.109,25.4
15.125,27.29
15.140,28.47
15.156,28.84
15.171,28.38
15.187,27.19
15.203,25.58
15.218,23.95
15.234,22.65
15.250,21.93
15.265,21.84
15.281,22.43
15.296,23.73
15.312,25.77
15.328,28.58
15.343,32.14
15.359,36.26
15.375,40.79
15.390,45.69
15.406,51.07
15.421,57.11
15.437,63.88
15.453,71.11
15.468,78.25
15.484,84.52
15.500,88.93
15.515,90.48
15.531,88.08
15.546,80.55
15.562,66.87
15.578,46.56
15.593,20.28
15.609,-9.88
15.625,-40.61
15.640,-68.26
15.656,-89.85
15.671,-104.05
15.687,-111.27
15.703,-113.2
15.718,-111.93
15.734,-109.23
15.750,-106.17
15.765,-103.3
15.781,-100.93
15.796,-99.26
15.812,-98.39
15.828,-97.97
15.843,-97.07
15.859,-94.38
15.875,-88.64
15.890,-79.11
15.906,-65.86
15.921,-49.63
15.937,-31.43
15.953,-12.15
15.968,7.84
15.984,28.65
16.000,50.51
16.015,73.38
16.031,96.48
16.046,118.17
16.062,136.38
16.078,148.96
16.093,154.37
16.109,151.93
16.125,141.83
16.140,125.02
16.156,102.95
16.171,77.32
16.187,49.99
16.203,23.11
16.218,-1.06
16.234,-20.27
16.250,-32.5
16.265,-36.4
16.281,-31.59
16.296,-18.85
16.312,-0.12
16.328,21.86
16.343,43.95
16.359,63.19
16.375,77.31
16.390,84.99
16.406,85.65
16.421,79.15
16.437,65.69
16.453,45.79
16.468,20.75
16.484,-7.19
16.500,-34.9
16.515,-59.09
16.531,-77.41
16.546,-89.22
16.562,-95.56
16.578,-98.14
16.593,-98.11
16.609,-95.3
16.625,-88.56
16.640,-77.02
16.656,-61.33
16.671,-44.15
16.687,-29.23
16.703,-19.51
16.718,-15.44
16.734,-14.71
16.750,-13.19
16.765,-7.01
16.781,5.67
16.796,23.87
16.812,44.62
16.828,64.27
16.843,79.88
16.859,89.56
16.875,92.23
16.890,87.27
16.906,74.35
16.921,53.88
16.937,27.69
16.953,-0.63
16.968,-26.28
16.984,-44.58
17.000,-52.45
17.015,-49.38
17.031,-37.44
17.046,-20.44
17.062,-2.32
17.078,14.03
17.093,27.5
17.109,38.65
17.125,48.78
17.140,58.94
17.156,69.24
17.171,78.61
17.187,85.42
17.203,88.37
17.218,87.41
17.234,83.82
17.250,79.83
17.265,77.53
17.281,77.79
17.296,79.72
17.312,81.26
17.328,80.2
17.343,75.57
17.359,68.14
17.375,59.91
17.390,53.06
17.406,48.53
17.421,45.47
17.437,41.76
17.453,35.27
17.468,25.01
17.484,11.61
17.500,-3.27
17.515,-18.1
17.531,-32.2
17.546,-46.2
17.562,-61.11
17.578,-77.24
17.593,-93.51
17.609,-107.58
17.625,-116.88
17.640,-119.8
17.656,-116.63
17.671,-109.42
17.687,-101.05
17.703,-93.9
17.718,-88.74
17.734,-84.69
17.750,-79.95
17.765,-73.01
17.781,-63.56
17.796,-52.95
17.812,-43.27
17.828,-36.37
17.843,-32.74
17.859,-31.35
17.875,-30.35
17.890,-28.11
17.906,-24.19
17.921,-19.67
17.937,-16.36
17.953,-15.65
17.968,-17.62
17.984,-20.82
18.000,-23.08
18.015,-22.8
18.031,-19.7
18.046,-15.15
18.062,-11.29
18.078,-9.8
18.093,-10.93
18.109,-13.48
18.125,-15.36
18.140,-14.87
18.156,-11.63
18.171,-6.84
18.187,-2.54
18.203,-0.58
18.218,-1.41
18.234,-3.95
18.250,-6.37
18.265,-7.07
18.281,-5.68
18.296,-3.32
18.312,-1.87
18.328,-2.82
18.343,-6.37
18.359,-11.26
18.375,-15.52
18.390,-17.56
18.406,-17.12
18.421,-15.42
18.437,-14.49
18.453,-15.97
18.468,-20.12
18.484,-25.74
18.500,-30.69
18.515,-33.2
18.531,-32.73
18.546,-30.5
18.562,-28.79
18.578,-29.77
18.593,-34.3
18.609,-41.45
18.625,-49.07
18.640,-54.89
18.656,-57.7
18.671,-57.99
18.687,-57.42
18.703,-57.78
18.718,-59.8
18.734,-62.52
18.750,-63.77
18.765,-61.23
18.781,-53.79
18.796,-42.26
18.812,-28.98
18.828,-16.7
18.843,-7.22
18.859,-0.74
18.875,3.9
18.890,8.21
18.906,12.94
18.921,17.51
18.937,20.51
18.953,20.7
18.968,18.06
18.984,14.01
19.000,10.76
19.015,10.03
19.031,12.25
19.046,16.07
19.062,19.29
19.078,20.03
19.093,17.81
19.109,13.76
19.125,9.9
19.140,8.05
19.156,8.75
19.171,10.96
19.187,12.74
19.203,12.38
19.218,9.33
19.234,4.59
19.250,0.04
19.265,-2.62
19.281,-2.86
19.296,-1.77
19.312,-1.29
19.328,-3.24
19.343,-8.13
19.359,-14.9
19.375,-21.5
19.390,-25.86
19.406,-27.15
19.421,-26.14
19.437,-24.79
19.453,-25.12
19.468,-28.1
19.484,-33.04
19.500,-37.91
19.515,-40.47
19.531,-39.41
19.546,-35.15
19.562,-29.47
19.578,-24.53
19.593,-21.49
19.609,-19.99
19.625,-18.4
19.640,-14.96
19.656,-8.94
19.671,-1.4
19.687,5.49
19.703,9.65
19.718,10.37
19.734,8.74
19.750,6.95
19.765,7.06
19.781,9.79
19.796,14.03
19.812,17.68
19.828,18.8
19.843,16.91
19.859,13.13
19.875,9.57
19.890,8.13
19.906,9.53
19.921,12.84
19.937,16.11
19.953,17.53
19.968,16.29
19.984,13.12
20.000,9.65
20.015,7.58
20.031,7.59
20.046,8.9
20.062,9.8
20.078,8.62
20.093,4.87
20.109,-0.43
20.125,-5.22
20.140,-7.66
20.156,-7.0
20.171,-4.32
20.187,-1.75
20.203,-1.36
20.218,-3.92
20.234,-8.56
20.250,-13.3
20.265,-16.24
20.281,-16.65
20.296,-15.42
20.312,-14.43
20.328,-15.45
20.343,-18.99
20.359,-24.01
20.375,-28.6
20.390,-31.1
20.406,-31.09
20.421,-29.76
20.437,-28.99
20.453,-30.23
20.468,-33.42
20.484,-36.79
20.500,-37.91
20.515,-34.98
20.531,-27.93
20.546,-18.69
20.562,-10.13
20.578,-4.61
20.593,-2.77
20.609,-3.3
20.625,-3.8
20.640,-2.13
20.656,2.44
20.671,8.75
20.687,14.57
20.703,17.79
20.718,17.65
20.734,15.16
20.750,12.41
20.765,11.45
20.781,13.19
20.796,16.72
20.812,20.03
20.828,21.12
20.843,19.23
20.859,15.33
20.875,11.57
20.890,9.98
20.906,11.39
20.921,14.73
20.937,17.81
20.953,18.49
20.968,16.1
20.984,11.7
21.000,7.49
21.015,5.52
21.031,6.48
21.046,9.23
21.062,11.55
21.078,11.38
21.093,8.07
21.109,2.82
21.125,-2.16
21.140,-4.83
21.156,-4.46
21.171,-2.19
21.187,-0.18
21.203,-0.44
21.218,-3.64
21.234,-8.72
21.250,-13.6
21.265,-16.46
21.281,-16.7
21.296,-15.49
21.312,-14.95
21.328,-16.92
21.343,-21.77
21.359,-28.13
21.375,-33.48
21.390,-35.52
21.406,-33.28
21.421,-27.62
21.437,-20.6
21.453,-14.33
21.468,-9.89
21.484,-6.85
21.500,-3.8
21.515,0.6
21.531,6.71
21.546,13.38
21.562,18.78
21.578,21.33
21.593,20.76
21.609,18.28
21.625,15.92
21.640,15.42
21.656,17.26
21.671,20.37
21.687,22.82
21.703,22.97
21.718,20.47
21.734,16.47
21.750,12.94
21.765,11.63
21.781,13.1
21.796,16.31
21.812,19.31
21.828,20.32
21.843,18.78
21.859,15.57
21.875,12.43
21.890,10.95
21.906,11.59
21.921,13.3
21.937,14.16
21.953,12.51
21.968,7.97
21.984,1.73
22.000,-4.18
22.015,-7.98
22.031,-9.14
22.046,-8.79
22.062,-8.9
22.078,-11.2
22.093,-16.09
22.109,-22.47
22.125,-28.39
22.140,-32.15
22.156,-33.29
22.171,-32.86
22.187,-32.79
22.203,-34.82
22.218,-39.46
22.234,-45.62
22.250,-51.22
22.265,-54.21
22.281,-53.51
22.296,-49.66
22.312,-44.32
22.328,-39.36
22.343,-35.84
22.359,-33.41
22.375,-30.67
22.390,-26.11
22.406,-19.07
22.421,-10.4
22.437,-1.87
22.453,4.68
22.468,8.43
22.484,10.03
22.500,11.12
22.515,13.43
22.531,17.73
22.546,23.25
22.562,28.24
22.578,30.95
22.593,30.72
22.609,28.41
22.625,25.95
22.640,25.26
22.656,27.23
22.671,31.08
22.687,34.9
22.703,36.68
22.718,35.59
22.734,32.38
22.750,29.02
22.765,27.36
22.781,28.15
22.796,30.43
22.812,32.14
22.828,31.42
22.843,27.57
22.859,21.64
22.875,15.55
22.890,11.2
22.906,9.28
22.921,8.83
22.937,7.98
22.953,4.98
22.968,-0.61
22.984,-7.77
23.000,-14.54
23.015,-19.2
23.031,-21.12
23.046,-21.3
23.062,-21.66
23.078,-24.0
23.093,-28.95
23.109,-35.63
23.125,-42.29
23.140,-47.29
23.156,-50.04
23.171,-51.26
23.187,-52.28
23.203,-54.04
23.218,-56.27
23.234,-57.47
23.250,-55.68
23.265,-49.62
23.281,-39.43
23.296,-26.96
23.312,-14.85
23.328,-5.3
23.343,0.9
23.359,4.65
23.375,7.79
23.390,12.08
23.406,18.11
23.421,24.94
23.437,30.71
23.453,33.6
23.468,33.04
23.484,29.99
23.500,26.44
23.515,24.34
23.531,24.61
23.546,26.61
23.562,28.72
23.578,29.36
23.593,28.03
23.609,25.61
23.625,23.84
23.640,24.21
23.656,27.03
23.671,30.99
23.687,34.0
23.703,34.2
23.718,31.09
23.734,25.7
23.750,20.06
23.765,15.93
23.781,13.97
23.796,13.29
23.812,12.04
23.828,8.64
23.843,2.74
23.859,-4.39
23.875,-10.65
23.890,-14.1
23.906,-14.28
23.921,-12.46
23.937,-10.9
23.953,-11.72
23.968,-15.56
23.984,-21.38
24.000,-27.06
24.015,-30.71
24.031,-31.66
24.046,-30.97
24.062,-30.69
24.078,-32.64
24.093,-37.5
24.109,-44.34
24.125,-51.32
24.140,-56.6
24.156,-59.09
24.171,-59.05
24.187,-57.45
24.203,-55.26
24.218,-52.62
24.234,-48.71
24.250,-42.27
24.265,-32.58
24.281,-20.08
24.296,-6.54
24.312,5.6
24.328,14.42
24.343,19.41
24.359,21.74
24.375,23.47
24.390,26.5
24.406,31.53
24.421,37.58
24.437,42.84
24.453,45.6
24.468,45.39
24.484,43.21
24.500,41.03
24.515,40.52
24.531,42.28
24.546,45.38
24.562,48.02
24.578,48.69
24.593,47.02
24.609,44.09
24.625,41.65
24.640,41.09
24.656,42.47
24.671,44.48
24.687,45.19
24.703,43.21
24.718,38.57
24.734,32.73
24.750,27.75
24.765,25.22
24.781,25.36
24.796,26.85
24.812,27.65
24.828,26.09
24.843,21.77
24.859,15.81
24.875,10.16
24.890,6.44
24.906,5.16
24.921,5.29
24.937,4.95
24.953,2.41
24.968,-2.77
24.984,-9.59
25.000,-16.06
25.015,-20.38
25.031,-21.9
25.046,-21.62
25.062,-21.52
25.078,-23.44
25.093,-28.14
25.109,-34.89
25.125,-41.94
25.140,-47.46
25.156,-50.42
25.171,-51.03
25.187,-50.26
25.203,-49.08
25.218,-47.7
25.234,-45.37
25.250,-40.94
25.265,-33.58
25.281,-23.5
25.296,-12.13
25.312,-1.53
25.328,6.6
25.343,11.73
25.359,14.73
25.375,17.29
25.390,20.93
25.406,26.08
25.421,31.7
25.437,36.04
25.453,37.61
25.468,36.17
25.484,32.94
25.500,29.87
25.515,28.59
25.531,29.6
25.546,31.89
25.562,33.72
25.578,33.69
25.593,31.59
25.609,28.51
25.625,26.12
25.640,25.67
25.656,27.28
25.671,29.68
25.687,31.07
25.703,29.96
25.718,26.11
25.734,20.64
25.750,15.33
25.765,11.69
25.781,10.28
25.796,10.17
25.812,9.68
25.828,7.29
25.843,2.53
25.859,-3.69
25.875,-9.61
25.890,-13.62
25.906,-15.11
25.921,-14.88
25.937,-14.72
25.953,-16.4
25.968,-20.65
25.984,-26.86
26.000,-33.46
26.015,-38.91
26.031,-42.56
26.046,-44.97
26.062,-47.45
26.078,-50.99
26.093,-55.41
26.109,-59.07
26.125,-59.73
26.140,-55.63
26.156,-46.57
26.171,-34.25
26.187,-21.44
26.203,-10.66
26.218,-3.02
26.234,2.26
26.250,7.1
26.265,13.43
26.281,21.95
26.296,31.76
26.312,40.82
26.328,47.06
26.343,49.55
26.359,48.88
26.375,46.75
26.390,44.92
26.406,44.34
26.421,44.52
26.437,44.16
26.453,41.9
26.468,37.42
26.484,31.76
26.500,26.84
26.515,24.42
26.531,25.09
26.546,27.79
26.562,30.29
26.578,30.41
26.593,27.01
26.609,20.64
26.625,12.88
26.640,5.43
26.656,-1.0
26.671,-7.1
26.687,-14.41
26.703,-24.27
26.718,-36.98
26.734,-51.57
26.750,-66.38
26.765,-80.02
26.781,-92.04
26.796,-102.96
26.812,-113.69
26.828,-124.89
26.843,-136.45
26.859,-147.71
26.875,-158.02
26.890,-167.22
26.906,-175.86
26.921,-185.16
26.937,-196.06
26.953,-208.75
26.968,-221.85
26.984,-232.48
27.000,-236.83
27.015,-231.42
27.031,-214.19
27.046,-185.31
27.062,-147.27
27.078,-103.91
27.093,-59.33
27.109,-16.71
27.125,21.86
27.140,55.04
27.156,81.41
27.171,98.9
27.187,105.36
27.203,99.71
27.218,83.35
27.234,60.76
27.250,38.55
27.265,23.21
27.281,18.61
27.296,24.47
27.312,36.79
27.328,50.01
27.343,59.95
27.359,65.76
27.375,69.95
27.390,76.67
27.406,89.27
27.421,108.41
27.437,131.85
27.453,155.8
27.468,176.75
27.484,192.74
27.500,204.01
27.515,212.5
27.531,220.95
27.546,231.74
27.562,245.71
27.578,261.24
27.593,274.17
27.609,279.14
27.625,271.38
27.640,248.86
27.656,213.16
27.671,168.58
27.687,120.27
27.703,72.16
27.718,26.04
27.734,-18.09
27.750,-60.89
27.765,-102.64
27.781,-142.75
27.796,-179.74
27.812,-211.46
27.828,-235.45
27.843,-249.27
27.859,-251.27
27.875,-241.38
27.890,-221.33
27.906,-194.25
27.921,-163.61
27.937,-132.16
27.953,-101.69
27.968,-73.45
27.984,-48.89
28.000,-29.86
28.015,-18.02
28.031,-13.85
28.046,-16.1
28.062,-21.93
28.078,-27.82
28.093,-30.9
28.109,-29.78
28.125,-24.65
28.140,-16.77
28.156,-7.55
28.171,2.13
28.187,12.31
28.203,23.44
28.218,35.88
28.234,49.17
28.250,62.07
28.265,72.94
28.281,80.05
28.296,81.42
28.312,74.66
28.328,57.32
28.343,27.86
28.359,-12.51
28.375,-58.82
28.390,-102.68
28.406,-134.61
28.421,-147.53
28.437,-139.38
28.453,-113.58
28.468,-77.08
28.484,-37.19
28.500,0.93
28.515,34.98
28.531,64.51
28.546,89.19
28.562,107.93
28.578,119.22
28.593,122.4
28.609,118.56
28.625,110.48
28.640,101.66
28.656,94.78
28.671,90.65
28.687,88.21
28.703,85.35
28.718,80.28
28.734,72.54
28.750,63.24
28.765,54.26
28.781,47.35
28.796,43.1
28.812,40.77
28.828,38.92
28.843,36.23
28.859,32.33
28.875,27.86
28.890,24.02
28.906,21.76
28.921,21.11
28.937,21.18
28.953,20.75
28.968,19.02
28.984,16.24
29.000,13.72
29.015,13.2
29.031,16.06
29.046,22.56
29.062,31.84
29.078,42.36
29.093,52.75
29.109,62.46
29.125,71.85
29.140,81.87
29.156,93.32
29.171,106.17
29.187,119.48
29.203,131.88
29.218,142.16
29.234,149.9
29.250,155.6
29.265,160.34
29.281,165.16
29.296,170.32
29.312,175.12
29.328,178.18
29.343,178.04
29.359,173.77
29.375,165.09
29.390,152.2
29.406,135.29
29.421,114.05
29.437,87.73
29.453,55.59
29.468,17.61
29.484,-25.24
29.500,-71.1
29.515,-117.87
29.531,-163.89
29.546,-208.42
29.562,-251.05
29.578,-290.98
29.593,-325.99
29.609,-352.41
29.625,-366.13
29.640,-364.12
29.656,-346.14
29.671,-315.38
29.687,-277.75
29.703,-239.78
29.718,-206.58
29.734,-180.32
29.750,-160.43
29.765,-144.83
29.781,-131.54
29.796,-119.89
29.812,-110.41
29.828,-103.67
29.843,-98.95
29.859,-93.62
29.875,-83.82
29.890,-66.02
29.906,-38.8
29.921,-3.94
29.937,33.97
29.953,69.1
29.968,96.58
29.984,114.24
30.000,122.78
30.015,124.98
30.031,123.89
30.046,121.26
30.062,117.16
30.078,110.69
30.093,101.35
30.109,90.07
30.125,79.18
30.140,71.3
30.156,68.13
30.171,69.39
30.187,73.05
30.203,76.54
30.218,78.2
30.234,78.07
30.250,77.64
30.265,78.73
30.281,82.28
30.296,87.63
30.312,92.83
30.328,95.75
30.343,95.24
30.359,91.83
30.375,87.36
30.390,84.05
30.406,83.4
30.421,85.25
30.437,88.03
30.453,89.56
30.468,88.16
30.484,83.51
30.500,76.62
30.515,69.24
30.531,62.86
30.546,57.88
30.562,53.55
30.578,48.65
30.593,42.38
30.609,35.02
30.625,27.8
30.640,22.2
30.656,19.02
30.671,17.65
30.687,16.28
30.703,12.87
30.718,6.29
30.734,-2.96
30.750,-13.02
30.765,-21.69
30.781,-27.6
30.796,-31.13
30.812,-34.03
30.828,-38.38
30.843,-45.32
30.859,-54.14
30.875,-62.63
30.890,-68.2
30.906,-69.27
30.921,-66.13
30.937,-60.78
30.953,-55.71
30.968,-52.51
30.984,-50.97
31.000,-49.39
31.015,-45.6
31.031,-38.43
31.046,-28.63
31.062,-18.43
31.078,-10.48
31.093,-6.25
31.109,-5.36
31.125,-5.82
31.140,-5.34
31.156,-2.55
31.171,2.11
31.187,6.72
31.203,9.19
31.218,8.51
31.234,5.48
31.250,2.29
31.265,1.32
31.281,3.83
31.296,9.17
31.312,15.12
31.328,19.08
31.343,19.51
31.359,16.73
31.375,12.63
31.390,9.59
31.406,9.16
31.421,11.1
31.437,13.57
31.453,14.31
31.468,11.99
31.484,7.04
31.500,1.28
31.515,-3.01
31.531,-4.46
31.546,-3.51
31.562,-2.06
31.578,-2.41
31.593,-5.8
31.609,-11.65
31.625,-17.87
31.640,-22.18
31.656,-23.22
31.671,-21.5
31.687,-19.1
31.703,-18.46
31.718,-21.15
31.734,-26.9
31.750,-33.92
31.765,-39.82
31.781,-42.9
31.796,-42.96
31.812,-41.12
31.828,-38.9
31.843,-37.12
31.859,-35.32
31.875,-32.03
31.890,-25.9
31.906,-16.59
31.921,-5.38
31.937,5.21
31.953,12.79
31.968,16.24
31.984,16.43
32.000,15.57
32.015,16.1
32.031,19.28
32.046,24.5
32.062,29.66
32.078,32.43
32.093,31.56
32.109,27.66
32.125,22.81
32.140,19.35
32.156,18.72
32.171,20.52
32.187,22.9
32.203,23.69
32.218,21.66
32.234,17.4
32.250,12.83
32.265,10.16
32.281,10.58
32.296,13.46
32.312,16.66
32.328,17.8
32.343,15.59
32.359,10.6
32.375,4.93
32.390,0.94
32.421,1.58
32.437,3.59
32.453,3.6
32.468,0.29
32.484,-5.75
32.500,-12.39
32.515,-17.11
32.531,-18.53
32.546,-17.16
32.562,-15.16
32.578,-15.06
32.593,-18.26
32.609,-24.26
32.625,-31.0
32.640,-36.13
32.656,-38.29
32.671,-38.03
32.687,-37.19
32.703,-37.75
32.718,-40.37
32.734,-43.74
32.750,-45.3
32.765,-42.63
32.781,-34.82
32.796,-23.27
32.812,-11.06
32.828,-1.44
32.843,3.84
32.859,5.24
32.875,5.07
32.890,6.05
32.906,9.78
32.921,15.81
32.937,22.03
32.953,25.87
32.968,25.87
32.984,22.49
33.000,17.76
33.015,14.26
33.031,13.62
33.046,15.63
33.062,18.5
33.078,19.99
33.093,18.83
33.109,15.46
33.125,11.76
33.140,9.91
33.156,11.18
33.171,14.98
33.187,19.17
33.203,21.3
33.218,19.97
33.234,15.67
33.250,10.4
33.265,6.59
33.281,5.62
33.296,7.02
33.312,8.78
33.328,8.53
33.343,5.01
33.359,-1.15
33.375,-7.86
33.390,-12.73
33.406,-14.42
33.421,-13.53
33.437,-12.17
33.453,-12.71
33.468,-16.44
33.484,-22.7
33.500,-29.42
33.515,-34.24
33.531,-35.81
33.546,-34.69
33.562,-33.0
33.578,-33.1
33.593,-36.29
33.609,-42.0
33.625,-48.01
33.640,-51.72
33.656,-51.41
33.671,-47.13
33.687,-40.57
33.703,-33.97
33.718,-28.88
33.734,-25.3
33.750,-21.99
33.765,-17.32
33.781,-10.38
33.796,-1.8
33.812,6.6
33.828,12.72
33.843,15.42
33.859,15.24
33.875,14.08
33.890,14.13
33.906,16.7
33.921,21.27
33.937,25.9
33.953,28.31
33.968,27.22
33.984,23.15
34.000,18.17
34.015,14.77
34.031,14.48
34.046,17.02
34.062,20.5
34.078,22.65
34.093,22.12
34.109,19.28
34.125,15.83
34.140,13.77
34.156,14.2
34.171,16.59
34.187,19.16
34.203,19.95
34.218,18.01
34.234,14.03
34.250,9.91
34.265,7.55
34.281,7.86
34.296,10.0
34.312,11.91
34.328,11.52
34.343,7.95
34.359,2.07
34.375,-3.97
34.390,-7.95
34.406,-8.91
34.421,-7.77
34.437,-6.74
34.453,-8.12
34.468,-12.83
34.484,-19.93
34.500,-27.23
34.515,-32.42
34.531,-34.35
34.546,-33.69
34.562,-32.46
34.578,-32.83
34.593,-35.98
34.609,-41.47
34.625,-47.63
34.640,-52.5
34.656,-54.83
34.671,-54.64
34.687,-52.96
34.703,-51.03
34.718,-49.29
34.734,-47.14
34.750,-43.22
34.765,-36.42
34.781,-26.66
34.796,-15.35
34.812,-4.89
34.828,2.54
34.843,6.07
34.859,6.67
34.875,6.49
34.890,7.82
34.906,11.8
34.921,17.76
34.937,23.73
34.953,27.5
34.968,27.95
34.984,25.69
35.000,22.66
35.015,20.93
35.031,21.72
35.046,24.52
35.062,27.52
35.078,28.76
35.093,27.23
35.109,23.67
35.125,19.99
35.140,18.31
35.156,19.67
35.171,23.28
35.187,27.04
35.203,28.55
35.218,26.64
35.234,22.03
35.250,16.95
35.265,13.81
35.281,13.99
35.296,16.81
35.312,20.09
35.328,21.33
35.343,19.2
35.359,14.35
35.375,8.96
35.390,5.51
35.406,5.33
35.421,7.84
35.437,10.88
35.453,11.97
35.468,9.83
35.484,4.99
35.500,-0.56
35.515,-4.59
35.531,-5.94
35.546,-5.34
35.562,-4.88
35.578,-6.78
35.593,-12.06
35.609,-19.91
35.625,-28.17
35.640,-34.47
35.656,-37.51
35.671,-37.7
35.687,-36.68
35.703,-36.19
35.718,-36.93
35.734,-37.93
35.750,-37.22
35.765,-33.07
35.781,-25.03
35.796,-14.6
35.812,-4.47
35.828,2.7
35.843,5.71
35.859,5.31
35.875,3.65
35.890,3.05
35.906,4.64
35.921,7.83
35.937,10.62
35.953,11.02
35.968,8.17
35.984,3.01
36.000,-2.23
36.015,-5.29
36.031,-5.02
36.046,-2.14
36.062,1.24
36.078,2.83
36.093,1.45
36.109,-2.2
36.125,-6.08
36.140,-8.03
36.156,-6.95
36.171,-3.6
36.187,-0.17
36.203,1.08
36.218,-0.95
36.234,-5.43
36.250,-10.18
36.265,-12.95
36.281,-12.67
36.296,-10.27
36.312,-7.95
36.328,-7.99
36.343,-11.28
36.359,-16.79
36.375,-22.16
36.390,-25.05
36.406,-24.49
36.421,-21.47
36.437,-18.44
36.453,-17.83
36.468,-20.83
36.484,-26.58
36.500,-32.9
36.515,-37.38
36.531,-38.84
36.546,-37.98
36.562,-36.94
36.578,-38.1
36.593,-42.69
36.609,-50.05
36.625,-57.89
36.640,-63.56
36.656,-65.12
36.671,-62.4
36.687,-56.81
36.703,-50.35
36.718,-44.43
36.734,-39.08
36.750,-33.3
36.765,-25.71
36.781,-15.79
36.796,-4.46
36.812,6.26
36.828,14.29
36.843,18.61
36.859,19.96
36.875,20.35
36.890,21.96
36.906,25.95
36.921,31.65
36.937,37.0
36.953,39.72
36.968,38.65
36.984,34.49
37.000,29.4
37.015,25.9
37.031,25.58
37.046,28.18
37.062,31.9
37.078,34.53
37.093,34.66
37.109,32.45
37.125,29.42
37.140,27.36
37.156,27.32
37.171,28.78
37.187,30.16
37.203,29.69
37.218,26.67
37.234,22.02
37.250,17.77
37.265,15.92
37.281,17.25
37.296,20.57
37.312,23.39
37.328,23.22
37.343,18.93
37.359,11.45
37.375,3.27
37.390,-3.0
37.406,-5.97
37.421,-6.23
37.437,-5.96
37.453,-7.55
37.468,-12.19
37.484,-19.15
37.500,-26.26
37.515,-31.18
37.531,-32.75
37.546,-31.74
37.562,-30.45
37.578,-31.43
37.593,-36.01
37.609,-43.53
37.625,-51.68
37.640,-57.7
37.656,-59.61
37.671,-57.31
37.687,-52.31
37.703,-46.66
37.718,-41.76
37.734,-37.51
37.750,-32.71
37.765,-25.89
37.781,-16.53
37.796,-5.56
37.812,4.83
37.828,12.55
37.843,16.61
37.859,17.84
37.875,18.28
37.890,20.08
37.906,24.39
37.921,30.49
37.937,36.38
37.953,39.79
37.968,39.55
37.984,36.31
38.000,32.08
38.015,29.24
38.031,29.29
38.046,32.01
38.062,35.64
38.078,38.08
38.093,37.93
38.109,35.47
38.125,32.36
38.140,30.6
38.156,31.38
38.171,34.22
38.187,37.22
38.203,38.18
38.218,35.91
38.234,31.0
38.250,25.48
38.265,21.66
38.281,20.84
38.296,22.54
38.312,24.59
38.328,24.49
38.343,20.74
38.359,13.86
38.375,5.96
38.390,-0.35
38.406,-3.31
38.421,-3.21
38.437,-2.05
38.453,-2.39
38.468,-5.96
38.484,-12.49
38.500,-20.03
38.515,-26.07
38.531,-28.97
38.546,-28.91
38.562,-27.9
38.578,-28.42
38.593,-32.11
38.609,-38.76
38.625,-46.45
38.640,-52.65
38.656,-55.48
38.671,-54.7
38.687,-51.59
38.703,-47.97
38.718,-45.01
38.734,-42.48
38.750,-39.0
38.765,-33.0
38.781,-23.87
38.796,-12.51
38.812,-1.19
38.828,7.72
38.843,12.88
38.859,14.74
38.875,15.17
38.890,16.42
38.906,19.83
38.921,25.08
38.937,30.39
38.953,33.59
38.968,33.44
38.984,30.41
39.000,26.45
39.015,24.0
39.031,24.66
39.046,28.28
39.062,32.98
39.078,36.27
39.093,36.37
39.109,33.29
39.125,28.74
39.140,25.15
39.156,24.35
39.171,26.45
39.187,29.74
39.203,31.81
39.218,30.9
39.234,26.94
39.250,21.53
39.265,16.99
39.281,14.96
39.296,15.52
39.312,17.05
39.328,17.35
39.343,14.84
39.359,9.62
39.375,3.24
39.390,-2.09
39.406,-4.84
39.421,-5.05
39.437,-4.36
39.453,-5.02
39.468,-8.55
39.484,-14.88
39.500,-22.31
39.515,-28.57
39.531,-32.03
39.546,-32.74
39.562,-32.51
39.578,-33.74
39.593,-38.09
39.609,-45.25
39.625,-53.11
39.640,-58.68
39.656,-59.61
39.671,-55.38
39.687,-47.51
39.703,-38.56
39.718,-30.83
39.734,-25.08
39.750,-20.35
39.765,-14.9
39.781,-7.28
39.796,2.5
39.812,12.83
39.828,21.41
39.843,26.46
39.859,27.76
39.875,26.77
39.890,25.81
39.906,26.7
39.921,29.89
39.937,34.09
39.953,37.2
39.968,37.65
39.984,35.3
40.000,31.66
40.015,29.01
40.031,29.2
40.046,32.51
40.062,37.49
40.078,41.73
40.093,43.13
40.109,41.14
40.125,36.9
40.140,32.54
40.156,29.99
40.171,29.89
40.187,31.22
40.203,32.02
40.218,30.59
40.234,26.5
40.250,20.94
40.265,15.91
40.281,13.2
40.296,13.24
40.312,14.79
40.328,15.7
40.343,14.1
40.359,9.49
40.375,2.98
40.390,-3.38
40.406,-7.73
40.421,-9.44
40.437,-9.47
40.453,-9.65
40.468,-11.72
40.484,-16.27
40.500,-22.52
40.515,-28.96
40.531,-34.26
40.546,-38.2
40.562,-41.9
40.578,-46.99
40.593,-54.5
40.609,-63.89
40.625,-72.99
40.640,-78.82
40.656,-79.04
40.671,-73.14
40.687,-62.83
40.703,-51.13
40.718,-40.85
40.734,-33.2
40.750,-27.4
40.765,-21.42
40.781,-13.34
40.796,-2.64
40.812,9.42
40.828,20.61
40.843,28.95
40.859,33.93
40.875,36.76
40.890,39.51
40.906,43.96
40.921,50.54
40.937,57.93
40.953,63.98
40.968,66.82
40.984,65.98
41.000,62.67
41.015,59.14
41.031,57.46
41.046,58.49
41.062,61.32
41.078,63.91
41.093,64.27
41.109,61.7
41.125,57.12
41.140,52.58
41.156,50.07
41.171,50.31
41.187,52.34
41.203,54.13
41.218,53.76
41.234,50.62
41.250,45.74
41.265,41.11
41.281,38.47
41.296,38.26
41.312,39.22
41.328,39.07
41.343,35.75
41.359,28.6
41.375,18.7
41.390,8.25
41.406,-0.61
41.421,-6.95
41.437,-11.53
41.453,-16.29
41.468,-23.08
41.484,-32.62
41.500,-43.94
41.515,-55.01
41.531,-63.81
41.546,-69.47
41.562,-72.83
41.578,-75.87
41.593,-80.68
41.609,-88.09
41.625,-97.21
41.640,-105.91
41.656,-111.75
41.671,-113.19
41.687,-110.29
41.703,-104.34
41.718,-97.02
41.734,-89.44
41.750,-81.5
41.765,-72.28
41.781,-60.83
41.796,-47.03
41.812,-32.11
41.828,-18.19
41.843,-7.31
41.859,-0.34
41.875,3.4
41.890,5.81
41.906,8.86
41.921,13.56
41.937,19.38
41.953,24.5
41.968,27.06
41.984,26.19
42.000,22.73
42.015,18.75
42.031,16.51
42.046,17.23
42.062,20.4
42.078,24.23
42.093,26.68
42.109,26.75
42.125,24.98
42.140,23.15
42.156,23.09
42.171,25.73
42.187,30.28
42.203,34.71
42.218,36.93
42.234,35.79
42.250,31.83
42.265,26.86
42.281,22.94
42.296,21.31
42.312,21.71
42.328,22.54
42.343,21.9
42.359,18.76
42.375,13.61
42.390,8.22
42.406,4.68
42.421,4.22
42.437,6.45
42.453,9.47
42.468,10.89
42.484,9.08
42.500,4.18
42.515,-2.13
42.531,-7.58
42.546,-10.58
42.562,-11.22
42.578,-11.07
42.593,-12.19
42.609,-15.9
42.625,-21.91
42.640,-28.56
42.656,-33.87
42.671,-36.59
42.687,-37.05
42.703,-36.74
42.718,-37.28
42.734,-39.33
42.750,-41.91
42.765,-42.97
42.781,-40.45
42.796,-33.51
42.812,-23.14
42.828,-11.84
42.843,-2.4
42.859,3.4
42.875,5.67
42.890,6.11
42.906,7.06
42.921,10.09
42.937,15.16
42.953,20.72
42.968,24.66
42.984,25.57
43.000,23.55
43.015,20.2
43.031,17.65
43.046,17.51
43.062,19.8
43.078,23.1
43.093,25.44
43.109,25.43
43.125,23.15
43.140,20.1
43.156,18.29
43.171,19.1
43.187,22.34
43.203,26.26
43.218,28.55
43.234,27.63
43.250,23.59
43.265,18.1
43.281,13.59
43.296,11.86
43.312,13.09
43.328,15.73
43.343,17.4
43.359,16.31
43.375,12.26
43.390,6.69
43.406,1.73
43.421,-0.96
43.437,-1.32
43.453,-0.87
43.468,-1.82
43.484,-5.86
43.500,-13.05
43.515,-21.87
43.531,-30.08
43.546,-35.97
43.562,-39.28
43.578,-41.48
43.593,-44.75
43.609,-50.78
43.625,-59.71
43.640,-69.98
43.656,-79.1
43.671,-84.8
43.687,-86.16
43.703,-83.87
43.718,-79.62
43.734,-75.04
43.750,-70.65
43.765,-65.7
43.781,-58.89
43.796,-49.36
43.812,-37.55
43.828,-25.34
43.843,-15.17
43.859,-8.85
43.875,-6.64
43.890,-7.18
43.906,-8.27
43.921,-8.09
43.937,-6.15
43.953,-3.54
43.968,-2.16
43.984,-3.53
44.000,-7.74
44.015,-13.39
44.031,-18.31
44.046,-20.82
44.062,-20.72
44.078,-19.41
44.093,-18.97
44.109,-20.8
44.125,-24.5
44.140,-27.94
44.156,-28.44
44.171,-24.34
44.187,-16.14
44.203,-6.65
44.218,0.46
44.234,2.34
44.250,-1.67
44.265,-9.81
44.281,-19.19
44.296,-27.14
44.312,-32.34
44.328,-35.14
44.343,-36.81
44.359,-38.38
44.375,-40.08
44.390,-41.42
44.406,-41.87
44.421,-41.51
44.437,-40.97
44.453,-41.05
44.468,-41.89
44.484,-42.8
44.500,-42.34
44.515,-39.05
44.531,-32.15
44.546,-21.9
44.562,-9.62
44.578,2.76
44.593,13.21
44.609,20.04
44.625,22.28
44.640,20.03
44.656,14.48
44.671,7.56
44.687,1.35
44.703,-3.0
44.718,-5.6
44.734,-7.76
44.750,-10.95
44.765,-15.58
44.781,-20.64
44.796,-24.02
44.812,-23.84
44.828,-19.43
44.843,-11.82
44.859,-2.91
44.875,5.65
44.890,13.36
44.906,21.07
44.921,29.87
44.937,40.2
44.953,51.01
44.968,60.33
44.984,66.31
45.000,68.35
45.015,67.4
45.031,65.45
45.046,64.51
45.062,65.54
45.078,68.2
45.093,71.34
45.109,73.87
45.125,75.44
45.140,76.78
45.156,79.2
45.171,83.85
45.187,91.16
45.203,100.25
45.218,109.5
45.234,117.26
45.250,122.61
45.265,125.79
45.281,127.81
45.296,129.94
45.312,132.76
45.328,135.75
45.343,137.4
45.359,135.97
45.375,130.3
45.390,120.3
45.406,106.98
45.421,91.9
45.437,76.46
45.453,61.34
45.468,46.39
45.484,31.11
45.500,15.19
45.515,-1.04
45.531,-16.78
45.546,-31.09
45.562,-43.37
45.578,-53.67
45.593,-62.5
45.609,-70.45
45.625,-77.58
45.640,-83.32
45.656,-86.66
45.671,-86.89
45.687,-84.07
45.703,-79.37
45.718,-74.64
45.734,-71.68
45.750,-71.42
45.765,-73.44
45.781,-76.22
45.796,-77.89
45.812,-77.08
45.828,-73.57
45.843,-68.23
45.859,-62.31
45.875,-56.59
45.890,-50.9
45.906,-44.27
45.921,-35.6
45.937,-24.47
45.953,-11.62
45.968,1.34
45.984,12.59
46.000,20.99
46.015,26.6
46.031,30.3
46.046,33.18
46.062,35.77
46.078,37.7
46.093,37.98
46.109,35.78
46.125,31.11
46.140,25.05
46.156,19.39
46.171,15.69
46.187,14.58
46.203,15.2
46.218,15.77
46.234,14.36
46.250,9.91
46.265,2.77
46.281,-5.55
46.296,-13.09
46.312,-18.33
46.328,-20.78
46.343,-20.98
46.359,-19.84
46.375,-17.98
46.390,-15.24
46.406,-10.9
46.421,-4.24
46.437,4.87
46.453,15.44
46.468,25.84
46.484,34.49
46.500,40.76
46.515,45.34
46.531,49.86
46.546,55.85
46.562,63.75
46.578,72.48
46.593,79.7
46.609,83.1
46.625,81.44
46.640,75.29
46.656,66.67
46.671,57.98
46.687,50.92
46.703,45.65
46.718,41.07
46.734,35.63
46.750,28.55
46.765,20.33
46.781,12.59
46.796,7.14
46.812,4.98
46.828,5.8
46.843,7.95
46.859,9.49
46.875,9.01
46.890,6.42
46.906,2.66
46.921,-1.05
46.937,-4.01
46.953,-6.59
46.968,-9.93
46.984,-15.12
47.000,-22.33
47.015,-30.42
47.031,-37.27
47.046,-40.79
47.062,-39.85
47.078,-34.88
47.093,-27.69
47.109,-20.57
47.125,-15.19
47.140,-11.82
47.156,-9.41
47.171,-6.21
47.187,-0.83
47.203,7.0
47.218,16.2
47.234,25.0
47.250,31.8
47.265,36.02
47.281,38.35
47.296,40.24
47.312,43.02
47.328,47.08
47.343,51.65
47.359,55.38
47.375,57.22
47.390,57.12
47.406,56.05
47.421,55.31
47.437,55.67
47.453,56.66
47.468,56.69
47.484,53.99
47.500,47.68
47.515,38.36
47.531,27.93
47.546,18.54
47.562,11.62
47.578,7.12
47.593,3.68
47.609,-0.42
47.625,-6.26
47.640,-13.59
47.656,-21.15
47.671,-27.39
47.687,-31.48
47.703,-33.83
47.718,-35.98
47.734,-39.58
47.750,-45.42
47.765,-52.77
47.781,-59.64
47.796,-63.69
47.812,-63.29
47.828,-58.37
47.843,-50.42
47.859,-41.77
47.875,-34.46
47.890,-29.33
47.906,-25.78
47.921,-22.39
47.937,-17.84
47.953,-11.82
47.968,-5.35
47.984,-0.14
48.000,2.29
48.015,1.5
48.031,-1.69
48.046,-5.74
48.062,-9.32
48.078,-12.14
48.093,-14.97
48.109,-19.01
48.125,-24.85
48.140,-31.8
48.156,-37.98
48.171,-41.22
48.187,-40.0
48.203,-34.34
48.218,-25.82
48.234,-16.73
48.250,-8.95
48.265,-3.12
48.281,1.54
48.296,6.57
48.312,13.22
48.328,21.67
48.343,30.76
48.359,38.7
48.375,43.88
48.390,45.84
48.406,45.38
48.421,44.05
48.437,43.22
48.453,43.26
48.468,43.32
48.484,41.85
48.500,37.58
48.515,30.23
48.531,20.71
48.546,10.66
48.562,1.64
48.578,-5.7
48.593,-11.87
48.609,-18.12
48.625,-25.54
48.640,-34.21
48.656,-43.08
48.671,-50.52
48.687,-55.23
48.703,-57.05
48.718,-57.26
48.734,-57.78
48.750,-60.21
48.765,-64.85
48.781,-70.5
48.796,-75.09
48.812,-76.73
48.828,-74.69
48.843,-69.76
48.859,-63.58
48.875,-57.83
48.890,-53.27
48.906,-49.44
48.921,-45.2
48.937,-39.44
48.953,-31.91
48.968,-23.49
48.984,-15.74
49.000,-9.95
49.015,-6.36
49.031,-4.06
49.046,-1.48
49.062,2.62
49.078,8.47
49.093,14.98
49.109,20.43
49.125,23.47
49.140,23.89
49.156,22.76
49.171,21.89
49.187,22.86
49.203,26.17
49.218,31.03
49.234,35.8
49.250,38.91
49.265,39.69
49.281,38.71
49.296,37.27
49.312,36.73
49.328,37.71
49.343,39.56
49.359,40.82
49.375,40.04
49.390,36.65
49.406,31.46
49.421,26.21
49.437,22.57
49.453,21.28
49.468,21.6
49.484,21.76
49.500,19.96
49.515,15.5
49.531,9.16
49.546,2.79
49.562,-1.82
49.578,-3.85
49.593,-3.97
49.609,-3.85
49.625,-5.24
49.640,-8.88
49.656,-14.15
49.671,-19.48
49.687,-23.27
49.703,-24.83
49.718,-24.75
49.734,-24.48
49.750,-25.45
49.765,-28.19
49.781,-32.02
49.796,-35.52
49.812,-37.42
49.828,-37.3
49.843,-35.88
49.859,-34.47
49.875,-34.14
49.890,-34.81
49.906,-35.26
49.921,-33.58
49.937,-28.26
49.953,-19.09
49.968,-7.46
49.984,4.16
50.000,13.42
50.015,19.07
50.031,21.62
50.046,22.83
50.062,24.74
50.078,28.57
50.093,33.95
50.109,39.26
50.125,42.58
50.140,42.88
50.156,40.62
50.171,37.42
50.187,35.19
50.203,34.97
50.218,36.32
50.234,37.62
50.250,37.02
50.265,33.65
50.281,28.09
50.296,22.07
50.312,17.43
50.328,15.12
50.343,14.53
50.359,13.95
50.375,11.51
50.390,6.33
50.406,-0.89
50.421,-8.35
50.437,-14.04
50.453,-16.86
50.468,-17.15
50.484,-16.44
50.500,-16.49
50.515,-18.34
50.531,-21.74
50.546,-25.46
50.562,-28.03
50.578,-28.6
50.593,-27.46
50.609,-25.85
50.625,-25.28
50.640,-26.71
50.656,-29.95
50.671,-33.96
50.687,-37.28
50.703,-38.92
50.718,-38.89
50.734,-38.16
50.750,-38.1
50.765,-39.66
50.781,-42.72
50.796,-46.22
50.812,-48.79
50.828,-49.51
50.843,-48.6
50.859,-47.24
50.875,-46.81
50.890,-47.92
50.906,-49.85
50.921,-50.77
50.937,-48.69
50.953,-42.53
50.968,-32.87
50.984,-21.76
51.000,-11.8
51.015,-4.83
51.031,-1.07
51.046,0.79
51.062,2.74
51.078,6.36
51.093,11.83
51.109,17.92
51.125,22.72
51.140,24.84
51.156,24.22
51.171,22.12
51.187,20.41
51.203,20.48
51.218,22.46
51.234,25.11
51.250,26.75
51.265,26.14
51.281,23.44
51.296,20.01
51.312,17.68
51.328,17.73
51.343,20.01
51.359,23.06
51.375,24.87
51.390,24.15
51.406,21.01
51.421,16.92
51.437,13.86
51.453,13.13
51.468,14.63
51.484,16.89
51.500,17.94
51.515,16.52
51.531,12.79
51.546,8.13
51.562,4.34
51.578,2.63
51.593,2.89
51.609,3.85
51.625,3.81
51.640,1.62
51.656,-2.69
51.671,-8.01
51.687,-12.79
51.703,-15.83
51.718,-16.92
51.734,-16.99
51.750,-17.4
51.765,-19.31
51.781,-22.83
51.796,-27.09
51.812,-30.73
51.828,-32.75
51.843,-33.22
51.859,-33.3
51.875,-34.62
51.890,-38.18
51.906,-43.59
51.921,-49.01
51.937,-51.95
51.953,-50.53
51.968,-44.46
51.984,-35.27
52.000,-25.48
52.015,-17.41
52.031,-11.98
52.046,-8.52
52.062,-5.41
52.078,-1.12
52.093,4.77
52.109,11.26
52.125,16.73
52.140,19.91
52.156,20.69
52.171,20.26
52.187,20.35
52.203,22.16
52.218,25.69
52.234,29.56
52.250,31.94
52.265,31.53
52.281,28.48
52.296,24.3
52.312,21.09
52.328,20.51
52.343,22.82
52.359,26.74
52.375,30.18
52.390,31.37
52.406,29.75
52.421,26.29
52.437,22.82
52.453,21.1
52.468,21.75
52.484,23.89
52.500,25.78
52.515,25.74
52.531,23.23
52.546,19.13
52.562,15.24
52.578,13.14
52.593,13.37
52.609,14.9
52.625,15.87
52.640,14.75
52.656,11.14
52.671,6.15
52.687,1.61
52.703,-0.85
52.718,-0.8
52.734,0.74
52.750,2.03
52.765,1.52
52.781,-1.11
52.796,-4.99
52.812,-8.52
52.828,-10.38
52.843,-10.29
52.859,-9.21
52.875,-8.71
52.890,-10.06
52.906,-13.42
52.921,-17.71
52.937,-21.34
52.953,-22.99
52.968,-22.5
52.984,-21.03
53.000,-20.32
53.015,-21.57
53.031,-24.65
53.046,-27.89
53.062,-28.87
53.078,-25.74
53.093,-18.1
53.109,-7.33
53.125,4.06
53.140,13.78
53.156,20.78
53.171,25.62
53.187,29.78
53.203,34.72
53.218,40.83
53.234,47.17
53.250,52.13
53.265,54.37
53.281,53.78
53.296,51.54
53.312,49.47
53.328,49.01
53.343,50.38
53.359,52.43
53.375,53.37
53.390,51.8
53.406,47.53
53.421,41.8
53.437,36.38
53.453,32.75
53.468,31.19
53.484,30.61
53.500,29.24
53.515,25.55
53.531,19.21
53.546,11.19
53.562,3.33
53.578,-2.7
53.593,-6.2
53.609,-7.85
53.625,-9.11
53.640,-11.36
53.656,-14.99
53.671,-19.05
53.687,-21.92
53.703,-22.24
53.718,-19.8
53.734,-15.98
53.750,-12.98
53.765,-12.68
53.781,-15.54
53.796,-20.37
53.812,-24.96
53.828,-27.41
53.843,-27.31
53.859,-26.06
53.875,-26.06
53.890,-29.25
53.906,-35.94
53.921,-44.5
53.937,-52.37
53.953,-57.33
53.968,-58.81
53.984,-58.16
54.000,-57.78
54.015,-59.79
54.031,-64.78
54.046,-71.63
54.062,-78.16
54.078,-82.45
54.093,-83.64
54.109,-82.4
54.125,-80.12
54.140,-77.97
54.156,-76.06
54.171,-73.41
54.187,-68.51
54.203,-60.46
54.218,-49.48
54.234,-37.18
54.250,-25.76
54.265,-16.94
54.281,-11.04
54.296,-7.01
54.312,-3.05
54.328,2.4
54.343,9.74
54.359,17.91
54.375,25.09
54.390,29.65
54.406,31.09
54.421,30.35
54.437,29.14
54.453,29.13
54.468,31.0
54.484,34.01
54.500,36.59
54.515,37.23
54.531,35.34
54.546,31.64
54.562,27.72
54.578,25.09
54.593,24.52
54.609,25.35
54.625,26.03
54.640,24.98
54.656,21.65
54.671,16.75
54.687,11.98
54.703,9.05
54.718,8.66
54.734,10.05
54.750,11.46
54.765,10.99
54.781,7.86
54.796,2.8
54.812,-2.44
54.828,-6.04
54.843,-7.14
54.859,-6.49
54.875,-5.76
54.890,-6.7
54.906,-10.06
54.921,-15.12
54.937,-20.23
54.953,-23.83
54.968,-25.29
54.984,-25.32
55.000,-25.52
55.015,-27.29
55.031,-31.05
55.046,-35.99
55.062,-40.57
55.078,-43.49
55.093,-44.43
55.109,-44.23
55.125,-44.2
55.140,-45.14
55.156,-46.56
55.171,-46.6
55.187,-42.93
55.203,-33.87
55.218,-19.39
55.234,-1.41
55.250,17.09
55.265,33.22
55.281,45.32
55.296,53.5
55.312,59.12
55.328,63.76
55.343,68.26
55.359,72.12
55.375,74.06
55.390,72.8
55.406,68.11
55.421,61.03
55.437,53.44
55.453,47.1
55.468,42.72
55.484,39.58
55.500,36.17
55.515,31.19
55.531,24.47
55.546,17.31
55.562,11.86
55.578,9.97
55.593,12.27
55.609,17.57
55.625,23.63
55.640,28.24
55.656,30.35
55.671,30.5
55.687,30.38
55.703,31.72
55.718,35.27
55.734,40.24
55.750,44.76
55.765,46.98
55.781,46.16
55.796,43.01
55.812,39.3
55.828,36.77
55.843,36.12
55.859,36.6
55.875,36.6
55.890,34.57
55.906,30.18
55.921,24.51
55.937,19.46
55.953,16.71
55.968,16.71
55.984,18.23
56.000,19.15
56.015,17.7
56.031,13.36
56.046,7.27
56.062,1.49
56.078,-2.14
56.093,-2.94
56.109,-1.89
56.125,-0.99
56.140,-2.15
56.156,-6.17
56.171,-12.43
56.187,-19.29
56.203,-25.06
56.218,-28.89
56.234,-31.1
56.250,-32.78
56.265,-34.96
56.281,-37.79
56.296,-40.38
56.312,-41.4
56.328,-39.9
56.343,-36.18
56.359,-31.98
56.375,-29.58
56.390,-30.71
56.406,-35.42
56.421,-41.91
56.437,-47.38
56.453,-49.43
56.468,-47.24
56.484,-42.28
56.500,-37.39
56.515,-35.45
56.531,-37.92
56.546,-44.07
56.562,-51.4
56.578,-56.97
56.593,-58.66
56.609,-56.16
56.625,-50.76
56.640,-44.27
56.656,-37.87
56.671,-31.58
56.687,-24.56
56.703,-16.15
56.718,-6.75
56.734,1.82
56.750,7.25
56.765,8.03
56.781,4.66
56.796,-0.4
56.812,-3.8
56.828,-2.99
56.843,2.63
56.859,11.42
56.875,20.66
56.890,27.96
56.906,32.47
56.921,35.18
56.937,38.01
56.953,42.78
56.968,50.2
56.984,59.49
57.000,68.95
57.015,76.95
57.031,82.73
57.046,86.73
57.062,90.19
57.078,94.23
57.093,99.32
57.109,104.67
57.125,108.76
57.140,110.02
57.156,108.0
57.171,103.54
57.187,98.34
57.203,94.0
57.218,91.0
57.234,88.2
57.250,83.48
57.265,74.85
57.281,61.54
57.296,44.73
57.312,26.91
57.328,10.77
57.343,-1.95
57.359,-11.33
57.375,-18.83
57.390,-26.47
57.406,-35.63
57.421,-46.45
57.437,-58.1
57.453,-69.59
57.468,-80.59
57.484,-91.82
57.500,-104.73
57.515,-120.42
57.531,-138.84
57.546,-158.51
57.562,-177.15
57.578,-192.81
57.593,-204.76
57.609,-213.97
57.625,-222.3
57.640,-231.46
57.656,-241.77
57.671,-251.71
57.687,-258.7
57.703,-260.2
57.718,-255.07
57.734,-244.25
57.750,-230.35
57.765,-216.42
57.781,-204.6
57.796,-195.13
57.812,-186.5
57.828,-176.5
57.843,-163.3
57.859,-146.47
57.875,-126.96
57.890,-106.41
57.906,-85.99
57.921,-65.85
57.937,-45.12
57.953,-22.72
57.968,1.69
57.984,27.09
58.000,51.32
58.015,71.89
58.031,87.02
58.046,96.25
58.062,100.33
58.078,100.58
58.093,98.24
58.109,93.78
58.125,87.3
58.140,78.94
58.156,69.51
58.171,60.66
58.187,54.22
58.203,51.33
58.218,51.69
58.234,53.5
58.250,54.05
58.265,51.15
58.281,44.12
58.296,34.26
58.312,24.34
58.328,17.18
58.343,14.39
58.359,15.64
58.375,19.16
58.390,22.71
58.406,25.04
58.421,26.39
58.437,28.15
58.453,32.04
58.468,38.87
58.484,48.0
58.500,57.67
58.515,65.98
58.531,71.78
58.546,75.25
58.562,77.4
58.578,79.28
58.593,81.31
58.609,82.71
58.625,82.11
58.640,78.32
58.656,71.23
58.671,62.11
58.687,53.1
58.703,46.13
58.718,42.06
58.734,40.27
58.750,39.04
58.765,36.67
58.781,32.38
58.796,26.64
58.812,20.83
58.828,16.36
58.843,13.82
58.859,12.61
58.875,11.38
58.890,8.79
58.906,4.47
58.921,-0.72
58.937,-5.22
58.953,-7.47
58.968,-6.84
58.984,-3.99
59.000,-0.55
59.015,1.82
59.031,2.23
59.046,1.0
59.062,-0.66
59.078,-1.49
59.093,-0.93
59.109,0.43
59.125,1.22
59.140,0.08
59.156,-3.51
59.171,-8.96
59.187,-14.81
59.203,-19.67
59.218,-22.84
59.234,-24.87
59.250,-27.16
59.265,-31.25
59.281,-37.8
59.296,-46.09
59.312,-54.25
59.328,-59.95
59.343,-61.43
59.359,-58.3
59.375,-51.58
59.390,-43.1
59.406,-34.56
59.421,-26.64
59.437,-18.98
59.453,-10.62
59.468,-0.83
59.484,10.18
59.500,21.29
59.515,31.05
59.531,38.72
59.546,44.6
59.562,49.87
59.578,55.81
59.593,62.94
59.609,70.48
59.625,76.8
59.640,80.31
59.656,80.45
59.671,78.09
59.687,75.06
59.703,73.23
59.718,73.52
59.734,75.44
59.750,77.5
59.765,78.13
59.781,76.62
59.796,73.53
59.812,70.24
59.828,68.15
59.843,67.82
59.859,68.64
59.875,69.12
59.890,67.89
59.906,64.42
59.921,59.46
59.937,54.52
59.953,51.08
59.968,49.75
59.984,49.85
