timestamp,x,y,z
00.000,-0.28125,1.703125,0.078125
00.031,-0.328125,1.671875,0.265625
00.062,-0.65625,1.375,0.46875
00.093,-0.875,1.25,0.453125
00.125,-1.234375,1.15625,0.28125
00.156,-0.921875,0.9375,0.265625
00.187,-0.828125,1.078125,0.28125
00.218,-0.609375,1.21875,0.09375
00.250,-0.59375,1.609375,-0.03125
00.281,-0.484375,1.984375,-0.09375
00.312,-0.3125,1.984375,-0.140625
00.343,-0.28125,1.984375,-0.046875
00.375,-0.140625,1.9375,0.015625
00.406,-0.15625,1.796875,-0.0625
00.437,-0.171875,1.578125,-0.265625
00.468,-0.25,1.296875,-0.25
00.500,-0.296875,1.203125,-0.1875
00.531,-0.125,1.0625,-0.046875
00.562,-0.015625,1.0625,-0.0625
00.593,-0.03125,1.1875,-0.0625
00.625,0.109375,1.109375,-0.046875
00.656,0.234375,1.0625,0.0
00.687,0.40625,0.84375,0.046875
00.718,0.296875,0.578125,-0.03125
00.750,0.21875,0.59375,-0.046875
00.781,-0.15625,0.765625,-0.140625
00.812,-0.203125,0.953125,-0.15625
00.843,-0.328125,1.3125,-0.25
00.875,-0.484375,1.734375,-0.25
00.906,-0.453125,1.859375,-0.21875
00.937,-0.671875,1.984375,-0.1875
00.968,-0.625,1.984375,-0.25
01.000,-0.34375,1.984375,-0.265625
01.031,-0.515625,1.984375,0.25
01.062,-0.5625,1.734375,0.421875
01.093,-0.90625,1.40625,0.484375
01.125,-1.171875,1.203125,0.3125
01.156,-1.109375,1.0625,0.265625
01.187,-0.890625,1.21875,0.25
01.218,-0.78125,1.296875,0.09375
01.250,-0.625,1.890625,-0.171875
01.281,-0.3125,1.984375,-0.265625
01.312,-0.25,1.984375,-0.125
01.343,-0.125,1.90625,0.109375
01.375,-0.09375,1.5625,0.171875
01.406,-0.125,1.359375,-0.015625
01.437,-0.171875,1.296875,-0.265625
01.468,-0.25,1.28125,-0.34375
01.500,-0.3125,1.1875,-0.375
01.531,-0.078125,1.109375,-0.203125
01.562,0.0625,1.0625,-0.125
01.593,0.1875,1.109375,-0.078125
01.625,0.265625,0.984375,-0.0625
01.656,0.375,0.8125,0.015625
01.687,0.28125,0.6875,0.0
01.718,0.171875,0.828125,-0.109375
01.750,-0.125,1.0,-0.21875
01.781,-0.203125,1.203125,-0.234375
01.812,-0.34375,1.359375,-0.25
01.843,-0.46875,1.640625,-0.15625
01.875,-0.59375,1.703125,-0.109375
01.906,-0.515625,1.734375,-0.046875
01.937,-0.34375,1.65625,0.0
01.968,-0.203125,1.65625,0.140625
02.000,-0.359375,1.734375,0.25
02.031,-0.46875,1.59375,0.34375
02.062,-0.6875,1.265625,0.421875
02.093,-0.859375,1.203125,0.40625
02.125,-0.8125,1.140625,0.34375
02.156,-0.703125,1.234375,0.25
02.187,-0.625,1.296875,0.1875
02.218,-0.53125,1.515625,0.046875
02.250,-0.4375,1.84375,-0.0625
02.281,-0.359375,1.84375,-0.109375
02.312,-0.234375,1.828125,-0.0625
02.343,-0.1875,1.609375,-0.046875
02.375,-0.140625,1.234375,-0.078125
02.406,-0.171875,1.125,-0.15625
02.437,-0.203125,1.109375,-0.203125
02.468,-0.265625,1.125,-0.265625
02.500,-0.28125,1.15625,-0.28125
02.531,-0.078125,1.0625,-0.1875
02.562,0.234375,1.109375,-0.015625
02.593,0.3125,1.078125,0.03125
02.625,0.40625,0.8125,0.0625
02.656,0.203125,0.828125,0.015625
02.687,0.140625,1.03125,-0.015625
02.718,0.03125,1.46875,-0.25
02.750,-0.1875,1.421875,-0.265625
02.781,-0.46875,1.3125,-0.125
02.812,-0.390625,1.203125,0.015625
02.843,-0.328125,1.203125,0.03125
02.875,-0.296875,1.34375,0.03125
02.906,-0.296875,1.34375,0.03125
02.937,-0.25,1.203125,0.109375
02.968,-0.359375,1.390625,0.1875
03.000,-0.484375,1.5,0.25
03.031,-0.703125,1.46875,0.5
03.062,-0.765625,1.40625,0.59375
03.093,-0.78125,1.359375,0.6875
03.125,-0.578125,1.296875,0.515625
03.156,-0.515625,1.390625,0.375
03.187,-0.515625,1.609375,0.0625
03.218,-0.515625,1.984375,-0.15625
03.250,-0.421875,1.984375,-0.1875
03.281,-0.3125,1.984375,-0.09375
03.312,-0.1875,1.984375,-0.046875
03.343,-0.109375,1.40625,0.0
03.375,-0.078125,1.140625,-0.125
03.406,-0.15625,1.109375,-0.21875
03.437,-0.296875,1.0625,-0.34375
03.468,-0.34375,1.078125,-0.40625
03.500,-0.234375,1.125,-0.390625
03.531,-0.03125,1.078125,-0.171875
03.562,0.0,1.0625,-0.0625
03.593,0.25,0.96875,0.046875
03.625,0.328125,0.65625,0.125
03.656,0.21875,0.6875,0.15625
03.687,0.09375,0.640625,0.09375
03.718,0.09375,0.828125,0.015625
03.750,-0.125,1.015625,-0.09375
03.781,-0.28125,1.296875,-0.09375
03.812,-0.3125,1.390625,-0.0625
03.843,-0.390625,1.671875,-0.03125
03.875,-0.484375,1.859375,-0.015625
03.906,-0.5,1.984375,-0.0625
03.937,-0.296875,1.984375,-0.078125
03.968,-0.34375,1.984375,0.0
04.000,-0.609375,1.515625,0.171875
04.031,-0.8125,1.4375,0.375
04.062,-1.453125,1.171875,0.28125
04.093,-1.28125,1.203125,0.1875
04.125,-1.0,1.1875,0.203125
04.156,-0.5625,1.34375,0.15625
04.187,-0.484375,1.765625,0.0
04.218,-0.375,1.984375,-0.0625
04.250,-0.0625,1.984375,-0.09375
04.281,-0.046875,1.984375,0.0
04.312,-0.09375,1.984375,0.03125
04.343,-0.078125,1.546875,-0.03125
04.375,-0.109375,1.390625,-0.15625
04.406,-0.25,1.15625,-0.296875
04.437,-0.3125,1.140625,-0.328125
04.468,-0.125,1.15625,-0.296875
04.500,-0.015625,1.390625,-0.3125
04.531,0.09375,1.484375,-0.3125
04.562,0.484375,1.09375,-0.15625
04.593,0.390625,0.828125,0.015625
04.625,0.25,0.8125,0.0
04.656,0.140625,0.734375,-0.109375
04.687,0.0625,0.8125,-0.1875
04.718,-0.15625,1.09375,-0.15625
04.750,-0.28125,1.34375,-0.125
04.781,-0.359375,1.5625,-0.09375
04.812,-0.546875,1.96875,-0.0625
04.843,-0.671875,1.984375,-0.015625
04.875,-0.40625,1.828125,0.046875
04.906,-0.09375,1.734375,0.28125
04.937,-0.125,1.734375,0.453125
04.968,-0.375,1.5625,0.46875
05.000,-0.921875,1.421875,0.265625
05.031,-1.140625,1.234375,0.140625
05.062,-1.109375,0.96875,-0.03125
05.093,-1.015625,1.109375,0.0
05.125,-0.703125,1.359375,-0.015625
05.156,-0.484375,1.984375,-0.0625
05.187,-0.359375,1.984375,-0.078125
05.218,-0.203125,1.984375,-0.140625
05.250,-0.140625,1.984375,-0.125
05.281,-0.078125,1.625,-0.09375
05.312,-0.125,1.359375,-0.140625
05.343,-0.125,1.296875,-0.1875
05.375,-0.21875,1.21875,-0.28125
05.406,-0.265625,1.1875,-0.3125
05.437,-0.28125,1.1875,-0.3125
05.468,-0.09375,1.25,-0.1875
05.500,-0.015625,1.265625,-0.15625
05.531,0.203125,1.15625,-0.109375
05.562,0.25,1.078125,-0.0625
05.593,0.21875,0.859375,0.046875
05.625,0.21875,0.671875,0.046875
05.656,0.078125,0.734375,0.015625
05.687,-0.1875,1.03125,-0.0625
05.718,-0.21875,1.25,-0.109375
05.750,-0.234375,1.375,-0.125
05.781,-0.40625,1.6875,-0.046875
05.812,-0.453125,1.78125,0.03125
05.843,-0.578125,1.8125,0.15625
05.875,-0.3125,1.453125,0.1875
05.906,-0.296875,1.328125,0.234375
05.937,-0.359375,1.265625,0.265625
05.968,-0.4375,1.296875,0.265625
06.000,-0.71875,1.25,0.109375
06.031,-0.9375,1.109375,0.0625
06.062,-0.90625,0.96875,0.046875
06.093,-0.84375,1.25,0.09375
06.125,-0.8125,1.828125,0.078125
06.156,-0.53125,1.984375,-0.015625
06.187,-0.28125,1.984375,-0.171875
06.218,-0.1875,1.984375,-0.21875
06.250,-0.046875,1.984375,-0.15625
06.281,-0.109375,1.578125,-0.109375
06.312,-0.140625,1.421875,-0.125
06.343,-0.125,1.140625,-0.125
06.375,-0.1875,1.09375,-0.171875
06.406,-0.171875,1.046875,-0.21875
06.437,-0.234375,1.171875,-0.15625
06.468,-0.3125,1.28125,-0.03125
06.500,-0.15625,1.3125,-0.09375
06.531,0.046875,1.25,-0.078125
06.562,0.4375,1.0625,0.0625
06.593,0.5,0.78125,0.0
06.625,0.25,0.640625,0.015625
06.656,-0.296875,0.875,-0.03125
06.687,-0.25,0.84375,-0.09375
06.718,-0.21875,0.921875,-0.09375
06.750,-0.1875,1.171875,-0.0625
06.781,-0.234375,1.359375,-0.0625
06.812,-0.46875,1.75,-0.03125
06.843,-0.5,1.859375,-0.09375
06.875,-0.40625,1.9375,-0.171875
06.906,-0.40625,1.953125,-0.0625
06.937,-0.5,1.859375,0.078125
06.968,-0.84375,1.53125,0.375
07.000,-1.390625,1.171875,0.3125
07.031,-1.484375,1.03125,0.15625
07.062,-1.203125,1.390625,0.1875
07.093,-0.65625,1.78125,0.125
07.125,-0.5,1.8125,-0.078125
07.156,-0.21875,1.9375,-0.1875
07.187,-0.171875,1.984375,-0.125
07.218,-0.25,1.984375,0.078125
07.250,-0.328125,1.5625,0.078125
07.281,-0.28125,1.4375,0.046875
07.312,-0.171875,1.25,-0.125
07.343,-0.21875,1.203125,-0.1875
07.375,-0.21875,1.09375,-0.25
07.406,0.03125,1.015625,-0.15625
07.437,0.078125,1.109375,-0.09375
07.468,0.234375,1.203125,-0.0625
07.500,0.3125,1.0625,-0.09375
07.531,0.296875,1.09375,0.0
07.562,0.1875,0.984375,-0.03125
07.593,0.1875,1.015625,-0.109375
07.625,-0.140625,1.03125,-0.109375
07.656,-0.296875,1.15625,-0.109375
07.687,-0.265625,1.171875,-0.109375
07.718,-0.3125,1.40625,-0.078125
07.750,-0.34375,1.5625,-0.03125
07.781,-0.46875,1.828125,0.015625
07.812,-0.25,1.671875,-0.03125
07.843,-0.25,1.703125,-0.015625
07.875,-0.5,1.6875,0.1875
07.906,-0.671875,1.5625,0.3125
07.937,-1.328125,1.296875,0.1875
07.968,-1.390625,1.0625,0.0
08.000,-1.078125,1.03125,0.09375
08.031,-0.71875,1.21875,0.1875
08.062,-0.625,1.296875,0.109375
08.093,-0.625,1.828125,-0.09375
08.125,-0.453125,1.984375,-0.125
08.156,-0.390625,1.984375,-0.0625
08.187,-0.265625,1.984375,0.03125
08.218,-0.171875,1.78125,0.03125
08.250,-0.140625,1.65625,-0.0625
08.281,-0.125,1.484375,-0.25
08.312,-0.125,1.359375,-0.28125
08.343,-0.15625,1.171875,-0.25
08.375,-0.078125,1.0625,-0.171875
08.406,-0.125,1.21875,-0.15625
08.437,0.0,1.25,-0.171875
08.468,0.109375,1.21875,-0.15625
08.500,0.3125,0.9375,-0.0625
08.531,0.25,0.671875,0.0
08.562,0.15625,0.59375,0.0625
08.593,0.15625,0.65625,-0.03125
08.625,0.03125,0.703125,-0.109375
08.656,-0.125,1.171875,-0.1875
08.687,-0.234375,1.578125,-0.203125
08.718,-0.3125,1.859375,-0.1875
08.750,-0.671875,1.984375,-0.09375
08.781,-0.5625,1.984375,-0.125
08.812,-0.34375,1.984375,-0.15625
08.843,-0.59375,1.640625,-0.015625
08.875,-0.59375,1.578125,0.15625
08.906,-0.75,1.375,0.109375
08.937,-1.375,1.21875,-0.0625
08.968,-1.421875,1.03125,0.0625
09.000,-1.359375,1.046875,0.1875
09.031,-1.1875,1.203125,0.125
09.062,-0.75,1.984375,-0.21875
09.093,-0.203125,1.984375,-0.265625
09.125,0.03125,1.984375,-0.234375
09.156,0.0,1.984375,0.078125
09.187,-0.359375,1.984375,-0.0625
09.218,-0.390625,1.84375,-0.15625
09.250,-0.25,1.65625,-0.3125
09.281,-0.28125,1.53125,-0.359375
09.312,-0.265625,1.359375,-0.40625
09.343,-0.1875,1.375,-0.375
09.375,-0.15625,1.484375,-0.328125
09.406,-0.046875,1.484375,-0.25
09.437,0.140625,1.40625,-0.203125
09.468,0.3125,1.109375,-0.0625
09.500,0.28125,0.5625,0.0625
09.531,0.21875,0.484375,0.078125
09.562,0.0,0.359375,0.109375
09.593,-0.109375,0.59375,0.109375
09.625,-0.15625,0.890625,0.0625
09.656,-0.3125,1.1875,-0.0625
09.687,-0.328125,1.375,-0.125
09.718,-0.15625,1.578125,-0.203125
09.750,-0.125,1.984375,-0.1875
09.781,-0.265625,1.984375,-0.25
09.812,-0.5,1.984375,-0.34375
09.843,-0.75,1.984375,-0.453125
09.875,-1.1875,1.84375,-0.421875
09.906,-1.71875,1.0625,-0.265625
09.937,-1.640625,0.765625,-0.21875
09.968,-1.140625,0.921875,-0.078125
10.000,-0.921875,1.296875,0.15625
10.031,-0.875,1.484375,0.109375
10.062,-0.640625,1.984375,0.0
10.093,-0.421875,1.984375,-0.078125
10.125,-0.265625,1.984375,-0.0625
10.156,-0.09375,1.828125,0.015625
10.187,-0.09375,1.671875,0.0
10.218,-0.09375,1.453125,-0.0625
10.250,-0.078125,1.328125,-0.109375
10.281,-0.1875,1.21875,-0.171875
10.312,-0.234375,1.296875,-0.1875
10.343,-0.140625,1.34375,-0.15625
10.375,0.1875,1.234375,-0.09375
10.406,0.234375,1.234375,-0.125
10.437,0.28125,1.046875,-0.171875
10.468,0.25,0.90625,-0.078125
10.500,0.1875,0.859375,-0.046875
10.531,0.125,0.921875,-0.140625
10.562,-0.015625,0.984375,-0.1875
10.593,-0.21875,1.171875,-0.234375
10.625,-0.203125,1.4375,-0.234375
10.656,-0.28125,1.53125,-0.21875
10.687,-0.59375,1.875,-0.078125
10.718,-0.6875,1.859375,-0.015625
10.750,-0.5,1.765625,-0.078125
10.781,-0.359375,1.703125,0.0
10.812,-0.375,1.6875,0.109375
10.843,-0.6875,1.640625,0.265625
10.875,-1.140625,1.421875,0.25
10.906,-1.1875,1.234375,0.171875
10.937,-1.03125,1.078125,0.140625
10.968,-0.921875,1.40625,0.203125
11.000,-0.65625,1.53125,0.046875
11.031,-0.484375,1.984375,-0.046875
11.062,-0.28125,1.984375,-0.109375
11.093,-0.078125,1.984375,-0.09375
11.125,-0.046875,1.984375,-0.078125
11.156,-0.0625,1.6875,-0.046875
11.187,-0.15625,1.359375,-0.09375
11.218,-0.171875,1.21875,-0.140625
11.250,-0.203125,1.09375,-0.234375
11.281,-0.140625,1.140625,-0.25
11.312,-0.09375,1.203125,-0.21875
11.343,0.078125,1.171875,-0.171875
11.375,0.171875,1.171875,-0.203125
11.406,0.234375,1.03125,-0.171875
11.437,0.28125,0.78125,-0.078125
11.468,0.203125,0.734375,-0.046875
11.500,0.015625,0.859375,-0.09375
11.531,-0.109375,1.015625,-0.125
11.562,-0.203125,1.203125,-0.171875
11.593,-0.171875,1.46875,-0.1875
11.625,-0.234375,1.59375,-0.15625
11.656,-0.484375,1.90625,-0.078125
11.687,-0.609375,1.921875,-0.015625
11.718,-0.5,1.84375,0.015625
11.750,-0.375,1.703125,0.1875
11.781,-0.375,1.59375,0.3125
11.812,-0.390625,1.390625,0.28125
11.843,-0.71875,1.484375,0.1875
11.875,-0.828125,1.3125,0.09375
11.906,-0.96875,1.1875,0.0
11.937,-1.015625,1.28125,0.0625
11.968,-0.921875,1.359375,0.09375
12.000,-0.6875,1.734375,-0.046875
12.031,-0.53125,1.875,-0.15625
12.062,-0.15625,1.984375,-0.296875
12.093,0.015625,1.984375,-0.25
12.125,0.09375,1.828125,-0.078125
12.156,-0.09375,1.40625,-0.015625
12.187,-0.109375,1.265625,-0.0625
12.218,-0.171875,1.109375,-0.1875
12.250,-0.1875,1.0625,-0.28125
12.281,-0.171875,1.109375,-0.28125
12.312,-0.0625,1.28125,-0.203125
12.343,0.046875,1.203125,-0.140625
12.375,0.171875,0.953125,-0.0625
12.406,0.234375,0.828125,0.015625
12.437,0.25,0.75,0.03125
12.468,0.15625,0.78125,0.0
12.500,0.125,0.875,-0.109375
12.531,-0.09375,1.125,-0.234375
12.562,-0.296875,1.3125,-0.3125
12.593,-0.265625,1.328125,-0.3125
12.625,-0.234375,1.5,-0.171875
12.656,-0.28125,1.515625,-0.0625
12.687,-0.515625,1.5625,0.09375
12.718,-0.484375,1.515625,0.109375
12.750,-0.453125,1.59375,0.0625
12.781,-0.46875,1.625,-0.03125
12.812,-0.65625,1.515625,0.015625
12.843,-0.859375,1.453125,0.046875
12.875,-1.203125,1.21875,0.125
12.906,-1.203125,1.109375,0.171875
12.937,-1.03125,1.03125,0.25
12.968,-0.875,1.34375,0.203125
13.000,-0.78125,1.640625,0.078125
13.031,-0.46875,1.984375,-0.171875
13.062,-0.296875,1.984375,-0.265625
13.093,-0.125,1.984375,-0.140625
13.125,-0.0625,1.953125,-0.03125
13.156,-0.125,1.734375,-0.015625
13.187,-0.15625,1.4375,-0.140625
13.218,-0.1875,1.28125,-0.234375
13.250,-0.203125,1.203125,-0.28125
13.281,-0.1875,1.109375,-0.34375
13.312,-0.171875,1.0625,-0.3125
13.343,-0.09375,1.078125,-0.15625
13.375,0.046875,1.09375,-0.140625
13.406,0.15625,1.015625,-0.078125
13.437,0.140625,0.921875,0.0625
13.468,0.109375,0.921875,0.0625
13.500,0.1875,0.765625,0.046875
13.531,-0.015625,0.890625,-0.03125
13.562,-0.15625,0.984375,-0.046875
13.593,-0.234375,1.203125,-0.078125
13.625,-0.25,1.296875,-0.0625
13.656,-0.28125,1.453125,0.0
13.687,-0.375,1.671875,0.046875
13.718,-0.359375,1.640625,0.0625
13.750,-0.296875,1.703125,0.0625
13.781,-0.4375,1.796875,0.125
13.812,-0.515625,1.71875,0.1875
13.843,-0.765625,1.640625,0.296875
13.875,-0.9375,1.59375,0.28125
13.906,-1.046875,1.203125,0.21875
13.937,-0.796875,1.0,0.171875
13.968,-0.703125,1.109375,0.1875
14.000,-0.734375,1.25,-0.0625
14.031,-0.734375,1.6875,-0.140625
14.062,-0.46875,1.984375,-0.203125
14.093,-0.265625,1.984375,-0.125
14.125,-0.140625,1.984375,-0.03125
14.156,-0.015625,1.640625,0.015625
14.187,-0.0625,1.5,-0.03125
14.218,-0.0625,1.28125,-0.1875
14.250,-0.21875,1.15625,-0.265625
14.281,-0.25,1.140625,-0.28125
14.312,-0.203125,1.15625,-0.203125
14.343,-0.0625,1.265625,-0.109375
14.375,0.046875,1.28125,-0.09375
14.406,0.265625,1.015625,-0.015625
14.437,0.28125,0.90625,0.03125
14.468,0.171875,0.84375,0.046875
14.500,0.046875,0.796875,-0.03125
14.531,0.0,0.78125,-0.046875
14.562,-0.171875,0.984375,-0.09375
14.593,-0.1875,1.078125,-0.125
14.625,-0.171875,1.34375,-0.125
14.656,-0.328125,1.671875,-0.078125
14.687,-0.46875,1.78125,-0.03125
14.718,-0.625,1.765625,0.09375
14.750,-0.46875,1.703125,0.109375
14.781,-0.1875,1.640625,0.15625
14.812,-0.234375,1.625,0.265625
14.843,-0.34375,1.5625,0.28125
14.875,-0.6875,1.5,0.203125
14.906,-0.953125,1.21875,0.140625
14.937,-0.9375,1.03125,0.109375
14.968,-0.890625,1.03125,0.203125
15.000,-0.75,1.328125,0.109375
15.031,-0.734375,1.875,0.015625
15.062,-0.296875,1.984375,-0.1875
15.093,-0.1875,1.984375,-0.234375
15.125,-0.046875,1.984375,-0.140625
15.156,-0.078125,1.921875,-0.078125
15.187,-0.140625,1.4375,0.0
15.218,-0.1875,1.078125,-0.046875
15.250,-0.203125,0.96875,-0.09375
15.281,-0.140625,0.828125,-0.15625
15.312,-0.03125,0.75,-0.125
15.343,0.015625,0.765625,-0.109375
15.375,-0.03125,0.890625,-0.015625
15.406,-0.03125,0.953125,-0.03125
15.437,0.125,0.890625,-0.015625
15.468,0.125,0.796875,0.0625
15.500,0.09375,0.796875,0.109375
15.531,0.125,0.953125,-0.03125
15.562,-0.015625,1.125,-0.125
15.593,-0.28125,1.5625,-0.171875
15.625,-0.375,1.90625,-0.203125
15.656,-0.421875,1.984375,-0.1875
15.687,-0.671875,1.984375,-0.109375
15.718,-0.6875,1.828125,0.0
15.750,-0.3125,1.375,0.125
15.781,0.0625,1.25,0.265625
15.812,-0.046875,1.28125,0.15625
15.843,-0.25,1.390625,0.078125
15.875,-0.6875,1.328125,-0.046875
15.906,-0.9375,1.296875,-0.109375
15.937,-1.1875,1.046875,-0.09375
15.968,-1.109375,0.921875,-0.046875
16.000,-0.921875,1.078125,0.109375
16.031,-0.65625,1.5,0.171875
16.062,-0.46875,1.796875,0.125
16.093,-0.40625,1.984375,0.109375
16.125,-0.515625,1.984375,0.0625
16.156,-0.65625,1.984375,0.0625
16.187,-1.046875,1.984375,0.046875
16.218,-1.109375,1.984375,0.125
16.250,-0.921875,1.859375,0.234375
16.281,-0.890625,1.5,0.265625
16.312,-1.046875,1.40625,0.1875
16.343,-1.28125,1.3125,0.03125
16.375,-1.296875,1.203125,0.03125
16.406,-0.984375,0.828125,0.0625
16.437,-0.609375,0.40625,0.125
16.468,-0.390625,0.28125,0.171875
16.500,0.078125,0.03125,0.203125
16.531,0.265625,0.0,0.1875
16.562,0.625,-0.234375,0.375
16.593,0.609375,-0.265625,0.609375
16.625,0.578125,-0.25,0.65625
16.656,0.390625,-0.296875,0.640625
16.687,0.375,-0.296875,0.609375
16.718,0.34375,-0.28125,0.5
16.750,0.28125,-0.3125,0.46875
16.781,0.28125,-0.359375,0.5
16.812,0.3125,-0.46875,0.453125
16.843,0.5,-0.640625,0.453125
16.875,0.609375,-0.734375,0.40625
16.906,0.6875,-0.6875,0.359375
16.937,0.875,-0.765625,0.4375
16.968,0.828125,-0.890625,0.390625
17.000,0.765625,-1.046875,0.296875
17.031,0.703125,-1.046875,0.34375
17.062,0.5625,-1.03125,0.375
17.093,0.515625,-0.96875,0.390625
17.125,0.375,-0.8125,0.390625
17.156,0.390625,-0.71875,0.359375
17.187,0.359375,-0.703125,0.328125
17.218,0.296875,-0.625,0.296875
17.250,0.28125,-0.578125,0.296875
17.281,0.28125,-0.5,0.3125
17.312,0.375,-0.46875,0.3125
17.343,0.390625,-0.5,0.34375
17.375,0.34375,-0.625,0.375
17.406,0.453125,-0.796875,0.5
17.437,0.484375,-0.859375,0.5
17.468,0.34375,-1.078125,0.5625
17.500,0.359375,-1.0,0.609375
17.531,0.546875,-0.96875,0.625
17.562,0.59375,-0.953125,0.5625
17.593,0.484375,-0.890625,0.59375
17.625,0.46875,-0.75,0.671875
17.656,0.328125,-0.671875,0.625
17.687,0.359375,-0.59375,0.609375
17.718,0.203125,-0.484375,0.484375
17.750,0.078125,-0.484375,0.359375
17.781,0.21875,-0.484375,0.359375
17.812,0.265625,-0.453125,0.3125
17.843,0.40625,-0.359375,0.234375
17.875,0.734375,-0.3125,0.28125
17.906,0.890625,-0.328125,0.328125
17.937,1.09375,-0.359375,0.28125
17.968,1.34375,-0.25,0.28125
18.000,1.46875,-0.25,0.359375
18.031,1.40625,-0.46875,0.40625
18.062,1.296875,-0.640625,0.4375
18.093,0.890625,-0.703125,0.4375
18.125,0.6875,-0.625,0.328125
18.156,0.609375,-0.578125,0.28125
18.187,0.953125,-0.484375,0.546875
18.218,0.96875,-0.328125,0.53125
18.250,0.34375,-0.1875,0.4375
18.281,0.265625,-0.296875,0.40625
18.312,0.234375,-0.28125,0.265625
18.343,0.0625,-0.4375,0.5
18.375,0.09375,-0.296875,0.75
18.406,0.015625,-0.25,0.765625
18.437,-0.078125,-0.1875,0.6875
18.468,-0.171875,-0.125,0.640625
18.500,-0.34375,-0.046875,0.4375
18.531,-0.5625,0.328125,-0.03125
18.562,-0.703125,0.5625,-0.234375
18.593,-1.109375,0.71875,-0.765625
18.625,-1.140625,0.875,-0.84375
18.656,-1.15625,1.453125,-0.46875
18.687,-0.984375,1.40625,-0.046875
18.718,-0.78125,1.5,-0.0625
18.750,-0.6875,1.890625,-0.328125
18.781,-0.8125,1.984375,-0.46875
18.812,-0.828125,1.984375,-0.4375
18.843,-1.125,1.984375,-0.203125
18.875,-1.203125,1.984375,-0.1875
18.906,-0.71875,1.609375,0.0
18.937,-0.625,1.28125,0.328125
18.968,-0.65625,1.328125,0.375
19.000,-0.703125,1.328125,0.296875
19.031,-0.859375,1.375,0.265625
19.062,-1.03125,1.34375,0.171875
19.093,-0.703125,1.265625,0.015625
19.125,-0.53125,1.34375,-0.03125
19.156,-0.1875,1.5625,-0.203125
19.187,-0.078125,1.78125,-0.21875
19.218,-0.109375,1.875,-0.046875
19.250,-0.203125,1.453125,0.046875
19.281,-0.109375,1.328125,0.078125
19.312,-0.109375,1.203125,0.015625
19.343,-0.234375,1.21875,-0.1875
19.375,-0.3125,1.328125,-0.21875
19.406,-0.328125,1.625,-0.3125
19.437,-0.1875,1.65625,-0.3125
19.468,0.046875,1.46875,-0.25
19.500,0.140625,1.25,-0.09375
19.531,0.234375,1.046875,-0.078125
19.562,0.328125,0.765625,-0.015625
19.593,0.203125,0.671875,-0.015625
19.625,-0.046875,0.640625,0.015625
19.656,-0.109375,0.78125,0.03125
19.687,-0.140625,0.859375,-0.015625
19.718,-0.125,1.09375,-0.078125
19.750,-0.171875,1.28125,-0.09375
19.781,-0.34375,1.578125,-0.078125
19.812,-0.5625,1.8125,-0.015625
19.843,-0.609375,1.8125,0.015625
19.875,-0.515625,1.59375,0.140625
19.906,-0.421875,1.34375,0.28125
19.937,-0.46875,1.3125,0.296875
19.968,-0.59375,1.34375,0.15625
20.000,-0.765625,1.421875,0.078125
20.031,-0.796875,1.328125,0.078125
20.062,-0.671875,1.171875,0.0
20.093,-0.609375,1.28125,0.0
20.125,-0.421875,1.4375,-0.078125
20.156,-0.296875,1.578125,-0.125
20.187,-0.109375,1.796875,-0.125
20.218,-0.109375,1.546875,-0.09375
20.250,-0.109375,1.40625,-0.078125
20.281,-0.125,1.140625,-0.0625
20.312,-0.171875,1.046875,-0.078125
20.343,-0.203125,0.96875,-0.15625
20.375,-0.234375,1.078125,-0.21875
20.406,-0.25,1.21875,-0.1875
20.437,-0.203125,1.453125,-0.171875
20.468,0.078125,1.28125,-0.109375
20.500,0.140625,1.296875,-0.078125
20.531,0.421875,1.15625,-0.078125
20.562,0.453125,0.9375,-0.078125
20.593,0.03125,1.078125,-0.03125
20.625,-0.234375,1.078125,-0.078125
20.656,-0.25,1.140625,-0.09375
20.687,-0.15625,1.203125,-0.140625
20.718,-0.140625,1.265625,-0.140625
20.750,-0.234375,1.328125,-0.046875
20.781,-0.390625,1.40625,0.078125
20.812,-0.453125,1.421875,0.125
20.843,-0.375,1.40625,0.03125
20.875,-0.34375,1.453125,0.0
20.906,-0.4375,1.4375,0.09375
20.937,-0.59375,1.25,0.03125
20.968,-0.703125,1.25,0.0
21.000,-0.90625,1.21875,-0.0625
21.031,-0.953125,1.21875,0.078125
21.062,-0.890625,1.234375,0.078125
21.093,-0.671875,1.46875,0.015625
21.125,-0.53125,1.5625,-0.046875
21.156,-0.265625,1.96875,-0.21875
21.187,0.015625,1.984375,-0.203125
21.218,0.0,1.9375,-0.109375
21.250,-0.140625,1.484375,0.046875
21.281,-0.1875,1.28125,0.078125
21.312,-0.203125,1.0625,0.03125
21.343,-0.1875,0.96875,-0.03125
21.375,-0.171875,0.953125,-0.078125
21.406,-0.125,0.96875,-0.140625
21.437,-0.0625,1.0,-0.125
21.468,-0.015625,1.078125,-0.09375
21.500,0.0625,0.984375,-0.09375
21.531,0.09375,0.96875,-0.0625
21.562,0.078125,1.0,-0.09375
21.593,-0.03125,1.078125,-0.109375
21.625,-0.140625,1.1875,-0.109375
21.656,-0.234375,1.34375,-0.125
21.687,-0.21875,1.4375,-0.15625
21.718,-0.1875,1.65625,-0.234375
21.750,-0.296875,1.734375,-0.203125
21.781,-0.359375,1.671875,-0.125
21.812,-0.390625,1.5,-0.015625
21.843,-0.34375,1.390625,0.0
21.875,-0.296875,1.1875,0.046875
21.906,-0.40625,1.234375,0.0625
21.937,-0.4375,1.203125,0.03125
21.968,-0.703125,1.21875,-0.0625
22.000,-0.828125,1.125,-0.140625
22.031,-0.859375,1.125,-0.140625
22.062,-0.859375,1.375,0.046875
22.093,-0.78125,1.296875,0.140625
22.125,-0.6875,1.234375,0.125
22.156,-0.59375,1.515625,0.03125
22.187,-0.5,1.65625,-0.0625
22.218,-0.265625,1.984375,-0.265625
22.250,-0.140625,1.984375,-0.3125
22.281,-0.03125,1.984375,-0.21875
22.312,-0.109375,1.71875,-0.078125
22.343,-0.125,1.515625,-0.0625
22.375,-0.171875,1.25,-0.109375
22.406,-0.203125,1.15625,-0.1875
22.437,-0.25,1.109375,-0.203125
22.468,-0.265625,1.140625,-0.234375
22.500,-0.234375,1.140625,-0.25
22.531,-0.09375,1.15625,-0.1875
22.562,0.078125,0.9375,-0.046875
22.593,0.125,0.859375,0.0
22.625,0.046875,0.921875,0.09375
22.656,0.09375,0.828125,0.09375
22.687,0.03125,0.890625,0.046875
22.718,-0.0625,1.046875,-0.03125
22.750,-0.109375,1.125,-0.078125
22.781,-0.125,1.296875,-0.140625
22.812,-0.140625,1.4375,-0.171875
22.843,-0.265625,1.671875,-0.203125
22.875,-0.5,1.796875,-0.140625
22.906,-0.5,1.734375,-0.125
22.937,-0.46875,1.515625,-0.109375
22.968,-0.65625,1.34375,0.109375
23.000,-0.671875,1.328125,0.140625
23.031,-0.703125,1.265625,0.140625
23.062,-0.75,1.296875,0.09375
23.093,-0.765625,1.296875,0.078125
23.125,-0.703125,1.203125,0.109375
23.156,-0.671875,1.265625,0.140625
23.187,-0.6875,1.359375,0.203125
23.218,-0.671875,1.4375,0.15625
23.250,-0.484375,1.515625,-0.015625
23.281,-0.265625,1.8125,-0.15625
23.312,-0.140625,1.953125,-0.203125
23.343,-0.015625,1.96875,-0.1875
23.375,-0.0625,1.84375,-0.140625
23.406,-0.140625,1.328125,-0.09375
23.437,-0.15625,1.046875,-0.078125
23.468,-0.15625,0.96875,-0.109375
23.500,-0.171875,0.890625,-0.1875
23.531,-0.25,0.921875,-0.1875
23.562,-0.265625,1.03125,-0.15625
23.593,-0.21875,1.140625,-0.1875
23.625,-0.109375,1.125,-0.15625
23.656,0.0625,0.984375,-0.03125
23.687,0.078125,0.828125,0.09375
23.718,0.046875,0.828125,0.125
23.750,0.109375,0.71875,0.078125
23.781,0.046875,0.84375,0.03125
23.812,-0.109375,1.265625,-0.015625
23.843,-0.203125,1.609375,-0.09375
23.875,-0.21875,1.84375,-0.15625
23.906,-0.265625,1.984375,-0.21875
23.937,-0.375,1.984375,-0.15625
23.968,-0.421875,1.515625,0.046875
24.000,-0.3125,1.078125,0.046875
24.031,-0.328125,0.9375,0.125
24.062,-0.421875,1.0625,0.109375
24.093,-0.53125,1.0625,0.0
24.125,-0.59375,1.046875,-0.078125
24.156,-0.8125,1.15625,-0.1875
24.187,-0.859375,1.21875,-0.140625
24.218,-0.734375,1.140625,0.0
24.250,-0.609375,1.234375,0.140625
24.281,-0.578125,1.28125,0.171875
24.312,-0.609375,1.453125,0.0625
24.343,-0.59375,1.5625,-0.03125
24.375,-0.421875,1.796875,-0.1875
24.406,-0.1875,1.984375,-0.28125
24.437,-0.078125,1.984375,-0.25
24.468,-0.015625,1.671875,-0.125
24.500,-0.046875,1.265625,-0.0625
24.531,-0.109375,1.15625,-0.046875
24.562,-0.1875,1.03125,-0.125
24.593,-0.1875,0.984375,-0.171875
24.625,-0.25,0.9375,-0.1875
24.656,-0.25,0.953125,-0.1875
24.687,-0.234375,0.96875,-0.203125
24.718,-0.0625,1.03125,-0.109375
24.750,0.046875,0.890625,-0.03125
24.781,0.21875,0.703125,0.078125
24.812,0.21875,0.734375,0.078125
24.843,0.125,0.84375,0.046875
24.875,-0.09375,1.28125,0.046875
24.906,-0.109375,1.671875,-0.078125
24.937,-0.0625,1.875,-0.203125
24.968,-0.015625,1.984375,-0.421875
25.000,-0.3125,1.984375,-0.3125
25.031,-0.484375,1.984375,-0.171875
25.062,-0.578125,1.4375,-0.03125
25.093,-0.53125,1.15625,0.046875
25.125,-0.5,1.03125,0.046875
25.156,-0.5,1.046875,0.015625
25.187,-0.5,1.09375,-0.078125
25.218,-0.578125,1.03125,-0.21875
25.250,-0.65625,1.046875,-0.265625
25.281,-0.78125,1.09375,-0.1875
25.312,-0.8125,1.046875,-0.109375
25.343,-0.828125,1.03125,0.03125
25.375,-0.921875,1.015625,0.078125
25.406,-0.953125,1.15625,-0.03125
25.437,-0.828125,1.6875,-0.265625
25.468,-0.453125,1.984375,-0.421875
25.500,-0.25,1.984375,-0.4375
25.531,0.078125,1.984375,-0.328125
25.562,0.0625,1.984375,-0.21875
25.593,-0.0625,1.984375,-0.046875
25.625,-0.203125,1.546875,-0.078125
25.656,-0.203125,1.421875,-0.140625
25.687,-0.1875,1.234375,-0.234375
25.718,-0.25,1.15625,-0.234375
25.750,-0.28125,1.171875,-0.21875
25.781,-0.140625,1.234375,-0.203125
25.812,-0.046875,1.15625,-0.140625
25.843,0.15625,1.0,-0.03125
25.875,0.25,0.890625,0.015625
25.906,0.28125,0.671875,0.0625
25.937,0.171875,0.5,0.0625
25.968,0.03125,0.65625,0.09375
26.000,-0.1875,0.984375,0.0625
26.031,-0.4375,1.46875,-0.140625
26.062,-0.46875,1.6875,-0.25
26.093,-0.15625,1.84375,-0.296875
26.125,-0.203125,1.984375,-0.28125
26.156,-0.453125,1.984375,-0.15625
26.187,-0.671875,1.984375,-0.15625
26.218,-0.640625,1.828125,-0.234375
26.250,-0.828125,1.296875,-0.1875
26.281,-0.953125,1.125,-0.125
26.312,-1.03125,1.0625,-0.109375
26.343,-0.953125,1.25,-0.125
26.375,-0.875,1.25,-0.078125
26.406,-0.828125,1.375,0.09375
26.437,-0.78125,1.3125,0.21875
26.468,-0.765625,1.34375,0.1875
26.500,-0.71875,1.609375,0.015625
26.531,-0.625,1.78125,-0.078125
26.562,-0.328125,1.984375,-0.28125
26.593,-0.0625,1.984375,-0.28125
26.625,-0.03125,1.96875,-0.203125
26.656,0.0,1.578125,-0.09375
26.687,-0.015625,1.421875,-0.0625
26.718,-0.140625,1.203125,-0.109375
26.750,-0.21875,1.046875,-0.21875
26.781,-0.234375,1.015625,-0.234375
26.812,-0.234375,1.015625,-0.234375
26.843,-0.234375,1.0625,-0.234375
26.875,-0.15625,1.171875,-0.140625
26.906,0.078125,1.015625,-0.0625
26.937,0.140625,1.015625,-0.0625
26.968,0.109375,0.8125,-0.0625
27.000,-0.0625,0.6875,-0.015625
27.031,-0.15625,0.75,-0.015625
27.062,-0.125,0.953125,-0.015625
27.093,-0.078125,1.0625,-0.03125
27.125,-0.0625,1.40625,-0.140625
27.156,-0.234375,1.734375,-0.1875
27.187,-0.375,1.828125,-0.15625
27.218,-0.6875,1.90625,0.015625
27.250,-0.609375,1.8125,0.03125
27.281,-0.328125,1.671875,0.125
27.312,-0.359375,1.375,0.28125
27.343,-0.453125,1.265625,0.28125
27.375,-0.71875,1.21875,0.078125
27.406,-0.859375,1.265625,-0.0625
27.437,-0.921875,1.125,-0.15625
27.468,-0.828125,1.296875,-0.015625
27.500,-0.765625,1.3125,0.0625
27.531,-0.640625,1.4375,0.125
27.562,-0.484375,1.8125,0.03125
27.593,-0.421875,1.984375,-0.0625
27.625,-0.25,1.984375,-0.25
27.656,-0.15625,1.984375,-0.3125
27.687,-0.046875,1.96875,-0.234375
27.718,-0.015625,1.546875,-0.125
27.750,-0.03125,1.34375,-0.078125
27.781,-0.1875,1.0625,-0.125
27.812,-0.15625,0.984375,-0.1875
27.843,-0.125,0.828125,-0.234375
27.875,-0.171875,0.78125,-0.21875
27.906,-0.140625,0.765625,-0.203125
27.937,-0.09375,0.828125,-0.125
27.968,-0.03125,0.8125,-0.0625
28.000,0.109375,0.625,0.0
28.031,0.140625,0.609375,0.046875
28.062,0.15625,0.578125,0.0625
28.093,0.0,0.8125,0.0
28.125,-0.109375,1.25,-0.046875
28.156,-0.171875,1.5625,-0.109375
28.187,-0.375,1.984375,-0.28125
28.218,-0.515625,1.984375,-0.296875
28.250,-0.65625,1.984375,-0.03125
28.281,-0.625,1.015625,0.390625
28.312,-0.375,0.890625,0.515625
28.343,-0.265625,1.015625,0.25
28.375,-0.34375,1.09375,0.078125
28.406,-0.46875,1.234375,-0.125
28.437,-0.5625,1.015625,-0.171875
28.468,-0.578125,1.0,-0.09375
28.500,-0.640625,1.15625,0.140625
28.531,-0.59375,1.140625,0.296875
28.562,-0.5,1.1875,0.296875
28.593,-0.53125,1.3125,0.25
28.625,-0.609375,1.390625,0.1875
28.656,-0.515625,1.546875,-0.046875
28.687,-0.34375,1.765625,-0.234375
28.718,-0.234375,1.796875,-0.3125
28.750,0.015625,1.78125,-0.234375
28.781,0.09375,1.640625,-0.140625
28.812,0.125,1.234375,0.0
28.843,-0.046875,0.96875,-0.015625
28.875,-0.15625,0.890625,-0.078125
28.906,-0.296875,0.8125,-0.265625
28.937,-0.359375,0.875,-0.328125
28.968,-0.359375,1.015625,-0.359375
29.000,-0.15625,1.125,-0.234375
29.031,-0.03125,1.0625,-0.171875
29.062,0.1875,0.75,-0.015625
29.093,0.203125,0.5,0.09375
29.125,0.171875,0.484375,0.09375
29.156,0.046875,0.625,0.046875
29.187,0.0,0.796875,0.046875
29.218,-0.140625,1.5,-0.140625
29.250,-0.25,1.984375,-0.453125
29.281,-0.359375,1.984375,-0.515625
29.312,-0.703125,1.9375,-0.203125
29.343,-0.890625,1.265625,0.03125
29.375,-0.5625,0.6875,0.40625
29.406,-0.234375,0.765625,0.28125
29.437,-0.171875,1.015625,0.203125
29.468,-0.25,1.28125,-0.0625
29.500,-0.28125,1.234375,-0.140625
29.531,-0.484375,1.046875,-0.140625
29.562,-0.78125,0.984375,-0.0625
29.593,-0.84375,1.140625,0.078125
29.625,-0.890625,1.34375,0.234375
29.656,-0.703125,1.453125,0.21875
29.687,-0.5625,1.546875,0.09375
29.718,-0.4375,1.828125,-0.1875
29.750,-0.328125,1.953125,-0.3125
29.781,-0.109375,1.875,-0.421875
29.812,0.03125,1.671875,-0.1875
29.843,0.015625,1.546875,-0.0625
29.875,-0.046875,1.171875,0.046875
29.906,-0.125,1.078125,0.03125
29.937,-0.140625,0.984375,-0.125
29.968,-0.1875,0.96875,-0.234375
30.000,-0.203125,0.953125,-0.28125
30.031,-0.21875,1.125,-0.296875
30.062,-0.09375,1.03125,-0.203125
30.093,-0.015625,0.90625,-0.109375
30.125,0.078125,0.765625,0.0
30.156,0.140625,0.75,0.0
30.187,0.0625,0.9375,0.0625
30.218,-0.078125,1.15625,0.0
30.250,-0.078125,1.3125,-0.046875
30.281,-0.09375,1.640625,-0.21875
30.312,-0.15625,1.8125,-0.28125
30.343,-0.4375,1.984375,-0.203125
30.375,-0.609375,1.8125,0.0
30.406,-0.453125,1.625,0.03125
30.437,-0.34375,1.234375,0.109375
30.468,-0.453125,1.125,0.1875
30.500,-0.515625,1.109375,0.125
30.531,-0.65625,1.140625,0.0
30.562,-0.75,1.171875,-0.09375
30.593,-0.84375,1.109375,-0.125
30.625,-0.796875,1.109375,-0.078125
30.656,-0.8125,1.328125,0.125
30.687,-1.109375,1.484375,0.015625
30.718,-1.140625,1.671875,0.0
30.750,-1.171875,1.984375,0.015625
30.781,-1.390625,1.984375,-0.046875
30.812,-1.4375,1.984375,-0.125
30.843,-1.546875,1.984375,-0.125
30.875,-1.53125,1.984375,-0.109375
30.906,-1.4375,1.984375,-0.171875
30.937,-1.203125,1.84375,-0.15625
30.968,-1.03125,1.75,-0.21875
31.000,-0.78125,1.421875,-0.171875
31.031,-0.6875,1.296875,-0.15625
31.062,-0.59375,1.109375,-0.140625
31.093,-0.5625,0.90625,-0.296875
31.125,-0.5625,0.578125,-0.25
31.156,-0.65625,0.171875,0.046875
31.187,-0.1875,0.015625,0.375
31.218,0.21875,-0.265625,0.640625
31.250,0.28125,-0.609375,0.71875
31.281,-0.015625,-0.625,0.53125
31.312,-0.1875,-0.359375,0.734375
31.343,0.140625,-0.25,0.984375
31.375,0.1875,-0.234375,0.953125
31.406,0.21875,-0.25,0.75
31.437,0.28125,-0.265625,0.71875
31.468,0.25,-0.28125,0.453125
31.500,0.40625,-0.390625,0.359375
31.531,0.4375,-0.46875,0.328125
31.562,0.5625,-0.625,0.328125
31.593,0.703125,-0.671875,0.296875
31.625,0.8125,-0.734375,0.25
31.656,0.875,-0.78125,0.265625
31.687,0.890625,-0.78125,0.21875
31.718,0.71875,-0.78125,0.125
31.750,1.03125,-0.875,0.109375
31.781,0.96875,-0.921875,0.078125
31.812,0.734375,-0.875,0.140625
31.843,0.6875,-0.859375,0.125
31.875,0.71875,-0.796875,0.09375
31.906,0.71875,-0.734375,0.15625
31.937,0.71875,-0.65625,0.171875
31.968,0.71875,-0.640625,0.1875
32.000,0.3125,-0.5,0.125
32.031,0.265625,-0.4375,0.171875
32.062,0.4375,-0.484375,0.3125
32.093,0.515625,-0.53125,0.375
32.125,0.515625,-0.671875,0.40625
32.156,0.640625,-0.6875,0.4375
32.187,0.65625,-0.84375,0.46875
32.218,0.71875,-0.90625,0.59375
32.250,0.859375,-0.875,0.640625
32.281,0.875,-1.1875,0.65625
32.312,0.53125,-0.921875,0.671875
32.343,0.453125,-0.75,0.71875
32.375,0.359375,-0.578125,0.578125
32.406,0.390625,-0.484375,0.484375
32.437,0.375,-0.40625,0.40625
32.468,0.28125,-0.40625,0.28125
32.500,0.296875,-0.359375,0.171875
32.531,0.484375,-0.25,0.015625
32.562,0.515625,-0.15625,-0.078125
32.593,0.890625,-0.234375,0.09375
32.625,0.890625,-0.390625,0.03125
32.656,1.015625,-0.328125,-0.046875
32.687,1.125,-0.390625,-0.171875
32.718,1.359375,-0.390625,-0.078125
32.750,1.421875,-0.328125,-0.125
32.781,1.375,-0.421875,-0.09375
32.812,1.203125,-0.46875,-0.0625
32.843,0.96875,-0.46875,-0.09375
32.875,0.796875,-0.484375,-0.109375
32.906,0.796875,-0.484375,-0.078125
32.937,0.875,-0.390625,0.0625
32.968,0.78125,-0.296875,0.09375
33.000,0.640625,-0.25,0.1875
33.031,0.4375,-0.234375,0.171875
33.062,0.375,-0.1875,0.15625
33.093,0.640625,-0.09375,0.046875
33.125,1.046875,-0.109375,0.046875
33.156,1.1875,-0.15625,0.015625
33.187,1.390625,-0.40625,-0.0625
33.218,1.46875,-0.5,-0.171875
33.250,1.359375,-0.78125,-0.203125
33.281,0.921875,-1.03125,-0.015625
33.312,0.71875,-1.203125,0.125
33.343,-0.140625,-1.265625,0.03125
33.375,-0.359375,-1.1875,-0.03125
33.406,-0.609375,-1.09375,-0.1875
33.437,-0.40625,-0.875,0.03125
33.468,-0.375,-0.625,0.03125
33.500,-0.109375,-0.421875,-0.109375
33.531,-0.265625,-0.359375,-0.1875
33.562,-0.375,-0.375,-0.15625
33.593,-0.59375,-0.546875,-0.015625
33.625,-0.8125,-0.640625,0.078125
33.656,-0.984375,-0.875,0.234375
33.687,-1.09375,-1.09375,0.109375
33.718,-0.96875,-1.078125,0.109375
33.750,-0.578125,-0.921875,0.09375
33.781,-0.390625,-0.828125,0.09375
33.812,-0.21875,-0.703125,-0.046875
33.843,-0.515625,-0.75,0.015625
33.875,-0.59375,-0.828125,-0.046875
33.906,-0.71875,-0.8125,0.171875
33.937,-0.875,-0.78125,0.1875
33.968,-0.953125,-0.6875,0.03125
34.000,-0.96875,-0.34375,0.125
34.031,-0.890625,-0.25,0.046875
34.062,-0.578125,-0.234375,0.0
34.093,-0.515625,-0.21875,0.03125
34.125,-0.90625,-0.203125,-0.09375
34.156,-0.765625,-0.09375,0.109375
34.187,-0.90625,-0.015625,0.125
34.218,-1.21875,0.046875,-0.078125
34.250,-1.015625,0.09375,-0.171875
34.281,-0.71875,0.125,-0.1875
34.312,-0.484375,0.140625,-0.4375
34.343,-0.46875,0.109375,-0.671875
34.375,-0.59375,0.140625,-0.921875
34.406,-0.8125,0.46875,-0.40625
34.437,-0.9375,1.125,-0.171875
34.468,-0.625,1.546875,-0.265625
34.500,-0.796875,1.890625,-0.375
34.531,-0.6875,1.984375,-0.515625
34.562,-0.640625,1.984375,-0.546875
34.593,-0.703125,1.984375,-0.59375
34.625,-0.9375,1.984375,-0.625
34.656,-1.3125,1.984375,-0.6875
34.687,-1.171875,1.59375,-0.859375
34.718,-1.171875,1.0,-0.515625
34.750,-1.109375,0.984375,-0.265625
34.781,-1.109375,0.90625,0.0
34.812,-1.125,0.90625,0.03125
34.843,-1.171875,0.984375,-0.015625
34.875,-1.1875,1.203125,-0.34375
34.906,-1.109375,1.71875,-0.421875
34.937,-0.671875,1.984375,-0.421875
34.968,-0.296875,1.984375,-0.328125
35.000,-0.109375,1.984375,-0.203125
35.031,0.03125,1.984375,-0.0625
35.062,0.03125,1.921875,-0.03125
35.093,-0.03125,1.5625,-0.015625
35.125,-0.125,1.28125,-0.15625
35.156,-0.1875,1.1875,-0.21875
35.187,-0.265625,1.1875,-0.28125
35.218,-0.28125,1.171875,-0.28125
35.250,-0.15625,1.265625,-0.25
35.281,0.03125,1.21875,-0.171875
35.312,0.140625,1.140625,-0.09375
35.343,0.171875,0.78125,-0.015625
35.375,0.203125,0.578125,0.03125
35.406,0.1875,0.578125,0.03125
35.437,-0.125,0.71875,0.015625
35.468,-0.15625,0.84375,0.03125
35.500,-0.09375,1.125,0.0
35.531,-0.09375,1.640625,-0.0625
35.562,-0.171875,1.9375,-0.09375
35.593,-0.453125,1.984375,-0.125
35.625,-0.59375,1.984375,-0.140625
35.656,-0.421875,1.984375,-0.296875
35.687,-0.734375,1.8125,-0.109375
35.718,-0.78125,1.546875,-0.078125
35.750,-1.09375,1.328125,-0.203125
35.781,-1.328125,1.0,-0.390625
35.812,-1.171875,0.90625,-0.25
35.843,-0.921875,1.21875,0.109375
35.875,-0.75,1.375,0.25
35.906,-0.671875,1.1875,0.15625
35.937,-0.90625,1.453125,-0.03125
35.968,-0.765625,1.59375,-0.0625
36.000,-0.609375,1.921875,-0.203125
36.031,-0.5,1.984375,-0.359375
36.062,-0.328125,1.890625,-0.484375
36.093,-0.421875,1.9375,-0.75
36.125,-0.28125,1.859375,-0.9375
36.156,-0.34375,1.484375,-1.046875
36.187,-0.40625,1.375,-0.96875
36.218,-0.34375,1.078125,-0.828125
36.250,-0.203125,0.84375,-0.484375
36.281,-0.171875,0.765625,-0.296875
36.312,-0.609375,0.765625,-0.140625
36.343,-0.921875,0.765625,0.125
36.375,-0.875,0.71875,0.28125
36.406,-0.859375,0.34375,0.15625
36.437,-0.984375,0.171875,-0.03125
36.468,-1.09375,-0.0625,-0.453125
36.500,-1.046875,-0.171875,-0.53125
36.531,-0.828125,-0.1875,-0.484375
36.562,-0.59375,-0.265625,-0.34375
36.593,-0.59375,-0.265625,-0.21875
36.625,-0.546875,-0.28125,-0.140625
36.656,-0.484375,-0.34375,-0.25
36.687,-0.65625,-0.40625,-0.375
36.718,-0.671875,-0.515625,-0.390625
36.750,-0.8125,-0.53125,-0.4375
36.781,-0.828125,-0.53125,-0.484375
36.812,-0.703125,-0.484375,-0.53125
36.843,-0.734375,-0.46875,-0.546875
36.875,-0.8125,-0.53125,-0.546875
36.906,-0.828125,-0.578125,-0.625
36.937,-0.84375,-0.515625,-0.75
36.968,-0.640625,-0.46875,-0.890625
37.000,-0.4375,-0.359375,-1.03125
37.031,-0.4375,-0.3125,-0.953125
37.062,-0.421875,-0.328125,-0.875
37.093,-0.28125,-0.359375,-0.78125
37.125,-0.1875,-0.359375,-0.65625
37.156,-0.203125,-0.359375,-0.609375
37.187,-0.1875,-0.375,-0.625
37.218,-0.078125,-0.40625,-0.65625
37.250,-0.03125,-0.40625,-0.734375
37.281,0.046875,-0.40625,-0.890625
37.312,0.078125,-0.390625,-1.078125
37.343,0.0,-0.40625,-1.078125
37.375,-0.109375,-0.4375,-1.03125
37.406,-0.0625,-0.515625,-1.078125
37.437,-0.09375,-0.46875,-1.28125
37.468,-0.0625,-0.421875,-1.140625
37.500,0.0,-0.34375,-1.125
37.531,0.203125,-0.21875,-1.09375
37.562,0.203125,-0.265625,-0.953125
37.593,0.0625,-0.359375,-0.75
37.625,0.015625,-0.390625,-0.625
37.656,0.03125,-0.375,-0.546875
37.687,0.046875,-0.359375,-0.546875
37.718,-0.0625,-0.34375,-0.65625
37.750,-0.21875,-0.375,-0.703125
37.781,-0.171875,-0.40625,-0.8125
37.812,-0.09375,-0.46875,-0.890625
37.843,0.09375,-0.53125,-1.03125
37.875,0.25,-0.515625,-1.078125
37.906,0.265625,-0.5,-1.015625
37.937,0.03125,-0.546875,-0.984375
37.968,-0.046875,-0.59375,-1.0
38.000,0.265625,-0.5625,-0.96875
38.031,0.375,-0.4375,-0.921875
38.062,0.390625,-0.390625,-0.953125
38.093,0.296875,-0.3125,-0.984375
38.125,0.140625,-0.296875,-0.859375
38.156,-0.0625,-0.265625,-0.65625
38.187,-0.109375,-0.40625,-0.609375
38.218,-0.109375,-0.453125,-0.609375
38.250,-0.203125,-0.5,-0.75
38.281,-0.203125,-0.453125,-0.71875
38.312,-0.15625,-0.453125,-0.734375
38.343,-0.046875,-0.421875,-0.890625
38.375,-0.046875,-0.375,-0.9375
38.406,-0.171875,-0.34375,-1.0625
38.437,-0.4375,-0.421875,-1.09375
38.468,-0.4375,-0.40625,-1.203125
38.500,-0.34375,-0.3125,-1.234375
38.531,-0.234375,-0.28125,-1.25
38.562,-0.140625,-0.1875,-1.046875
38.593,-0.15625,-0.3125,-0.765625
38.625,-0.15625,-0.3125,-0.6875
38.656,-0.203125,-0.359375,-0.5625
38.687,-0.234375,-0.375,-0.515625
38.718,-0.21875,-0.359375,-0.40625
38.750,-0.25,-0.453125,-0.53125
38.781,-0.25,-0.484375,-0.625
38.812,-0.296875,-0.515625,-0.875
38.843,-0.359375,-0.46875,-1.03125
38.875,-0.328125,-0.546875,-1.125
38.906,-0.21875,-0.59375,-1.0
38.937,-0.25,-0.625,-1.03125
38.968,-0.15625,-0.625,-1.046875
39.000,0.125,-0.515625,-1.09375
39.031,0.15625,-0.453125,-1.0625
39.062,0.03125,-0.328125,-1.109375
39.093,-0.109375,-0.28125,-1.09375
39.125,-0.28125,-0.265625,-0.796875
39.156,-0.40625,-0.328125,-0.578125
39.187,-0.328125,-0.328125,-0.46875
39.218,-0.375,-0.359375,-0.375
39.250,-0.328125,-0.34375,-0.34375
39.281,-0.390625,-0.3125,-0.4375
39.312,-0.46875,-0.1875,-0.59375
39.343,-0.53125,-0.03125,-0.734375
39.375,-0.578125,0.25,-0.765625
39.406,-0.59375,0.40625,-0.6875
39.437,-0.640625,0.453125,-0.640625
39.468,-0.546875,0.6875,-0.46875
39.500,-0.46875,0.953125,-0.59375
39.531,0.046875,1.9375,-1.21875
39.562,0.0625,1.84375,-1.375
39.593,-0.078125,1.984375,-1.15625
39.625,-0.375,1.984375,-0.734375
39.656,-0.484375,1.984375,-0.546875
39.687,-0.828125,1.578125,-0.34375
39.718,-0.234375,1.4375,-0.3125
39.750,-0.140625,1.515625,-0.234375
39.781,-0.46875,1.5625,-0.375
39.812,-0.5625,1.4375,-0.46875
39.843,-1.171875,1.109375,-0.546875
39.875,-1.484375,0.734375,-0.53125
39.906,-1.359375,0.765625,-0.40625
39.937,-1.140625,1.1875,-0.0625
39.968,-0.765625,1.34375,0.09375
40.000,-0.671875,1.4375,0.03125
40.031,-0.6875,1.984375,-0.078125
40.062,-0.578125,1.984375,-0.203125
40.093,-0.34375,1.984375,-0.234375
40.125,-0.078125,1.8125,-0.09375
40.156,-0.046875,1.59375,-0.03125
40.187,-0.078125,1.265625,-0.015625
40.218,-0.09375,1.140625,-0.0625
40.250,-0.140625,1.03125,-0.09375
40.281,-0.0625,1.15625,-0.09375
40.312,0.0625,1.1875,-0.109375
40.343,0.265625,1.125,-0.15625
40.375,0.265625,0.953125,-0.1875
40.406,0.1875,0.859375,-0.15625
40.437,-0.015625,0.765625,-0.125
40.468,-0.09375,0.75,-0.140625
40.500,-0.140625,0.953125,-0.203125
40.531,-0.296875,1.25,-0.234375
40.562,-0.40625,1.46875,-0.234375
40.593,-0.78125,1.734375,-0.109375
40.625,-1.03125,1.734375,-0.046875
40.656,-0.59375,1.359375,-0.09375
40.687,-0.0625,1.28125,0.078125
40.718,-0.0625,1.359375,0.1875
40.750,-0.34375,1.46875,0.390625
40.781,-0.484375,1.328125,0.375
40.812,-1.078125,1.1875,0.203125
40.843,-1.28125,1.15625,0.1875
40.875,-1.046875,1.03125,0.234375
40.906,-0.671875,1.03125,0.1875
40.937,-0.40625,1.3125,0.09375
40.968,-0.375,1.578125,-0.03125
41.000,-0.4375,1.984375,-0.046875
41.031,-0.328125,1.984375,-0.15625
41.062,-0.28125,1.984375,-0.046875
41.093,-0.203125,1.59375,-0.015625
41.125,-0.15625,1.375,-0.0625
41.156,-0.15625,1.171875,-0.171875
41.187,-0.203125,1.125,-0.21875
41.218,-0.390625,1.09375,0.046875
41.250,0.0,1.109375,0.125
41.281,0.1875,1.015625,0.15625
41.312,0.140625,0.953125,0.09375
41.343,0.046875,0.875,0.109375
41.375,-0.015625,0.796875,0.0625
41.406,0.046875,0.734375,-0.015625
41.437,0.09375,0.78125,-0.0625
41.468,-0.140625,0.8125,-0.203125
41.500,-0.375,1.0,-0.203125
41.531,-0.375,1.078125,-0.15625
41.562,-0.390625,1.40625,-0.109375
41.593,-0.46875,1.625,-0.125
41.625,-0.59375,1.875,-0.109375
41.656,-0.203125,1.6875,-0.046875
41.687,0.0,1.625,-0.015625
41.718,-0.171875,1.71875,0.09375
41.750,-0.359375,1.71875,0.1875
41.781,-0.640625,1.453125,0.359375
41.812,-1.375,1.265625,0.25
41.843,-1.5625,1.1875,0.203125
41.875,-1.171875,1.0625,0.1875
41.906,-0.703125,1.53125,0.125
41.937,-0.609375,1.734375,0.046875
41.968,-0.359375,1.984375,-0.125
42.000,-0.1875,1.984375,-0.015625
42.031,-0.21875,1.984375,0.046875
42.062,-0.3125,1.859375,0.0625
42.093,-0.25,1.6875,0.046875
42.125,-0.140625,1.421875,-0.140625
42.156,-0.1875,1.34375,-0.21875
42.187,-0.21875,1.203125,-0.234375
42.218,0.046875,1.046875,-0.140625
42.250,0.140625,1.0,-0.0625
42.281,0.125,1.03125,-0.015625
42.312,0.203125,0.96875,-0.03125
42.343,0.3125,0.921875,-0.015625
42.375,0.234375,0.921875,-0.0625
42.406,0.15625,0.984375,-0.03125
42.437,0.109375,1.0625,-0.140625
42.468,-0.171875,1.25,-0.25
42.500,-0.265625,1.359375,-0.25
42.531,-0.328125,1.53125,-0.203125
42.562,-0.375,1.703125,-0.15625
42.593,-0.65625,1.984375,-0.109375
42.625,-0.640625,1.984375,-0.09375
42.656,-0.375,1.859375,-0.109375
42.687,-0.296875,1.78125,0.109375
42.718,-0.46875,1.6875,0.25
42.750,-0.984375,1.40625,0.3125
42.781,-1.515625,1.140625,0.015625
42.812,-1.53125,1.078125,0.015625
42.843,-1.046875,1.015625,0.21875
42.875,-0.9375,1.1875,0.28125
42.906,-0.671875,1.296875,0.109375
42.937,-0.484375,1.984375,0.015625
42.968,-0.265625,1.984375,-0.015625
43.000,-0.3125,1.984375,-0.0625
43.031,-0.359375,1.984375,-0.046875
43.062,-0.234375,1.984375,-0.0625
43.093,-0.21875,1.796875,-0.1875
43.125,-0.21875,1.59375,-0.234375
43.156,-0.15625,1.234375,-0.234375
43.187,0.125,0.84375,-0.09375
43.218,0.078125,0.765625,-0.0625
43.250,-0.125,1.1875,-0.078125
43.281,-0.046875,1.1875,-0.09375
43.312,0.234375,1.046875,-0.125
43.343,0.515625,0.84375,-0.015625
43.375,0.625,0.734375,0.0
43.406,0.421875,0.875,-0.109375
43.437,-0.28125,1.1875,-0.296875
43.468,-0.375,1.359375,-0.28125
43.500,-0.375,1.546875,-0.140625
43.531,-0.390625,1.671875,-0.0625
43.562,-0.609375,1.984375,0.03125
43.593,-0.703125,1.984375,-0.09375
43.625,-0.46875,1.953125,-0.125
43.656,-0.359375,1.9375,-0.078125
43.687,-0.390625,1.9375,0.015625
43.718,-0.703125,1.65625,0.203125
43.750,-1.421875,1.28125,0.0625
43.781,-1.546875,1.125,0.03125
43.812,-1.1875,0.96875,0.171875
43.843,-1.015625,1.046875,0.234375
43.875,-0.75,1.34375,0.140625
43.906,-0.703125,1.984375,-0.125
43.937,-0.59375,1.984375,-0.125
43.968,-0.375,1.984375,-0.0625
44.000,-0.328125,1.984375,0.03125
44.031,-0.265625,1.90625,0.0
44.062,-0.171875,1.703125,-0.15625
44.093,-0.125,1.59375,-0.234375
44.125,-0.1875,1.390625,-0.265625
44.156,-0.140625,1.28125,-0.25
44.187,-0.015625,1.203125,-0.21875
44.218,0.109375,1.109375,-0.109375
44.250,0.109375,1.125,-0.078125
44.281,0.234375,1.078125,-0.09375
44.312,0.375,0.890625,-0.078125
44.343,0.359375,0.875,-0.09375
44.375,0.125,0.890625,-0.0625
44.406,0.0,1.078125,-0.171875
44.437,-0.078125,1.234375,-0.171875
44.468,-0.265625,1.421875,-0.234375
44.500,-0.28125,1.5,-0.21875
44.531,-0.359375,1.6875,-0.09375
44.562,-0.53125,1.84375,-0.015625
44.593,-0.46875,1.859375,-0.015625
44.625,-0.3125,1.953125,-0.046875
44.656,-0.34375,1.984375,0.0
44.687,-0.5,1.75,0.03125
44.718,-0.96875,1.390625,0.09375
44.750,-1.453125,1.265625,0.015625
44.781,-1.5625,0.84375,-0.09375
44.812,-1.296875,0.796875,-0.03125
44.843,-0.8125,1.296875,0.171875
44.875,-0.625,1.75,-0.046875
44.906,-0.578125,1.984375,-0.140625
44.937,-0.265625,1.984375,-0.125
44.968,-0.265625,1.984375,0.046875
45.000,-0.265625,1.984375,0.046875
45.031,-0.1875,1.84375,-0.03125
45.062,-0.140625,1.71875,-0.140625
45.093,-0.1875,1.484375,-0.28125
45.125,-0.140625,1.296875,-0.25
45.156,0.015625,1.140625,-0.1875
45.187,0.046875,1.015625,-0.0625
45.218,0.0,1.109375,-0.0625
45.250,0.234375,1.078125,-0.0625
45.281,0.34375,0.9375,-0.03125
45.312,0.3125,0.890625,-0.015625
45.343,0.15625,0.890625,-0.015625
45.375,0.140625,1.015625,-0.1875
45.406,0.0,1.0,-0.234375
45.437,-0.3125,1.234375,-0.21875
45.468,-0.328125,1.28125,-0.1875
45.500,-0.34375,1.671875,-0.140625
45.531,-0.625,1.984375,-0.15625
45.562,-0.734375,1.984375,-0.171875
45.593,-0.296875,1.953125,-0.171875
45.625,-0.25,1.875,-0.125
45.656,-0.453125,1.78125,0.125
45.687,-0.96875,1.53125,0.234375
45.718,-1.8125,1.375,0.046875
45.750,-2.0,0.90625,-0.078125
45.781,-1.78125,1.125,0.09375
45.812,-0.65625,1.890625,0.578125
45.843,-0.015625,1.984375,0.265625
45.875,0.171875,1.984375,0.015625
45.906,0.21875,1.984375,-0.15625
45.937,-0.046875,1.984375,0.015625
45.968,-0.421875,1.984375,-0.203125
46.000,-0.296875,1.6875,-0.203125
46.031,-0.265625,1.578125,-0.265625
46.062,-0.15625,1.28125,-0.375
46.093,-0.15625,1.28125,-0.40625
46.125,-0.21875,1.375,-0.390625
46.156,-0.015625,1.265625,-0.25
46.187,0.140625,1.15625,-0.15625
46.218,0.359375,1.0,-0.03125
46.250,0.578125,0.765625,0.09375
46.281,0.46875,0.828125,0.109375
46.312,0.1875,0.84375,-0.046875
46.343,-0.0625,0.984375,-0.09375
46.375,-0.15625,1.328125,-0.125
46.406,-0.15625,1.421875,-0.171875
46.437,-0.15625,1.609375,-0.15625
46.468,-0.40625,1.984375,-0.15625
46.500,-0.65625,1.984375,-0.171875
46.531,-0.609375,1.984375,-0.21875
46.562,-0.5,1.984375,-0.171875
46.593,-0.59375,1.984375,-0.03125
46.625,-1.390625,1.578125,0.1875
46.656,-1.625,1.046875,-0.109375
46.687,-1.328125,0.984375,-0.0625
46.718,-0.953125,1.03125,0.25
46.750,-0.921875,0.984375,0.265625
46.781,-0.859375,1.3125,0.0625
46.812,-0.859375,1.984375,-0.140625
46.843,-0.421875,1.984375,-0.125
46.875,-0.15625,1.984375,0.078125
46.906,-0.140625,1.984375,0.109375
46.937,-0.078125,1.984375,-0.03125
46.968,-0.171875,1.796875,-0.234375
47.000,-0.265625,1.65625,-0.296875
47.031,-0.265625,1.5,-0.25
47.062,-0.046875,1.359375,-0.15625
47.093,0.0625,1.296875,-0.140625
47.125,0.234375,1.265625,-0.078125
47.156,0.34375,1.328125,-0.109375
47.187,0.59375,1.03125,-0.09375
47.218,0.390625,1.03125,-0.109375
47.250,0.28125,1.0625,-0.203125
47.281,0.046875,0.8125,-0.234375
47.312,-0.046875,0.953125,-0.171875
47.343,-0.265625,1.109375,-0.203125
47.375,-0.375,1.453125,-0.265625
47.406,-0.46875,1.765625,-0.3125
47.437,-0.625,1.984375,-0.296875
47.468,-0.859375,1.984375,-0.21875
47.500,-0.765625,1.984375,-0.21875
47.531,-0.46875,1.984375,0.140625
47.562,-0.484375,1.75,0.484375
47.593,-0.953125,1.640625,0.765625
47.625,-1.25,1.484375,0.734375
47.656,-1.1875,1.265625,0.703125
47.687,-1.046875,1.640625,0.375
47.718,-1.046875,1.9375,0.140625
47.750,-0.625,1.984375,-0.25
47.781,-0.203125,1.984375,-0.140625
47.812,-0.15625,1.984375,0.09375
47.843,-0.21875,1.984375,0.109375
47.875,-0.203125,1.984375,0.0625
47.906,-0.1875,1.625,-0.203125
47.937,-0.28125,1.40625,-0.359375
47.968,-0.34375,1.359375,-0.40625
48.000,-0.28125,1.390625,-0.390625
48.031,-0.0625,1.296875,-0.265625
48.062,0.0625,1.265625,-0.21875
48.093,0.25,1.21875,-0.15625
48.125,0.328125,1.109375,-0.125
48.156,0.5625,0.625,0.078125
48.187,0.3125,0.625,0.046875
48.218,0.171875,0.671875,-0.03125
48.250,0.015625,0.703125,-0.046875
48.281,-0.03125,0.96875,-0.0625
48.312,-0.140625,1.28125,-0.109375
48.343,-0.171875,1.859375,-0.15625
48.375,-0.4375,1.984375,-0.234375
48.406,-0.71875,1.984375,-0.203125
48.437,-0.390625,1.984375,-0.265625
48.468,-0.28125,1.984375,-0.1875
48.500,-0.4375,1.984375,0.25
48.531,-0.671875,1.890625,0.328125
48.562,-1.765625,1.453125,0.15625
48.593,-1.734375,0.90625,0.078125
48.625,-1.5,1.078125,0.203125
48.656,-1.046875,1.6875,0.390625
48.687,-1.078125,1.90625,0.21875
48.718,-1.015625,1.984375,0.125
48.750,-0.875,1.984375,0.28125
48.781,-0.75,1.984375,0.3125
48.812,-0.546875,1.984375,0.390625
48.843,-0.5,1.984375,0.296875
48.875,-0.421875,1.984375,0.125
48.906,-0.3125,1.984375,0.109375
48.937,-0.234375,1.984375,0.0625
48.968,-0.203125,1.828125,0.0
49.000,-0.09375,1.40625,0.078125
49.031,-0.078125,1.265625,0.078125
49.062,0.015625,0.84375,0.125
49.093,-0.09375,0.59375,0.15625
49.125,-0.46875,0.59375,0.203125
49.156,-0.3125,0.34375,0.15625
49.187,-0.375,0.046875,0.21875
49.218,-0.46875,-0.46875,0.296875
49.250,-0.421875,-0.625,0.375
49.281,-0.046875,-0.6875,0.5
49.312,0.328125,-0.640625,0.53125
49.343,0.375,-0.578125,0.453125
49.375,0.75,-0.65625,0.46875
49.406,0.765625,-0.59375,0.484375
49.437,0.78125,-0.59375,0.40625
49.468,0.796875,-0.453125,0.34375
49.500,0.734375,-0.390625,0.390625
49.531,0.890625,-0.4375,0.53125
49.562,0.671875,-0.46875,0.5
49.593,0.625,-0.59375,0.515625
49.625,0.6875,-0.609375,0.484375
49.656,0.71875,-0.609375,0.484375
49.687,0.859375,-0.765625,0.40625
49.718,0.921875,-0.890625,0.296875
49.750,0.84375,-0.8125,0.265625
49.781,0.90625,-0.65625,0.234375
49.812,0.796875,-0.5625,0.125
49.843,0.65625,-0.4375,0.046875
49.875,0.65625,-0.40625,-0.03125
49.906,0.59375,-0.40625,-0.046875
49.937,0.5625,-0.53125,0.109375
49.968,0.375,-0.546875,0.171875
50.000,0.546875,-0.484375,0.296875
50.031,0.640625,-0.5625,0.296875
50.062,0.640625,-0.59375,0.234375
50.093,0.765625,-0.84375,0.25
50.125,0.84375,-0.734375,0.21875
50.156,1.078125,-0.71875,0.203125
50.187,1.03125,-0.9375,0.09375
50.218,0.9375,-0.859375,0.09375
50.250,1.046875,-0.640625,0.21875
50.281,0.625,-0.375,0.109375
50.312,0.5,-0.28125,0.0625
50.343,0.421875,-0.265625,-0.015625
50.375,0.296875,-0.234375,-0.0625
50.406,0.40625,-0.296875,0.0
50.437,0.71875,-0.375,0.171875
50.468,0.796875,-0.453125,0.28125
50.500,0.953125,-0.578125,0.453125
50.531,0.875,-0.578125,0.578125
50.562,0.96875,-0.546875,0.59375
50.593,0.96875,-0.5,0.578125
50.625,0.984375,-0.5,0.515625
50.656,1.0,-0.53125,0.40625
50.687,1.03125,-0.515625,0.1875
50.718,1.125,-0.546875,0.140625
50.750,1.328125,-0.390625,0.171875
50.781,1.203125,-0.375,0.140625
50.812,0.890625,-0.25,0.09375
50.843,0.390625,-0.1875,0.125
50.875,0.390625,-0.171875,0.125
50.906,0.375,-0.15625,0.03125
50.937,0.484375,-0.1875,0.03125
50.968,0.828125,-0.15625,-0.09375
51.000,1.140625,-0.15625,-0.0625
51.031,1.21875,-0.171875,-0.015625
51.062,1.109375,-0.21875,0.15625
51.093,1.234375,-0.15625,0.390625
51.125,1.5625,-0.203125,0.453125
51.156,1.5,-0.59375,0.609375
51.187,1.28125,-0.53125,0.75
51.218,0.640625,-0.375,0.703125
51.250,0.140625,-0.34375,0.625
51.281,0.25,-0.328125,0.484375
51.312,0.234375,-0.25,0.46875
51.343,0.265625,-0.1875,0.640625
51.375,0.015625,-0.046875,0.546875
51.406,0.078125,-0.21875,0.515625
51.437,0.359375,-0.28125,0.84375
51.468,0.15625,-0.46875,0.765625
51.500,0.359375,-0.4375,0.890625
51.531,0.359375,-0.453125,0.875
51.562,0.359375,-0.5,0.84375
51.593,0.390625,-0.515625,0.84375
51.625,0.75,-0.546875,0.90625
51.656,0.84375,-0.671875,0.71875
51.687,0.828125,-0.984375,0.4375
51.718,0.84375,-1.140625,0.0625
51.750,0.6875,-1.015625,0.03125
51.781,0.0625,-0.84375,0.125
51.812,-0.375,-0.5,0.34375
51.843,-0.34375,-0.40625,0.3125
51.875,-0.078125,-0.03125,0.390625
51.906,-0.40625,0.328125,0.375
51.937,-1.375,0.90625,0.09375
51.968,-1.46875,1.015625,0.125
52.000,-1.09375,0.6875,0.359375
52.031,-0.625,0.515625,0.375
52.062,-0.40625,0.640625,0.34375
52.093,-0.375,0.78125,0.28125
52.125,-0.578125,1.296875,0.0625
52.156,-0.46875,1.453125,0.03125
52.187,-0.671875,1.984375,-0.1875
52.218,-0.328125,1.984375,-0.4375
52.250,-0.3125,1.984375,-0.59375
52.281,-0.90625,1.984375,-0.71875
52.312,-1.46875,1.984375,-0.671875
52.343,-1.078125,1.765625,-0.703125
52.375,-1.265625,1.109375,-0.3125
52.406,-1.421875,0.890625,-0.25
52.437,-1.328125,0.65625,-0.1875
52.468,-1.28125,0.71875,-0.15625
52.500,-1.265625,0.953125,0.046875
52.531,-0.9375,1.109375,0.1875
52.562,-0.75,1.328125,0.140625
52.593,-0.859375,1.984375,-0.1875
52.625,-0.40625,1.984375,-0.4375
52.656,-0.1875,1.984375,-0.390625
52.687,0.109375,1.984375,-0.0625
52.718,0.0625,1.984375,-0.03125
52.750,-0.046875,1.96875,-0.140625
52.781,-0.234375,1.578125,-0.296875
52.812,-0.25,1.4375,-0.34375
52.843,-0.21875,1.28125,-0.359375
52.875,-0.140625,1.203125,-0.328125
52.906,-0.078125,1.15625,-0.25
52.937,-0.015625,1.171875,-0.171875
52.968,0.0625,1.171875,-0.125
53.000,0.3125,0.9375,-0.046875
53.031,0.375,0.796875,-0.046875
53.062,0.4375,0.578125,0.015625
53.093,0.3125,0.375,-0.09375
53.125,0.0,0.515625,-0.09375
53.156,-0.25,1.0625,-0.046875
53.187,-0.6875,1.671875,-0.265625
53.218,-0.59375,1.875,-0.28125
53.250,-0.453125,1.984375,-0.234375
53.281,-0.6875,1.984375,-0.25
53.312,-1.234375,1.984375,-0.25
53.343,-0.96875,1.984375,-0.21875
53.375,-0.71875,1.984375,0.015625
53.406,-1.109375,1.484375,0.296875
53.437,-1.546875,1.3125,0.359375
53.468,-1.640625,1.03125,0.234375
53.500,-1.234375,1.046875,0.3125
53.531,-1.078125,1.171875,0.328125
53.562,-0.984375,1.953125,0.171875
53.593,-0.984375,1.984375,0.078125
53.625,-0.484375,1.984375,-0.0625
53.656,-0.25,1.984375,-0.03125
53.687,-0.140625,1.984375,-0.03125
53.718,-0.15625,1.984375,-0.1875
53.750,-0.15625,1.71875,-0.28125
53.781,-0.25,1.6875,-0.28125
53.812,-0.25,1.59375,-0.296875
53.843,-0.125,1.515625,-0.28125
53.875,0.109375,1.453125,-0.234375
53.906,0.15625,1.40625,-0.21875
53.937,0.296875,1.25,-0.15625
53.968,0.609375,1.03125,0.0625
54.000,0.65625,1.046875,-0.046875
54.031,0.5625,0.703125,-0.125
54.062,-0.015625,0.859375,-0.09375
54.093,-0.078125,0.953125,-0.0625
54.125,-0.3125,1.28125,-0.15625
54.156,-0.484375,1.828125,-0.3125
54.187,-0.390625,1.984375,-0.328125
54.218,-0.46875,1.984375,-0.28125
54.250,-0.625,1.984375,-0.1875
54.281,-0.71875,1.984375,-0.078125
54.312,-0.609375,1.984375,0.28125
54.343,-0.84375,1.625,0.453125
54.375,-1.453125,1.375,0.40625
54.406,-1.515625,1.234375,0.296875
54.437,-1.140625,1.1875,0.296875
54.468,-0.90625,1.359375,0.203125
54.500,-0.9375,1.53125,-0.015625
54.531,-0.78125,1.984375,-0.25
54.562,-0.4375,1.984375,-0.28125
54.593,-0.171875,1.984375,0.03125
54.625,-0.078125,1.984375,0.109375
54.656,-0.078125,1.984375,0.046875
54.687,-0.125,1.75,-0.296875
54.718,-0.28125,1.6875,-0.453125
54.750,-0.34375,1.640625,-0.453125
54.781,-0.125,1.515625,-0.328125
54.812,0.0,1.421875,-0.265625
54.843,0.171875,1.390625,-0.203125
54.875,0.4375,1.3125,-0.140625
54.906,0.484375,1.0625,-0.109375
54.937,0.3125,0.875,0.015625
54.968,0.234375,0.875,0.0
55.000,0.296875,0.59375,-0.078125
55.031,-0.0625,0.78125,-0.140625
55.062,-0.171875,1.0,-0.15625
55.093,-0.59375,1.390625,-0.234375
55.125,-0.46875,1.65625,-0.203125
55.156,-0.25,1.875,-0.203125
55.187,-0.40625,1.984375,-0.265625
55.218,-0.65625,1.984375,-0.21875
55.250,-0.765625,1.984375,-0.125
55.281,-0.625,1.96875,0.25
55.312,-0.9375,1.640625,0.46875
55.343,-1.78125,1.28125,0.453125
55.375,-1.671875,1.234375,0.328125
55.406,-1.0625,1.4375,0.34375
55.437,-0.8125,1.59375,0.03125
55.468,-0.671875,1.875,-0.15625
55.500,-0.296875,1.984375,-0.328125
55.531,-0.140625,1.984375,-0.234375
55.562,0.015625,1.984375,0.0625
55.593,-0.078125,1.96875,0.09375
55.625,-0.0625,1.78125,0.0
55.656,-0.125,1.515625,-0.265625
55.687,-0.375,1.4375,-0.421875
55.718,-0.375,1.453125,-0.515625
55.750,-0.296875,1.578125,-0.546875
55.781,-0.109375,1.5625,-0.421875
55.812,0.359375,1.28125,-0.125
55.843,0.640625,0.984375,0.03125
55.875,0.703125,0.796875,0.125
55.906,0.453125,0.6875,0.109375
55.937,0.34375,0.6875,0.0
55.968,0.25,0.640625,-0.171875
56.000,-0.21875,1.140625,-0.1875
56.031,-0.46875,1.3125,-0.203125
56.062,-0.546875,1.515625,-0.1875
56.093,-0.296875,1.984375,-0.359375
56.125,-0.46875,1.984375,-0.421875
56.156,-0.796875,1.984375,-0.21875
56.187,-0.578125,1.984375,-0.109375
56.218,-0.34375,1.984375,0.34375
56.250,-0.53125,1.75,0.8125
56.281,-0.84375,1.703125,0.921875
56.312,-1.359375,1.515625,0.78125
56.343,-1.21875,1.4375,0.671875
56.375,-0.96875,1.40625,0.3125
56.406,-0.59375,1.578125,-0.15625
56.437,-0.59375,1.984375,-0.21875
56.468,-0.125,1.984375,-0.28125
56.500,-0.0625,1.984375,-0.09375
56.531,0.015625,1.984375,0.125
56.562,0.046875,1.71875,0.015625
56.593,-0.03125,1.515625,-0.21875
56.625,-0.171875,1.25,-0.453125
56.656,-0.296875,1.15625,-0.515625
56.687,-0.421875,1.28125,-0.578125
56.718,-0.390625,1.4375,-0.46875
56.750,-0.203125,1.40625,-0.359375
56.781,0.265625,1.265625,-0.140625
56.812,0.515625,1.0625,0.0
56.843,0.609375,0.84375,0.078125
56.875,0.4375,0.515625,0.140625
56.906,0.296875,0.53125,0.0625
56.937,0.125,0.515625,-0.046875
56.968,-0.03125,0.875,-0.078125
57.000,-0.0625,1.171875,-0.109375
57.031,-0.515625,1.6875,-0.296875
57.062,-0.640625,1.9375,-0.34375
57.093,-0.390625,1.984375,-0.3125
57.125,-0.71875,1.984375,-0.203125
57.156,-1.0,1.984375,-0.078125
57.187,-0.671875,1.984375,0.03125
57.218,-0.9375,1.609375,0.453125
57.250,-1.03125,1.484375,0.484375
57.281,-1.109375,1.53125,0.390625
57.312,-1.015625,1.453125,0.328125
57.343,-0.921875,1.28125,0.203125
57.375,-0.828125,1.390625,-0.03125
57.406,-0.765625,1.640625,-0.109375
57.437,-0.5,1.984375,-0.203125
57.468,-0.390625,1.984375,-0.15625
57.500,-0.21875,1.984375,0.046875
57.531,-0.109375,1.90625,0.09375
57.562,-0.109375,1.75,-0.015625
57.593,-0.15625,1.5625,-0.25
57.625,-0.203125,1.5,-0.328125
57.656,-0.21875,1.390625,-0.28125
57.687,0.171875,1.125,-0.03125
57.718,0.328125,0.953125,0.03125
57.750,0.453125,0.859375,-0.03125
57.781,0.546875,0.6875,0.0
57.812,0.375,0.734375,0.0
57.843,0.203125,1.015625,-0.09375
57.875,0.109375,1.21875,-0.25
57.906,-0.28125,1.375,-0.296875
57.937,-0.515625,1.390625,-0.140625
57.968,-0.421875,1.421875,-0.140625
58.000,-0.265625,1.4375,-0.15625
58.031,-0.25,1.484375,-0.15625
58.062,-0.25,1.5,-0.15625
58.093,-0.28125,1.609375,-0.125
58.125,-0.359375,1.6875,-0.125
58.156,-0.640625,1.921875,-0.078125
58.187,-1.03125,1.953125,0.234375
58.218,-1.203125,1.859375,0.515625
58.250,-1.03125,1.46875,0.84375
58.281,-1.0625,1.359375,0.8125
58.312,-0.96875,1.234375,0.578125
58.343,-1.078125,1.421875,0.0625
58.375,-1.046875,1.890625,-0.09375
58.406,-0.546875,1.984375,-0.1875
58.437,-0.34375,1.984375,-0.15625
58.468,-0.015625,1.984375,0.046875
58.500,0.015625,1.875,-0.015625
58.531,-0.03125,1.71875,-0.109375
58.562,-0.078125,1.515625,-0.28125
58.593,-0.15625,1.40625,-0.28125
58.625,-0.28125,1.34375,-0.28125
58.656,-0.078125,1.34375,-0.203125
58.687,0.015625,1.28125,-0.15625
58.718,0.203125,1.25,-0.125
58.750,0.453125,0.9375,-0.09375
58.781,0.4375,0.828125,-0.03125
58.812,0.234375,0.65625,-0.046875
58.843,0.1875,0.625,-0.09375
58.875,0.078125,0.515625,-0.078125
58.906,-0.15625,0.953125,-0.125
58.937,-0.375,1.171875,-0.203125
58.968,-0.5625,1.59375,-0.296875
59.000,-0.328125,1.921875,-0.25
59.031,-0.421875,1.984375,-0.234375
59.062,-0.75,1.984375,-0.09375
59.093,-0.65625,1.984375,-0.03125
59.125,-0.515625,1.921875,0.265625
59.156,-0.578125,1.640625,0.671875
59.187,-0.78125,1.546875,0.609375
59.218,-1.0625,1.46875,0.546875
59.250,-1.0,1.40625,0.546875
59.281,-0.96875,1.15625,0.359375
59.312,-0.8125,1.28125,-0.015625
59.343,-0.828125,1.734375,-0.109375
59.375,-0.421875,1.984375,-0.234375
59.406,-0.125,1.984375,-0.25
59.437,0.140625,1.984375,-0.03125
59.468,0.078125,1.859375,0.0
59.500,0.015625,1.625,-0.09375
59.531,-0.171875,1.234375,-0.3125
59.562,-0.3125,1.15625,-0.34375
59.593,-0.4375,1.15625,-0.34375
59.625,-0.21875,1.203125,-0.265625
59.656,-0.140625,1.171875,-0.234375
59.687,0.0,1.203125,-0.15625
59.718,0.3125,0.96875,0.03125
59.750,0.421875,0.84375,0.0625
59.781,0.328125,0.65625,0.0625
59.812,0.234375,0.625,0.03125
59.843,0.171875,0.59375,-0.0625
59.875,-0.0625,0.984375,-0.125
59.906,-0.234375,1.21875,-0.171875
59.937,-0.671875,1.65625,-0.3125
59.968,-0.6875,1.8125,-0.328125
