timestamp,value
00.000,-17.88
00.015,-9.8
00.031,2.17
00.046,15.74
00.062,27.83
00.078,35.76
00.093,38.63
00.109,37.7
00.125,35.87
00.140,36.17
00.156,40.11
00.171,46.62
00.187,52.36
00.203,53.23
00.218,46.24
00.234,31.16
00.250,10.54
00.265,-11.21
00.281,-29.59
00.296,-41.38
00.312,-45.15
00.328,-41.1
00.343,-30.82
00.359,-16.7
00.375,-1.61
00.390,11.63
00.406,20.84
00.421,25.23
00.437,25.58
00.453,24.11
00.468,23.47
00.484,25.36
00.500,29.92
00.515,35.77
00.531,40.8
00.546,43.2
00.562,42.33
00.578,38.62
00.593,33.15
00.609,26.8
00.625,19.81
00.640,11.87
00.656,2.6
00.671,-7.55
00.687,-17.25
00.703,-24.53
00.718,-27.88
00.734,-27.07
00.750,-23.53
00.765,-19.58
00.781,-17.41
00.796,-18.19
00.812,-21.64
00.828,-26.4
00.843,-30.88
00.859,-34.06
00.875,-35.7
00.890,-36.37
00.906,-36.81
00.921,-37.43
00.937,-38.13
00.953,-38.31
00.968,-37.31
00.984,-34.77
01.000,-31.05
01.015,-26.84
01.031,-23.03
01.046,-20.16
01.062,-18.01
01.078,-15.86
01.093,-12.8
01.109,-8.39
01.125,-2.8
01.140,3.12
01.156,8.33
01.171,12.01
01.187,13.92
01.203,14.6
01.218,15.04
01.234,16.25
01.250,18.81
01.265,22.7
01.281,27.35
01.296,32.04
01.312,36.32
01.328,40.19
01.343,44.04
01.359,48.36
01.375,53.55
01.390,59.76
01.406,67.07
01.421,75.37
01.437,84.0
01.453,91.65
01.468,96.19
01.484,95.36
01.500,87.77
01.515,73.97
01.531,56.63
01.546,39.77
01.562,27.1
01.578,20.39
01.593,19.04
01.609,20.62
01.625,22.41
01.640,22.55
01.656,20.71
01.671,17.51
01.687,13.89
01.703,10.35
01.718,6.95
01.734,3.48
01.750,-0.31
01.765,-4.43
01.781,-9.11
01.796,-14.68
01.812,-21.52
01.828,-29.54
01.843,-38.06
01.859,-46.2
01.875,-53.58
01.890,-61.09
01.906,-70.72
01.921,-84.81
01.937,-103.62
01.953,-124.82
01.968,-143.26
01.984,-152.83
02.000,-149.52
02.015,-133.27
02.031,-107.66
02.046,-77.39
02.062,-46.47
02.078,-17.05
02.093,10.05
02.109,34.76
02.125,56.89
02.140,75.91
02.156,91.22
02.171,101.67
02.187,107.29
02.203,107.69
02.218,102.96
02.234,93.82
02.250,81.67
02.265,67.77
02.281,53.13
02.296,38.64
02.312,24.71
02.328,11.91
02.343,0.51
02.359,-9.98
02.375,-21.17
02.390,-35.56
02.406,-55.34
02.421,-80.86
02.437,-107.07
02.453,-126.53
02.468,-131.2
02.484,-115.91
02.500,-81.33
02.515,-34.38
02.531,14.21
02.546,54.25
02.562,79.47
02.578,88.45
02.593,82.94
02.609,65.68
02.625,38.68
02.640,3.63
02.656,-36.89
02.671,-78.31
02.687,-115.19
02.703,-143.82
02.718,-164.23
02.734,-180.01
02.750,-195.22
02.765,-211.02
02.781,-223.97
02.796,-227.43
02.812,-214.66
02.828,-182.54
02.843,-133.59
02.859,-74.88
02.875,-14.57
02.890,41.04
02.906,88.71
02.921,128.69
02.937,160.03
02.953,181.43
02.968,193.5
02.984,198.92
03.000,201.29
03.015,204.05
03.031,209.75
03.046,218.26
03.062,226.37
03.078,228.45
03.093,219.39
03.109,196.75
03.125,161.46
03.140,117.56
03.156,71.14
03.171,27.33
03.187,-10.82
03.203,-42.4
03.218,-67.82
03.234,-87.25
03.250,-100.49
03.265,-108.51
03.281,-114.25
03.296,-120.92
03.312,-132.02
03.328,-148.8
03.343,-169.05
03.359,-187.83
03.375,-199.59
03.390,-200.37
03.406,-190.27
03.421,-173.43
03.437,-154.14
03.453,-136.34
03.468,-121.47
03.484,-108.96
03.500,-98.11
03.515,-89.7
03.531,-85.39
03.546,-83.33
03.562,-88.75
03.578,-99.69
03.593,-114.02
03.609,-128.47
03.625,-139.67
03.640,-144.36
03.656,-139.71
03.671,-123.28
03.687,-94.37
03.703,-55.36
03.718,-9.96
03.734,35.24
03.750,75.02
03.765,106.65
03.781,129.97
03.796,146.58
03.812,158.76
03.828,167.95
03.843,174.19
03.859,177.06
03.875,173.26
03.890,159.56
03.906,133.29
03.921,93.78
03.937,43.97
03.953,-9.98
03.968,-61.53
03.984,-105.33
04.000,-136.44
04.015,-157.28
04.031,-171.05
04.046,-175.98
04.062,-167.19
04.078,-138.31
04.093,-85.47
04.109,-10.37
04.125,78.97
04.140,171.74
04.156,256.88
04.171,326.94
04.187,378.29
04.203,409.39
04.218,420.12
04.234,410.87
04.250,383.29
04.265,341.04
04.281,290.43
04.296,238.48
04.312,191.76
04.328,153.42
04.343,122.64
04.359,96.04
04.375,69.25
04.390,39.19
04.406,4.97
04.421,-32.45
04.437,-68.42
04.453,-95.4
04.468,-107.28
04.484,-102.59
04.500,-84.21
04.515,-57.59
04.531,-27.72
04.546,1.14
04.562,27.86
04.578,50.8
04.593,67.44
04.609,75.77
04.625,75.22
04.640,67.49
04.656,56.2
04.671,45.04
04.687,35.89
04.703,28.37
04.718,19.81
04.734,6.2
04.750,-16.09
04.765,-48.83
04.781,-90.87
04.796,-138.33
04.812,-185.32
04.828,-225.35
04.843,-252.52
04.859,-263.44
04.875,-258.68
04.890,-243.43
04.906,-226.59
04.921,-217.96
04.937,-224.27
04.953,-245.8
04.968,-275.69
04.984,-302.89
05.000,-316.94
05.015,-312.94
05.031,-293.55
05.046,-266.77
05.062,-241.28
05.078,-221.74
05.093,-207.53
05.109,-194.55
05.125,-179.05
05.140,-160.55
05.156,-141.84
05.171,-126.41
05.187,-115.51
05.203,-107.15
05.218,-97.07
05.234,-81.62
05.250,-60.03
05.265,-34.51
05.281,-8.68
05.296,14.56
05.312,33.96
05.328,50.12
05.343,64.52
05.359,78.88
05.375,94.33
05.390,110.98
05.406,128.4
05.421,145.31
05.437,160.31
05.453,172.41
05.468,181.62
05.484,188.51
05.500,193.81
05.515,197.32
05.531,197.6
05.546,192.71
05.562,181.47
05.578,164.75
05.593,145.78
05.609,128.82
05.625,117.64
05.640,113.85
05.656,115.87
05.671,119.84
05.687,121.4
05.703,117.59
05.718,108.32
05.734,96.61
05.750,86.96
05.765,82.88
05.781,85.12
05.796,91.66
05.812,98.69
05.828,102.72
05.843,102.06
05.859,97.15
05.875,89.24
05.890,78.76
05.906,65.13
05.921,47.28
05.937,25.06
05.953,0.28
05.968,-24.37
05.984,-47.0
06.000,-67.62
06.015,-87.98
06.031,-110.28
06.046,-134.8
06.062,-159.06
06.078,-178.69
06.093,-189.14
06.109,-188.44
06.125,-177.81
06.140,-161.09
06.156,-142.79
06.171,-126.2
06.187,-112.3
06.203,-100.14
06.218,-87.84
06.234,-73.69
06.250,-56.97
06.265,-38.04
06.281,-18.09
06.296,1.54
06.312,19.75
06.328,35.69
06.343,48.66
06.359,58.16
06.375,63.79
06.390,65.62
06.406,64.51
06.421,62.16
06.437,60.57
06.453,61.55
06.468,65.77
06.484,72.22
06.500,78.68
06.515,82.55
06.531,82.12
06.546,77.34
06.562,69.67
06.578,61.01
06.593,52.83
06.609,45.31
06.625,37.55
06.640,28.36
06.656,17.22
06.671,5.04
06.687,-6.39
06.703,-15.53
06.718,-22.21
06.734,-27.94
06.750,-35.08
06.765,-45.52
06.781,-59.35
06.796,-74.28
06.812,-86.31
06.828,-91.43
06.843,-87.29
06.859,-74.1
06.875,-54.58
06.890,-32.81
06.906,-12.58
06.921,3.92
06.937,16.55
06.953,26.98
06.968,37.4
06.984,49.24
07.000,62.54
07.015,75.71
07.031,86.11
07.046,91.32
07.062,90.03
07.078,82.48
07.093,70.44
07.109,56.36
07.125,42.72
07.140,31.47
07.156,23.58
07.171,19.59
07.187,19.81
07.203,24.53
07.218,33.81
07.234,46.92
07.250,61.82
07.265,75.32
07.281,84.05
07.296,85.52
07.312,79.34
07.328,67.26
07.343,52.22
07.359,36.79
07.375,21.99
07.390,6.88
07.406,-10.33
07.421,-30.33
07.437,-51.31
07.453,-68.71
07.468,-76.9
07.484,-71.92
07.500,-53.47
07.515,-25.33
07.531,5.92
07.546,33.79
07.562,54.25
07.578,66.69
07.593,73.13
07.609,76.34
07.625,78.01
07.640,78.02
07.656,74.74
07.671,66.38
07.687,52.24
07.703,33.45
07.718,13.02
07.734,-4.97
07.750,-16.54
07.765,-19.05
07.781,-12.13
07.796,1.81
07.812,17.88
07.828,30.16
07.843,33.05
07.859,22.88
07.875,-1.33
07.890,-37.71
07.906,-81.67
07.921,-126.54
07.937,-164.2
07.953,-186.32
07.968,-186.18
07.984,-161.35
08.000,-115.08
08.015,-56.25
08.031,2.79
08.046,50.37
08.062,78.84
08.078,86.77
08.093,77.99
08.109,58.93
08.125,35.29
08.140,10.69
08.156,-13.15
08.171,-34.89
08.187,-52.29
08.203,-62.74
08.218,-64.39
08.234,-57.77
08.250,-46.58
08.265,-37.22
08.281,-36.07
08.296,-47.23
08.312,-70.67
08.328,-102.04
08.343,-134.1
08.359,-159.37
08.375,-172.39
08.390,-171.26
08.406,-157.78
08.421,-135.79
08.437,-109.91
08.453,-83.87
08.468,-59.69
08.484,-37.59
08.500,-16.22
08.515,6.51
08.531,32.08
08.546,60.53
08.562,90.23
08.578,117.96
08.593,140.31
08.609,155.19
08.625,162.33
08.640,163.15
08.656,159.29
08.671,151.2
08.687,137.52
08.703,116.06
08.718,85.27
08.734,45.91
08.750,2.0
08.765,-40.67
08.781,-75.89
08.796,-98.98
08.812,-107.79
08.828,-102.94
08.843,-86.85
08.859,-63.17
08.875,-36.27
08.890,-10.21
08.906,11.42
08.921,26.91
08.937,36.65
08.953,43.03
08.968,49.17
08.984,57.01
09.000,65.94
09.015,72.82
09.031,73.93
09.046,66.74
09.062,51.85
09.078,32.66
09.093,13.66
09.109,-1.7
09.125,-12.31
09.140,-19.17
09.156,-24.17
09.171,-28.31
09.187,-31.35
09.203,-31.93
09.218,-28.75
09.234,-21.43
09.250,-10.98
09.265,0.67
09.281,11.31
09.296,19.3
09.312,23.97
09.328,25.41
09.343,24.18
09.359,20.97
09.375,16.25
09.390,10.52
09.406,4.16
09.421,-2.22
09.437,-7.86
09.453,-12.08
09.468,-14.39
09.484,-14.37
09.500,-11.31
09.515,-4.55
09.531,6.47
09.546,21.37
09.562,38.7
09.578,56.01
09.593,70.67
09.609,80.26
09.625,83.3
09.640,79.47
09.656,69.53
09.671,55.45
09.687,40.19
09.703,27.53
09.718,20.92
09.734,22.33
09.750,31.15
09.765,44.14
09.781,56.72
09.796,64.71
09.812,66.11
09.828,61.53
09.843,53.66
09.859,45.53
09.875,39.14
09.890,35.19
09.906,33.12
09.921,31.91
09.937,30.28
09.953,26.95
09.968,20.08
09.984,7.72
10.000,-11.77
10.015,-39.07
10.031,-72.96
10.046,-110.6
10.062,-148.28
10.078,-183.19
10.093,-214.09
10.109,-241.15
10.125,-264.41
10.140,-282.21
10.156,-290.84
10.171,-285.71
10.187,-264.16
10.203,-227.2
10.218,-179.83
10.234,-129.53
10.250,-83.1
10.265,-44.45
10.281,-13.72
10.296,11.62
10.312,34.82
10.328,57.45
10.343,78.8
10.359,96.45
10.375,107.66
10.390,111.1
10.406,107.59
10.421,99.71
10.437,90.46
10.453,81.78
10.468,73.29
10.484,63.09
10.500,49.77
10.515,34.56
10.531,22.19
10.546,19.28
10.562,31.06
10.578,58.04
10.593,94.67
10.609,130.96
10.625,156.48
10.640,164.74
10.656,155.43
10.671,134.12
10.687,108.55
10.703,85.02
10.718,66.47
10.734,52.4
10.750,41.03
10.765,31.45
10.781,24.13
10.796,20.3
10.812,20.84
10.828,25.06
10.843,30.88
10.859,35.74
10.875,37.35
10.890,34.42
10.906,26.93
10.921,15.83
10.937,2.56
10.953,-11.06
10.968,-23.44
10.984,-33.6
11.000,-40.96
11.015,-45.44
11.031,-46.95
11.046,-44.69
11.062,-37.33
11.078,-23.9
11.093,-4.68
11.109,18.11
11.125,40.77
11.140,59.76
11.156,73.08
11.171,80.82
11.187,84.6
11.203,86.04
11.218,85.67
11.234,82.86
11.250,76.73
11.265,67.48
11.281,57.01
11.296,48.05
11.312,42.78
11.328,41.29
11.343,41.31
11.359,39.46
11.375,32.86
11.390,20.28
11.406,2.2
11.421,-19.68
11.437,-43.47
11.453,-66.9
11.468,-87.41
11.484,-102.38
11.500,-109.79
11.515,-109.79
11.531,-105.75
11.546,-103.72
11.562,-109.32
11.578,-124.35
11.593,-144.66
11.609,-161.6
11.625,-166.36
11.640,-154.89
11.656,-130.11
11.671,-100.22
11.687,-74.16
11.703,-56.96
11.718,-48.23
11.734,-43.86
11.750,-39.82
11.765,-34.9
11.781,-30.85
11.796,-30.29
11.812,-34.0
11.828,-39.91
11.843,-44.14
11.859,-43.49
11.875,-37.32
11.890,-27.57
11.906,-17.94
11.921,-11.79
11.937,-10.82
11.953,-14.4
11.968,-20.1
11.984,-25.11
12.000,-27.53
12.015,-27.26
12.031,-25.72
12.046,-25.21
12.062,-27.39
12.078,-32.43
12.093,-38.83
12.109,-44.21
12.125,-46.69
12.140,-46.08
12.156,-43.79
12.171,-41.81
12.187,-41.13
12.203,-40.55
12.218,-36.92
12.234,-26.57
12.250,-7.54
12.265,18.84
12.281,47.91
12.296,73.34
12.312,90.03
12.328,96.29
12.343,94.94
12.359,91.94
12.375,93.59
12.390,103.6
12.406,121.3
12.421,141.64
12.437,157.01
12.453,160.26
12.468,147.17
12.484,117.94
12.500,76.63
12.515,29.46
12.531,-17.21
12.546,-58.44
12.562,-91.23
12.578,-114.39
12.593,-128.17
12.609,-133.94
12.625,-133.63
12.640,-129.68
12.656,-124.17
12.671,-118.33
12.687,-111.98
12.703,-103.86
12.718,-92.32
12.734,-76.19
12.750,-55.46
12.765,-31.1
12.781,-4.92
12.796,20.89
12.812,44.05
12.828,62.51
12.843,74.83
12.859,81.1
12.875,83.07
12.890,83.69
12.906,86.01
12.921,91.92
12.937,101.28
12.953,111.99
12.968,121.04
12.984,125.72
13.000,124.79
13.015,118.61
13.031,108.43
13.046,95.44
13.062,80.54
13.078,64.33
13.093,47.6
13.109,31.29
13.125,16.47
13.140,4.11
13.156,-5.13
13.171,-10.73
13.187,-12.25
13.203,-9.22
13.218,-1.73
13.234,9.39
13.250,22.47
13.265,35.39
13.281,46.28
13.296,54.17
13.312,59.12
13.328,62.06
13.343,64.12
13.359,66.11
13.375,68.19
13.390,69.86
13.406,70.14
13.421,68.1
13.437,63.21
13.453,55.62
13.468,46.2
13.484,36.21
13.500,26.62
13.515,17.8
13.531,9.44
13.546,0.61
13.562,-9.5
13.578,-21.53
13.593,-35.78
13.609,-52.25
13.625,-70.94
13.640,-91.85
13.656,-115.17
13.671,-140.75
13.687,-168.09
13.703,-195.55
13.718,-220.39
13.734,-239.11
13.750,-248.36
13.765,-246.24
13.781,-232.99
13.796,-211.16
13.812,-184.19
13.828,-155.41
13.843,-126.81
13.859,-98.9
13.875,-71.3
13.890,-43.68
13.906,-16.62
13.921,8.48
13.937,29.39
13.953,44.17
13.968,51.53
13.984,51.37
14.000,44.73
14.015,33.68
14.031,20.72
14.046,7.83
14.062,-3.78
14.078,-14.13
14.093,-23.75
14.109,-33.23
14.125,-42.58
14.140,-51.17
14.156,-58.03
14.171,-62.26
14.187,-63.38
14.203,-61.23
14.218,-56.11
14.234,-48.53
14.250,-39.14
14.265,-28.5
14.281,-16.76
14.296,-3.47
14.312,12.1
14.328,30.57
14.343,52.0
14.359,75.48
14.375,99.49
14.390,122.62
14.406,143.97
14.421,163.4
14.437,180.94
14.453,196.15
14.468,207.87
14.484,214.65
14.500,215.46
14.515,210.34
14.531,200.52
14.546,187.58
14.562,172.71
14.578,155.84
14.593,135.68
14.609,110.24
14.625,77.8
14.640,37.73
14.656,-8.78
14.671,-58.48
14.687,-106.37
14.703,-146.57
14.718,-174.03
14.734,-186.05
14.750,-183.21
14.765,-169.15
14.781,-149.22
14.796,-128.47
14.812,-110.03
14.828,-94.69
14.843,-81.23
14.859,-67.82
14.875,-53.3
14.890,-37.62
14.906,-21.36
14.921,-5.11
14.937,10.93
14.953,26.97
14.968,43.1
14.984,58.9
15.000,73.32
15.015,84.86
15.031,92.12
15.046,94.31
15.062,91.91
15.078,86.4
15.093,79.64
15.109,72.98
15.125,66.76
15.140,60.19
15.156,52.07
15.171,41.75
15.187,29.81
15.203,18.11
15.218,8.93
15.234,3.92
15.250,3.55
15.265,7.22
15.281,14.02
15.296,23.38
15.312,35.44
15.328,50.37
15.343,67.72
15.359,86.05
15.375,103.12
15.390,116.65
15.406,125.16
15.421,128.51
15.437,127.35
15.453,122.7
15.468,115.24
15.484,105.17
15.500,92.44
15.515,76.93
15.531,58.37
15.546,36.16
15.562,9.52
15.578,-22.05
15.593,-57.93
15.609,-96.03
15.625,-132.71
15.640,-163.56
15.656,-184.67
15.671,-193.64
15.687,-190.16
15.703,-175.58
15.718,-152.29
15.734,-122.8
15.750,-89.58
15.765,-54.7
15.781,-20.06
15.796,12.43
15.812,41.37
15.828,65.8
15.843,85.49
15.859,100.7
15.875,112.09
15.890,119.96
15.906,124.02
15.921,123.3
15.937,116.08
15.953,100.65
15.968,75.86
15.984,41.75
16.000,-0.31
16.015,-47.29
16.031,-95.0
16.046,-138.6
16.062,-173.6
16.078,-196.66
16.093,-206.1
16.109,-202.28
16.125,-186.87
16.140,-162.02
16.156,-129.46
16.171,-90.5
16.187,-46.71
16.203,-0.7
16.218,43.23
16.234,80.35
16.250,106.8
16.265,121.31
16.281,125.57
16.296,123.25
16.312,118.07
16.328,112.15
16.343,105.63
16.359,97.32
16.375,86.23
16.390,72.29
16.406,56.52
16.421,40.34
16.437,25.05
16.453,11.34
16.468,-0.59
16.484,-10.66
16.500,-18.92
16.515,-25.62
16.531,-31.29
16.546,-36.42
16.562,-41.5
16.578,-46.79
16.593,-52.33
16.609,-58.25
16.625,-64.54
16.640,-71.15
16.656,-77.65
16.671,-83.26
16.687,-86.65
16.703,-86.41
16.718,-81.61
16.734,-72.14
16.750,-58.92
16.765,-43.37
16.781,-27.24
16.796,-12.14
16.812,0.21
16.828,8.2
16.843,10.31
16.859,5.88
16.875,-4.18
16.890,-16.85
16.906,-27.13
16.921,-29.65
16.937,-20.21
16.953,2.14
16.968,34.83
16.984,72.34
17.000,108.65
17.015,139.16
17.031,161.82
17.046,177.02
17.062,186.14
17.078,190.51
17.093,190.84
17.109,187.57
17.125,181.28
17.140,173.17
17.156,164.58
17.171,156.17
17.187,147.54
17.203,136.82
17.218,121.27
17.234,98.42
17.250,67.07
17.265,27.78
17.281,-17.25
17.296,-64.89
17.312,-112.21
17.328,-156.88
17.343,-197.5
17.359,-232.82
17.375,-261.3
17.390,-280.97
17.406,-290.01
17.421,-287.79
17.437,-275.38
17.453,-255.6
17.468,-231.57
17.484,-205.86
17.500,-179.39
17.515,-151.81
17.531,-122.53
17.546,-91.58
17.562,-60.3
17.578,-30.76
17.593,-5.17
17.609,15.13
17.625,29.91
17.640,40.11
17.656,47.07
17.671,51.74
17.687,54.37
17.703,54.37
17.718,50.79
17.734,42.6
17.750,29.34
17.765,11.16
17.781,-11.09
17.796,-35.64
17.812,-59.8
17.828,-80.35
17.843,-94.22
17.859,-99.49
17.875,-96.29
17.890,-86.52
17.906,-72.78
17.921,-56.99
17.937,-39.33
17.953,-18.34
17.968,7.92
17.984,40.29
18.000,77.49
18.015,116.38
18.031,153.09
18.046,184.57
18.062,209.3
18.078,227.22
18.093,238.66
18.109,243.42
18.125,240.54
18.140,228.87
18.156,208.11
18.171,179.88
18.187,147.69
18.203,116.21
18.218,89.85
18.234,70.83
18.250,58.33
18.265,48.66
18.281,36.44
18.296,16.17
18.312,-15.91
18.328,-60.62
18.343,-115.03
18.359,-172.57
18.375,-224.31
18.390,-260.8
18.406,-274.97
18.421,-264.19
18.437,-231.35
18.453,-183.77
18.468,-131.04
18.484,-81.57
18.500,-40.24
18.515,-8.12
18.531,16.91
18.546,37.82
18.562,56.8
18.578,74.43
18.593,90.24
18.609,103.33
18.625,113.21
18.640,120.23
18.656,125.08
18.671,128.71
18.687,131.52
18.703,133.22
18.718,132.88
18.734,129.03
18.750,119.63
18.765,102.38
18.781,75.37
18.796,37.57
18.812,-10.05
18.828,-64.11
18.843,-118.77
18.859,-166.73
18.875,-201.02
18.890,-216.79
18.906,-212.96
18.921,-192.17
18.937,-159.82
18.953,-121.88
18.968,-83.32
18.984,-47.02
19.000,-13.69
19.015,16.86
19.031,45.06
19.046,70.6
19.062,92.72
19.078,110.44
19.093,123.38
19.109,131.78
19.125,136.29
19.140,137.6
19.156,135.95
19.171,131.41
19.187,123.91
19.203,113.85
19.218,101.73
19.234,88.07
19.250,72.81
19.265,55.08
19.281,33.74
19.296,8.37
19.312,-19.7
19.328,-47.18
19.343,-69.07
19.359,-80.72
19.375,-79.41
19.390,-65.61
19.406,-43.04
19.421,-17.93
19.437,3.04
19.453,14.85
19.468,15.5
19.484,6.86
19.500,-6.42
19.515,-18.81
19.531,-26.05
19.546,-26.41
19.562,-20.84
19.578,-11.87
19.593,-2.2
19.609,6.22
19.625,12.42
19.640,16.01
19.656,16.88
19.671,14.99
19.687,10.79
19.703,5.14
19.718,-1.3
19.734,-9.19
19.750,-21.32
19.765,-41.34
19.781,-71.58
19.796,-110.38
19.812,-151.21
19.828,-184.67
19.843,-201.85
19.859,-198.24
19.875,-175.38
19.890,-139.88
19.906,-99.88
19.921,-61.82
19.937,-28.59
19.953,-0.08
19.968,24.76
19.984,46.35
20.000,64.17
20.015,77.72
20.031,87.47
20.046,95.19
20.062,103.15
20.078,112.89
20.093,124.34
20.109,135.93
20.125,145.52
20.140,151.17
20.156,152.38
20.171,149.67
20.187,144.15
20.203,136.69
20.218,127.51
20.234,116.13
20.250,101.51
20.265,82.82
20.281,59.62
20.296,32.56
20.312,3.69
20.328,-23.43
20.343,-44.3
20.359,-54.97
20.375,-54.25
20.390,-45.03
20.406,-33.98
20.421,-29.53
20.437,-38.1
20.453,-61.45
20.468,-95.71
20.484,-132.96
20.500,-164.23
20.515,-182.72
20.531,-185.33
20.546,-172.39
20.562,-146.63
20.578,-111.88
20.593,-72.68
20.609,-34.24
20.625,-1.56
20.640,21.6
20.656,34.06
20.671,37.57
20.687,35.99
20.703,33.35
20.718,32.23
20.734,32.84
20.750,33.15
20.765,30.43
20.781,22.56
20.796,8.99
20.812,-9.35
20.828,-30.13
20.843,-50.1
20.859,-65.06
20.875,-70.54
20.890,-62.69
20.906,-39.29
20.921,-0.58
20.937,50.5
20.953,108.59
20.968,166.97
20.984,218.42
21.000,256.74
21.015,277.72
21.031,279.85
21.046,264.37
21.062,234.83
21.078,195.68
21.093,151.64
21.109,106.41
21.125,62.27
21.140,20.86
21.156,-16.6
21.171,-49.38
21.187,-77.85
21.203,-103.61
21.218,-129.31
21.234,-157.06
21.250,-187.19
21.265,-217.78
21.281,-244.81
21.296,-263.83
21.312,-271.77
21.328,-268.18
21.343,-255.56
21.359,-237.85
21.375,-218.97
21.390,-201.35
21.406,-185.93
21.421,-172.59
21.437,-161.55
21.453,-153.93
21.468,-151.38
21.484,-154.71
21.500,-162.72
21.515,-171.81
21.531,-176.4
21.546,-170.98
21.562,-151.7
21.578,-118.13
21.593,-73.14
21.609,-21.73
21.625,30.45
21.640,78.79
21.656,120.34
21.671,153.71
21.687,177.84
21.703,191.7
21.718,194.22
21.734,185.1
21.750,166.38
21.765,142.73
21.781,121.17
21.796,108.78
21.812,110.24
21.828,125.98
21.843,151.98
21.859,181.82
21.875,209.29
21.890,231.02
21.906,246.54
21.921,257.31
21.937,264.43
21.953,267.34
21.968,263.92
21.984,252.03
22.000,231.47
22.015,204.32
22.031,174.65
22.046,146.29
22.062,121.11
22.078,98.33
22.093,74.95
22.109,47.34
22.125,13.07
22.140,-28.04
22.156,-73.56
22.171,-118.45
22.187,-155.9
22.203,-178.4
22.218,-179.67
22.234,-156.99
22.250,-112.76
22.265,-54.6
22.281,6.27
22.296,58.08
22.312,91.67
22.328,102.22
22.343,89.52
22.359,57.22
22.375,11.48
22.390,-39.44
22.406,-85.96
22.421,-118.02
22.437,-127.0
22.453,-107.84
22.468,-60.53
22.484,9.96
22.500,94.71
22.515,182.27
22.531,260.61
22.546,318.4
22.562,347.35
22.578,344.25
22.593,312.46
22.609,261.32
22.625,203.55
22.640,151.28
22.656,112.15
22.671,87.87
22.687,74.84
22.703,67.47
22.718,60.63
22.734,51.12
22.750,37.29
22.765,18.39
22.781,-4.98
22.796,-30.17
22.812,-52.0
22.828,-64.91
22.843,-65.46
22.859,-55.01
22.875,-39.93
22.890,-29.16
22.906,-30.23
22.921,-45.82
22.937,-73.47
22.953,-107.07
22.968,-140.4
22.984,-169.25
23.000,-191.99
23.015,-208.63
23.031,-218.99
23.046,-222.95
23.062,-220.77
23.078,-214.25
23.093,-207.22
23.109,-204.95
23.125,-212.72
23.140,-234.23
23.156,-270.24
23.171,-317.6
23.187,-369.69
23.203,-417.3
23.218,-451.28
23.234,-465.87
23.250,-460.42
23.265,-439.71
23.281,-411.08
23.296,-381.53
23.312,-355.31
23.328,-333.86
23.343,-316.26
23.359,-300.71
23.375,-286.26
23.390,-272.25
23.406,-257.26
23.421,-237.68
23.437,-209.04
23.453,-168.32
23.468,-116.24
23.484,-57.41
23.500,1.16
23.515,51.6
23.531,87.59
23.546,107.03
23.562,112.62
23.578,111.47
23.593,112.15
23.609,121.8
23.625,144.11
23.640,178.31
23.656,219.92
23.671,260.06
23.687,287.91
23.703,294.57
23.718,278.37
23.734,244.86
23.750,202.9
23.765,159.38
23.781,117.29
23.796,79.55
23.812,45.58
23.828,16.17
23.843,-6.6
23.859,-20.22
23.875,-24.37
23.890,-21.0
23.906,-13.54
23.921,-6.38
23.937,-2.02
23.953,-0.95
23.968,-1.17
23.984,0.22
24.000,6.15
24.015,17.87
24.031,34.51
24.046,53.83
24.062,73.17
24.078,90.85
24.093,106.47
24.109,121.42
24.125,138.0
24.140,158.77
24.156,185.3
24.171,217.66
24.187,254.34
24.203,291.9
24.218,325.23
24.234,348.24
24.250,355.6
24.265,344.07
24.281,313.94
24.296,268.7
24.312,214.04
24.328,155.95
24.343,99.22
24.359,46.17
24.375,-3.26
24.390,-50.66
24.406,-97.8
24.421,-145.2
24.437,-191.67
24.453,-234.58
24.468,-270.54
24.484,-296.13
24.500,-308.25
24.515,-304.24
24.531,-282.17
24.546,-241.4
24.562,-183.13
24.578,-110.77
24.593,-29.93
24.609,52.5
24.625,129.23
24.640,193.99
24.656,242.37
24.671,272.57
24.687,285.57
24.703,284.65
24.718,274.18
24.734,258.16
24.750,239.07
24.765,217.22
24.781,191.54
24.796,161.21
24.812,126.81
24.828,90.39
24.843,54.8
24.859,22.34
24.875,-5.9
24.890,-29.95
24.906,-50.38
24.921,-67.61
24.937,-81.75
24.953,-92.77
24.968,-100.88
24.984,-106.81
25.000,-111.58
25.015,-116.03
25.031,-120.51
25.046,-124.72
25.062,-127.65
25.078,-128.18
25.093,-125.34
25.109,-118.55
25.125,-108.04
25.140,-94.7
25.156,-80.02
25.171,-65.89
25.187,-54.06
25.203,-45.35
25.218,-39.51
25.234,-35.5
25.250,-31.91
25.265,-27.91
25.281,-23.54
25.296,-19.52
25.312,-16.64
25.328,-15.28
25.343,-15.27
25.359,-16.05
25.375,-17.13
25.390,-17.99
25.406,-17.92
25.421,-15.87
25.437,-11.16
25.453,-4.5
25.468,1.1
25.484,0.74
25.500,-10.78
25.515,-36.23
25.531,-73.95
25.546,-117.64
25.562,-158.02
25.578,-185.48
25.593,-192.73
25.609,-176.46
25.625,-137.71
25.640,-81.5
25.656,-15.54
25.671,51.42
25.687,111.3
25.703,158.52
25.718,191.06
25.734,210.04
25.750,218.32
25.765,218.91
25.781,213.56
25.796,202.95
25.812,187.44
25.828,167.89
25.843,145.68
25.859,122.3
25.875,98.56
25.890,74.36
25.906,49.55
25.921,24.52
25.937,0.8
25.953,-19.39
25.968,-34.13
25.984,-42.45
26.000,-44.97
26.015,-43.58
26.031,-40.85
26.046,-38.89
26.062,-38.92
26.078,-41.07
26.093,-44.4
26.109,-47.54
26.125,-49.04
26.140,-47.9
26.156,-43.84
26.171,-37.39
26.187,-29.58
26.203,-21.58
26.218,-14.2
26.234,-7.57
26.250,-1.33
26.265,5.15
26.281,12.25
26.296,19.62
26.312,26.14
26.328,30.24
26.343,30.4
26.359,25.88
26.375,17.03
26.390,5.13
26.406,-8.02
26.421,-20.63
26.437,-31.33
26.453,-39.39
26.468,-44.72
26.484,-47.71
26.500,-48.91
26.515,-48.85
26.531,-47.95
26.546,-46.36
26.562,-44.09
26.578,-41.1
26.593,-37.44
26.609,-33.36
26.625,-29.22
26.640,-25.37
26.656,-22.01
26.671,-19.19
26.687,-16.81
26.703,-14.81
26.718,-13.24
26.734,-12.04
26.750,-11.11
26.765,-10.19
26.781,-8.71
26.796,-6.15
26.812,-2.27
26.828,2.68
26.843,7.86
26.859,12.06
26.875,14.19
26.890,13.7
26.906,10.7
26.921,5.94
26.937,0.51
26.953,-4.55
26.968,-8.54
26.984,-11.31
27.000,-13.19
27.015,-14.68
27.031,-16.39
27.046,-18.62
27.062,-21.47
27.078,-24.66
27.093,-27.65
27.109,-29.88
27.125,-30.85
27.140,-30.35
27.156,-28.56
27.171,-25.98
27.187,-23.27
27.203,-21.07
27.218,-19.79
27.234,-19.35
27.250,-19.37
27.265,-19.41
27.281,-19.08
27.296,-18.24
27.312,-16.92
27.328,-15.21
27.343,-13.22
27.359,-11.1
27.375,-9.09
27.390,-7.49
27.406,-6.69
27.421,-6.95
27.437,-8.39
27.453,-10.71
27.468,-13.33
27.484,-15.55
27.500,-16.79
27.515,-16.82
27.531,-15.82
27.546,-14.15
27.562,-12.19
27.578,-10.42
27.593,-8.97
27.609,-7.94
27.625,-7.38
27.640,-7.37
27.656,-7.92
27.671,-9.03
27.687,-10.48
27.703,-11.81
27.718,-12.74
27.734,-12.94
27.750,-12.31
27.765,-10.81
27.781,-8.48
27.796,-5.41
27.812,-1.54
27.828,3.03
27.843,8.18
27.859,13.44
27.875,18.11
27.890,21.38
27.906,22.69
27.921,21.99
27.937,19.74
27.953,16.79
27.968,13.97
27.984,11.85
28.000,10.38
28.015,9.19
28.031,7.75
28.046,5.63
28.062,2.83
28.078,-0.47
28.093,-3.92
28.109,-7.22
28.125,-10.04
28.140,-12.25
28.156,-13.64
28.171,-14.02
28.187,-13.35
28.203,-11.78
28.218,-9.71
28.234,-7.66
28.250,-6.18
28.265,-5.4
28.281,-5.12
28.296,-4.86
28.312,-4.2
28.328,-2.93
28.343,-1.21
28.359,0.62
28.375,2.36
28.390,4.05
28.406,6.01
28.421,8.52
28.437,11.53
28.453,14.39
28.468,16.17
28.484,16.01
28.500,13.57
28.515,9.27
28.531,4.18
28.546,-0.5
28.562,-3.91
28.578,-5.78
28.593,-6.36
28.609,-6.06
28.625,-5.28
28.640,-4.3
28.656,-3.24
28.671,-2.43
28.687,-2.14
28.703,-2.76
28.718,-4.51
28.734,-7.3
28.750,-10.6
28.765,-13.66
28.781,-15.91
28.796,-16.85
28.812,-16.51
28.828,-15.1
28.843,-13.0
28.859,-10.53
28.875,-7.89
28.890,-5.08
28.906,-2.03
28.921,1.12
28.937,4.22
28.953,6.86
28.968,8.84
28.984,9.95
29.000,10.28
29.015,9.72
29.031,8.25
29.046,5.72
29.062,2.23
29.078,-1.7
29.093,-5.29
29.109,-7.37
29.125,-7.17
29.140,-4.42
29.156,0.24
29.171,5.57
29.187,10.14
29.203,12.89
29.218,13.44
29.234,11.81
29.250,8.56
29.265,4.36
29.281,-0.11
29.296,-4.19
29.312,-7.26
29.328,-8.89
29.343,-8.78
29.359,-6.74
29.375,-2.98
29.390,2.01
29.406,7.53
29.421,12.87
29.437,17.53
29.453,21.37
29.468,24.56
29.484,27.04
29.500,28.62
29.515,28.8
29.531,27.06
29.546,23.03
29.562,16.9
29.578,9.25
29.593,1.04
29.609,-6.71
29.625,-13.25
29.640,-17.89
29.656,-20.25
29.671,-20.1
29.687,-17.66
29.703,-13.57
29.718,-8.87
29.734,-4.85
29.750,-2.39
29.765,-2.01
29.781,-3.5
29.796,-6.23
29.812,-9.23
29.828,-11.59
29.843,-12.71
29.859,-12.38
29.875,-10.82
29.890,-8.5
29.906,-6.01
29.921,-3.66
29.937,-1.57
29.953,0.4
29.968,2.61
29.984,5.3
30.000,8.46
30.015,11.84
30.031,15.09
30.046,17.79
30.062,19.76
30.078,20.96
30.093,21.36
30.109,20.97
30.125,19.56
30.140,17.07
30.156,13.45
30.171,9.0
30.187,4.16
30.203,-0.47
30.218,-4.52
30.234,-8.04
30.250,-11.32
30.265,-14.67
30.281,-18.15
30.296,-21.42
30.312,-23.81
30.328,-24.69
30.343,-23.77
30.359,-21.21
30.375,-17.52
30.390,-13.26
30.406,-8.78
30.421,-4.16
30.437,0.69
30.453,5.68
30.468,10.5
30.484,14.68
30.500,17.93
30.515,20.38
30.531,22.42
30.546,24.5
30.562,26.73
30.578,28.67
30.593,29.5
30.609,28.38
30.625,24.86
30.640,19.31
30.656,12.75
30.671,6.46
30.687,1.5
30.703,-1.58
30.718,-2.77
30.734,-2.51
30.750,-1.35
30.765,0.23
30.781,2.02
30.796,3.91
30.812,5.69
30.828,7.03
30.843,7.54
30.859,6.87
30.875,5.1
30.890,2.64
30.906,0.2
30.921,-1.52
30.937,-2.07
30.953,-1.55
30.968,-0.5
30.984,0.41
31.000,0.75
31.015,0.56
31.031,0.28
31.046,0.45
31.062,1.32
31.078,2.72
31.093,4.25
31.109,5.4
31.125,5.76
31.140,4.97
31.156,2.77
31.171,-1.07
31.187,-6.7
31.203,-13.89
31.218,-21.75
31.234,-28.74
31.250,-32.92
31.265,-32.75
31.281,-27.79
31.296,-18.72
31.312,-7.36
31.328,4.03
31.343,13.42
31.359,19.61
31.375,22.54
31.390,23.0
31.406,22.22
31.421,21.27
31.437,20.8
31.453,21.14
31.468,22.32
31.484,24.11
31.500,26.23
31.515,28.03
31.531,28.63
31.546,27.11
31.562,22.9
31.578,16.05
31.593,7.52
31.609,-1.16
31.625,-8.58
31.640,-13.88
31.656,-17.24
31.671,-19.68
31.687,-22.33
31.703,-25.93
31.718,-30.42
31.734,-35.14
31.750,-39.1
31.765,-41.56
31.781,-42.0
31.796,-40.21
31.812,-36.05
31.828,-29.34
31.843,-20.15
31.859,-9.19
31.875,2.35
31.890,12.94
31.906,21.15
31.921,26.2
31.937,27.89
31.953,26.46
31.968,22.66
31.984,17.39
32.000,11.65
32.015,6.51
32.031,2.87
32.046,1.21
32.062,1.55
32.078,3.37
32.093,5.71
32.109,7.77
32.125,8.84
32.140,8.53
32.156,6.88
32.171,4.3
32.187,1.44
32.203,-0.72
32.218,-1.43
32.234,-0.4
32.250,1.9
32.265,4.28
32.281,5.25
32.296,3.77
32.312,-0.39
32.328,-6.36
32.343,-12.3
32.359,-16.43
32.375,-17.54
32.390,-15.57
32.406,-11.34
32.421,-6.27
32.437,-1.49
32.453,2.36
32.468,5.11
32.484,7.09
32.500,8.63
32.515,9.92
32.531,10.94
32.546,11.61
32.562,11.77
32.578,11.43
32.593,10.56
32.609,9.04
32.625,6.71
32.640,3.35
32.656,-1.16
32.671,-6.61
32.687,-12.42
32.703,-17.67
32.718,-21.33
32.734,-22.64
32.750,-21.61
32.765,-19.01
32.781,-16.24
32.796,-14.63
32.812,-15.03
32.828,-17.48
32.843,-21.15
32.859,-24.66
32.875,-26.44
32.890,-25.3
32.906,-20.51
32.921,-12.31
32.937,-1.78
32.953,9.49
32.968,19.55
32.984,26.78
33.000,30.15
33.015,29.62
33.031,25.89
33.046,20.07
33.062,13.5
33.078,7.35
33.093,2.68
33.109,0.08
33.125,-0.32
33.140,0.99
33.156,2.92
33.171,4.22
33.187,3.73
33.203,0.88
33.218,-4.19
33.234,-10.63
33.250,-17.18
33.265,-22.58
33.281,-25.95
33.296,-27.08
33.312,-26.5
33.328,-25.33
33.343,-24.64
33.359,-25.05
33.375,-26.53
33.390,-28.31
33.406,-29.21
33.421,-28.31
33.437,-25.27
33.453,-20.46
33.468,-14.88
33.484,-9.42
33.500,-4.54
33.515,-0.07
33.531,4.65
33.546,10.12
33.562,16.38
33.578,22.82
33.593,28.49
33.609,32.34
33.625,33.86
33.640,33.03
33.656,30.33
33.671,26.5
33.687,22.21
33.703,17.89
33.718,13.73
33.734,9.83
33.750,6.22
33.765,2.93
33.781,-0.03
33.796,-2.73
33.812,-5.27
33.828,-7.74
33.843,-10.32
33.859,-12.87
33.875,-15.12
33.890,-16.51
33.906,-16.43
33.921,-14.48
33.937,-10.75
33.953,-5.81
33.968,-0.49
33.984,4.15
34.000,7.42
34.015,8.93
34.031,8.82
34.046,7.53
34.062,5.6
34.078,3.45
34.093,1.43
34.109,-0.29
34.125,-1.61
34.140,-2.4
34.156,-2.59
34.171,-2.16
34.187,-1.11
34.203,0.43
34.218,2.26
34.234,4.19
34.250,5.92
34.265,7.07
34.281,7.21
34.296,6.03
34.312,3.39
34.328,-0.46
34.343,-4.86
34.359,-8.9
34.375,-11.68
34.390,-12.77
34.406,-12.56
34.421,-12.14
34.437,-12.89
34.453,-15.9
34.468,-21.36
34.484,-28.58
34.500,-36.02
34.515,-41.89
34.531,-44.69
34.546,-43.59
34.562,-38.56
34.578,-30.17
34.593,-19.38
34.609,-7.21
34.625,5.15
34.640,16.6
34.656,26.3
34.671,33.65
34.687,38.48
34.703,40.89
34.718,41.11
34.734,39.48
34.750,36.35
34.765,32.18
34.781,27.34
34.796,22.26
34.812,17.24
34.828,12.36
34.843,7.56
34.859,2.7
34.875,-2.27
34.890,-7.22
34.906,-11.74
34.921,-15.69
34.937,-18.98
34.953,-21.8
34.968,-24.35
34.984,-26.61
35.000,-28.16
35.015,-28.42
35.031,-26.85
35.046,-23.08
35.062,-17.33
35.078,-10.13
35.093,-2.29
35.109,5.52
35.125,12.78
35.140,19.11
35.156,24.16
35.171,27.65
35.187,29.37
35.203,29.28
35.218,27.51
35.234,24.41
35.250,20.41
35.265,16.19
35.281,12.32
35.296,9.18
35.312,7.01
35.328,5.81
35.343,5.52
35.359,5.96
35.375,6.93
35.390,7.99
35.406,8.82
35.421,9.01
35.437,8.39
35.453,7.07
35.468,5.41
35.484,3.84
35.500,2.67
35.515,1.91
35.531,1.03
35.546,-0.58
35.562,-3.5
35.578,-7.88
35.593,-13.32
35.609,-18.95
35.625,-23.79
35.640,-26.91
35.656,-27.72
35.671,-26.07
35.687,-22.0
35.703,-15.91
35.718,-8.39
35.734,-0.27
35.750,7.45
35.765,13.78
35.781,18.13
35.796,20.16
35.812,19.99
35.828,18.03
35.843,14.88
35.859,11.27
35.875,7.9
35.890,5.33
35.906,3.82
35.921,3.3
35.937,3.35
35.953,3.55
35.968,3.55
35.984,3.28
36.000,2.87
36.015,2.31
36.031,1.51
36.046,0.19
36.062,-2.08
36.078,-5.58
36.093,-10.28
36.109,-15.73
36.125,-21.14
36.140,-25.31
36.156,-27.34
36.171,-26.71
36.187,-23.49
36.203,-18.24
36.218,-11.91
36.234,-5.47
36.250,0.32
36.265,4.75
36.281,7.61
36.296,8.92
36.312,8.95
36.328,8.11
36.343,6.96
36.359,6.02
36.375,5.68
36.390,6.17
36.406,7.35
36.421,8.96
36.437,10.43
36.453,11.13
36.468,10.4
36.484,7.76
36.500,3.23
36.515,-2.74
36.531,-9.22
36.546,-15.09
36.562,-19.35
36.578,-21.42
36.593,-21.26
36.609,-19.36
36.625,-16.59
36.640,-13.7
36.656,-11.15
36.671,-8.95
36.687,-6.78
36.703,-4.13
36.718,-0.7
36.734,3.32
36.750,7.54
36.765,11.25
36.781,13.97
36.796,15.47
36.812,15.86
36.828,15.38
36.843,14.4
36.859,13.12
36.875,11.57
36.890,9.68
36.906,7.26
36.921,4.27
36.937,0.8
36.953,-2.81
36.968,-6.09
36.984,-8.48
37.000,-9.67
37.015,-9.72
37.031,-9.06
37.046,-8.32
37.062,-8.03
37.078,-8.39
37.093,-9.27
37.109,-10.35
37.125,-11.18
37.140,-11.55
37.156,-11.31
37.171,-10.48
37.187,-8.98
37.203,-6.74
37.218,-3.74
37.234,-0.1
37.250,3.85
37.265,7.69
37.281,10.97
37.296,13.45
37.312,15.0
37.328,15.58
37.343,15.2
37.359,13.84
37.375,11.49
37.390,8.34
37.406,4.78
37.421,1.39
37.437,-1.15
37.453,-2.34
37.468,-1.98
37.484,-0.27
37.500,2.27
37.515,4.84
37.531,6.7
37.546,7.18
37.562,5.87
37.578,2.73
37.593,-1.99
37.609,-7.65
37.625,-13.26
37.640,-17.64
37.656,-19.75
37.671,-19.12
37.687,-16.1
37.703,-11.84
37.718,-7.91
37.734,-5.54
37.750,-5.07
37.765,-5.79
37.781,-6.27
37.796,-4.94
37.812,-0.86
37.828,5.83
37.843,14.13
37.859,22.59
37.875,29.77
37.890,34.77
37.906,37.29
37.921,37.54
37.937,35.93
37.953,32.88
37.968,28.49
37.984,22.9
38.000,16.51
38.015,9.97
38.031,4.25
38.046,0.15
38.062,-2.11
38.078,-2.95
38.093,-3.36
38.109,-4.29
38.125,-6.11
38.140,-8.4
38.156,-10.29
38.171,-10.9
38.187,-9.93
38.203,-7.78
38.218,-5.12
38.234,-2.7
38.250,-0.82
38.265,0.65
38.281,2.02
38.296,3.45
38.312,4.93
38.328,6.29
38.343,7.44
38.359,8.66
38.375,10.29
38.390,12.59
38.406,15.42
38.421,18.24
38.437,20.21
38.453,20.72
38.468,19.47
38.484,16.59
38.500,12.74
38.515,8.76
38.531,5.46
38.546,3.39
38.562,2.76
38.578,3.38
38.593,4.73
38.609,6.13
38.625,6.87
38.640,6.57
38.656,5.22
38.671,3.22
38.687,1.11
38.703,-0.45
38.718,-0.97
38.734,-0.05
38.750,2.48
38.765,6.53
38.781,11.54
38.796,16.63
38.812,20.73
38.828,22.85
38.843,22.57
38.859,20.06
38.875,16.03
38.890,11.35
38.906,6.77
38.921,2.7
38.937,-0.86
38.953,-3.9
38.968,-6.44
38.984,-8.37
39.000,-9.55
39.015,-9.91
39.031,-9.55
39.046,-8.83
39.062,-8.08
39.078,-7.76
39.093,-8.02
39.109,-8.8
39.125,-9.64
39.140,-10.15
39.156,-10.09
39.171,-9.53
39.187,-9.02
39.203,-9.18
39.218,-10.4
39.234,-12.49
39.250,-14.8
39.265,-16.2
39.281,-15.88
39.296,-13.55
39.312,-9.41
39.328,-4.09
39.343,1.65
39.359,7.23
39.375,12.31
39.390,16.4
39.406,19.06
39.421,19.86
39.437,18.5
39.453,15.26
39.468,10.77
39.484,6.03
39.500,1.92
39.515,-0.88
39.531,-2.22
39.546,-2.36
39.562,-1.74
39.578,-0.89
39.593,-0.16
39.609,0.08
39.625,-0.35
39.640,-1.56
39.656,-3.47
39.671,-5.82
39.687,-8.18
39.703,-10.15
39.718,-11.58
39.734,-12.53
39.750,-13.53
39.765,-14.98
39.781,-17.0
39.796,-19.26
39.812,-20.99
39.828,-21.37
39.843,-19.91
39.859,-16.99
39.875,-13.52
39.890,-10.87
39.906,-10.06
39.921,-11.48
39.937,-14.72
39.953,-18.78
39.968,-22.57
39.984,-25.21
40.000,-26.35
40.015,-25.89
40.031,-24.05
40.046,-21.06
40.062,-17.15
40.078,-12.63
40.093,-7.94
40.109,-3.64
40.125,-0.13
40.140,2.21
40.156,3.39
40.171,3.7
40.187,3.52
40.203,3.31
40.218,3.42
40.234,4.16
40.250,5.56
40.265,7.63
40.281,10.11
40.296,12.63
40.312,14.58
40.328,15.34
40.343,14.5
40.359,11.99
40.375,8.31
40.390,4.3
40.406,1.07
40.421,-0.68
40.437,-0.58
40.453,0.96
40.468,3.08
40.484,4.63
40.500,4.54
40.515,2.09
40.531,-2.96
40.546,-10.3
40.562,-19.09
40.578,-27.87
40.593,-34.9
40.609,-38.39
40.625,-37.1
40.640,-30.77
40.656,-20.39
40.671,-7.94
40.687,4.16
40.703,13.85
40.718,19.98
40.734,22.64
40.750,22.71
40.765,21.36
40.781,19.62
40.796,18.07
40.812,16.84
40.828,15.84
40.843,14.92
40.859,13.92
40.875,12.72
40.890,11.19
40.906,9.3
40.921,7.09
40.937,4.83
40.953,2.76
40.968,1.11
40.984,-0.14
41.000,-1.2
41.015,-2.45
41.031,-4.17
41.046,-6.29
41.062,-8.51
41.078,-10.22
41.093,-11.0
41.109,-10.77
41.125,-10.01
41.140,-9.58
41.156,-10.37
41.171,-12.96
41.187,-17.12
41.203,-21.98
41.218,-26.19
41.234,-28.24
41.250,-26.97
41.265,-21.76
41.281,-12.9
41.296,-1.34
41.312,11.31
41.328,23.24
41.343,32.72
41.359,38.55
41.375,40.26
41.390,38.16
41.406,33.12
41.421,26.34
41.437,19.19
41.453,12.86
41.468,8.33
41.484,5.97
41.500,5.62
41.515,6.69
41.531,8.14
41.546,8.94
41.562,8.18
41.578,5.43
41.593,0.86
41.609,-5.0
41.625,-11.45
41.640,-17.86
41.656,-23.69
41.671,-28.52
41.687,-31.73
41.703,-32.81
41.718,-31.31
41.734,-27.08
41.750,-20.59
41.765,-12.75
41.781,-4.73
41.796,2.45
41.812,8.09
41.828,12.09
41.843,14.63
41.859,16.09
41.875,17.0
41.890,17.78
41.906,18.69
41.921,19.79
41.937,20.91
41.953,21.71
41.968,21.92
41.984,21.32
42.000,19.84
42.015,17.5
42.031,14.38
42.046,10.66
42.062,6.55
42.078,2.21
42.093,-2.23
42.109,-6.6
42.125,-10.78
42.140,-14.61
42.156,-17.9
42.171,-20.43
42.187,-21.75
42.203,-21.5
42.218,-19.53
42.234,-16.09
42.250,-11.76
42.265,-7.52
42.281,-4.34
42.296,-2.75
42.312,-2.67
42.328,-3.4
42.343,-4.02
42.359,-3.83
42.375,-2.76
42.390,-1.0
42.406,0.96
42.421,2.68
42.437,3.96
42.453,4.82
42.468,5.38
42.484,5.62
42.500,5.61
42.515,5.2
42.531,4.52
42.546,3.72
42.562,2.97
42.578,2.34
42.593,1.8
42.609,1.15
42.625,0.05
42.640,-1.67
42.656,-4.11
42.671,-7.11
42.687,-10.22
42.703,-12.79
42.718,-14.26
42.734,-14.31
42.750,-12.85
42.765,-10.22
42.781,-6.92
42.796,-3.51
42.812,-0.38
42.828,2.32
42.843,4.6
42.859,6.63
42.875,8.38
42.890,9.76
42.906,10.63
42.921,10.96
42.937,10.71
42.953,10.12
42.968,9.49
42.984,8.92
43.000,8.5
43.015,8.07
43.031,7.39
43.046,6.29
43.062,4.83
43.078,3.04
43.093,1.1
43.109,-0.75
43.125,-2.49
43.140,-4.11
43.156,-5.66
43.171,-7.21
43.187,-8.74
43.203,-10.04
43.218,-10.81
43.234,-10.76
43.250,-9.57
43.265,-7.21
43.281,-3.97
43.296,-0.32
43.312,3.18
43.328,6.13
43.343,8.44
43.359,10.16
43.375,11.47
43.390,12.47
43.406,13.15
43.421,13.49
43.437,13.38
43.453,12.87
43.468,12.08
43.484,11.2
43.500,10.34
43.515,9.53
43.531,8.73
43.546,7.84
43.562,6.83
43.578,5.7
43.593,4.44
43.609,3.06
43.625,1.65
43.640,0.14
43.656,-1.56
43.671,-3.53
43.687,-5.75
43.703,-8.06
43.718,-10.08
43.734,-11.44
43.750,-11.86
43.765,-11.2
43.781,-9.58
43.796,-7.28
43.812,-4.66
43.828,-2.03
43.843,0.5
43.859,2.93
43.875,5.32
43.890,7.63
43.906,9.76
43.921,11.49
43.937,12.62
43.953,13.07
43.968,12.79
43.984,11.97
44.000,10.79
44.015,9.46
44.031,8.11
44.046,6.77
44.062,5.51
44.078,4.3
44.093,3.18
44.109,2.03
44.125,0.86
44.140,-0.46
44.156,-2.01
44.171,-3.86
44.187,-6.02
44.203,-8.39
44.218,-10.64
44.234,-12.39
44.250,-13.34
44.265,-13.33
44.281,-12.45
44.296,-10.97
44.312,-9.14
44.328,-7.14
44.343,-5.03
44.359,-2.76
44.375,-0.2
44.390,2.58
44.406,5.44
44.421,8.02
44.437,9.96
44.453,11.1
44.468,11.48
44.484,11.27
44.500,10.63
44.515,9.86
44.531,9.01
44.546,8.17
44.562,7.25
44.578,6.17
44.593,4.91
44.609,3.51
44.625,2.01
44.640,0.46
44.656,-1.15
44.671,-2.93
44.687,-4.91
44.703,-7.1
44.718,-9.39
44.734,-11.57
44.750,-13.31
44.765,-14.38
44.781,-14.56
44.796,-13.79
44.812,-12.16
44.828,-9.85
44.843,-6.98
44.859,-3.9
44.875,-0.85
44.890,1.86
44.906,4.01
44.921,5.48
44.937,6.33
44.953,6.67
44.968,6.73
44.984,6.73
45.000,6.69
45.015,6.7
45.031,6.67
45.046,6.55
45.062,6.36
45.078,6.08
45.093,5.61
45.109,4.95
45.125,3.98
45.140,2.64
45.156,0.99
45.171,-0.81
45.187,-2.74
45.203,-4.65
45.218,-6.48
45.234,-8.19
45.250,-9.56
45.265,-10.46
45.281,-10.63
45.296,-9.9
45.312,-8.21
45.328,-5.76
45.343,-2.78
45.359,0.28
45.375,3.06
45.390,5.38
45.406,7.2
45.421,8.6
45.437,9.75
45.453,10.7
45.468,11.48
45.484,12.15
45.500,12.63
45.515,12.82
45.531,12.76
45.546,12.44
45.562,11.93
45.578,11.36
45.593,10.7
45.609,9.91
45.625,8.94
45.640,7.74
45.656,6.24
45.671,4.6
45.687,2.95
45.703,1.41
45.718,-0.02
45.734,-1.42
45.750,-2.78
45.765,-4.03
45.781,-5.0
45.796,-5.49
45.812,-5.31
45.828,-4.4
45.843,-2.77
45.859,-0.59
45.875,1.87
45.890,4.35
45.906,6.69
45.921,8.65
45.937,10.1
45.953,10.94
45.968,11.08
45.984,10.62
46.000,9.7
46.015,8.53
46.031,7.3
46.046,6.24
46.062,5.39
46.078,4.81
46.093,4.4
46.109,3.98
46.125,3.49
46.140,2.9
46.156,2.15
46.171,1.14
46.187,-0.23
46.203,-2.06
46.218,-4.37
46.234,-7.09
46.250,-10.11
46.265,-13.07
46.281,-15.61
46.296,-17.4
46.312,-18.15
46.328,-17.85
46.343,-16.6
46.359,-14.59
46.375,-12.06
46.390,-9.38
46.406,-6.7
46.421,-4.14
46.437,-1.78
46.453,0.34
46.468,2.14
46.484,3.49
46.500,4.4
46.515,4.95
46.531,5.16
46.546,5.1
46.562,4.78
46.578,4.19
46.593,3.36
46.609,2.26
46.625,0.89
46.640,-0.72
46.656,-2.55
46.671,-4.58
46.687,-6.67
46.703,-8.73
46.718,-10.67
46.734,-12.27
46.750,-13.43
46.765,-13.92
46.781,-13.55
46.796,-12.08
46.812,-9.43
46.828,-5.58
46.843,-0.86
46.859,4.21
46.875,9.01
46.890,13.01
46.906,15.95
46.921,17.79
46.937,18.69
46.953,18.76
46.968,18.21
46.984,17.13
47.000,15.67
47.015,14.12
47.031,12.79
47.046,11.88
47.062,11.45
47.078,11.3
47.093,11.16
47.109,10.75
47.125,9.95
47.140,8.83
47.156,7.52
47.171,6.15
47.187,4.72
47.203,3.04
47.218,0.84
47.234,-2.05
47.250,-5.65
47.265,-9.74
47.281,-13.93
47.296,-17.62
47.312,-20.32
47.328,-21.5
47.343,-20.76
47.359,-17.91
47.375,-13.11
47.390,-6.9
47.406,-0.16
47.421,6.04
47.437,10.8
47.453,13.51
47.468,14.11
47.484,12.97
47.500,10.8
47.515,8.34
47.531,6.15
47.546,4.63
47.562,3.99
47.578,4.14
47.593,4.99
47.609,6.31
47.625,7.76
47.640,8.97
47.656,9.54
47.671,9.22
47.687,8.02
47.703,6.21
47.718,4.06
47.734,1.91
47.750,-0.07
47.765,-1.77
47.781,-3.17
47.796,-4.16
47.812,-4.72
47.828,-4.83
47.843,-4.57
47.859,-4.11
47.875,-3.58
47.890,-3.14
47.906,-2.64
47.921,-1.9
47.937,-0.64
47.953,1.3
47.968,3.91
47.984,6.61
48.000,8.72
48.015,9.58
48.031,8.72
48.046,6.11
48.062,2.19
48.078,-2.38
48.093,-6.91
48.109,-10.63
48.125,-13.08
48.140,-14.02
48.156,-13.57
48.171,-12.34
48.187,-11.23
48.203,-11.16
48.218,-12.72
48.234,-15.93
48.250,-20.21
48.265,-24.55
48.281,-28.13
48.296,-30.36
48.312,-31.16
48.328,-30.74
48.343,-29.44
48.359,-27.59
48.375,-25.26
48.390,-22.61
48.406,-19.58
48.421,-16.24
48.437,-12.87
48.453,-9.91
48.468,-7.57
48.484,-5.95
48.500,-4.93
48.515,-4.22
48.531,-3.61
48.546,-3.13
48.562,-2.82
48.578,-2.83
48.593,-3.31
48.609,-4.09
48.625,-4.84
48.640,-5.25
48.656,-5.04
48.671,-4.23
48.687,-3.08
48.703,-1.96
48.718,-1.14
48.734,-0.86
48.750,-1.15
48.765,-1.87
48.781,-2.87
48.796,-3.99
48.812,-5.07
48.828,-5.97
48.843,-6.33
48.859,-5.93
48.875,-4.51
48.890,-2.09
48.906,1.22
48.921,5.14
48.937,9.27
48.953,13.11
48.968,16.13
48.984,17.92
49.000,18.1
49.015,16.6
49.031,13.7
49.046,9.91
49.062,5.99
49.078,2.66
49.093,0.48
49.109,-0.41
49.125,-0.18
49.140,0.76
49.156,1.76
49.171,2.3
49.187,1.82
49.203,-0.01
49.218,-3.33
49.234,-7.89
49.250,-13.15
49.265,-18.34
49.281,-22.76
49.296,-26.01
49.312,-27.97
49.328,-29.14
49.343,-29.96
49.359,-30.81
49.375,-31.69
49.390,-32.3
49.406,-32.0
49.421,-30.21
49.437,-26.51
49.453,-20.83
49.468,-13.75
49.484,-6.16
49.500,0.79
49.515,5.95
49.531,8.52
49.546,8.37
49.562,6.01
49.578,2.33
49.593,-1.55
49.609,-4.84
49.625,-6.95
49.640,-7.61
49.656,-6.92
49.671,-5.24
49.687,-3.04
49.703,-0.62
49.718,1.91
49.734,4.92
49.750,8.8
49.765,14.16
49.781,21.25
49.796,29.88
49.812,39.54
49.828,49.66
49.843,59.96
49.859,70.38
49.875,81.03
49.890,91.77
49.906,102.7
49.921,113.83
49.937,124.73
49.953,134.67
49.968,142.86
49.984,148.9
50.000,153.05
50.015,155.92
50.031,158.13
50.046,160.67
50.062,164.03
50.078,167.7
50.093,170.28
50.109,170.2
50.125,166.37
50.140,157.44
50.156,141.52
50.171,116.42
50.187,81.25
50.203,37.19
50.218,-12.34
50.234,-62.66
50.250,-108.99
50.265,-147.79
50.281,-175.86
50.296,-192.48
50.312,-202.62
50.328,-212.03
50.343,-222.77
50.359,-230.47
50.375,-227.88
50.390,-208.25
50.406,-168.33
50.421,-111.33
50.437,-46.97
50.453,11.15
50.468,50.49
50.484,63.51
50.500,49.25
50.515,13.13
50.531,-37.13
50.546,-89.33
50.562,-130.9
50.578,-152.95
50.593,-153.73
50.609,-137.8
50.625,-112.61
50.640,-87.5
50.656,-66.21
50.671,-49.39
50.687,-35.84
50.703,-23.68
50.718,-10.0
50.734,8.27
50.750,33.11
50.765,63.87
50.781,95.51
50.796,120.18
50.812,131.21
50.828,126.64
50.843,109.02
50.859,83.35
50.875,54.31
50.890,25.01
50.906,-2.26
50.921,-25.85
50.937,-43.51
50.953,-53.15
50.968,-53.05
50.984,-42.96
51.000,-24.4
51.015,-0.46
51.031,24.58
51.046,47.08
51.062,63.8
51.078,73.04
51.093,74.66
51.109,70.17
51.125,60.81
51.140,48.81
51.156,36.1
51.171,23.87
51.187,12.48
51.203,1.72
51.218,-8.16
51.234,-16.45
51.250,-22.24
51.265,-25.13
51.281,-25.41
51.296,-24.61
51.312,-24.49
51.328,-26.19
51.343,-29.65
51.359,-33.55
51.375,-36.04
51.390,-35.71
51.406,-32.24
51.421,-26.33
51.437,-19.55
51.453,-13.44
51.468,-9.02
51.484,-6.4
51.500,-5.03
51.515,-4.07
51.531,-3.05
51.546,-1.88
51.562,-0.82
51.578,-0.24
51.593,-0.28
51.609,-0.91
51.625,-1.91
51.640,-2.95
51.656,-3.7
51.671,-4.12
51.687,-4.18
51.703,-4.04
51.718,-3.89
51.734,-3.98
51.750,-4.46
51.765,-5.46
51.781,-6.86
51.796,-8.44
51.812,-9.96
51.828,-11.21
51.843,-12.08
51.859,-12.44
51.875,-12.29
51.890,-11.66
51.906,-10.79
51.921,-9.83
51.937,-8.92
51.953,-7.97
51.968,-6.72
51.984,-4.84
52.000,-1.98
52.015,1.91
52.031,6.59
52.046,11.5
52.062,15.94
52.078,19.35
52.093,21.43
52.109,22.36
52.125,22.48
52.140,22.27
52.156,22.24
52.171,22.63
52.187,23.52
52.203,24.69
52.218,25.89
52.234,26.78
52.250,27.14
52.265,26.84
52.281,25.93
52.296,24.63
52.312,23.17
52.328,21.73
52.343,20.42
52.359,19.24
52.375,18.09
52.390,16.86
52.406,15.36
52.421,13.48
52.437,11.17
52.453,8.49
52.468,5.58
52.484,2.7
52.500,0.23
52.515,-1.62
52.531,-2.81
52.546,-3.53
52.562,-4.02
52.578,-4.53
52.593,-5.13
52.609,-5.83
52.625,-6.52
52.640,-7.09
52.656,-7.22
52.671,-6.7
52.687,-5.48
52.703,-3.74
52.718,-1.92
52.734,-0.68
52.750,-0.58
52.765,-1.96
52.781,-4.78
52.796,-8.65
52.812,-12.94
52.828,-17.21
52.843,-21.29
52.859,-25.2
52.875,-29.1
52.890,-33.09
52.906,-37.1
52.921,-40.92
52.937,-44.43
52.953,-47.42
52.968,-49.83
52.984,-51.76
53.000,-53.23
53.015,-54.25
53.031,-54.78
53.046,-54.81
53.062,-54.38
53.078,-53.76
53.093,-53.06
53.109,-52.27
53.125,-51.19
53.140,-49.58
53.156,-47.24
53.171,-44.06
53.187,-40.15
53.203,-35.69
53.218,-30.96
53.234,-26.12
53.250,-21.42
53.265,-16.91
53.281,-12.68
53.296,-8.86
53.312,-5.44
53.328,-2.26
53.343,0.77
53.359,3.75
53.375,6.74
53.390,9.55
53.406,11.87
53.421,13.53
53.437,14.38
53.453,14.57
53.468,14.51
53.484,14.62
53.500,15.13
53.515,16.0
53.531,16.94
53.546,17.43
53.562,17.14
53.578,15.94
53.593,14.01
53.609,11.69
53.625,9.32
53.640,7.27
53.656,5.78
53.671,4.91
53.687,4.66
53.703,4.84
53.718,5.09
53.734,5.06
53.750,4.49
53.765,3.3
53.781,1.84
53.796,0.53
53.812,-0.22
53.828,-0.15
53.843,0.72
53.859,2.03
53.875,3.2
53.890,3.6
53.906,2.72
53.921,0.37
53.937,-3.31
53.953,-7.77
53.968,-12.22
53.984,-15.84
54.000,-18.08
54.015,-19.08
54.031,-19.34
54.046,-19.59
54.062,-20.28
54.078,-21.37
54.093,-22.34
54.109,-22.46
54.125,-21.3
54.140,-18.85
54.156,-15.63
54.171,-12.3
54.187,-9.38
54.203,-6.99
54.218,-4.88
54.234,-2.82
54.250,-0.55
54.265,1.71
54.281,3.62
54.296,4.85
54.312,5.3
54.328,5.19
54.343,4.99
54.359,5.34
54.375,6.51
54.390,8.53
54.406,10.98
54.421,13.43
54.437,15.42
54.453,16.8
54.468,17.69
54.484,18.31
54.500,18.9
54.515,19.41
54.531,19.67
54.546,19.41
54.562,18.56
54.578,17.29
54.593,15.9
54.609,14.7
54.625,13.91
54.640,13.59
54.656,13.54
54.671,13.53
54.687,13.27
54.703,12.63
54.718,11.51
54.734,9.8
54.750,7.47
54.765,4.7
54.781,1.9
54.796,-0.41
54.812,-1.54
54.828,-1.05
54.843,1.24
54.859,5.01
54.875,9.62
54.890,14.36
54.906,18.62
54.921,22.23
54.937,25.19
54.953,27.63
54.968,29.46
54.984,30.36
55.000,29.88
55.015,27.81
55.031,24.31
55.046,19.87
55.062,15.21
55.078,11.02
55.093,7.87
55.109,6.12
55.125,5.91
55.140,7.27
55.156,10.04
55.171,13.81
55.187,17.84
55.203,21.27
55.218,23.19
55.234,23.1
55.250,21.0
55.265,17.38
55.281,13.2
55.296,9.55
55.312,7.31
55.328,6.83
55.343,8.01
55.359,10.14
55.375,12.37
55.390,13.96
55.406,14.46
55.421,13.9
55.437,12.55
55.453,10.71
55.468,8.5
55.484,5.87
55.500,2.64
55.515,-1.29
55.531,-5.78
55.546,-10.5
55.562,-15.06
55.578,-19.14
55.593,-22.47
55.609,-24.82
55.625,-26.0
55.640,-26.05
55.656,-25.46
55.671,-25.08
55.687,-25.88
55.703,-28.52
55.718,-33.11
55.734,-38.87
55.750,-44.54
55.765,-48.81
55.781,-50.83
55.796,-50.35
55.812,-47.64
55.828,-43.23
55.843,-37.46
55.859,-30.82
55.875,-23.68
55.890,-16.64
55.906,-10.27
55.921,-5.02
55.937,-1.04
55.953,1.82
55.968,4.05
55.984,6.15
56.000,8.5
56.015,11.26
56.031,14.31
56.046,17.44
56.062,20.38
56.078,22.87
56.093,24.72
56.109,25.9
56.125,26.45
56.140,26.5
56.156,26.25
56.171,25.95
56.187,25.8
56.203,26.05
56.218,26.7
56.234,27.81
56.250,29.32
56.265,31.19
56.281,33.37
56.296,35.76
56.312,38.13
56.328,40.12
56.343,41.41
56.359,41.68
56.375,40.87
56.390,39.18
56.406,36.86
56.421,34.17
56.437,31.17
56.453,27.75
56.468,23.79
56.484,19.25
56.500,14.27
56.515,9.15
56.531,4.16
56.546,-0.48
56.562,-4.73
56.578,-8.61
56.593,-12.13
56.609,-15.38
56.625,-18.33
56.640,-20.98
56.656,-23.41
56.671,-25.78
56.687,-28.36
56.703,-31.36
56.718,-34.95
56.734,-38.88
56.750,-42.66
56.765,-45.5
56.781,-46.75
56.796,-46.03
56.812,-43.59
56.828,-40.08
56.843,-36.33
56.859,-33.09
56.875,-30.7
56.890,-29.12
56.906,-28.05
56.921,-27.18
56.937,-26.12
56.953,-24.69
56.968,-22.61
56.984,-19.76
57.000,-16.21
57.015,-12.23
57.031,-8.13
57.046,-4.26
57.062,-0.88
57.078,1.86
57.093,3.84
57.109,5.0
57.125,5.45
57.140,5.4
57.156,5.05
57.171,4.59
57.187,4.04
57.203,3.34
57.218,2.36
57.234,1.15
57.250,-0.08
57.265,-0.89
57.281,-0.89
57.296,0.11
57.312,2.01
57.328,4.57
57.343,7.39
57.359,10.07
57.375,12.25
57.390,13.64
57.406,14.09
57.421,13.55
57.437,12.3
57.453,10.68
57.468,9.13
57.484,7.99
57.500,7.46
57.515,7.47
57.531,7.8
57.546,8.21
57.562,8.33
57.578,8.02
57.593,7.3
57.609,6.17
57.625,4.78
57.640,3.23
57.656,1.67
57.671,0.21
57.687,-0.99
57.703,-1.79
57.718,-2.09
57.734,-1.86
57.750,-1.15
57.765,-0.05
57.781,1.26
57.796,2.67
57.812,3.99
57.828,5.13
57.843,6.07
57.859,6.83
57.875,7.51
57.890,8.29
57.906,9.27
57.921,10.48
57.937,11.77
57.953,12.95
57.968,13.77
57.984,14.2
58.000,14.28
58.015,14.13
58.031,13.9
58.046,13.72
58.062,13.74
58.078,13.91
58.093,14.22
58.109,14.43
58.125,14.27
58.140,13.37
58.156,11.66
58.171,9.34
58.187,6.86
58.203,4.76
58.218,3.55
58.234,3.62
58.250,4.89
58.265,7.21
58.281,10.2
58.296,13.48
58.312,16.79
58.328,19.89
58.343,22.57
58.359,24.63
58.375,25.89
58.390,26.23
58.406,25.6
58.421,24.17
58.437,22.17
58.453,19.96
58.468,17.67
58.484,15.4
58.500,13.09
58.515,10.59
58.531,7.85
58.546,4.91
58.562,1.97
58.578,-0.89
58.593,-3.39
58.609,-5.52
58.625,-7.17
58.640,-8.42
58.656,-9.25
58.671,-9.64
58.687,-9.43
58.703,-8.55
58.718,-7.11
58.734,-5.18
58.750,-2.99
58.765,-0.56
58.781,2.09
58.796,4.99
58.812,8.06
58.828,11.13
58.843,13.85
58.859,15.75
58.875,16.42
58.890,15.61
58.906,13.36
58.921,10.04
58.937,6.22
58.953,2.64
58.968,-0.14
58.984,-1.79
59.000,-2.31
59.015,-1.95
59.031,-1.05
59.046,0.04
59.062,1.15
59.078,2.03
59.093,2.5
59.109,2.27
59.125,1.21
59.140,-0.7
59.156,-3.12
59.171,-5.58
59.187,-7.5
59.203,-8.4
59.218,-8.13
59.234,-6.73
59.250,-4.43
59.265,-1.44
59.281,1.96
59.296,5.64
59.312,9.3
59.328,12.79
59.343,15.91
59.359,18.41
59.375,20.18
59.390,21.1
59.406,21.24
59.421,20.71
59.437,19.81
59.453,18.71
59.468,17.63
59.484,16.75
59.500,16.13
59.515,15.73
59.531,15.51
59.546,15.36
59.562,15.15
59.578,14.76
59.593,14.01
59.609,12.8
59.625,11.18
59.640,9.32
59.656,7.5
59.671,5.92
59.687,4.73
59.703,3.88
59.718,3.35
59.734,3.08
59.750,3.0
59.765,3.17
59.781,3.63
59.796,4.44
59.812,5.45
59.828,6.38
59.843,6.97
59.859,7.0
59.875,6.46
59.890,5.48
59.906,4.3
59.921,3.03
59.937,1.82
59.953,0.65
59.968,-0.64
59.984,-2.1
