timestamp,x,y,z
00.012,9.42,-41.579998,-41.94
00.036,9.36,-41.94,-41.879997
00.072,10.139999,-42.239998,-41.28
00.092,9.12,-42.0,-41.46
00.132,9.66,-42.18,-41.64
00.171,9.66,-42.54,-41.34
00.192,9.3,-42.3,-42.12
00.233,9.24,-42.239998,-41.64
00.272,9.48,-42.36,-41.94
00.292,9.719999,-42.66,-42.239998
00.333,9.48,-42.66,-42.0
00.373,8.7,-43.98,-41.46
00.392,8.82,-43.14,-41.94
00.432,9.48,-41.82,-42.18
00.472,10.2,-42.3,-41.82
00.493,9.36,-42.719997,-41.46
00.533,8.639999,-42.54,-41.28
00.573,9.3,-42.3,-41.879997
00.593,9.48,-42.78,-40.98
00.633,9.12,-42.42,-41.879997
00.673,9.42,-42.059998,-42.12
00.692,8.639999,-42.36,-41.579998
00.735,10.2,-41.34,-42.12
00.773,9.599999,-42.6,-41.7
00.793,9.9,-42.12,-42.48
00.831,9.84,-42.48,-42.059998
00.871,9.12,-42.059998,-42.78
00.912,8.7,-42.719997,-42.0
00.930,9.54,-42.0,-42.42
00.971,9.0,-41.76,-41.64
01.011,9.179999,-41.46,-41.64
01.033,9.36,-41.52,-41.52
01.072,9.36,-42.239998,-42.12
01.113,9.24,-42.18,-42.36
01.133,10.38,-42.12,-42.18
01.173,9.12,-42.42,-42.239998
01.214,9.66,-42.42,-42.78
01.233,9.719999,-41.76,-42.239998
01.273,9.599999,-42.42,-42.42
01.313,9.42,-41.82,-42.18
01.333,9.059999,-41.82,-42.059998
01.372,9.66,-41.7,-42.6
01.412,10.08,-41.579998,-41.879997
01.432,10.0199995,-41.94,-42.239998
01.473,9.179999,-41.34,-41.7
01.512,9.36,-42.54,-42.48
01.534,9.059999,-42.0,-41.399998
01.573,9.54,-42.12,-42.66
01.613,9.12,-41.879997,-42.78
01.632,8.94,-42.3,-42.3
01.673,9.84,-41.64,-42.059998
01.714,9.9,-42.66,-41.52
01.733,9.84,-41.7,-42.239998
01.778,9.66,-42.719997,-42.42
01.812,9.48,-41.879997,-41.28
01.836,9.12,-42.059998,-41.76
01.873,9.66,-42.239998,-41.82
01.912,9.719999,-43.379997,-41.7
01.950,9.24,-42.48,-41.34
01.970,9.36,-42.54,-41.46
02.011,9.36,-42.12,-41.879997
02.051,9.719999,-42.36,-40.8
02.071,9.42,-42.96,-42.0
02.112,9.0,-42.239998,-42.66
02.152,9.78,-42.36,-42.48
02.172,9.24,-42.42,-42.96
02.213,9.059999,-42.0,-41.82
02.252,8.94,-41.64,-42.18
02.273,9.179999,-41.52,-42.18
02.313,9.24,-42.239998,-42.0
02.354,8.76,-42.78,-41.34
02.374,9.0,-42.18,-41.579998
02.412,10.32,-41.46,-40.86
02.453,9.48,-41.7,-42.0
02.473,9.66,-42.18,-41.7
02.511,9.179999,-42.12,-41.82
02.553,9.0,-41.76,-42.6
02.593,9.599999,-42.12,-42.12
02.612,9.12,-41.879997,-41.64
02.653,9.179999,-42.66,-41.28
02.693,9.42,-42.12,-42.3
02.713,9.54,-42.12,-41.579998
02.752,9.36,-42.78,-42.18
02.795,9.719999,-42.54,-42.239998
02.811,9.84,-41.76,-42.18
02.852,9.3,-42.12,-42.3
02.893,8.46,-42.0,-42.719997
02.920,8.76,-42.059998,-42.899998
02.951,9.12,-41.82,-42.059998
02.991,9.12,-42.239998,-42.36
03.012,9.66,-42.059998,-41.94
03.051,9.12,-42.42,-41.46
03.093,9.54,-42.239998,-42.899998
03.112,8.88,-42.66,-42.899998
03.153,9.599999,-42.0,-42.48
03.193,9.12,-43.079998,-41.7
03.212,9.12,-42.3,-41.579998
03.253,9.36,-41.879997,-43.2
03.293,9.719999,-42.059998,-42.12
03.314,9.84,-42.239998,-41.34
03.352,9.719999,-41.579998,-42.12
03.392,9.36,-42.18,-42.66
03.433,9.66,-42.239998,-41.76
03.454,9.3,-43.2,-41.34
03.493,9.599999,-41.94,-42.0
03.533,9.179999,-42.66,-42.18
03.553,9.42,-42.18,-42.36
03.593,9.48,-41.64,-42.36
03.633,9.24,-42.54,-41.399998
03.653,8.76,-42.3,-41.219997
03.692,8.7,-42.239998,-42.239998
03.738,9.0,-42.6,-41.52
03.752,9.12,-42.6,-42.12
03.793,9.84,-42.3,-42.18
03.831,9.96,-42.12,-42.239998
03.852,10.0199995,-42.48,-42.12
03.892,9.96,-42.18,-41.82
03.932,8.88,-41.1,-42.96
03.951,9.12,-41.76,-42.42
03.991,9.719999,-41.579998,-42.3
04.031,9.599999,-42.239998,-42.059998
04.052,9.96,-42.12,-41.879997
04.093,10.08,-42.3,-42.66
04.132,8.7,-42.36,-42.239998
04.153,8.76,-42.059998,-42.48
04.192,9.12,-42.78,-42.239998
04.233,9.84,-42.42,-41.64
04.253,9.179999,-42.54,-41.879997
04.291,9.42,-41.76,-41.34
04.332,9.48,-41.94,-41.879997
04.372,9.96,-42.36,-41.94
04.393,9.12,-42.0,-41.76
04.432,9.719999,-42.66,-42.36
04.472,9.3,-42.6,-42.719997
04.491,9.54,-42.6,-42.42
04.532,9.179999,-42.059998,-42.48
04.572,8.5199995,-42.36,-42.42
04.592,9.059999,-42.3,-41.879997
04.633,9.24,-42.239998,-41.94
04.671,8.76,-41.7,-42.12
04.693,9.42,-42.3,-40.98
04.733,9.96,-42.0,-42.42
04.774,9.24,-42.239998,-41.76
04.792,9.78,-41.82,-42.6
04.832,8.88,-42.12,-42.48
04.872,9.54,-42.239998,-42.12
04.892,9.3,-41.579998,-42.48
04.933,9.78,-42.3,-42.78
04.971,9.66,-41.94,-41.52
05.011,9.36,-42.719997,-41.94
05.032,9.54,-42.059998,-42.0
05.073,9.96,-41.879997,-42.48
05.112,9.54,-41.64,-42.059998
05.133,9.599999,-42.66,-42.48
05.172,9.36,-41.94,-41.94
05.211,9.48,-41.879997,-42.059998
05.234,8.58,-42.12,-42.059998
05.272,9.179999,-42.6,-42.239998
05.312,9.3,-42.36,-41.94
05.332,9.36,-42.719997,-42.42
05.372,9.12,-42.3,-41.879997
05.412,9.42,-42.84,-42.36
05.433,10.0199995,-42.12,-43.079998
05.474,9.179999,-41.219997,-42.78
05.513,9.599999,-41.94,-42.84
05.532,9.12,-42.54,-41.879997
05.573,8.82,-42.239998,-42.84
05.613,9.36,-42.059998,-42.18
05.632,8.58,-41.879997,-42.42
05.674,9.36,-41.46,-41.7
05.713,10.38,-42.0,-42.42
05.733,10.139999,-41.76,-42.66
05.772,9.719999,-41.579998,-41.579998
05.813,9.36,-42.42,-41.46
05.832,9.12,-42.36,-41.7
05.876,8.94,-42.3,-42.18
05.913,8.46,-42.0,-42.059998
05.936,8.88,-41.879997,-42.12
05.971,9.3,-43.079998,-42.899998
06.012,9.059999,-42.0,-42.54
06.052,9.36,-41.82,-42.42
06.073,10.0199995,-42.0,-42.3
06.113,8.4,-41.94,-42.18
06.152,9.24,-42.0,-41.219997
06.173,9.24,-42.239998,-42.36
06.212,9.12,-42.18,-41.879997
06.252,9.54,-41.7,-42.66
06.272,10.5,-42.48,-42.0
06.314,9.0,-42.54,-41.82
06.352,9.84,-42.54,-41.94
06.373,9.599999,-42.6,-42.059998
06.413,9.719999,-41.46,-43.14
06.452,9.719999,-42.059998,-42.36
06.471,9.96,-41.16,-42.0
06.513,9.059999,-42.66,-42.0
06.553,9.36,-42.84,-42.3
06.572,9.36,-42.18,-41.16
06.613,9.0,-42.719997,-41.82
06.652,9.54,-41.82,-42.3
06.673,9.179999,-41.579998,-42.6
06.712,9.12,-41.82,-43.559998
06.752,9.599999,-42.84,-42.239998
06.773,9.24,-43.079998,-42.3
06.812,9.54,-41.879997,-42.96
06.852,9.0,-42.18,-42.54
06.896,9.78,-42.719997,-41.76
06.911,9.66,-41.82,-41.52
06.951,8.76,-42.48,-42.42
06.991,9.54,-42.12,-41.7
07.011,9.84,-41.579998,-41.94
07.051,8.82,-42.059998,-42.3
07.091,9.66,-42.78,-41.879997
07.111,9.96,-42.059998,-41.1
07.153,8.76,-42.66,-42.059998
07.193,9.24,-42.0,-41.46
07.212,9.84,-42.18,-42.3
07.253,9.719999,-42.3,-41.64
07.292,8.76,-42.42,-41.94
07.312,8.34,-42.54,-42.059998
07.354,9.3,-42.78,-42.84
07.394,9.059999,-42.18,-42.42
07.416,10.0199995,-42.36,-42.54
07.453,9.599999,-42.78,-43.44
07.493,9.84,-41.879997,-42.12
07.513,9.599999,-42.719997,-42.12
07.553,9.9,-42.78,-42.54
07.594,9.24,-41.64,-42.84
07.613,9.12,-41.76,-42.719997
07.653,9.599999,-40.98,-42.66
07.693,8.94,-42.059998,-42.059998
07.733,10.139999,-41.82,-42.48
07.753,10.0199995,-42.6,-41.76
07.793,9.179999,-41.76,-42.059998
07.831,9.66,-41.82,-41.82
07.851,9.3,-42.0,-42.18
07.891,9.3,-42.3,-42.66
07.932,9.3,-42.239998,-43.14
07.953,9.12,-42.48,-43.14
07.991,9.179999,-42.719997,-42.3
08.031,9.3,-42.059998,-42.18
08.052,9.78,-41.7,-42.0
08.092,9.84,-42.36,-42.0
08.133,8.58,-41.46,-41.64
08.151,8.639999,-41.879997,-41.04
08.192,9.42,-41.16,-42.3
08.232,9.48,-41.52,-41.879997
08.252,10.2,-41.879997,-41.46
08.293,8.7,-42.12,-42.6
08.332,9.0,-41.94,-41.34
08.353,9.12,-41.82,-41.579998
08.392,8.88,-42.78,-42.3
08.432,8.4,-42.36,-42.239998
08.473,9.059999,-42.18,-42.239998
08.493,9.12,-42.059998,-42.12
08.531,9.48,-42.3,-42.12
08.572,8.639999,-42.3,-42.0
08.593,8.5199995,-41.7,-41.16
08.632,9.12,-42.12,-42.3
08.673,9.059999,-42.54,-42.239998
08.692,9.54,-41.46,-42.54
08.732,9.9,-42.48,-42.3
08.773,9.36,-42.48,-41.399998
08.794,8.88,-42.3,-41.52
08.832,9.24,-42.12,-41.82
08.872,9.3,-42.36,-41.879997
08.893,9.66,-42.239998,-42.3
08.931,9.54,-41.64,-41.64
08.971,9.48,-42.66,-42.54
08.991,9.059999,-42.0,-42.12
09.033,10.08,-42.0,-41.879997
09.073,9.3,-42.6,-41.82
09.092,8.4,-43.02,-42.42
09.132,8.7,-41.76,-42.059998
09.173,9.36,-42.42,-42.48
09.194,9.12,-42.3,-42.36
09.233,8.88,-41.76,-41.879997
09.273,9.48,-41.34,-40.8
09.312,8.94,-42.66,-41.82
09.333,9.599999,-42.42,-42.239998
09.374,9.84,-42.18,-42.059998
09.414,9.0,-42.54,-42.78
09.433,8.639999,-42.719997,-42.48
09.472,8.94,-42.36,-40.92
09.513,9.78,-42.3,-42.48
09.532,8.76,-42.12,-42.0
09.572,9.36,-42.3,-41.219997
09.613,8.639999,-41.94,-41.76
09.631,8.22,-42.18,-41.94
09.673,9.48,-42.54,-42.0
09.713,9.84,-42.18,-41.76
09.733,9.54,-42.3,-41.52
09.773,9.12,-42.36,-42.6
09.813,9.54,-42.059998,-42.48
09.834,9.36,-42.18,-42.18
09.872,9.3,-42.18,-42.12
09.912,8.7,-42.48,-41.46
09.932,9.0,-42.54,-41.34
09.971,8.5199995,-41.82,-41.879997
10.011,9.719999,-42.239998,-42.18
10.032,9.48,-42.6,-42.18
10.073,9.12,-42.12,-41.579998
10.114,9.3,-42.3,-41.579998
10.133,9.12,-42.66,-42.0
10.173,9.0,-41.16,-42.0
10.211,8.88,-42.0,-42.0
10.252,9.36,-42.66,-41.76
10.273,9.12,-42.84,-42.0
10.313,9.719999,-42.54,-40.98
10.352,9.96,-42.18,-42.36
10.372,9.66,-42.18,-41.399998
10.412,8.94,-42.96,-41.879997
10.438,9.179999,-42.12,-41.82
10.474,9.48,-41.82,-42.36
10.514,9.179999,-42.719997,-41.76
10.552,9.059999,-41.579998,-42.059998
10.572,9.179999,-41.879997,-41.94
10.612,9.54,-41.94,-41.579998
10.653,9.3,-42.48,-41.52
10.672,9.36,-42.719997,-41.64
10.711,9.9,-41.879997,-41.64
10.753,8.94,-42.66,-41.82
10.773,9.059999,-42.18,-41.82
10.817,9.54,-42.6,-41.94
10.850,9.3,-42.239998,-41.52
10.872,10.5,-41.82,-41.28
10.911,9.36,-42.059998,-42.54
10.950,9.96,-42.18,-40.86
10.991,9.42,-42.6,-41.16
11.010,9.36,-42.12,-41.579998
11.052,9.42,-41.879997,-42.12
11.093,9.12,-42.059998,-42.3
11.113,9.12,-42.18,-42.239998
11.152,9.66,-42.3,-42.54
11.193,9.12,-41.04,-42.6
11.213,8.4,-41.76,-42.42
11.253,9.719999,-42.54,-41.879997
11.292,9.48,-42.12,-42.54
11.313,8.82,-42.0,-41.94
11.352,8.34,-41.879997,-41.64
11.392,9.96,-42.78,-42.48
11.413,10.26,-42.78,-42.12
11.453,9.3,-41.64,-42.239998
11.492,9.54,-43.079998,-41.82
11.513,9.96,-42.239998,-41.94
11.553,9.42,-41.879997,-41.04
11.593,9.9,-41.7,-42.66
11.612,9.66,-41.46,-42.96
11.653,9.36,-42.3,-42.059998
11.693,9.66,-42.42,-41.879997
11.712,9.48,-42.42,-42.3
11.752,8.639999,-42.0,-41.76
11.793,9.48,-41.76,-41.28
11.832,9.54,-41.94,-42.36
11.851,9.42,-42.18,-42.42
11.894,9.36,-42.6,-41.399998
11.931,8.88,-41.52,-41.52
11.952,9.48,-41.46,-40.92
11.993,8.88,-41.579998,-42.78
12.033,8.94,-41.82,-42.059998
12.051,8.82,-41.7,-41.7
12.094,9.36,-42.48,-42.54
12.137,8.58,-42.12,-41.1
12.153,8.82,-42.36,-40.68
12.194,8.76,-41.28,-40.68
12.233,9.54,-42.059998,-41.399998
12.254,9.42,-42.3,-41.28
12.294,8.4,-42.18,-41.16
12.334,9.24,-42.059998,-41.52
12.353,10.2,-42.12,-41.879997
12.392,9.719999,-41.82,-40.86
12.433,8.82,-42.059998,-40.98
12.453,9.12,-41.94,-41.94
12.493,9.54,-43.379997,-41.94
12.534,9.66,-43.26,-41.52
12.556,9.42,-42.6,-41.46
12.594,9.599999,-42.36,-41.64
12.634,9.24,-43.32,-41.579998
12.653,9.84,-42.6,-41.7
12.693,10.26,-42.6,-41.04
12.734,9.36,-42.84,-41.28
12.774,10.62,-42.48,-41.64
12.794,9.719999,-42.6,-42.18
12.839,9.54,-41.879997,-41.82
12.871,9.0,-42.84,-42.059998
12.893,9.42,-42.96,-42.059998
12.935,9.54,-42.6,-40.739998
12.972,9.179999,-42.66,-42.12
12.992,9.96,-42.42,-41.7
13.032,9.24,-42.6,-41.46
13.073,8.58,-42.78,-41.34
13.094,9.3,-42.54,-41.46
13.133,9.66,-41.76,-41.34
13.173,8.639999,-42.18,-41.34
13.194,8.34,-42.54,-41.7
13.232,9.12,-41.879997,-41.94
13.273,9.9,-42.18,-42.239998
13.294,10.0199995,-42.239998,-41.94
13.333,8.46,-42.12,-41.579998
13.373,9.179999,-42.18,-40.92
13.394,9.0,-42.3,-41.28
13.432,9.12,-42.42,-41.46
13.474,9.54,-42.36,-41.28
13.493,9.66,-42.42,-41.1
13.534,8.639999,-42.78,-42.12
13.574,9.9,-42.48,-42.18
13.613,8.16,-42.6,-42.059998
13.634,8.58,-42.78,-42.18
13.672,10.38,-42.18,-41.399998
13.714,9.24,-42.3,-41.82
13.733,9.54,-42.0,-41.94
13.773,9.24,-42.18,-41.82
13.814,9.36,-42.12,-41.34
13.832,9.48,-41.82,-41.16
13.873,9.179999,-42.48,-42.12
13.912,8.94,-42.3,-41.879997
13.932,8.82,-42.96,-42.239998
13.971,9.0,-42.899998,-41.7
14.012,8.639999,-42.42,-41.52
14.033,9.059999,-42.6,-40.8
14.073,8.82,-42.059998,-40.68
14.113,8.7,-42.899998,-41.1
14.133,9.059999,-42.18,-41.28
14.174,9.36,-42.3,-41.64
14.214,8.82,-42.48,-41.52
14.234,9.24,-42.54,-41.34
14.274,8.5199995,-41.94,-41.52
14.313,8.76,-42.36,-41.1
14.333,8.82,-42.899998,-41.64
14.374,9.0,-42.3,-41.52
14.413,9.78,-42.059998,-41.7
14.435,9.12,-42.3,-41.94
14.473,10.139999,-41.64,-41.82
14.514,9.3,-42.54,-42.0
14.535,9.54,-42.3,-41.52
14.574,8.88,-42.0,-41.52
14.614,9.66,-41.52,-41.52
14.653,9.059999,-42.3,-41.1
14.673,9.78,-41.94,-41.16
14.714,9.179999,-42.42,-42.42
14.754,10.2,-41.64,-41.7
14.774,10.139999,-42.48,-41.399998
14.813,9.3,-42.78,-42.18
14.853,10.559999,-42.18,-41.82
14.872,10.08,-42.059998,-41.46
14.912,9.24,-41.76,-41.46
14.952,9.84,-42.48,-42.0
14.972,9.36,-41.7,-41.28
15.013,9.9,-41.94,-41.16
15.052,9.48,-42.84,-42.12
15.074,10.08,-41.46,-41.579998
15.119,9.42,-42.48,-41.879997
15.153,9.54,-43.02,-42.239998
15.173,9.66,-42.66,-41.76
15.212,9.3,-41.7,-41.579998
15.253,9.24,-42.899998,-42.0
15.274,9.179999,-42.96,-42.059998
15.313,9.54,-42.059998,-42.54
15.354,10.2,-42.3,-41.1
15.393,9.3,-42.78,-40.68
15.413,9.3,-42.899998,-40.32
15.453,9.54,-42.3,-41.46
15.493,8.94,-42.059998,-42.42
15.513,9.96,-42.059998,-42.42
15.554,8.82,-41.76,-42.42
15.593,9.059999,-42.239998,-41.16
15.614,9.179999,-42.66,-41.1
15.654,8.5199995,-41.76,-42.18
15.692,8.94,-42.18,-41.7
15.713,9.24,-42.12,-41.7
15.754,9.179999,-41.76,-41.82
15.793,8.82,-42.6,-41.34
15.813,9.3,-42.36,-41.52
15.853,9.3,-42.54,-41.399998
15.892,9.78,-42.36,-41.399998
15.913,9.24,-42.3,-42.239998
15.951,9.12,-42.12,-41.399998
15.991,9.599999,-41.7,-41.76
16.032,9.599999,-41.82,-41.1
16.053,9.48,-41.7,-41.64
16.095,9.24,-41.94,-41.52
16.114,9.179999,-41.82,-42.18
16.155,8.7,-41.7,-42.12
16.193,9.24,-42.36,-41.7
16.234,9.179999,-40.8,-41.04
16.254,9.179999,-40.92,-42.12
16.293,9.599999,-41.579998,-41.16
16.337,9.66,-41.52,-42.54
16.353,9.599999,-41.879997,-42.12
16.395,9.78,-42.12,-41.879997
16.432,9.12,-42.239998,-41.7
16.454,9.599999,-41.94,-41.52
16.495,9.36,-42.719997,-42.84
16.536,8.82,-41.82,-42.18
16.554,9.54,-42.6,-41.94
16.594,9.36,-42.12,-41.16
16.632,9.36,-42.3,-40.86
16.654,9.0,-42.48,-41.82
16.694,9.84,-42.3,-41.399998
16.734,9.3,-41.28,-41.16
16.753,10.139999,-41.94,-42.059998
16.794,8.76,-41.879997,-41.82
16.836,9.36,-41.64,-42.3
16.853,9.0,-41.28,-41.579998
16.897,9.0,-41.94,-41.82
16.933,10.26,-42.42,-40.98
16.971,9.66,-41.94,-41.579998
16.992,9.24,-42.239998,-41.28
17.031,8.94,-42.48,-41.219997
17.072,9.36,-41.579998,-42.12
17.093,9.48,-41.82,-41.52
17.133,9.599999,-41.7,-40.86
17.174,9.42,-41.7,-41.46
17.193,9.059999,-42.12,-41.46
17.234,9.3,-41.879997,-42.0
17.272,9.78,-41.28,-41.16
17.294,10.26,-41.64,-41.16
17.333,8.88,-42.899998,-41.579998
17.373,9.42,-42.12,-42.0
17.393,8.639999,-42.6,-41.76
17.434,9.12,-42.18,-41.46
17.473,9.96,-42.54,-41.7
17.494,9.84,-43.02,-41.219997
17.533,9.9,-42.899998,-41.28
17.573,9.179999,-42.78,-41.7
17.593,9.36,-43.02,-41.04
17.633,9.179999,-42.96,-41.82
17.674,9.599999,-42.48,-42.3
17.693,9.96,-42.84,-42.36
17.733,9.54,-42.12,-41.34
17.774,9.36,-42.48,-41.76
17.813,8.7,-41.399998,-41.82
17.832,8.639999,-41.579998,-41.579998
17.873,9.42,-42.6,-41.28
17.895,10.139999,-42.66,-41.64
17.934,9.719999,-42.12,-41.64
17.973,9.0,-42.36,-41.579998
18.013,8.7,-41.7,-41.219997
18.033,9.0,-41.94,-42.36
18.075,9.179999,-42.6,-41.46
18.115,8.94,-42.66,-41.46
18.134,9.0,-42.42,-41.219997
18.174,10.26,-41.64,-41.7
18.215,9.719999,-42.059998,-41.879997
18.234,9.66,-42.12,-40.68
18.273,10.08,-41.94,-41.76
18.315,9.24,-41.579998,-42.059998
18.335,9.36,-41.82,-41.76
18.375,9.3,-41.7,-42.42
18.414,9.36,-41.879997,-41.399998
18.438,9.42,-42.18,-40.739998
18.476,9.66,-41.94,-42.66
18.517,10.2,-42.0,-41.82
18.536,10.0199995,-41.879997,-41.1
18.574,8.34,-42.0,-41.1
18.615,9.719999,-42.18,-42.239998
18.636,9.66,-42.059998,-42.36
18.675,8.88,-41.1,-41.64
18.714,9.66,-42.84,-41.76
18.735,9.12,-42.12,-41.46
18.775,10.139999,-42.6,-42.059998
18.816,9.48,-42.36,-42.18
18.854,9.36,-42.0,-41.579998
18.872,9.78,-41.52,-42.42
18.915,8.5199995,-41.76,-41.28
18.940,9.179999,-41.219997,-41.04
18.973,8.82,-41.879997,-42.059998
19.013,9.059999,-42.059998,-41.879997
19.053,8.82,-42.6,-41.82
19.074,8.46,-42.48,-41.7
19.115,10.38,-42.239998,-42.059998
19.155,10.0199995,-42.239998,-40.739998
19.174,9.66,-41.94,-41.1
19.214,9.3,-41.76,-41.16
19.253,9.36,-42.059998,-42.719997
19.275,9.36,-42.3,-42.12
19.315,8.46,-42.3,-41.579998
19.354,9.24,-42.42,-41.64
19.375,9.12,-42.36,-42.3
19.414,9.36,-41.399998,-41.64
19.454,8.28,-42.84,-40.98
19.474,8.639999,-42.36,-41.399998
19.514,8.94,-42.239998,-41.28
19.554,9.179999,-41.64,-42.239998
19.575,9.179999,-41.46,-41.94
19.615,9.719999,-42.12,-41.879997
19.654,9.599999,-42.0,-41.82
19.694,8.7,-42.12,-41.94
19.713,8.94,-42.12,-42.6
19.755,9.96,-42.84,-42.54
19.793,9.0,-43.079998,-41.52
19.817,9.179999,-42.6,-41.34
19.855,9.96,-41.579998,-41.52
19.896,8.88,-41.94,-41.16
19.919,9.719999,-42.059998,-40.98
19.953,9.12,-42.12,-41.399998
19.993,9.24,-42.66,-41.219997
20.013,8.82,-42.059998,-41.34
20.054,8.94,-42.66,-41.16
20.094,8.46,-42.48,-42.059998
20.115,8.88,-42.3,-41.34
20.153,9.42,-41.7,-42.48
20.193,9.12,-42.96,-41.399998
20.213,9.059999,-43.02,-41.7
20.254,9.0,-42.059998,-40.98
20.295,9.42,-42.239998,-42.36
20.314,9.36,-42.48,-42.0
20.355,9.78,-41.7,-41.7
20.394,8.82,-41.82,-41.579998
20.433,9.599999,-42.78,-41.579998
20.454,9.719999,-42.719997,-41.76
20.494,9.3,-41.579998,-42.0
20.535,9.9,-42.18,-42.059998
20.554,10.44,-42.18,-41.82
20.594,9.54,-42.0,-40.8
20.635,8.04,-42.66,-41.399998
20.654,8.46,-43.14,-42.42
20.694,9.599999,-42.059998,-41.94
20.736,8.639999,-42.0,-41.76
20.754,9.059999,-42.66,-42.059998
20.795,9.3,-42.3,-41.16
20.834,9.42,-41.82,-42.12
20.853,9.3,-42.66,-42.6
20.893,8.88,-42.12,-42.36
20.933,9.66,-42.18,-41.76
20.954,9.719999,-42.6,-41.46
20.993,9.0,-42.36,-42.42
21.033,9.36,-42.66,-41.579998
21.054,9.36,-42.48,-41.579998
21.095,9.3,-42.3,-42.12
21.134,9.599999,-42.719997,-42.12
21.154,9.36,-42.18,-41.879997
21.195,10.38,-42.48,-41.64
21.235,8.76,-42.6,-42.42
21.275,9.059999,-42.239998,-41.879997
21.294,9.24,-41.76,-42.54
21.334,9.0,-42.48,-41.04
21.374,9.54,-42.239998,-41.34
21.394,9.719999,-41.94,-41.46
21.434,8.94,-42.12,-42.719997
21.474,9.96,-42.42,-41.579998
21.494,9.78,-41.94,-41.399998
21.534,8.5199995,-42.059998,-42.6
21.574,9.66,-42.96,-41.399998
21.594,10.0199995,-42.239998,-41.76
21.634,9.84,-42.18,-41.399998
21.675,9.54,-41.879997,-42.36
21.694,8.7,-42.78,-41.76
21.734,9.12,-42.18,-42.6
21.774,8.94,-42.6,-41.46
21.795,8.7,-42.78,-42.48
21.836,9.179999,-42.36,-41.879997
21.874,9.78,-42.54,-41.76
21.894,8.94,-42.66,-42.66
21.933,8.7,-42.66,-41.46
21.973,9.54,-42.54,-41.34
21.994,10.62,-42.6,-41.82
22.033,9.36,-41.579998,-42.6
22.074,8.76,-42.54,-42.12
22.114,10.08,-42.36,-42.0
22.134,9.78,-43.14,-42.18
22.174,9.599999,-42.36,-42.36
22.214,9.42,-41.579998,-41.52
22.234,9.179999,-42.0,-42.12
22.274,8.58,-41.04,-41.64
22.314,9.179999,-41.52,-41.52
22.335,9.599999,-41.82,-41.94
22.375,10.08,-42.18,-41.7
22.414,9.0,-41.28,-42.239998
22.434,8.88,-41.94,-42.059998
22.475,8.88,-42.239998,-41.16
22.514,10.2,-41.76,-42.36
22.536,8.94,-41.879997,-42.6
22.575,9.719999,-42.239998,-41.7
22.615,9.48,-42.36,-42.0
22.635,9.179999,-42.42,-41.34
22.673,10.26,-42.239998,-42.18
22.716,8.88,-41.76,-42.0
22.734,8.94,-42.48,-41.64
22.775,8.7,-41.34,-42.12
22.814,8.88,-41.579998,-42.0
22.854,9.42,-42.18,-42.12
22.873,9.24,-42.66,-42.3
22.913,9.66,-42.42,-40.739998
22.953,8.58,-42.78,-41.76
22.973,8.58,-42.78,-41.76
23.013,9.66,-42.84,-41.7
23.054,10.08,-42.66,-41.94
23.073,9.48,-42.42,-42.0
23.114,9.059999,-42.0,-41.7
23.154,9.059999,-41.28,-42.239998
23.176,9.54,-41.1,-42.0
23.213,8.94,-41.76,-42.6
23.254,8.5199995,-42.719997,-41.94
23.275,9.0,-42.42,-41.879997
23.314,9.42,-42.3,-41.52
23.354,9.179999,-43.02,-41.76
23.374,9.179999,-42.96,-41.46
23.415,9.719999,-41.94,-42.18
23.454,9.24,-42.3,-41.82
23.474,9.36,-42.78,-41.64
23.514,8.46,-41.579998,-42.66
23.554,9.48,-42.36,-42.48
23.575,9.3,-43.02,-41.64
23.615,9.3,-42.18,-42.0
23.654,8.4,-42.6,-41.579998
23.674,8.22,-42.0,-41.76
23.714,10.26,-42.36,-42.48
23.754,8.82,-42.18,-41.64
23.794,8.46,-42.12,-41.879997
23.820,9.059999,-42.12,-41.399998
23.853,9.059999,-42.059998,-41.34
23.896,9.42,-41.82,-41.879997
23.915,9.96,-41.76,-41.219997
23.954,9.12,-41.82,-42.48
23.993,9.059999,-42.66,-41.1
24.012,9.42,-42.54,-41.76
24.053,9.96,-41.879997,-42.239998
24.094,9.48,-42.719997,-42.3
24.114,9.059999,-42.36,-41.579998
24.155,9.24,-43.02,-41.7
24.195,8.7,-42.3,-41.879997
24.216,9.059999,-41.7,-42.0
24.257,9.84,-42.48,-41.399998
24.295,9.36,-42.54,-41.579998
24.315,9.24,-42.96,-42.78
24.355,9.179999,-42.36,-42.3
24.394,8.94,-42.0,-42.18
24.414,8.7,-41.82,-41.579998
24.454,9.42,-42.36,-41.879997
24.493,9.84,-41.879997,-41.46
24.514,9.0,-42.059998,-41.82
24.555,9.48,-41.94,-41.1
24.594,8.94,-40.98,-41.76
24.615,8.94,-41.7,-42.0
24.655,10.679999,-41.94,-42.0
24.696,8.76,-42.3,-41.7
24.735,9.36,-42.66,-42.18
24.754,9.54,-42.239998,-41.46
24.795,9.66,-42.84,-41.399998
24.833,8.94,-42.719997,-41.46
24.853,8.94,-42.899998,-41.7
24.894,9.24,-42.12,-41.46
24.933,9.42,-42.059998,-42.12
24.953,9.48,-41.879997,-41.579998
24.993,8.7,-41.94,-41.579998
25.034,8.82,-41.94,-42.239998
25.054,9.059999,-41.879997,-42.66
25.095,9.36,-41.82,-42.0
25.136,10.2,-42.48,-41.82
25.154,10.139999,-42.48,-41.7
25.193,8.7,-43.02,-41.82
25.234,8.94,-42.18,-41.04
25.254,9.3,-42.48,-41.82
25.294,9.3,-42.899998,-42.42
25.335,9.0,-42.54,-41.579998
25.355,9.24,-42.239998,-42.36
25.396,8.58,-42.239998,-42.059998
25.436,8.7,-42.6,-41.94
25.455,8.46,-42.12,-41.879997
25.495,9.42,-42.84,-41.76
25.534,9.179999,-42.6,-42.12
25.576,9.78,-41.64,-42.42
25.596,9.599999,-41.82,-42.719997
25.636,8.88,-42.18,-41.46
25.675,9.0,-42.239998,-42.239998
25.695,9.599999,-42.36,-41.879997
25.735,9.42,-43.079998,-41.34
25.776,10.0199995,-42.0,-41.82
25.794,10.5,-42.42,-42.12
25.833,9.12,-42.3,-41.1
25.873,9.36,-41.94,-41.46
25.894,9.84,-42.3,-41.82
25.933,9.42,-42.36,-42.6
25.973,9.54,-41.64,-41.7
25.993,9.24,-41.28,-41.46
26.034,9.42,-42.12,-42.3
26.074,8.94,-41.879997,-42.48
26.093,8.7,-41.76,-42.719997
26.135,9.0,-41.52,-42.0
26.174,9.599999,-42.54,-41.28
26.195,8.76,-42.899998,-40.8
26.234,9.719999,-42.0,-42.3
26.274,9.9,-42.3,-41.76
26.295,9.599999,-42.42,-41.579998
26.334,8.58,-42.0,-41.94
26.374,9.48,-42.059998,-41.04
26.415,8.94,-41.82,-41.399998
26.434,9.3,-42.66,-41.28
26.474,8.4,-42.48,-42.0
26.513,9.059999,-42.36,-41.76
26.534,9.059999,-41.7,-41.16
26.574,8.82,-41.64,-42.0
26.614,9.3,-41.94,-41.76
26.634,9.78,-42.0,-41.76
26.674,9.36,-42.42,-42.0
26.714,8.46,-42.54,-41.879997
26.735,8.22,-42.18,-41.76
26.775,8.94,-41.879997,-41.399998
26.814,8.76,-42.36,-41.76
26.835,8.88,-42.3,-41.28
26.873,9.599999,-42.059998,-41.7
26.915,9.24,-41.76,-42.12
26.933,9.599999,-41.76,-42.0
26.972,9.599999,-42.48,-41.579998
27.013,9.78,-42.36,-41.399998
27.054,9.12,-41.52,-41.82
27.073,9.3,-41.28,-41.04
27.113,9.179999,-42.6,-41.219997
27.154,8.94,-42.3,-40.98
27.174,9.179999,-42.18,-40.92
27.215,8.7,-41.46,-41.52
27.254,9.24,-42.239998,-41.76
27.277,9.42,-41.76,-41.879997
27.315,9.78,-42.239998,-42.3
27.337,8.94,-41.879997,-42.239998
27.375,9.12,-41.82,-41.7
27.414,9.059999,-42.66,-42.18
27.454,9.36,-41.52,-41.94
27.474,9.66,-41.76,-41.28
27.514,9.48,-42.059998,-42.059998
27.555,8.7,-41.76,-41.879997
27.574,9.059999,-41.579998,-41.94
27.615,9.719999,-42.059998,-42.42
27.656,9.42,-42.0,-41.52
27.675,9.48,-42.12,-42.0
27.715,9.3,-43.559998,-42.3
27.756,8.82,-41.52,-41.28
27.776,9.3,-41.579998,-41.28
27.814,8.58,-42.36,-41.46
27.854,9.12,-42.78,-41.579998
27.893,9.24,-41.82,-42.059998
27.918,9.719999,-41.82,-42.36
27.956,8.88,-42.059998,-42.239998
27.993,8.46,-42.0,-42.3
28.012,8.76,-41.879997,-42.66
28.053,9.12,-42.12,-41.219997
28.095,8.82,-41.94,-41.64
28.115,9.0,-42.059998,-42.059998
28.155,9.24,-42.84,-42.18
28.194,9.36,-42.059998,-41.94
28.215,9.3,-41.94,-41.52
28.253,9.599999,-42.0,-41.52
28.294,9.54,-42.12,-42.239998
28.315,8.4,-41.94,-42.12
28.355,9.66,-41.82,-41.34
28.394,9.0,-42.0,-42.0
28.414,9.0,-41.94,-41.52
28.454,9.3,-42.18,-41.399998
28.495,9.12,-42.48,-41.879997
28.515,9.96,-42.059998,-41.7
28.554,8.94,-42.42,-41.94
28.594,9.42,-41.76,-41.52
28.614,9.54,-41.579998,-42.3
28.654,8.88,-42.239998,-41.76
28.694,9.719999,-41.879997,-41.579998
28.714,9.84,-42.6,-41.82
28.754,9.54,-42.48,-41.82
28.794,8.82,-43.02,-42.48
28.834,9.48,-42.3,-42.18
28.853,8.639999,-42.66,-41.82
28.893,9.0,-41.94,-42.18
28.933,9.66,-41.219997,-42.0
28.952,9.719999,-41.1,-41.879997
28.993,10.2,-42.42,-42.18
29.033,9.599999,-42.12,-42.18
29.054,9.54,-42.059998,-42.239998
29.094,9.059999,-41.34,-41.879997
29.134,9.24,-41.879997,-42.18
29.154,9.54,-42.0,-42.3
29.195,9.0,-41.879997,-41.04
29.236,8.94,-42.42,-42.059998
29.254,9.66,-42.6,-41.7
29.296,10.08,-41.94,-41.82
29.335,9.0,-42.36,-41.64
29.355,8.94,-42.059998,-41.76
29.395,9.12,-42.96,-40.739998
29.435,9.78,-41.34,-41.16
29.456,9.059999,-41.7,-40.98
29.496,8.58,-41.879997,-42.36
29.535,9.719999,-43.079998,-41.76
29.556,8.94,-42.36,-42.18
29.596,9.059999,-42.12,-41.64
29.636,9.059999,-41.52,-42.0
29.675,10.0199995,-42.78,-41.64
29.695,10.0199995,-42.6,-42.059998
29.737,8.5199995,-42.42,-41.46
29.776,8.94,-42.66,-40.98
29.797,9.42,-42.719997,-41.76
29.836,9.54,-41.94,-40.92
29.874,9.179999,-42.3,-42.48
29.899,9.12,-41.879997,-42.3
29.934,8.88,-43.14,-42.3
29.972,9.84,-41.34,-41.399998
29.993,10.0199995,-42.0,-41.399998
30.033,8.82,-42.059998,-41.34
30.074,8.76,-42.78,-41.64
30.097,8.5199995,-42.719997,-41.76
30.142,8.34,-42.36,-42.3
30.174,9.179999,-42.0,-41.76
30.194,8.82,-42.059998,-41.64
30.233,9.3,-42.36,-41.76
30.275,9.24,-42.84,-41.76
30.293,8.58,-42.3,-41.219997
30.333,9.9,-41.94,-41.879997
30.374,8.7,-42.3,-41.76
30.394,8.7,-42.6,-41.7
30.434,9.059999,-42.6,-41.82
30.474,10.32,-42.48,-41.579998
30.515,9.059999,-42.48,-42.059998
30.535,9.66,-42.66,-41.7
30.574,9.66,-42.0,-42.18
30.615,9.719999,-43.079998,-41.16
30.636,9.54,-42.66,-42.12
30.674,8.7,-42.66,-41.82
30.714,9.059999,-41.28,-42.899998
30.734,9.48,-41.579998,-42.42
30.775,9.12,-41.399998,-41.82
30.816,9.54,-42.78,-41.82
30.833,9.24,-42.48,-42.239998
30.874,8.58,-42.42,-41.46
30.902,8.4,-42.18,-41.16
30.933,9.66,-42.0,-41.94
30.973,9.24,-41.82,-41.579998
31.013,9.12,-41.64,-41.399998
31.034,9.599999,-41.7,-41.879997
31.074,9.42,-42.239998,-42.42
31.114,9.059999,-41.879997,-41.34
31.135,8.88,-41.579998,-41.46
31.175,9.36,-42.059998,-41.879997
31.214,10.0199995,-42.059998,-41.46
31.237,9.599999,-41.16,-41.76
31.274,9.54,-42.239998,-41.399998
31.314,9.179999,-42.18,-41.879997
31.355,9.719999,-42.36,-42.0
31.374,9.24,-42.78,-41.7
31.414,10.26,-42.36,-41.76
31.455,9.719999,-42.18,-42.18
31.473,9.9,-42.54,-41.579998
31.515,9.36,-42.12,-41.76
31.554,8.46,-42.78,-42.12
31.575,8.4,-42.6,-42.3
31.614,8.82,-42.239998,-42.12
31.655,10.0199995,-42.239998,-41.399998
31.674,9.42,-41.94,-41.7
31.716,9.719999,-42.12,-41.16
31.756,8.58,-42.18,-41.34
31.774,8.82,-42.719997,-42.12
31.814,9.719999,-41.64,-41.04
31.853,9.719999,-41.399998,-41.7
31.875,8.639999,-41.52,-42.42
31.916,9.3,-41.879997,-41.16
31.954,9.36,-43.379997,-41.28
31.994,8.88,-43.2,-40.8
32.013,9.0,-42.719997,-41.28
32.053,8.94,-42.0,-41.82
32.092,9.12,-41.82,-41.7
32.113,9.599999,-42.36,-41.16
32.153,9.12,-41.7,-41.28
32.194,9.54,-42.059998,-41.04
32.214,9.0,-43.26,-40.86
32.254,9.78,-42.059998,-42.18
32.294,8.82,-42.54,-40.8
32.314,9.36,-41.879997,-41.04
32.354,9.179999,-42.0,-41.219997
32.394,10.0199995,-42.899998,-41.34
32.414,9.54,-42.719997,-41.94
32.454,9.24,-42.18,-42.48
32.494,9.059999,-42.42,-41.579998
32.515,9.3,-41.94,-41.879997
32.554,9.36,-42.84,-41.82
32.594,9.0,-41.399998,-41.52
32.615,10.0199995,-41.82,-41.399998
32.654,8.94,-42.48,-41.28
32.680,9.3,-42.059998,-41.04
32.714,9.36,-43.02,-42.18
32.754,9.36,-42.6,-41.82
32.796,9.179999,-42.3,-41.04
32.814,9.179999,-42.3,-40.8
32.853,9.78,-43.02,-41.04
32.894,8.88,-41.579998,-41.52
32.917,9.24,-42.18,-41.76
32.955,9.719999,-41.28,-41.16
32.994,9.12,-42.3,-41.34
33.034,9.66,-42.78,-42.059998
33.053,9.54,-43.02,-41.82
33.096,10.679999,-42.719997,-41.7
33.116,9.66,-42.719997,-41.46
33.155,9.0,-41.52,-41.879997
33.194,9.719999,-42.42,-41.28
33.235,9.3,-42.3,-41.1
33.254,8.94,-42.059998,-41.579998
33.295,8.88,-42.36,-41.52
33.335,9.54,-43.02,-41.94
33.356,9.719999,-43.02,-41.7
33.396,9.179999,-42.18,-40.98
33.435,9.719999,-42.12,-41.82
33.454,10.139999,-41.94,-42.12
33.497,9.42,-41.46,-40.379997
33.534,9.48,-42.36,-40.98
33.555,9.0,-42.36,-40.98
33.597,9.599999,-42.48,-40.98
33.635,8.88,-42.0,-41.64
33.656,9.42,-42.66,-41.1
33.696,8.22,-42.66,-40.559998
33.735,8.5199995,-41.52,-41.879997
33.756,9.12,-41.76,-42.3
33.796,9.66,-42.0,-40.92
33.822,9.179999,-42.3,-41.82
33.876,9.96,-42.059998,-40.98
33.896,9.84,-42.42,-40.62
33.935,9.48,-41.399998,-40.739998
33.975,9.24,-42.12,-40.86
33.994,8.34,-42.42,-41.46
34.036,9.24,-41.94,-40.92
34.075,9.179999,-42.66,-42.36
34.096,9.24,-42.54,-41.879997
34.135,9.059999,-42.48,-41.04
34.176,8.82,-41.52,-41.64
34.196,9.719999,-41.1,-41.64
34.236,9.42,-42.42,-41.34
34.276,10.26,-42.48,-40.98
34.295,9.66,-41.94,-41.16
34.337,8.28,-41.82,-41.28
34.375,8.82,-42.3,-41.879997
34.397,8.94,-42.36,-42.12
34.437,9.66,-42.36,-41.34
34.475,8.88,-42.059998,-41.34
34.496,9.599999,-42.42,-40.92
34.535,9.78,-42.42,-41.7
34.577,9.96,-42.3,-41.28
34.597,9.24,-41.7,-41.879997
34.637,9.12,-43.2,-41.7
34.676,10.0199995,-42.719997,-42.3
34.696,9.96,-42.42,-41.46
34.736,9.66,-42.48,-41.28
34.777,9.48,-42.239998,-40.559998
34.797,9.48,-42.54,-41.16
34.835,9.599999,-42.36,-41.7
34.875,9.3,-41.82,-41.52
34.897,9.0,-41.879997,-40.92
34.936,8.16,-41.399998,-41.52
34.974,9.179999,-42.36,-41.579998
35.014,9.0,-42.12,-42.12
35.034,9.24,-42.18,-41.16
35.075,9.54,-42.3,-40.86
35.117,9.3,-42.059998,-41.7
35.136,9.12,-42.18,-42.12
35.176,8.94,-41.64,-41.76
35.217,9.0,-41.46,-40.92
35.236,8.94,-41.28,-41.219997
35.276,9.059999,-42.66,-41.16
35.317,9.96,-41.94,-41.52
35.336,10.26,-41.64,-42.12
35.376,9.42,-42.36,-42.36
35.416,9.96,-42.78,-41.34
35.436,9.78,-42.6,-41.04
35.476,9.42,-43.079998,-40.8
35.516,9.48,-42.42,-40.86
35.537,9.24,-42.42,-40.92
35.577,9.24,-41.76,-41.879997
35.616,9.48,-42.54,-42.12
35.636,9.059999,-42.36,-41.82
35.676,9.9,-41.52,-41.76
35.717,9.84,-41.16,-41.879997
35.737,9.3,-41.76,-41.46
35.776,9.9,-42.12,-41.219997
35.815,9.0,-42.059998,-41.28
35.856,9.96,-42.3,-42.12
35.876,9.36,-42.719997,-42.12
35.915,9.24,-42.18,-42.239998
35.955,9.719999,-42.12,-41.399998
35.974,10.2,-41.94,-41.52
36.017,9.36,-41.94,-41.399998
36.057,9.36,-41.46,-41.94
36.077,9.599999,-41.04,-41.7
36.117,9.3,-41.219997,-41.399998
36.160,9.3,-41.879997,-41.82
36.177,9.66,-41.46,-41.7
36.217,9.36,-42.66,-41.04
36.256,9.96,-41.879997,-42.0
36.276,10.26,-41.82,-41.16
36.317,8.16,-42.0,-42.66
36.356,8.7,-42.239998,-42.059998
36.377,8.639999,-41.64,-42.12
36.415,9.059999,-42.059998,-42.42
36.456,8.28,-42.48,-40.559998
36.476,9.0,-42.239998,-41.16
36.516,9.12,-41.82,-41.76
36.556,9.66,-41.64,-41.76
36.576,9.54,-42.18,-41.16
36.616,9.3,-42.899998,-41.34
36.656,9.599999,-42.36,-41.46
36.677,9.599999,-42.12,-41.879997
36.718,9.78,-42.54,-41.219997
36.756,8.7,-41.94,-41.7
36.779,9.9,-42.0,-41.219997
36.815,10.08,-42.18,-40.26
36.856,9.3,-42.899998,-41.879997
36.898,9.42,-41.879997,-41.34
36.918,9.36,-41.94,-41.28
36.956,9.24,-43.02,-41.16
36.996,9.84,-42.96,-41.219997
37.014,9.719999,-42.18,-41.579998
37.055,9.48,-42.18,-40.68
37.095,9.059999,-42.059998,-41.82
37.116,9.36,-42.3,-41.579998
37.157,9.3,-41.879997,-41.64
37.196,9.66,-42.48,-42.0
37.216,9.3,-42.3,-41.46
37.256,8.639999,-41.579998,-42.96
37.297,9.24,-42.12,-41.579998
37.316,9.54,-42.66,-41.579998
37.356,9.54,-41.64,-41.399998
37.396,9.059999,-41.76,-42.18
37.416,9.84,-41.579998,-42.059998
37.457,9.66,-42.36,-40.98
37.496,9.24,-42.12,-41.399998
37.517,9.36,-41.82,-41.76
37.557,9.48,-42.6,-41.04
37.597,9.179999,-42.059998,-41.7
37.636,9.3,-41.94,-41.879997
37.656,8.82,-41.64,-41.7
37.697,9.66,-41.579998,-41.579998
37.738,9.84,-42.239998,-42.0
37.758,10.26,-42.42,-41.46
37.798,9.84,-42.899998,-41.52
37.835,9.42,-42.0,-42.3
37.855,8.46,-40.92,-42.059998
37.895,9.42,-41.399998,-40.8
37.936,9.719999,-42.42,-41.16
37.959,10.0199995,-42.899998,-40.92
37.995,9.12,-42.42,-41.46
38.035,9.3,-42.3,-41.219997
38.055,8.94,-42.84,-41.28
38.098,9.48,-41.579998,-41.1
38.138,9.179999,-42.18,-41.579998
38.158,8.94,-41.879997,-41.52
38.197,9.96,-42.18,-41.879997
38.238,9.719999,-42.719997,-41.219997
38.256,9.599999,-42.3,-41.219997
38.297,9.48,-41.7,-42.12
38.337,8.639999,-42.18,-42.3
38.358,8.639999,-42.239998,-42.36
38.397,9.54,-42.239998,-40.86
38.437,9.66,-42.0,-41.94
38.476,9.12,-41.879997,-41.579998
38.497,9.42,-42.18,-41.46
38.538,9.96,-42.059998,-41.04
38.577,8.94,-41.76,-41.94
38.598,9.599999,-41.94,-42.0
38.637,8.88,-42.3,-41.52
38.680,9.179999,-42.239998,-41.579998
38.696,9.059999,-41.94,-41.1
38.737,9.78,-41.64,-41.579998
38.778,9.36,-42.0,-42.0
38.797,9.42,-42.54,-42.0
38.837,9.36,-42.3,-41.879997
38.875,9.24,-41.94,-41.34
38.896,9.179999,-42.6,-41.879997
38.936,8.639999,-42.3,-42.0
38.974,9.54,-42.18,-42.12
39.015,9.66,-42.059998,-42.6
39.037,9.84,-41.94,-42.239998
39.076,9.3,-41.94,-41.7
39.097,9.179999,-41.94,-41.7
39.139,9.059999,-42.059998,-41.82
39.176,9.78,-42.36,-41.04
39.216,8.46,-42.0,-41.28
39.236,9.36,-42.36,-41.34
39.276,9.24,-41.879997,-41.579998
39.316,8.58,-42.36,-41.579998
39.336,9.42,-42.3,-41.579998
39.376,9.84,-42.42,-42.059998
39.416,9.66,-42.48,-42.12
39.437,9.48,-41.76,-42.66
39.476,10.26,-42.48,-41.64
39.516,9.54,-42.239998,-41.399998
39.536,9.719999,-42.66,-41.219997
39.577,9.599999,-42.84,-41.94
39.603,9.179999,-42.54,-41.7
39.637,10.139999,-41.46,-42.0
39.676,9.12,-41.7,-41.879997
39.715,8.82,-42.899998,-41.46
39.735,8.76,-42.239998,-41.7
39.776,10.0199995,-42.059998,-42.6
39.818,8.28,-42.78,-41.04
39.857,8.7,-42.18,-42.0
39.875,8.4,-42.059998,-42.3
39.919,9.78,-42.059998,-41.82
39.936,9.24,-41.879997,-42.42
39.975,9.66,-41.879997,-41.82
40.015,10.0199995,-42.239998,-42.0
40.056,9.48,-41.219997,-42.239998
40.076,10.08,-41.34,-41.28
40.115,9.059999,-42.0,-41.52
40.157,9.42,-42.059998,-41.94
40.177,9.12,-42.059998,-41.879997
40.215,8.88,-42.78,-42.0
40.255,9.36,-42.42,-41.64
40.276,8.82,-42.3,-41.1
40.315,9.9,-42.059998,-41.399998
40.356,9.9,-42.0,-42.12
40.376,9.179999,-41.579998,-41.52
40.417,9.42,-41.64,-41.34
40.456,9.48,-42.6,-40.32
40.476,9.78,-42.6,-41.04
40.517,9.24,-41.7,-42.3
40.555,8.7,-42.66,-41.28
40.576,9.059999,-42.66,-41.16
40.616,9.179999,-41.579998,-41.879997
40.656,9.24,-41.52,-42.18
40.677,9.24,-41.76,-42.12
40.716,9.9,-42.059998,-41.52
40.756,9.3,-42.84,-41.64
40.776,9.42,-42.3,-41.34
40.817,9.48,-41.579998,-40.86
40.856,8.94,-41.52,-42.54
40.895,10.2,-42.719997,-42.059998
40.916,9.719999,-42.0,-41.879997
40.955,8.82,-42.12,-41.94
40.995,8.639999,-42.6,-40.8
41.017,9.599999,-41.94,-40.739998
41.055,8.94,-42.12,-42.0
41.096,9.66,-41.94,-41.94
41.117,9.179999,-42.059998,-42.18
41.155,9.84,-41.579998,-42.18
41.196,8.639999,-42.66,-40.98
41.216,9.54,-42.059998,-41.46
41.257,9.12,-41.94,-42.719997
41.296,9.66,-42.3,-41.82
41.317,9.54,-42.36,-41.579998
41.356,8.7,-41.579998,-42.719997
41.398,8.7,-41.46,-41.76
41.416,8.88,-40.739998,-42.059998
41.456,9.12,-42.48,-42.059998
41.495,9.48,-42.42,-42.239998
41.516,9.179999,-42.719997,-42.48
41.556,9.66,-41.7,-41.52
41.597,9.719999,-41.76,-42.059998
41.616,9.12,-41.94,-41.94
41.656,9.599999,-42.239998,-42.059998
41.696,8.94,-42.18,-41.82
41.736,8.5199995,-42.42,-41.399998
41.755,8.82,-41.879997,-41.399998
41.796,8.76,-42.899998,-42.54
41.836,9.42,-42.48,-41.76
41.854,9.179999,-42.3,-41.399998
41.896,9.54,-41.7,-41.7
41.936,9.48,-41.879997,-42.3
41.956,9.9,-41.94,-42.059998
41.995,8.58,-42.3,-41.52
42.035,9.48,-41.879997,-42.719997
42.055,9.84,-42.059998,-42.0
42.095,9.84,-42.12,-41.879997
42.135,8.94,-42.54,-41.52
42.155,9.66,-41.94,-41.64
42.195,9.96,-42.42,-41.879997
42.235,9.24,-42.239998,-41.399998
42.257,9.599999,-42.3,-42.18
42.296,9.42,-42.48,-41.82
42.337,9.12,-42.66,-41.94
42.356,9.48,-42.84,-41.76
42.396,8.76,-41.399998,-42.42
42.436,9.719999,-42.059998,-41.28
42.456,9.54,-42.84,-41.52
42.496,9.42,-42.84,-41.46
42.536,9.42,-41.64,-42.0
42.576,9.42,-41.7,-42.0
42.597,8.94,-41.76,-41.64
42.636,10.62,-42.239998,-41.579998
42.677,9.599999,-41.579998,-41.52
42.696,9.42,-41.46,-40.98
42.737,8.88,-42.54,-42.059998
42.776,9.719999,-42.12,-42.719997
42.796,9.78,-42.059998,-42.6
42.835,9.24,-42.059998,-41.94
42.875,10.0199995,-42.54,-41.16
42.895,8.82,-42.059998,-41.82
42.936,8.7,-41.76,-41.879997
42.975,9.24,-42.3,-41.64
42.995,8.76,-42.059998,-41.94
43.037,9.9,-41.94,-43.2
43.076,9.48,-42.239998,-41.64
43.095,9.3,-42.36,-42.18
43.136,9.0,-42.54,-41.82
43.176,9.84,-42.3,-42.36
43.197,9.719999,-42.42,-41.579998
43.237,9.599999,-41.82,-42.48
43.276,8.04,-41.1,-42.78
43.315,9.96,-42.719997,-42.3
43.336,10.32,-42.719997,-43.14
43.377,9.599999,-42.0,-42.3
43.397,8.94,-42.66,-42.3
43.436,9.66,-41.76,-41.579998
43.477,9.24,-42.6,-41.82
43.517,9.3,-42.3,-42.54
43.536,9.059999,-41.879997,-42.18
43.576,9.78,-42.36,-42.18
43.616,9.54,-42.0,-42.059998
43.637,9.42,-41.64,-42.0
43.677,8.82,-42.059998,-42.059998
43.716,8.639999,-42.36,-41.94
43.735,8.4,-41.76,-42.96
43.777,9.179999,-42.12,-41.64
43.822,8.94,-41.94,-42.12
43.836,9.48,-42.3,-41.16
43.875,9.54,-42.12,-41.64
43.918,9.9,-41.7,-41.94
43.935,9.54,-42.3,-41.64
43.975,9.3,-42.42,-42.12
44.015,9.84,-42.18,-41.46
44.036,9.54,-41.879997,-40.86
44.076,9.42,-42.0,-41.94
44.116,9.3,-42.18,-42.66
44.137,9.3,-41.94,-42.6
44.177,9.12,-42.66,-41.82
44.216,9.78,-42.3,-40.62
44.256,9.12,-41.879997,-41.879997
44.277,9.12,-41.219997,-42.059998
44.316,9.24,-43.079998,-41.34
44.356,9.3,-42.96,-42.059998
44.377,9.719999,-42.059998,-42.3
44.417,9.3,-42.36,-41.46
44.457,9.54,-42.0,-41.64
44.476,9.36,-42.36,-41.64
44.515,9.36,-42.18,-41.7
44.557,9.36,-41.82,-41.28
44.579,9.24,-41.94,-41.64
44.618,9.059999,-42.059998,-41.399998
44.640,9.179999,-41.879997,-41.82
44.676,10.0199995,-42.42,-41.7
44.717,9.179999,-42.54,-41.579998
44.755,9.96,-41.64,-41.34
44.776,9.599999,-41.82,-41.219997
44.816,9.36,-42.12,-41.399998
44.855,8.88,-42.36,-41.219997
44.896,9.66,-41.94,-41.28
44.915,10.2,-41.52,-41.879997
44.955,9.78,-41.52,-41.46
44.999,9.719999,-42.6,-40.92
45.015,10.139999,-41.76,-40.86
45.056,9.059999,-42.78,-41.64
45.095,8.76,-42.18,-41.94
45.116,8.46,-42.42,-42.12
45.157,9.36,-41.64,-42.54
45.197,9.179999,-43.26,-41.52
45.216,8.88,-42.42,-41.76
45.256,9.54,-42.48,-41.34
45.295,9.66,-41.76,-41.399998
45.316,9.54,-41.7,-41.879997
45.355,9.36,-41.579998,-42.12
45.396,10.139999,-41.64,-41.16
45.421,9.66,-41.94,-41.579998
45.455,9.12,-42.0,-41.7
45.497,9.12,-42.12,-41.46
45.516,9.599999,-42.42,-42.059998
45.556,9.12,-42.3,-41.879997
45.596,9.12,-42.66,-42.059998
45.617,9.42,-41.94,-41.879997
45.656,9.12,-42.18,-41.579998
45.696,8.88,-41.7,-40.98
45.716,9.42,-41.879997,-41.76
45.756,9.84,-42.54,-41.1
45.796,9.059999,-40.92,-41.64
45.835,9.78,-42.239998,-41.16
45.855,9.9,-42.96,-41.28
45.895,8.88,-41.879997,-41.64
45.936,9.12,-42.54,-41.219997
45.954,8.7,-42.48,-41.52
45.997,8.88,-41.879997,-41.219997
46.037,8.7,-41.82,-41.7
46.056,9.12,-41.7,-41.16
46.095,9.179999,-42.3,-42.66
46.136,9.36,-42.12,-42.12
46.156,9.179999,-41.219997,-42.18
46.196,9.179999,-42.12,-41.399998
46.236,8.82,-42.54,-41.399998
46.256,9.78,-42.719997,-41.7
46.296,9.54,-42.18,-41.82
46.337,8.94,-42.3,-42.66
46.357,9.42,-42.42,-41.64
46.396,9.36,-41.879997,-41.399998
46.436,8.34,-42.54,-41.52
46.456,8.639999,-42.3,-42.42
46.496,8.94,-41.82,-41.76
46.536,9.059999,-41.579998,-41.579998
46.556,9.9,-41.64,-41.7
46.596,9.42,-42.36,-43.14
46.637,9.54,-42.66,-42.42
46.657,9.12,-42.36,-42.18
46.696,9.48,-42.36,-42.42
46.741,9.54,-41.64,-41.28
46.775,9.12,-42.059998,-41.94
46.796,9.36,-42.239998,-42.0
46.836,9.599999,-42.6,-41.7
46.876,8.16,-42.899998,-41.82
46.895,8.099999,-42.239998,-41.94
46.935,9.179999,-42.12,-41.579998
46.978,9.059999,-42.84,-41.34
46.995,10.26,-43.44,-41.64
47.034,9.12,-42.059998,-41.46
47.075,9.059999,-42.12,-42.059998
47.095,8.4,-41.94,-42.84
47.136,9.84,-42.36,-41.7
47.178,9.12,-42.12,-41.46
47.198,8.4,-42.0,-41.7
47.237,9.0,-42.12,-41.94
47.278,9.0,-42.36,-42.059998
47.297,8.7,-42.18,-42.059998
47.337,10.38,-41.94,-42.54
47.376,9.78,-41.94,-41.82
47.396,9.48,-42.239998,-42.0
47.437,9.599999,-42.6,-41.399998
47.476,9.719999,-42.0,-41.52
47.496,9.3,-42.54,-41.28
47.537,8.88,-42.3,-42.239998
47.576,9.12,-42.0,-41.46
47.597,8.94,-42.239998,-41.76
47.636,8.94,-43.02,-41.82
47.676,9.42,-41.879997,-42.12
47.716,9.719999,-42.0,-41.879997
47.737,9.12,-42.36,-41.94
47.777,9.36,-42.239998,-41.46
47.816,8.88,-41.94,-42.059998
47.836,8.82,-42.6,-42.36
47.875,9.059999,-42.719997,-41.82
47.916,9.42,-42.239998,-42.0
47.936,9.78,-42.3,-42.36
47.974,9.179999,-42.719997,-41.82
48.015,10.32,-41.7,-42.96
48.036,9.599999,-41.64,-42.239998
48.077,9.719999,-41.94,-42.3
48.116,9.0,-42.0,-41.399998
48.135,9.0,-41.82,-41.219997
48.179,9.179999,-42.84,-42.059998
48.216,9.9,-42.42,-42.059998
48.236,9.66,-42.54,-41.7
48.278,9.48,-42.54,-42.18
48.316,9.12,-42.12,-40.86
48.336,10.2,-41.7,-41.399998
48.376,9.12,-41.82,-40.92
48.416,9.84,-41.7,-41.94
48.437,9.96,-42.239998,-41.879997
48.476,9.12,-43.2,-41.76
48.517,9.12,-42.48,-42.0
48.557,8.58,-42.36,-41.399998
48.577,9.36,-42.18,-42.18
48.616,8.88,-42.0,-42.0
48.659,9.179999,-42.54,-41.34
48.675,8.5199995,-42.239998,-41.1
48.718,9.059999,-42.239998,-40.86
48.756,9.66,-42.059998,-41.399998
48.777,9.24,-42.0,-41.16
48.817,9.599999,-42.96,-41.94
48.856,9.36,-41.879997,-40.5
48.874,9.12,-42.3,-40.68
48.916,9.059999,-42.18,-41.46
48.955,9.66,-43.44,-41.16
48.975,9.42,-42.66,-42.0
49.014,9.059999,-41.52,-42.42
49.054,10.44,-42.059998,-42.12
49.099,8.88,-41.46,-41.399998
49.115,9.0,-42.059998,-41.28
49.156,10.08,-42.719997,-41.46
49.177,10.08,-42.96,-41.46
49.217,8.639999,-42.239998,-42.0
49.257,9.36,-42.42,-42.059998
49.296,9.719999,-42.36,-42.48
49.316,9.66,-42.18,-42.059998
49.357,9.9,-41.94,-41.64
49.398,8.88,-42.54,-41.879997
49.416,9.059999,-42.42,-41.7
49.456,9.179999,-43.079998,-41.399998
49.496,9.42,-42.3,-41.579998
49.516,9.48,-42.48,-41.76
49.556,9.3,-42.0,-40.92
49.597,9.54,-41.82,-41.7
49.616,9.66,-41.52,-41.579998
49.657,9.3,-42.36,-40.98
49.696,9.0,-41.94,-41.52
49.716,9.24,-41.94,-41.34
49.756,9.48,-41.64,-41.64
49.796,9.179999,-41.94,-41.82
49.817,9.059999,-42.239998,-42.0
49.856,9.12,-42.42,-41.76
49.902,9.719999,-42.36,-41.34
49.921,8.94,-41.94,-41.82
49.954,9.059999,-41.879997,-40.86
49.995,9.42,-41.34,-41.16
50.034,8.88,-41.399998,-42.239998
50.056,8.76,-41.64,-41.52
50.097,9.66,-41.76,-41.7
50.117,9.84,-42.66,-41.7
50.156,8.28,-42.36,-41.879997
50.197,9.179999,-41.7,-41.46
50.236,10.0199995,-42.66,-41.76
50.254,9.84,-42.84,-41.16
50.295,8.88,-42.18,-42.12
50.336,9.48,-41.94,-41.579998
50.355,9.54,-42.0,-40.86
50.396,9.24,-41.94,-42.239998
50.436,10.139999,-42.78,-42.059998
50.456,9.719999,-42.48,-41.94
50.496,9.9,-42.12,-41.82
50.536,9.599999,-42.239998,-41.28
50.556,9.66,-42.059998,-41.7
50.596,9.48,-41.46,-42.12
50.636,8.88,-41.76,-42.0
50.656,8.58,-41.34,-41.16
50.696,9.48,-41.219997,-41.34
50.736,8.76,-42.0,-41.46
50.756,8.94,-41.94,-41.34
50.797,9.48,-42.48,-41.219997
50.835,9.36,-42.12,-41.94
50.876,8.88,-41.64,-41.1
50.896,8.88,-42.18,-41.52
50.935,9.96,-42.3,-40.5
50.974,9.3,-42.0,-41.52
50.994,9.42,-42.18,-41.579998
51.035,9.96,-41.52,-41.16
51.076,9.42,-41.7,-41.76
51.096,9.0,-41.7,-41.76
51.137,8.76,-41.46,-41.04
51.176,9.059999,-42.36,-42.54
51.196,9.179999,-42.059998,-42.3
51.236,10.26,-41.94,-42.42
51.277,9.599999,-41.52,-41.82
51.296,9.78,-42.059998,-41.579998
51.337,9.059999,-43.02,-41.879997
51.376,9.3,-42.059998,-42.719997
51.396,9.54,-41.579998,-42.239998
51.436,9.12,-42.42,-40.739998
51.476,9.179999,-41.7,-42.18
51.497,8.94,-41.879997,-41.1
51.536,9.3,-41.34,-41.34
51.576,9.0,-42.42,-40.86
51.597,8.28,-41.879997,-41.46
51.636,9.0,-42.48,-41.579998
51.677,9.48,-41.34,-41.64
51.697,9.059999,-41.34,-41.76
51.737,9.0,-41.52,-41.579998
51.777,9.48,-42.48,-42.059998
51.816,9.599999,-42.3,-41.52
51.836,9.66,-41.82,-41.879997
51.876,10.08,-41.46,-41.219997
51.915,10.2,-42.42,-42.42
51.937,9.42,-42.36,-42.18
51.976,9.66,-42.0,-41.52
52.015,8.88,-42.48,-42.12
52.035,9.54,-42.54,-41.219997
52.076,9.96,-41.76,-40.92
52.114,8.88,-41.7,-42.3
52.136,9.0,-41.879997,-42.0
52.174,9.96,-41.94,-42.12
52.215,9.0,-42.12,-41.94
52.235,9.54,-41.82,-42.12
52.276,9.3,-42.3,-41.879997
52.316,10.44,-41.94,-41.82
52.336,9.42,-42.239998,-42.3
52.375,9.54,-41.76,-41.52
52.417,9.0,-42.36,-41.76
52.437,9.36,-42.0,-41.28
52.477,8.58,-42.18,-41.82
52.516,9.54,-42.3,-41.219997
52.537,10.08,-42.18,-41.1
52.577,9.66,-42.239998,-41.879997
52.616,9.36,-41.579998,-41.82
52.637,9.36,-41.82,-41.82
52.676,9.0,-41.579998,-41.399998
52.716,9.12,-42.3,-40.98
52.756,9.599999,-42.42,-41.52
52.777,9.96,-42.42,-41.879997
52.815,9.24,-42.059998,-41.7
52.855,9.42,-42.48,-41.82
52.876,9.24,-42.3,-41.399998
52.916,9.36,-42.18,-41.04
52.940,8.58,-42.6,-41.94
52.974,8.58,-42.3,-41.76
53.014,9.36,-41.28,-41.94
53.056,10.5,-41.94,-41.34
53.076,10.08,-41.76,-40.68
53.117,9.36,-42.84,-41.34
53.156,8.58,-42.96,-40.98
53.177,9.54,-42.36,-41.04
53.216,9.599999,-41.76,-42.12
53.257,9.719999,-41.1,-41.579998
53.277,8.88,-42.18,-40.98
53.317,9.54,-42.36,-40.86
53.356,9.12,-42.0,-41.1
53.376,9.36,-42.3,-41.219997
53.416,9.54,-42.059998,-41.52
53.456,8.4,-41.46,-41.7
53.496,9.24,-41.82,-41.28
53.516,9.24,-42.0,-41.64
53.556,9.059999,-43.079998,-41.76
53.596,9.12,-42.059998,-41.7
53.616,9.179999,-41.76,-42.0
53.656,9.599999,-42.12,-42.059998
53.695,9.66,-41.04,-41.879997
53.716,10.2,-41.82,-41.34
53.756,9.48,-42.3,-41.64
53.796,9.24,-42.48,-41.16
53.816,9.36,-42.12,-40.86
53.856,9.059999,-42.6,-41.16
53.896,9.719999,-42.719997,-40.559998
53.918,9.36,-42.12,-41.34
53.956,9.48,-42.0,-41.28
53.994,9.3,-42.12,-41.82
54.015,9.599999,-42.12,-41.82
54.055,10.5,-42.12,-41.04
54.096,10.139999,-42.059998,-41.94
54.116,9.9,-42.059998,-42.239998
54.156,9.66,-41.64,-41.82
54.197,9.0,-42.36,-42.18
54.216,9.42,-42.36,-42.0
54.255,8.58,-42.6,-42.12
54.295,8.94,-42.0,-41.52
54.337,8.94,-42.239998,-41.399998
54.357,9.059999,-42.12,-42.0
54.396,8.639999,-41.7,-41.579998
54.437,10.08,-41.879997,-41.82
54.456,9.78,-41.94,-41.64
54.496,8.94,-42.6,-41.52
54.537,10.32,-42.18,-41.879997
54.556,9.78,-42.0,-42.0
54.596,9.84,-42.36,-41.399998
54.636,9.179999,-42.12,-40.86
54.655,9.3,-42.239998,-40.26
54.696,9.12,-41.94,-40.86
54.737,9.3,-42.36,-42.48
54.756,8.82,-42.719997,-41.46
54.796,9.66,-41.7,-42.239998
54.835,9.599999,-42.3,-41.1
54.855,10.08,-42.239998,-41.52
54.896,10.0199995,-41.579998,-41.28
54.935,9.3,-41.94,-41.76
54.975,9.12,-42.12,-41.52
54.996,9.12,-42.36,-41.219997
55.035,8.4,-42.18,-42.12
55.076,8.82,-41.76,-41.76
55.096,9.3,-42.239998,-41.94
55.136,9.54,-41.579998,-40.98
55.175,8.88,-42.66,-40.92
55.197,9.12,-42.239998,-41.34
55.235,8.58,-41.219997,-41.04
55.276,9.059999,-42.54,-42.0
55.297,8.4,-42.96,-41.46
55.337,8.7,-41.94,-41.28
55.376,8.88,-42.54,-40.86
55.396,9.059999,-42.84,-41.1
55.436,9.48,-42.36,-42.0
55.477,9.179999,-42.12,-41.399998
55.493,9.78,-42.36,-41.7
55.534,9.599999,-42.239998,-40.5
55.576,9.0,-42.12,-42.12
55.596,8.82,-41.46,-41.34
55.636,9.599999,-41.879997,-42.239998
55.676,9.84,-41.94,-41.219997
55.697,9.66,-42.059998,-42.18
55.736,9.42,-42.719997,-41.579998
55.776,9.84,-41.94,-40.98
55.797,9.66,-42.42,-40.86
55.836,9.12,-42.12,-40.559998
55.875,10.0199995,-42.0,-41.579998
55.915,8.94,-42.12,-41.879997
55.937,9.12,-41.879997,-41.46
55.975,9.3,-42.059998,-41.219997
56.016,8.5199995,-42.239998,-41.399998
56.035,8.76,-41.82,-41.28
56.077,9.36,-42.12,-41.28
56.100,8.76,-41.82,-41.28
56.136,9.96,-42.899998,-40.8
56.176,8.7,-42.0,-42.12
56.216,10.0199995,-42.48,-41.219997
56.236,10.0199995,-42.36,-41.219997
56.276,9.42,-41.52,-40.98
56.316,9.599999,-42.18,-42.12
56.336,9.48,-42.3,-41.46
56.377,9.9,-42.54,-40.86
56.416,8.88,-42.54,-40.68
56.437,8.76,-41.94,-40.86
56.476,9.059999,-42.12,-40.68
56.516,8.94,-41.579998,-41.46
56.536,9.78,-42.059998,-40.86
56.577,9.48,-43.44,-41.399998
56.615,9.48,-41.879997,-41.579998
56.636,8.94,-42.78,-41.04
56.676,9.24,-41.7,-42.12
56.717,8.88,-41.46,-41.52
56.736,8.7,-41.82,-41.52
56.777,9.36,-41.7,-40.86
56.814,9.24,-41.579998,-40.92
56.856,8.94,-40.8,-41.399998
56.876,8.76,-41.52,-41.46
56.915,9.9,-42.6,-41.1
56.956,9.059999,-41.82,-40.739998
56.977,8.639999,-42.36,-40.8
57.017,9.36,-42.54,-40.379997
57.054,10.32,-42.719997,-41.46
57.074,9.48,-42.48,-41.76
57.115,8.88,-42.18,-41.76
57.154,9.96,-41.82,-41.16
57.175,9.42,-42.36,-41.399998
57.215,9.42,-42.0,-41.7
57.256,9.179999,-42.3,-41.219997
57.277,9.599999,-41.7,-42.18
57.315,9.84,-41.46,-41.399998
57.356,8.28,-42.0,-41.34
57.376,9.059999,-41.64,-41.399998
57.414,10.0199995,-42.239998,-41.34
57.457,9.0,-42.48,-41.219997
57.496,8.58,-42.059998,-41.64
57.516,8.46,-42.059998,-42.059998
57.557,9.9,-41.64,-41.34
57.576,10.26,-41.879997,-40.92
57.616,9.24,-41.7,-41.579998
57.656,9.42,-42.18,-42.18
57.696,9.84,-42.42,-40.92
57.716,9.179999,-42.78,-41.04
57.755,9.54,-42.36,-41.64
57.796,8.28,-42.48,-41.34
57.816,9.24,-42.42,-41.1
57.855,9.78,-42.239998,-41.16
57.896,9.48,-42.0,-40.86
57.917,9.42,-41.82,-40.98
57.954,8.94,-43.079998,-40.739998
57.995,8.88,-42.6,-42.42
58.015,9.059999,-42.78,-41.52
58.056,10.0199995,-42.0,-41.16
58.096,8.7,-42.18,-41.399998
58.117,9.36,-41.46,-41.399998
58.158,9.12,-42.42,-42.239998
58.196,9.179999,-41.34,-41.28
58.216,9.36,-41.28,-41.879997
58.256,9.54,-42.0,-42.3
58.295,8.22,-42.6,-41.46
58.316,8.82,-42.239998,-42.239998
58.356,9.3,-42.66,-41.219997
58.396,9.3,-41.76,-41.7
58.436,9.12,-42.239998,-40.92
58.457,9.42,-42.42,-40.8
58.496,9.179999,-42.12,-42.6
58.536,8.639999,-42.6,-41.76
58.555,9.0,-42.48,-41.64
58.596,9.24,-42.48,-41.16
58.637,8.94,-41.82,-42.059998
58.656,8.58,-41.579998,-41.579998
58.696,9.48,-42.18,-40.8
58.737,9.36,-41.7,-41.46
58.756,9.3,-41.1,-41.52
58.796,9.059999,-41.579998,-41.76
58.835,9.36,-41.399998,-41.46
58.854,8.88,-42.6,-41.28
58.895,9.84,-41.34,-40.92
58.936,10.5,-41.82,-41.28
58.954,9.9,-42.899998,-41.399998
58.995,9.3,-42.0,-40.86
59.037,9.84,-42.899998,-40.98
59.057,9.24,-42.42,-41.16
59.096,9.96,-42.36,-41.52
59.136,9.599999,-42.6,-41.04
59.157,9.42,-42.12,-41.16
59.197,8.94,-41.94,-40.8
59.238,10.139999,-42.059998,-42.3
59.258,9.719999,-42.18,-41.399998
59.297,9.0,-42.0,-41.1
59.337,8.76,-42.059998,-40.62
59.376,9.54,-42.18,-41.34
59.395,9.78,-42.3,-41.46
59.437,9.059999,-42.42,-41.04
59.475,8.76,-42.42,-41.04
59.495,10.0199995,-42.0,-40.98
59.536,9.179999,-42.18,-41.64
59.576,9.0,-41.64,-40.68
59.597,9.0,-41.82,-41.34
59.635,9.179999,-42.239998,-40.26
59.676,9.599999,-42.18,-41.82
59.696,9.42,-42.36,-41.7
59.737,10.26,-41.76,-41.1
59.776,9.9,-41.879997,-41.46
59.810,10.0199995,-41.7,-41.34
59.836,9.24,-41.219997,-41.579998
59.875,8.94,-41.64,-41.579998
59.898,9.179999,-41.579998,-40.559998
59.934,9.42,-42.059998,-41.1
59.975,8.639999,-42.059998,-42.42
