timestamp,x,y,z
00.005,-0.0023942748,-0.045491222,9.70639
00.025,0.009577099,-0.04070267,9.761458
00.053,-0.014365649,-0.028731298,9.708784
00.093,0.04070267,0.016759925,9.732727
00.125,0.021548472,0.016759925,9.730332
00.154,0.011971374,-0.0071828244,9.732727
00.193,-0.009577099,-0.028731298,9.730332
00.225,0.009577099,-0.011971374,9.72315
00.265,0.014365649,-0.023942748,9.732727
00.293,0.045491222,0.0,9.720756
00.325,0.026337024,0.014365649,9.744699
00.366,0.019154198,-0.011971374,9.730332
00.393,-0.0023942748,-0.023942748,9.730332
00.425,0.016759925,-0.023942748,9.725544
00.465,0.021548472,-0.011971374,9.72315
00.516,0.031125572,-0.0023942748,9.715967
00.525,0.011971374,0.0023942748,9.732727
00.564,0.0,-0.028731298,9.727939
00.595,0.0071828244,-0.014365649,9.727939
00.625,-0.011971374,-0.021548472,9.7135725
00.666,0.047885496,0.0023942748,9.72315
00.692,0.03351985,0.009577099,9.727939
00.725,0.031125572,-0.0023942748,9.737515
00.765,0.0,-0.011971374,9.735122
00.792,0.0047885496,-0.023942748,9.727939
00.833,0.021548472,0.0071828244,9.725544
00.864,0.016759925,-0.014365649,9.742304
00.894,0.031125572,0.0071828244,9.730332
00.935,-0.0071828244,-0.011971374,9.730332
00.967,-0.009577099,-0.009577099,9.727939
00.994,-0.011971374,-0.035914123,9.718362
01.034,0.03351985,0.0047885496,9.732727
01.067,0.026337024,0.0,9.742304
01.105,0.03351985,-0.014365649,9.72315
01.133,-0.011971374,-0.023942748,9.72315
01.168,-0.0071828244,-0.021548472,9.711179
01.206,0.009577099,0.0071828244,9.718362
01.235,0.023942748,0.016759925,9.727939
01.267,0.019154198,-0.0023942748,9.737515
01.306,0.0047885496,-0.014365649,9.732727
01.334,-0.019154198,-0.014365649,9.7135725
01.365,-0.0047885496,-0.016759925,9.727939
01.406,0.019154198,0.0047885496,9.727939
01.438,0.04070267,0.0023942748,9.730332
01.465,0.047885496,0.0,9.732727
01.509,-0.009577099,-0.028731298,9.735122
01.534,-0.0047885496,-0.016759925,9.730332
01.566,-0.0047885496,-0.021548472,9.72315
01.605,0.028731298,0.0071828244,9.737515
01.635,0.028731298,-0.014365649,9.73991
01.673,0.04070267,-0.011971374,9.727939
01.706,0.0071828244,-0.021548472,9.742304
01.745,-0.0047885496,-0.021548472,9.727939
01.774,0.011971374,0.0047885496,9.727939
01.805,0.016759925,0.0071828244,9.718362
01.834,0.045491222,0.021548472,9.727939
01.873,-0.0023942748,-0.023942748,9.735122
01.904,0.0047885496,-0.016759925,9.742304
01.944,-0.023942748,-0.014365649,9.744699
01.972,0.023942748,0.011971374,9.735122
02.004,0.023942748,-0.011971374,9.759064
02.045,0.011971374,0.009577099,9.742304
02.074,-0.016759925,-0.021548472,9.732727
02.105,0.009577099,-0.035914123,9.70639
02.146,0.023942748,-0.023942748,9.715967
02.173,0.021548472,-0.035914123,9.744699
02.205,0.0,-0.016759925,9.866806
02.245,0.016759925,-0.009577099,9.715967
02.273,-0.019154198,-0.026337024,9.742304
02.304,0.0023942748,-0.031125572,9.735122
02.346,0.035914123,-0.009577099,9.703996
02.374,0.028731298,-0.011971374,9.72315
02.405,0.011971374,0.0047885496,9.720756
02.445,-0.0071828244,-0.011971374,9.696813
02.474,-0.014365649,-0.083799616,9.8787775
02.506,-0.014365649,-0.028731298,9.682447
02.546,0.023942748,-0.0047885496,9.742304
02.574,0.043096945,0.0047885496,9.727939
02.613,0.023942748,-0.023942748,9.747093
02.645,-0.014365649,-0.016759925,9.730332
02.674,-0.0047885496,-0.0047885496,9.732727
02.715,0.023942748,-0.019154198,9.730332
02.746,0.052674048,0.028731298,9.744699
02.785,0.047885496,-0.0047885496,9.72315
02.814,0.0023942748,-0.009577099,9.730332
02.845,-0.03351985,-0.031125572,9.725544
02.884,0.0,-0.016759925,9.780613
02.912,0.009577099,-0.04070267,9.715967
02.945,0.031125572,0.028731298,9.749487
02.984,0.0,-0.016759925,9.744699
03.013,-0.011971374,-0.0071828244,9.718362
03.044,-0.009577099,-0.028731298,9.744699
03.084,-0.0047885496,0.0023942748,9.72315
03.113,0.038308397,0.0047885496,9.735122
03.145,0.026337024,0.0023942748,9.725544
03.184,0.011971374,0.0023942748,9.744699
03.213,0.019154198,-0.011971374,9.718362
03.245,-0.014365649,-0.023942748,9.751882
03.284,-0.0047885496,-0.016759925,9.73991
03.313,0.035914123,-0.0071828244,9.720756
03.353,0.028731298,0.011971374,9.759064
03.384,0.0047885496,-0.019154198,9.737515
03.413,-0.009577099,-0.023942748,9.727939
03.453,-0.0023942748,-0.028731298,9.72315
03.485,0.043096945,0.0,9.73991
03.525,0.028731298,0.009577099,9.737515
03.552,0.011971374,0.016759925,9.761458
03.584,0.009577099,-0.031125572,9.725544
03.624,-0.0047885496,-0.016759925,9.73991
03.652,-0.009577099,-0.028731298,9.7135725
03.684,0.04070267,0.0071828244,9.727939
03.725,0.047885496,0.021548472,9.732727
03.752,-0.0071828244,-0.016759925,9.749487
03.785,-0.0023942748,-0.026337024,9.75667
03.825,-0.019154198,-0.023942748,9.742304
03.852,0.04070267,0.0071828244,9.735122
03.884,0.038308397,0.009577099,9.692024
03.926,0.035914123,0.0,9.70639
03.954,0.011971374,-0.016759925,9.744699
03.986,0.0,-0.03351985,9.720756
04.025,-0.019154198,-0.021548472,9.718362
04.054,0.016759925,0.0,9.761458
04.086,0.03351985,0.0023942748,9.73991
04.125,0.045491222,0.0071828244,9.809344
04.154,-0.009577099,-0.0071828244,9.720756
04.186,-0.026337024,-0.023942748,9.720756
04.225,0.028731298,-0.0023942748,9.72315
04.254,0.031125572,-0.019154198,9.725544
04.293,0.03351985,0.0071828244,9.730332
04.327,0.0071828244,-0.014365649,9.7135725
04.354,-0.0023942748,-0.016759925,9.763853
04.394,-0.011971374,-0.014365649,9.735122
04.426,0.016759925,-0.0071828244,9.727939
04.466,0.035914123,0.0047885496,9.72315
04.494,0.0023942748,-0.014365649,9.742304
04.525,0.031125572,0.0071828244,9.720756
04.565,-0.023942748,-0.028731298,9.749487
04.593,0.026337024,0.0,9.715967
04.625,0.026337024,-0.011971374,9.72315
04.665,0.04070267,0.0,9.747093
04.693,0.009577099,-0.038308397,9.735122
04.724,-0.0047885496,-0.021548472,9.727939
04.763,-0.011971374,-0.035914123,9.732727
04.792,0.023942748,-0.011971374,9.720756
04.825,0.03351985,0.016759925,9.742304
04.865,0.021548472,0.0047885496,9.73991
04.893,0.009577099,-0.023942748,9.744699
04.933,0.0023942748,-0.028731298,9.718362
04.965,0.009577099,-0.014365649,9.732727
04.993,0.031125572,0.009577099,9.742304
05.026,0.045491222,0.014365649,9.725544
05.065,0.023942748,-0.009577099,9.742304
05.093,0.0071828244,-0.014365649,9.718362
05.133,-0.0047885496,-0.014365649,9.72315
05.165,0.03351985,0.011971374,9.737515
05.195,0.043096945,0.0,9.72315
05.234,0.03351985,0.0,9.744699
05.266,0.03351985,-0.009577099,9.727939
05.305,-0.014365649,-0.03351985,9.730332
05.333,-0.0071828244,-0.0047885496,9.732727
05.366,0.023942748,0.031125572,9.696813
05.408,0.023942748,-0.014365649,9.73991
05.433,0.009577099,0.0071828244,9.730332
05.467,0.0,0.0071828244,9.72315
05.506,-0.014365649,-0.03351985,9.725544
05.535,0.009577099,-0.026337024,9.730332
05.566,0.011971374,-0.009577099,9.735122
05.603,0.023942748,-0.0047885496,9.735122
05.633,0.023942748,0.0,9.737515
05.666,0.0047885496,-0.028731298,9.73991
05.705,0.0047885496,-0.019154198,9.72315
05.732,0.021548472,-0.009577099,9.737515
05.772,0.021548472,0.0023942748,9.727939
05.804,0.031125572,-0.011971374,9.72315
05.832,0.009577099,-0.019154198,9.749487
05.874,0.0047885496,-0.031125572,9.727939
05.905,0.031125572,-0.009577099,9.727939
05.934,0.028731298,0.0047885496,9.715967
05.974,0.07422252,0.009577099,9.725544
06.007,-0.05985687,-0.031125572,9.732727
06.035,0.047885496,0.023942748,9.727939
06.074,-0.038308397,-0.057462595,9.737515
06.106,0.023942748,0.0071828244,9.727939
06.146,0.011971374,0.0047885496,9.725544
06.174,0.019154198,-0.0071828244,9.7135725
06.205,0.026337024,0.0047885496,9.718362
06.246,0.011971374,0.0047885496,9.73991
06.274,0.019154198,-0.009577099,9.735122
06.306,0.03351985,-0.0071828244,9.72315
06.346,0.009577099,-0.014365649,9.732727
06.374,0.019154198,0.016759925,9.720756
06.405,0.016759925,-0.023942748,9.727939
06.445,0.035914123,-0.019154198,9.727939
06.474,-0.014365649,-0.0047885496,9.73991
06.505,0.0023942748,0.011971374,9.75667
06.545,0.0047885496,-0.0023942748,9.749487
06.574,0.021548472,-0.0047885496,9.725544
06.605,0.016759925,-0.023942748,9.73991
06.645,0.014365649,-0.011971374,9.744699
06.679,0.035914123,-0.014365649,9.732727
06.712,0.009577099,-0.009577099,9.747093
06.743,0.021548472,-0.0023942748,9.730332
06.773,0.014365649,0.0047885496,9.725544
06.812,0.011971374,-0.016759925,9.72315
06.845,0.014365649,-0.014365649,9.749487
06.885,0.0023942748,-0.028731298,9.742304
06.914,0.023942748,0.0,9.732727
06.949,0.031125572,-0.0047885496,9.732727
06.986,0.0023942748,-0.009577099,9.720756
07.013,0.014365649,-0.014365649,9.73991
07.044,0.03351985,-0.021548472,9.742304
07.087,0.0047885496,-0.0071828244,9.732727
07.113,0.009577099,-0.009577099,9.718362
07.145,0.0047885496,-0.0047885496,9.727939
07.185,0.009577099,-0.023942748,9.72315
07.213,0.011971374,0.011971374,9.725544
07.246,0.023942748,0.0023942748,9.732727
07.285,0.023942748,-0.0047885496,9.732727
07.314,-0.011971374,0.0023942748,9.730332
07.344,0.028731298,-0.009577099,9.732727
07.386,0.009577099,-0.0047885496,9.735122
07.413,0.026337024,0.0,9.727939
07.445,0.026337024,0.011971374,9.735122
07.485,-0.021548472,-0.04070267,9.725544
07.513,-0.0047885496,0.0047885496,9.732727
07.554,0.021548472,-0.014365649,9.727939
07.584,0.028731298,0.0023942748,9.732727
07.624,-0.0071828244,-0.019154198,9.720756
07.653,0.0071828244,-0.009577099,9.759064
07.684,0.031125572,0.0047885496,9.730332
07.723,0.021548472,-0.0071828244,9.72315
07.752,0.019154198,-0.014365649,9.744699
07.785,-0.0047885496,-0.023942748,9.725544
07.824,0.031125572,-0.009577099,9.727939
07.853,0.03351985,-0.009577099,9.735122
07.884,0.0047885496,0.011971374,9.742304
07.925,0.0047885496,-0.009577099,9.720756
07.952,0.021548472,-0.011971374,9.742304
07.986,0.021548472,-0.0071828244,9.73991
08.028,0.023942748,-0.019154198,9.742304
08.053,0.0047885496,-0.009577099,9.73991
08.086,0.028731298,-0.0047885496,9.732727
08.128,0.009577099,0.0023942748,9.735122
08.153,0.028731298,0.0023942748,9.744699
08.185,0.0023942748,-0.014365649,9.715967
08.225,0.014365649,-0.021548472,9.718362
08.255,-0.009577099,-0.019154198,9.737515
08.285,0.021548472,0.0023942748,9.732727
08.325,0.035914123,0.019154198,9.732727
08.353,-0.0023942748,0.0023942748,9.744699
08.394,0.0071828244,-0.014365649,9.744699
08.425,0.019154198,-0.019154198,9.711179
08.454,0.014365649,-0.021548472,9.73991
08.494,0.009577099,-0.0071828244,9.737515
08.526,0.0023942748,-0.019154198,9.725544
08.565,0.0047885496,-0.009577099,9.730332
08.593,0.031125572,0.0023942748,9.70639
08.625,-0.0023942748,-0.011971374,9.72315
08.655,0.035914123,-0.0023942748,9.737515
08.697,0.016759925,-0.0023942748,9.737515
08.725,0.031125572,0.0023942748,9.715967
08.765,0.0047885496,-0.028731298,9.730332
08.792,0.009577099,-0.019154198,9.735122
08.824,0.026337024,-0.009577099,9.727939
08.863,0.011971374,-0.021548472,9.754275
08.892,-0.014365649,-0.028731298,9.715967
08.925,0.031125572,0.0023942748,9.72315
08.965,0.045491222,0.014365649,9.744699
08.994,0.021548472,-0.021548472,9.735122
09.024,-0.031125572,-0.043096945,9.730332
09.067,0.028731298,0.019154198,9.735122
09.094,0.028731298,0.0,9.73991
09.126,0.0071828244,-0.028731298,9.749487
09.164,0.0,-0.009577099,9.730332
09.193,0.021548472,0.0071828244,9.735122
09.233,0.083799616,0.021548472,9.720756
09.264,-0.0047885496,-0.014365649,9.615408
09.293,0.0071828244,-0.03351985,9.648928
09.334,0.03351985,-0.011971374,9.771035
09.365,0.035914123,0.0047885496,9.768641
09.405,-0.0023942748,-0.0023942748,9.771035
09.435,-0.0023942748,0.0,9.835681
09.466,-0.021548472,-0.038308397,9.732727
09.505,0.028731298,-0.014365649,9.735122
09.534,0.03351985,-0.016759925,9.694419
09.565,0.021548472,-0.0071828244,9.70639
09.596,0.009577099,0.011971374,9.730332
09.637,0.0047885496,-0.0047885496,9.735122
09.665,-0.043096945,-0.052674048,9.72315
09.703,0.10055954,0.023942748,9.737515
09.732,0.0071828244,-0.014365649,9.732727
09.772,0.03351985,0.028731298,9.73991
09.803,-0.011971374,-0.0071828244,9.742304
09.832,0.009577099,-0.04070267,9.732727
09.865,0.011971374,-0.014365649,9.735122
09.905,0.019154198,-0.011971374,9.730332
09.936,0.021548472,0.011971374,9.737515
09.965,0.0,0.0023942748,9.725544
10.006,0.0,0.0,9.742304
10.033,0.009577099,-0.014365649,9.725544
10.073,-0.0023942748,0.0,9.73991
10.105,0.0071828244,-0.047885496,9.794978
10.133,0.0047885496,-0.014365649,9.682447
10.173,0.031125572,0.009577099,9.735122
10.205,0.0071828244,-0.016759925,9.711179
10.244,0.011971374,-0.023942748,9.737515
10.273,-0.045491222,-0.014365649,9.72315
10.305,0.15083931,0.038308397,9.744699
10.345,-0.026337024,-0.04070267,9.725544
10.373,0.0047885496,0.0071828244,9.751882
10.405,-0.026337024,-0.035914123,9.73991
10.445,-0.0023942748,-0.011971374,9.727939
10.473,0.038308397,0.0023942748,9.759064
10.506,0.052674048,-0.0047885496,9.747093
10.545,0.0023942748,-0.023942748,9.725544
10.573,0.009577099,-0.031125572,9.727939
10.609,0.021548472,0.0023942748,9.735122
10.646,0.011971374,0.0047885496,9.735122
10.672,0.009577099,0.0071828244,9.737515
10.711,0.0071828244,-0.019154198,9.737515
10.743,0.0023942748,-0.011971374,9.732727
10.783,-0.0047885496,-0.0047885496,9.73991
10.811,0.0047885496,-0.0047885496,9.744699
10.846,0.016759925,-0.021548472,9.718362
10.872,-0.0071828244,-0.028731298,9.732727
10.912,0.05027977,0.016759925,9.732727
10.945,0.031125572,-0.016759925,9.727939
10.984,0.011971374,-0.045491222,9.715967
11.013,0.016759925,-0.023942748,9.732727
11.046,0.026337024,0.0023942748,9.737515
11.085,0.016759925,-0.023942748,9.70639
11.112,0.03351985,-0.0071828244,9.732727
11.144,0.028731298,0.0047885496,9.727939
11.188,0.016759925,0.0023942748,9.730332
11.212,0.0047885496,-0.016759925,9.732727
11.244,0.026337024,0.0023942748,9.720756
11.285,0.0071828244,-0.014365649,9.737515
11.313,0.016759925,-0.0071828244,9.732727
11.344,0.019154198,0.0047885496,9.735122
11.385,0.028731298,-0.009577099,9.725544
11.414,0.026337024,-0.009577099,9.737515
11.445,0.0047885496,-0.016759925,9.718362
11.484,0.019154198,-0.0023942748,9.75667
11.513,0.0047885496,-0.019154198,9.725544
11.544,0.021548472,-0.021548472,9.732727
11.594,0.023942748,-0.019154198,9.737515
11.616,0.035914123,-0.011971374,9.747093
11.649,0.023942748,-0.0047885496,9.73991
11.684,0.009577099,-0.019154198,9.72315
11.712,-0.019154198,-0.038308397,9.747093
11.751,0.021548472,-0.011971374,9.715967
11.782,0.021548472,-0.009577099,9.742304
11.823,0.0047885496,-0.038308397,9.715967
11.853,-0.021548472,-0.0023942748,9.727939
11.884,0.035914123,-0.021548472,9.737515
11.925,0.028731298,0.026337024,9.711179
11.952,0.026337024,-0.014365649,9.703996
11.983,0.0023942748,-0.021548472,9.742304
12.025,0.0023942748,-0.031125572,9.732727
12.053,0.023942748,0.0047885496,9.742304
12.086,0.023942748,0.021548472,9.672871
12.125,-0.016759925,-0.052674048,9.747093
12.151,0.045491222,0.014365649,9.725544
12.185,0.0071828244,0.0071828244,9.718362
12.225,0.0023942748,-0.016759925,9.749487
12.251,0.016759925,-0.0023942748,9.744699
12.284,-0.0047885496,-0.011971374,9.725544
12.325,0.023942748,-0.011971374,9.72315
12.353,-0.0071828244,-0.035914123,9.73991
12.384,0.043096945,0.009577099,9.7135725
12.425,0.0071828244,-0.031125572,9.744699
12.453,0.011971374,-0.0071828244,9.7135725
12.485,0.011971374,-0.009577099,9.749487
12.524,0.0023942748,0.0047885496,9.742304
12.552,0.014365649,-0.014365649,9.742304
12.589,0.026337024,-0.0023942748,9.730332
12.625,0.011971374,-0.026337024,9.718362
12.653,0.0023942748,-0.021548472,9.742304
12.693,0.016759925,0.014365649,9.727939
12.724,0.023942748,-0.045491222,9.727939
12.763,0.035914123,0.014365649,9.735122
12.792,-0.05027977,-0.023942748,9.730332
12.824,0.0023942748,-0.03351985,9.725544
12.866,0.03351985,0.0071828244,9.730332
12.894,0.05506832,0.021548472,9.737515
12.924,0.0047885496,-0.014365649,9.742304
12.965,0.021548472,-0.026337024,9.730332
12.994,0.028731298,0.0023942748,9.730332
13.026,0.026337024,-0.019154198,9.737515
13.065,0.043096945,0.0071828244,9.742304
13.094,0.0071828244,-0.016759925,9.727939
13.125,0.0071828244,-0.019154198,9.72315
13.166,-0.0023942748,-0.031125572,9.735122
13.193,0.023942748,0.009577099,9.727939
13.225,0.026337024,-0.0071828244,9.737515
13.274,0.03351985,-0.011971374,9.730332
13.292,-0.0023942748,-0.016759925,9.718362
13.326,0.019154198,0.0071828244,9.735122
13.366,0.019154198,-0.011971374,9.727939
13.393,0.026337024,0.0047885496,9.751882
13.426,-0.0023942748,-0.009577099,9.73991
13.465,0.009577099,-0.014365649,9.735122
13.493,0.019154198,-0.031125572,9.72315
13.527,0.04070267,0.011971374,9.725544
13.565,-0.0023942748,-0.031125572,9.761458
13.604,0.016759925,0.011971374,9.751882
13.635,0.009577099,-0.0071828244,9.735122
13.666,0.011971374,0.0,9.75667
13.703,0.0,-0.0071828244,9.744699
13.732,0.016759925,-0.009577099,9.720756
13.766,-0.0023942748,-0.0071828244,9.735122
13.805,0.031125572,-0.0071828244,9.744699
13.832,0.009577099,-0.009577099,9.72315
13.864,0.028731298,0.0047885496,9.732727
13.904,0.0023942748,-0.03351985,9.720756
13.933,0.0023942748,0.014365649,9.759064
13.966,0.021548472,-0.0047885496,9.732727
14.005,0.016759925,-0.021548472,9.732727
14.034,0.0,-0.0071828244,9.730332
14.066,0.011971374,-0.011971374,9.737515
14.105,0.011971374,-0.011971374,9.747093
14.133,0.021548472,0.0,9.720756
14.166,0.03351985,-0.0071828244,9.73991
14.206,-0.019154198,-0.023942748,9.730332
14.233,0.011971374,-0.023942748,9.732727
14.266,0.019154198,0.0023942748,9.742304
14.305,-0.009577099,-0.023942748,9.747093
14.333,-0.0047885496,-0.014365649,9.742304
14.374,0.043096945,0.009577099,9.718362
14.406,0.011971374,-0.021548472,9.72315
14.434,-0.014365649,-0.0071828244,9.732727
14.473,0.0071828244,-0.0071828244,9.744699
14.506,0.023942748,-0.0023942748,9.72315
14.545,0.0,-0.009577099,9.735122
14.573,0.014365649,-0.019154198,9.751882
14.604,0.0,-0.011971374,9.737515
14.653,0.019154198,0.0023942748,9.711179
14.680,0.021548472,0.0047885496,9.727939
14.706,0.0071828244,-0.021548472,9.7135725
14.744,-0.016759925,-0.03351985,9.72315
14.772,0.011971374,-0.023942748,9.725544
14.812,0.026337024,-0.026337024,9.742304
14.844,0.009577099,-0.0047885496,9.696813
14.873,0.0047885496,0.0023942748,9.730332
14.905,-0.0047885496,-0.016759925,9.703996
14.945,0.0071828244,-0.0047885496,9.727939
14.974,0.019154198,0.0047885496,9.735122
15.006,0.0,-0.019154198,9.735122
15.045,0.014365649,-0.0047885496,9.725544
15.075,0.0071828244,-0.019154198,9.742304
15.113,0.028731298,-0.0023942748,9.732727
15.145,0.019154198,-0.0071828244,9.72315
15.173,0.016759925,-0.028731298,9.737515
15.213,0.026337024,-0.0047885496,9.754275
15.245,0.014365649,0.0071828244,9.73991
15.286,0.026337024,-0.0023942748,9.730332
15.313,0.011971374,0.0023942748,9.72315
15.345,-0.009577099,-0.038308397,9.715967
15.385,0.026337024,0.0023942748,9.737515
15.413,0.023942748,0.0023942748,9.73991
15.445,0.023942748,-0.021548472,9.727939
15.485,0.011971374,-0.014365649,9.732727
15.513,0.011971374,-0.0047885496,9.72315
15.545,0.016759925,-0.014365649,9.742304
15.585,0.0071828244,-0.011971374,9.718362
15.612,0.021548472,-0.0023942748,9.727939
15.645,0.023942748,-0.0047885496,9.715967
15.684,0.04070267,0.011971374,9.720756
15.712,0.0047885496,-0.014365649,9.725544
15.744,-0.0047885496,-0.031125572,9.73991
15.783,0.0047885496,-0.04070267,9.720756
15.812,0.014365649,0.0,9.727939
15.845,0.026337024,-0.011971374,9.742304
15.886,0.009577099,-0.0071828244,9.725544
15.913,0.0047885496,-0.023942748,9.73991
15.946,-0.009577099,0.0,9.663293
15.985,0.0047885496,-0.035914123,9.725544
16.013,0.052674048,-0.11971374,9.742304
16.053,0.014365649,-0.021548472,9.720756
16.086,0.023942748,-0.026337024,9.727939
16.124,0.011971374,-0.0047885496,9.73991
16.153,0.0023942748,-0.021548472,9.730332
16.184,-0.011971374,-0.0071828244,9.735122
16.225,0.04070267,-0.016759925,9.715967
16.253,0.043096945,0.021548472,9.73991
16.285,-0.0023942748,0.019154198,9.711179
16.323,-0.009577099,0.019154198,9.73991
16.352,0.026337024,-0.028731298,9.715967
16.385,0.026337024,-0.035914123,9.727939
16.426,0.035914123,0.026337024,9.730332
16.453,0.026337024,-0.031125572,9.737515
16.485,-0.009577099,-0.026337024,9.737515
16.525,-0.0023942748,0.0071828244,9.794978
16.553,-0.016759925,0.031125572,9.749487
16.584,0.05985687,-0.090982445,9.715967
16.625,0.0047885496,-0.03351985,9.730332
16.653,0.026337024,-0.028731298,9.720756
16.692,0.0071828244,0.0,9.73991
16.723,0.016759925,-0.0047885496,9.751882
16.752,0.04070267,-0.021548472,9.749487
16.792,0.009577099,-0.028731298,9.720756
16.824,-0.0047885496,0.0047885496,9.727939
16.853,0.014365649,0.0071828244,9.732727
16.893,0.011971374,-0.0047885496,9.725544
16.925,0.016759925,-0.0047885496,9.730332
16.966,0.019154198,-0.0047885496,9.737515
16.994,0.0047885496,0.0071828244,9.718362
17.025,0.026337024,-0.011971374,9.725544
17.066,0.031125572,0.0071828244,9.742304
17.094,0.021548472,-0.0023942748,9.732727
17.124,0.0071828244,-0.016759925,9.727939
17.165,-0.023942748,-0.023942748,9.749487
17.193,0.021548472,-0.016759925,9.727939
17.225,0.021548472,-0.0023942748,9.751882
17.265,0.009577099,-0.0071828244,9.72315
17.294,0.0071828244,-0.019154198,9.73991
17.332,0.028731298,-0.0071828244,9.718362
17.364,0.047885496,0.0023942748,9.737515
17.392,0.011971374,0.0,9.72315
17.425,0.014365649,-0.026337024,9.735122
17.466,0.011971374,-0.023942748,9.732727
17.492,0.028731298,-0.0071828244,9.732727
17.525,0.03351985,0.0,9.730332
17.565,0.014365649,-0.016759925,9.735122
17.592,0.009577099,-0.03351985,9.72315
17.632,0.016759925,0.011971374,9.732727
17.663,0.021548472,-0.0047885496,9.727939
17.703,0.019154198,-0.011971374,9.730332
17.731,0.0,-0.016759925,9.730332
17.763,0.014365649,-0.009577099,9.725544
17.803,0.026337024,-0.0047885496,9.737515
17.832,0.021548472,-0.019154198,9.7135725
17.864,0.0071828244,-0.011971374,9.747093
17.905,0.009577099,-0.0071828244,9.718362
17.933,0.011971374,-0.028731298,9.744699
17.965,0.031125572,-0.0071828244,9.732727
18.006,0.026337024,0.0,9.742304
18.033,-0.0071828244,-0.014365649,9.754275
18.066,-0.014365649,-0.021548472,9.727939
18.104,0.014365649,-0.0047885496,9.737515
18.134,0.035914123,0.0047885496,9.735122
18.165,0.019154198,-0.0047885496,9.72315
18.205,-0.016759925,-0.0023942748,9.732727
18.233,0.011971374,-0.0071828244,9.73991
18.267,0.016759925,-0.026337024,9.742304
18.305,0.035914123,0.0,9.72315
18.335,0.0047885496,-0.021548472,9.747093
18.365,-0.011971374,-0.035914123,9.735122
18.406,-0.0047885496,-0.0071828244,9.720756
18.433,0.043096945,-0.021548472,9.744699
18.474,0.052674048,-0.009577099,9.727939
18.504,0.03351985,-0.016759925,9.749487
18.533,0.019154198,-0.023942748,9.715967
18.573,0.0,-0.045491222,9.701602
18.604,0.021548472,-0.019154198,9.747093
18.644,0.038308397,0.0,9.732727
18.680,0.009577099,-0.0071828244,9.727939
18.704,0.0,-0.043096945,9.730332
18.743,0.014365649,-0.009577099,9.725544
18.772,0.023942748,0.0071828244,9.744699
18.803,0.028731298,0.016759925,9.727939
18.843,0.026337024,-0.011971374,9.744699
18.872,-0.0047885496,-0.021548472,9.72315
18.905,0.0023942748,-0.011971374,9.725544
18.945,0.038308397,0.016759925,9.732727
18.972,0.043096945,0.0,9.735122
19.004,0.011971374,0.0023942748,9.73991
19.044,-0.0023942748,-0.023942748,9.737515
19.072,0.011971374,-0.023942748,9.727939
19.105,0.031125572,-0.0023942748,9.727939
19.144,0.026337024,0.0047885496,9.744699
19.173,0.028731298,0.0047885496,9.725544
19.214,0.0047885496,-0.023942748,9.699207
19.244,0.011971374,-0.026337024,9.735122
19.272,0.011971374,-0.016759925,9.73991
19.312,0.038308397,-0.0023942748,9.72315
19.343,0.021548472,0.0023942748,9.73991
19.383,0.009577099,-0.038308397,9.73991
19.412,-0.0023942748,0.0023942748,9.742304
19.444,0.009577099,-0.021548472,9.730332
19.484,0.038308397,-0.0071828244,9.744699
19.513,0.021548472,-0.009577099,9.735122
19.543,0.019154198,-0.0071828244,9.7135725
19.583,0.031125572,-0.0047885496,9.708784
19.611,0.011971374,-0.05027977,9.732727
19.642,0.0023942748,-0.009577099,9.749487
19.683,0.035914123,0.0023942748,9.72315
19.712,0.009577099,0.0071828244,9.732727
19.744,0.031125572,0.0023942748,9.744699
19.785,-0.019154198,-0.023942748,9.735122
19.811,0.0023942748,-0.014365649,9.725544
19.844,0.023942748,0.0,9.742304
19.883,0.043096945,0.009577099,9.735122
19.912,0.023942748,-0.014365649,9.730332
19.944,-0.0047885496,-0.011971374,9.744699
19.984,-0.0023942748,-0.028731298,9.727939
20.013,0.0,0.0047885496,9.747093
20.045,0.04070267,0.016759925,9.747093
20.085,0.023942748,-0.0023942748,9.749487
20.112,0.026337024,-0.016759925,9.720756
20.152,0.0071828244,-0.03351985,9.737515
20.184,0.0047885496,-0.0047885496,9.737515
20.213,-0.0023942748,-0.021548472,9.7135725
20.253,0.031125572,-0.035914123,9.735122
20.285,0.021548472,-0.0047885496,9.73991
20.325,0.009577099,-0.038308397,9.718362
20.352,0.0,-0.023942748,9.730332
20.384,0.0023942748,-0.021548472,9.725544
20.425,0.023942748,-0.0023942748,9.730332
20.451,0.023942748,-0.0023942748,9.751882
20.483,0.016759925,-0.009577099,9.732727
20.525,0.0,-0.026337024,9.732727
20.551,-0.014365649,0.0047885496,9.718362
20.584,0.021548472,0.0023942748,9.720756
20.623,0.021548472,0.0023942748,9.735122
20.650,0.021548472,-0.011971374,9.732727
20.685,0.026337024,-0.021548472,9.747093
20.724,0.014365649,-0.035914123,9.7135725
20.752,0.0071828244,-0.0047885496,9.725544
20.786,0.016759925,-0.009577099,9.747093
20.825,0.019154198,0.019154198,9.744699
20.853,-0.0071828244,0.0071828244,9.720756
20.893,-0.0047885496,-0.021548472,9.766247
20.925,-0.0071828244,-0.043096945,9.732727
20.954,0.028731298,0.0071828244,9.730332
20.993,0.05027977,-0.028731298,9.730332
21.025,0.026337024,0.0,9.727939
21.053,0.0071828244,0.0,9.732727
21.094,-0.0023942748,-0.031125572,9.72315
21.126,0.011971374,-0.009577099,9.7135725
21.166,0.04070267,-0.009577099,9.725544
21.193,0.028731298,-0.011971374,9.735122
21.226,0.021548472,0.0023942748,9.73991
21.265,-0.0047885496,-0.038308397,9.711179
21.293,0.016759925,-0.05506832,9.730332
21.325,0.0023942748,-0.021548472,9.742304
21.364,0.047885496,0.0071828244,9.715967
21.392,0.026337024,0.0047885496,9.742304
21.427,0.0,-0.026337024,9.737515
21.464,-0.021548472,-0.035914123,9.7135725
21.492,-0.0023942748,-0.023942748,9.747093
21.525,0.047885496,-0.0023942748,9.727939
21.572,0.0071828244,0.038308397,9.759064
21.592,0.0023942748,-0.021548472,9.744699
21.625,0.016759925,-0.052674048,9.725544
21.664,-0.019154198,-0.045491222,9.720756
21.692,0.0047885496,0.0071828244,9.725544
21.732,0.035914123,0.011971374,9.727939
21.764,0.031125572,-0.0047885496,9.730332
21.792,0.014365649,-0.0023942748,9.744699
21.832,-0.019154198,-0.05027977,9.720756
21.866,0.0047885496,0.0023942748,9.727939
21.893,0.043096945,-0.016759925,9.730332
21.935,0.057462595,0.0023942748,9.744699
21.967,0.016759925,0.019154198,9.725544
22.006,-0.052674048,-0.06943397,9.730332
22.034,-0.011971374,-0.035914123,9.730332
22.067,0.045491222,0.014365649,9.737515
22.105,0.038308397,0.0023942748,9.727939
22.134,0.03351985,-0.0047885496,9.727939
22.166,-0.0023942748,-0.019154198,9.694419
22.205,-0.09337672,-0.045491222,9.744699
22.237,0.11971374,0.09337672,9.718362
22.265,0.011971374,-0.06464542,9.70639
22.306,0.0670397,-0.0071828244,9.725544
22.334,0.016759925,0.021548472,9.742304
22.365,-0.0071828244,0.0,9.73991
22.405,0.0047885496,-0.023942748,9.730332
22.433,-0.0071828244,-0.011971374,9.744699
22.466,0.03351985,0.021548472,9.730332
22.506,0.021548472,0.0,9.7135725
22.533,0.011971374,-0.019154198,9.730332
22.566,0.0071828244,-0.035914123,9.720756
22.604,-0.0023942748,-0.011971374,9.720756
22.633,0.0047885496,-0.0047885496,9.72315
22.667,0.019154198,-0.0071828244,9.730332
22.705,0.021548472,-0.0023942748,9.735122
22.733,0.028731298,-0.026337024,9.737515
22.773,-0.011971374,-0.052674048,9.682447
22.805,0.014365649,-0.0071828244,9.7135725
22.845,0.04070267,0.0023942748,9.735122
22.874,0.043096945,0.014365649,9.735122
22.907,0.019154198,-0.016759925,9.744699
22.937,-0.011971374,-0.019154198,9.747093
22.973,-0.0047885496,-0.014365649,9.742304
23.006,0.009577099,-0.011971374,9.725544
23.047,0.05985687,0.0023942748,9.735122
23.077,0.014365649,0.0071828244,9.725544
23.106,-0.0023942748,-0.016759925,9.701602
23.146,-0.026337024,-0.035914123,9.730332
23.174,0.014365649,-0.023942748,9.720756
23.206,0.023942748,0.0071828244,9.720756
23.249,0.028731298,-0.011971374,9.730332
23.274,0.0,-0.0071828244,9.725544
23.305,-0.011971374,-0.028731298,9.725544
23.346,0.011971374,-0.0071828244,9.708784
23.375,0.0047885496,0.009577099,9.742304
23.407,0.028731298,0.023942748,9.730332
23.447,0.028731298,0.009577099,9.727939
23.475,-0.0071828244,-0.031125572,9.718362
23.506,-0.019154198,-0.031125572,9.73991
23.545,-0.011971374,-0.031125572,9.727939
23.574,0.038308397,-0.0023942748,9.73991
23.607,0.03351985,0.0023942748,9.73991
23.646,0.028731298,-0.021548472,9.73991
23.679,0.0023942748,-0.016759925,9.727939
23.713,-0.0047885496,-0.021548472,9.730332
23.744,0.04070267,-0.0023942748,9.718362
23.784,0.021548472,-0.0023942748,9.73991
23.814,0.026337024,0.0047885496,9.715967
23.846,0.0,-0.011971374,9.730332
23.885,-0.014365649,-0.026337024,9.737515
23.914,0.0,-0.0047885496,9.715967
23.946,0.035914123,0.014365649,9.747093
23.985,0.047885496,-0.016759925,9.749487
24.015,0.0071828244,-0.0071828244,9.720756
24.048,0.019154198,0.0071828244,9.725544
24.087,-0.021548472,-0.038308397,9.727939
24.115,0.011971374,0.0,9.73991
24.147,0.035914123,0.0047885496,9.735122
24.187,0.016759925,0.0047885496,9.735122
24.214,-0.0047885496,-0.035914123,9.725544
24.247,-0.014365649,-0.038308397,9.747093
24.288,0.031125572,-0.028731298,9.732727
24.315,0.035914123,0.014365649,9.711179
24.348,0.035914123,0.0,9.742304
24.387,0.011971374,-0.011971374,9.737515
24.415,-0.014365649,-0.014365649,9.742304
24.449,0.0071828244,-0.021548472,9.732727
24.486,0.023942748,0.009577099,9.744699
24.515,0.026337024,-0.021548472,9.727939
24.554,0.03351985,0.014365649,9.72315
24.585,0.026337024,-0.016759925,9.735122
24.626,0.0,-0.021548472,9.744699
24.654,0.009577099,0.014365649,9.720756
24.685,0.016759925,-0.011971374,9.747093
24.718,0.031125572,-0.0047885496,9.732727
24.754,-0.026337024,-0.009577099,9.737515
24.785,-0.011971374,-0.045491222,9.725544
24.846,0.014365649,-0.031125572,9.737515
24.856,0.0047885496,-0.04070267,9.711179
24.887,0.038308397,0.0023942748,9.749487
24.927,0.0023942748,-0.019154198,9.73991
24.956,-0.009577099,-0.045491222,9.72315
24.987,0.09337672,-0.014365649,9.701602
25.030,-0.03351985,-0.016759925,9.711179
25.055,0.014365649,0.021548472,9.751882
25.088,0.057462595,0.0023942748,9.708784
25.127,-0.016759925,-0.014365649,9.735122
25.155,0.021548472,0.023942748,9.711179
25.187,0.011971374,-0.019154198,9.73991
25.226,0.023942748,-0.03351985,9.732727
25.255,0.04070267,0.031125572,9.747093
25.287,0.028731298,-0.026337024,9.730332
25.328,0.016759925,-0.0023942748,9.759064
25.355,-0.014365649,0.0047885496,9.727939
25.395,0.021548472,-0.026337024,9.75667
25.428,0.023942748,-0.009577099,9.732727
25.467,0.019154198,-0.028731298,9.732727
25.495,0.047885496,0.021548472,9.747093
25.527,-0.038308397,-0.026337024,9.737515
25.556,-0.019154198,-0.023942748,9.720756
25.595,0.011971374,-0.021548472,9.744699
25.627,0.0670397,-0.0023942748,9.72315
25.666,-0.0047885496,-0.021548472,9.70639
25.694,-0.0071828244,-0.009577099,9.73991
25.726,0.0071828244,0.0047885496,9.70639
25.765,0.019154198,0.0,9.725544
25.795,0.021548472,0.0023942748,9.727939
25.825,0.028731298,-0.014365649,9.725544
25.866,0.0,-0.04070267,9.725544
25.894,0.011971374,-0.045491222,9.727939
25.927,0.019154198,0.0,9.737515
25.967,0.023942748,-0.0023942748,9.72315
25.995,0.026337024,-0.009577099,9.754275
26.027,0.011971374,-0.011971374,9.720756
26.066,0.011971374,-0.009577099,9.727939
26.095,-0.014365649,-0.045491222,9.737515
26.127,0.0023942748,-0.0071828244,9.72315
26.167,0.011971374,0.0047885496,9.730332
26.195,0.0023942748,-0.021548472,9.735122
26.235,0.0,-0.014365649,9.727939
26.265,-0.0047885496,-0.023942748,9.730332
26.306,0.011971374,-0.0023942748,9.735122
26.335,0.038308397,-0.019154198,9.727939
26.367,0.028731298,-0.0071828244,9.747093
26.407,0.016759925,-0.0071828244,9.701602
26.435,0.009577099,-0.011971374,9.747093
26.467,0.0,0.0,9.718362
26.506,0.011971374,-0.009577099,9.727939
26.534,0.05027977,0.021548472,9.735122
26.566,0.031125572,0.0023942748,9.711179
26.605,0.009577099,-0.05027977,9.725544
26.633,0.026337024,-0.023942748,9.718362
26.665,-0.019154198,-0.021548472,9.727939
26.706,0.043096945,0.0047885496,9.727939
26.734,0.026337024,-0.0023942748,9.749487
26.767,0.009577099,-0.0047885496,9.708784
26.808,0.009577099,-0.028731298,9.711179
26.835,0.0,-0.028731298,9.718362
26.867,0.0071828244,0.014365649,9.737515
26.906,0.021548472,-0.021548472,9.730332
26.935,0.028731298,-0.0071828244,9.72315
26.967,0.0047885496,-0.016759925,9.725544
27.007,0.0023942748,-0.014365649,9.720756
27.035,0.0,-0.031125572,9.737515
27.075,0.023942748,0.0,9.725544
27.106,0.038308397,-0.014365649,9.735122
27.146,0.031125572,0.0,9.732727
27.173,-0.014365649,-0.021548472,9.735122
27.208,0.009577099,-0.035914123,9.737515
27.247,0.016759925,-0.0023942748,9.737515
27.273,0.038308397,0.0023942748,9.703996
27.307,0.016759925,0.0071828244,9.737515
27.346,-0.014365649,-0.0071828244,9.732727
27.375,0.0,-0.019154198,9.718362
27.407,0.0,-0.023942748,9.72315
27.447,0.028731298,-0.0071828244,9.749487
27.475,0.026337024,0.014365649,9.744699
27.506,0.026337024,0.0047885496,9.727939
27.546,0.009577099,-0.021548472,9.747093
27.574,0.0023942748,-0.0023942748,9.72315
27.605,-0.0047885496,-0.019154198,9.75667
27.647,0.011971374,0.019154198,9.708784
27.674,0.031125572,0.014365649,9.737515
27.714,0.016759925,-0.011971374,9.737515
27.745,0.009577099,-0.028731298,9.751882
27.774,0.0023942748,-0.009577099,9.730332
27.813,0.026337024,0.0,9.737515
27.846,0.03351985,-0.038308397,9.73991
27.874,0.011971374,-0.016759925,9.73991
27.914,-0.0047885496,-0.028731298,9.732727
27.946,0.0,-0.052674048,9.744699
27.975,0.0023942748,-0.038308397,9.7135725
28.014,0.04070267,0.0047885496,9.732727
28.046,0.035914123,-0.026337024,9.715967
28.087,0.016759925,-0.019154198,9.732727
28.116,-0.0047885496,-0.031125572,9.742304
28.146,-0.0071828244,-0.0047885496,9.742304
28.186,0.028731298,-0.028731298,9.751882
28.214,0.028731298,-0.076616794,9.730332
28.245,0.04070267,0.014365649,9.711179
28.286,0.014365649,-0.03351985,9.735122
28.311,0.0071828244,0.0047885496,9.754275
28.347,-0.0023942748,-0.019154198,9.7135725
28.386,0.021548472,-0.0071828244,9.727939
28.414,0.04070267,-0.009577099,9.735122
28.446,0.023942748,-0.0071828244,9.730332
28.486,0.0071828244,-0.009577099,9.744699
28.514,-0.009577099,-0.047885496,9.718362
28.546,0.0023942748,0.0,9.737515
28.601,0.026337024,-0.014365649,9.725544
28.614,0.028731298,0.016759925,9.759064
28.655,0.0071828244,-0.038308397,9.744699
28.689,0.0071828244,-0.023942748,9.727939
28.725,-0.009577099,-0.05506832,9.7135725
28.753,0.019154198,-0.031125572,9.737515
28.785,0.026337024,0.011971374,9.737515
28.825,0.028731298,-0.031125572,9.720756
28.853,0.028731298,0.023942748,9.747093
28.885,-0.021548472,-0.038308397,9.725544
28.926,-0.031125572,0.1699935,7.721536
28.954,-0.12450229,0.011971374,10.61382
28.986,0.045491222,0.0670397,10.324113
29.026,-0.047885496,0.026337024,9.466963
29.054,0.0071828244,-0.021548472,9.785401
29.087,-0.0023942748,-0.04070267,9.732727
29.126,0.019154198,-0.021548472,9.727939
29.154,0.047885496,-0.05506832,9.730332
29.185,0.0023942748,0.023942748,9.751882
29.226,0.03351985,-0.0071828244,9.718362
29.255,-0.0071828244,-0.035914123,9.751882
29.287,0.0071828244,-0.035914123,9.711179
29.326,0.011971374,-0.014365649,9.725544
29.354,0.023942748,0.011971374,9.744699
29.386,0.014365649,-0.014365649,9.727939
29.426,0.011971374,0.016759925,9.742304
29.454,-0.0047885496,-0.043096945,9.747093
29.494,0.0,-0.0023942748,9.732727
29.526,0.021548472,-0.0047885496,9.718362
29.555,0.035914123,-0.011971374,9.744699
29.594,0.026337024,-0.011971374,9.72315
29.626,0.019154198,-0.009577099,9.718362
29.657,-0.0023942748,-0.011971374,9.802161
29.693,-0.016759925,-0.016759925,9.711179
29.724,0.019154198,-0.028731298,9.699207
29.765,0.045491222,0.0071828244,9.73991
29.793,-0.0047885496,-0.021548472,9.725544
29.825,0.0023942748,-0.05027977,9.696813
29.866,-0.016759925,-0.03351985,9.744699
29.894,0.043096945,-0.019154198,9.732727
29.926,0.04070267,-0.0023942748,9.732727
29.966,0.03351985,-0.0071828244,9.735122
29.994,0.011971374,-0.0023942748,9.715967
30.027,-0.0023942748,-0.0023942748,9.737515
30.067,0.023942748,-0.0047885496,9.735122
30.094,0.014365649,0.0,9.732727
30.127,0.0071828244,0.016759925,9.72315
30.165,-0.0023942748,-0.011971374,9.744699
30.195,0.026337024,-0.023942748,9.730332
30.228,0.009577099,-0.019154198,9.730332
30.266,0.028731298,-0.016759925,9.735122
30.294,0.026337024,0.0047885496,9.725544
30.334,0.019154198,-0.0071828244,9.73991
30.367,0.023942748,-0.021548472,9.747093
30.395,0.014365649,-0.016759925,9.73991
30.435,-0.023942748,-0.026337024,9.727939
30.467,0.0023942748,-0.0047885496,9.747093
30.508,0.031125572,-0.0023942748,9.759064
30.534,0.028731298,0.011971374,9.720756
30.566,0.016759925,-0.026337024,9.73991
30.606,-0.0047885496,-0.009577099,9.744699
30.638,-0.0047885496,-0.016759925,9.737515
30.663,-0.0023942748,-0.016759925,9.732727
30.714,0.019154198,0.0047885496,9.737515
30.733,0.031125572,-0.0047885496,9.72315
30.765,-0.0071828244,-0.026337024,9.747093
30.805,0.0,-0.03351985,9.73991
30.834,0.023942748,0.0,9.735122
30.865,0.038308397,-0.023942748,9.754275
30.906,0.0023942748,0.011971374,9.72315
30.935,0.016759925,0.0,9.725544
30.966,0.0,-0.021548472,9.735122
31.007,-0.0023942748,0.0,9.749487
31.036,-0.0023942748,-0.014365649,9.727939
31.066,0.019154198,-0.0071828244,9.737515
31.106,0.043096945,-0.011971374,9.737515
31.135,0.021548472,-0.0047885496,9.737515
31.167,-0.0047885496,-0.0047885496,9.737515
31.207,0.0047885496,-0.023942748,9.737515
31.235,0.0071828244,-0.009577099,9.72315
31.274,0.04070267,0.0071828244,9.751882
31.306,0.04070267,-0.016759925,9.751882
31.335,0.009577099,-0.009577099,9.742304
31.368,0.0023942748,-0.009577099,9.737515
31.409,-0.0023942748,-0.028731298,9.727939
31.446,0.019154198,0.0047885496,9.735122
31.474,0.04070267,-0.0023942748,9.735122
31.507,0.023942748,-0.016759925,9.747093
31.546,0.0023942748,-0.035914123,9.737515
31.575,-0.011971374,-0.023942748,9.744699
31.607,0.0,-0.014365649,9.732727
31.645,0.011971374,-0.028731298,9.73991
31.676,0.028731298,-0.009577099,9.718362
31.705,-0.0023942748,-0.014365649,9.732727
31.745,0.019154198,-0.035914123,9.737515
31.774,-0.011971374,-0.03351985,9.7135725
31.813,0.019154198,-0.035914123,9.735122
31.844,0.009577099,-0.031125572,9.75667
31.874,0.05506832,0.0071828244,9.7135725
31.907,0.011971374,0.0023942748,9.747093
31.946,-0.0023942748,0.0,9.747093
31.975,-0.011971374,-0.03351985,9.742304
32.014,0.019154198,-0.0023942748,9.751882
32.046,0.028731298,0.0023942748,9.73991
32.075,0.014365649,-0.0023942748,9.744699
32.115,-0.0047885496,-0.0071828244,9.744699
32.144,0.009577099,-0.038308397,9.72315
32.175,0.0,-0.03351985,9.73991
32.214,0.0071828244,-0.0047885496,9.7135725
32.245,0.03351985,0.0047885496,9.72315
32.282,0.038308397,-0.011971374,9.744699
32.314,0.0023942748,-0.0023942748,9.742304
32.346,-0.021548472,-0.023942748,9.754275
32.385,0.0023942748,-0.028731298,9.72315
32.414,0.021548472,0.0,9.742304
32.447,0.016759925,-0.0071828244,9.73991
32.487,0.03351985,-0.011971374,9.735122
32.515,0.011971374,0.009577099,9.744699
32.546,0.0023942748,-0.0071828244,9.737515
32.590,0.011971374,0.0023942748,9.742304
32.613,0.026337024,0.009577099,9.744699
32.646,0.026337024,-0.019154198,9.742304
32.687,0.026337024,0.009577099,9.735122
32.720,0.0047885496,-0.009577099,9.715967
32.754,-0.009577099,-0.023942748,9.727939
32.785,0.011971374,-0.009577099,9.732727
32.813,0.016759925,-0.0023942748,9.715967
32.853,0.0047885496,-0.011971374,9.718362
32.885,0.009577099,-0.016759925,9.744699
32.914,-0.0023942748,-0.035914123,9.751882
32.954,0.026337024,-0.0071828244,9.720756
32.986,0.0023942748,0.0023942748,9.720756
33.025,-0.0071828244,-0.009577099,9.735122
33.054,0.009577099,-0.011971374,9.742304
33.086,0.0071828244,-0.038308397,9.725544
33.126,0.0071828244,-0.031125572,9.725544
33.155,0.0,-0.014365649,9.737515
33.186,0.05985687,0.03351985,9.730332
33.226,0.0,-0.043096945,9.73991
33.254,0.014365649,-0.0047885496,9.718362
33.287,0.014365649,-0.0071828244,9.720756
33.325,0.031125572,0.0023942748,9.715967
33.356,0.026337024,-0.026337024,9.73991
33.385,0.009577099,0.0,9.720756
33.426,0.011971374,-0.026337024,9.725544
33.456,0.009577099,0.0047885496,9.744699
33.487,0.019154198,0.0047885496,9.73991
33.528,0.0023942748,-0.028731298,9.727939
33.554,0.016759925,-0.016759925,9.730332
33.588,0.009577099,-0.023942748,9.715967
33.626,0.014365649,0.0023942748,9.725544
33.654,0.021548472,-0.0023942748,9.73991
33.694,0.023942748,-0.014365649,9.718362
33.724,0.009577099,0.0047885496,9.730332
33.764,0.0047885496,-0.023942748,9.73991
33.794,0.0,0.009577099,9.735122
33.824,0.021548472,-0.011971374,9.737515
33.865,0.028731298,-0.028731298,9.737515
33.894,0.021548472,-0.0071828244,9.72315
33.925,0.0,-0.0023942748,9.725544
33.964,0.0023942748,-0.0023942748,9.735122
33.994,0.0023942748,-0.016759925,9.742304
34.026,0.0071828244,-0.023942748,9.718362
34.066,0.026337024,-0.0023942748,9.754275
34.094,0.021548472,-0.019154198,9.732727
34.126,0.023942748,-0.0023942748,9.732727
34.166,0.019154198,-0.028731298,9.730332
34.194,0.028731298,-0.021548472,9.73991
34.225,0.014365649,0.026337024,9.711179
34.266,0.011971374,-0.0047885496,9.725544
34.294,0.0,-0.021548472,9.730332
34.328,0.016759925,-0.014365649,9.730332
34.365,0.0,-0.009577099,9.742304
34.395,0.011971374,-0.021548472,9.732727
34.426,0.009577099,-0.016759925,9.720756
34.466,0.031125572,-0.009577099,9.742304
34.495,0.0047885496,0.0023942748,9.737515
34.533,0.019154198,0.0071828244,9.735122
34.566,0.011971374,-0.0071828244,9.735122
34.594,0.0071828244,0.0071828244,9.732727
34.634,-0.0023942748,-0.023942748,9.718362
34.665,0.016759925,-0.023942748,9.732727
34.695,0.026337024,-0.0047885496,9.730332
34.732,0.019154198,-0.0071828244,9.744699
34.764,0.03351985,-0.0047885496,9.747093
34.804,0.0047885496,-0.014365649,9.742304
34.833,0.016759925,-0.011971374,9.730332
34.864,0.016759925,0.0047885496,9.749487
34.905,0.014365649,-0.009577099,9.735122
34.935,-0.0047885496,0.0047885496,9.72315
34.967,-0.0071828244,-0.0071828244,9.737515
35.005,0.0047885496,0.019154198,9.737515
35.034,0.038308397,0.0,9.720756
35.065,0.0,-0.035914123,9.730332
35.106,0.009577099,-0.014365649,9.742304
35.134,0.0047885496,-0.031125572,9.732727
35.166,0.0047885496,0.0023942748,9.763853
35.208,0.05985687,0.009577099,9.725544
35.237,-0.009577099,0.011971374,9.644139
35.266,0.026337024,-0.023942748,9.768641
35.306,0.0047885496,-0.045491222,9.6585045
35.334,0.03351985,-0.04070267,9.701602
35.374,0.011971374,0.0047885496,9.742304
35.406,-0.0071828244,0.019154198,9.73991
35.434,0.0047885496,0.0071828244,9.735122
35.474,0.009577099,0.009577099,9.754275
35.506,0.0071828244,0.0023942748,9.727939
35.545,0.016759925,-0.011971374,9.720756
35.575,0.0047885496,-0.0071828244,9.73991
35.605,-0.0047885496,0.0,9.742304
35.645,0.011971374,-0.0071828244,9.742304
35.674,0.0023942748,0.0047885496,9.749487
35.707,0.0071828244,-0.019154198,9.744699
35.744,0.016759925,-0.0023942748,9.732727
35.773,0.0023942748,-0.011971374,9.761458
35.804,0.0,0.0,9.744699
35.844,-0.0023942748,-0.011971374,9.732727
35.874,0.03351985,-0.0023942748,9.749487
35.905,-0.019154198,-0.021548472,9.75667
35.946,0.011971374,-0.019154198,9.730332
35.973,0.014365649,-0.0023942748,9.759064
36.009,0.011971374,0.0,9.7135725
36.047,0.04070267,-0.0071828244,9.682447
36.074,0.0071828244,-0.009577099,9.75667
36.106,0.014365649,-0.0023942748,9.725544
36.145,0.016759925,-0.014365649,9.72315
36.174,-0.0023942748,-0.026337024,9.761458
36.214,-0.014365649,0.0047885496,9.718362
36.246,0.021548472,0.0,9.684841
36.285,0.0047885496,-0.019154198,9.735122
36.313,0.019154198,-0.016759925,9.725544
36.345,0.028731298,-0.009577099,9.703996
36.375,0.0071828244,-0.026337024,9.727939
36.414,0.009577099,-0.011971374,9.737515
36.445,0.0071828244,0.0047885496,9.73991
36.486,-0.0023942748,-0.0071828244,9.725544
36.513,0.0071828244,-0.0023942748,9.727939
36.546,0.0071828244,0.0047885496,9.725544
36.585,0.0071828244,-0.0023942748,9.749487
36.613,0.021548472,-0.023942748,9.708784
36.644,-0.011971374,-0.0023942748,9.727939
36.686,0.011971374,-0.031125572,9.737515
36.712,0.011971374,-0.035914123,9.737515
36.752,-0.0023942748,-0.0023942748,9.7135725
36.784,0.019154198,-0.019154198,9.754275
36.812,0.011971374,-0.019154198,9.70639
36.852,-0.0023942748,-0.0023942748,9.70639
36.886,0.0047885496,-0.009577099,9.751882
36.914,0.009577099,-0.023942748,9.725544
36.947,0.0,-0.009577099,9.725544
36.985,-0.0047885496,-0.021548472,9.747093
37.017,0.0071828244,0.0047885496,9.703996
37.054,0.011971374,-0.009577099,9.708784
37.087,0.009577099,0.019154198,9.747093
37.114,0.019154198,-0.011971374,9.730332
37.153,0.0071828244,0.0,9.725544
37.185,0.009577099,0.0,9.751882
37.215,0.0,-0.0071828244,9.730332
37.255,-0.0047885496,0.0071828244,9.708784
37.286,0.0071828244,-0.011971374,9.75667
37.326,-0.0023942748,-0.0071828244,9.73991
37.353,0.0071828244,-0.021548472,9.727939
37.386,0.028731298,-0.0047885496,9.747093
37.426,-0.0047885496,-0.023942748,9.732727
37.454,0.0071828244,0.0023942748,9.742304
37.487,0.023942748,-0.016759925,9.732727
37.525,-0.0071828244,-0.0071828244,9.732727
37.553,0.026337024,-0.0023942748,9.720756
37.585,0.0023942748,-0.014365649,9.754275
37.625,0.016759925,0.0,9.737515
37.653,0.019154198,-0.009577099,9.711179
37.685,0.0,-0.014365649,9.730332
37.724,-0.0071828244,-0.023942748,9.735122
37.752,0.009577099,-0.0047885496,9.744699
37.793,0.011971374,-0.0047885496,9.720756
37.823,0.03351985,-0.026337024,9.751882
37.853,0.0047885496,0.0047885496,9.708784
37.893,0.014365649,-0.019154198,9.766247
37.926,0.014365649,-0.0047885496,9.708784
37.954,0.0023942748,-0.009577099,9.720756
37.994,-0.009577099,-0.021548472,9.732727
38.027,0.0023942748,-0.028731298,9.747093
38.065,0.021548472,-0.011971374,9.703996
38.094,0.0,-0.03351985,9.751882
38.125,0.019154198,-0.0047885496,9.735122
38.165,0.026337024,-0.009577099,9.730332
38.193,-0.0047885496,-0.011971374,9.742304
38.226,0.014365649,0.0023942748,9.725544
38.266,0.023942748,-0.0023942748,9.701602
38.294,0.016759925,-0.0023942748,9.747093
38.325,0.021548472,-0.014365649,9.727939
38.364,0.009577099,-0.016759925,9.70639
38.393,-0.0047885496,0.0023942748,9.742304
38.425,0.016759925,0.0071828244,9.725544
38.465,0.019154198,-0.016759925,9.727939
38.494,0.019154198,0.0023942748,9.725544
38.526,0.014365649,-0.0023942748,9.747093
38.566,0.009577099,0.0,9.720756
38.593,0.023942748,-0.014365649,9.75667
38.633,0.03351985,0.021548472,9.751882
38.665,0.0,-0.021548472,9.711179
38.693,0.0,-0.028731298,9.751882
38.732,0.0,0.0047885496,9.766247
38.764,-0.0047885496,-0.0071828244,9.708784
38.803,0.014365649,-0.009577099,9.701602
38.833,0.011971374,-0.019154198,9.778218
38.864,0.0,-0.0071828244,9.692024
38.904,0.016759925,0.0,9.692024
38.933,0.0047885496,-0.011971374,9.749487
38.963,0.009577099,-0.011971374,9.70639
39.004,0.016759925,-0.0047885496,9.699207
39.033,0.009577099,-0.011971374,9.77343
39.066,0.014365649,-0.0023942748,9.715967
39.105,0.011971374,-0.019154198,9.6896305
39.133,0.014365649,-0.009577099,9.747093
39.165,0.038308397,-0.009577099,9.7135725
39.204,-0.0047885496,-0.0071828244,9.730332
39.234,0.0047885496,-0.0047885496,9.771035
39.265,-0.0023942748,0.0071828244,9.703996
39.305,0.019154198,-0.0071828244,9.694419
39.338,0.0071828244,-0.009577099,9.766247
39.365,0.016759925,-0.011971374,9.708784
39.404,0.0023942748,0.0,9.72315
39.433,-0.0023942748,-0.023942748,9.768641
39.466,0.016759925,0.0023942748,9.7135725
39.505,0.0047885496,0.0023942748,9.701602
39.534,0.023942748,-0.016759925,9.768641
39.573,0.0071828244,0.0071828244,9.70639
39.604,-0.0023942748,0.009577099,9.735122
39.645,0.0023942748,-0.0047885496,9.735122
39.674,-0.0023942748,0.0023942748,9.737515
39.707,0.016759925,-0.019154198,9.720756
39.744,-0.0047885496,-0.0023942748,9.735122
39.773,0.014365649,-0.0047885496,9.72315
39.803,0.016759925,-0.016759925,9.718362
39.844,0.014365649,-0.0023942748,9.735122
39.873,0.009577099,0.0047885496,9.7135725
39.907,0.0047885496,0.0047885496,9.727939
39.946,0.009577099,-0.019154198,9.749487
39.974,0.014365649,-0.014365649,9.749487
40.007,0.0,-0.0023942748,9.730332
40.044,0.011971374,0.0,9.780613
40.074,0.019154198,-0.0047885496,9.718362
40.105,0.0071828244,-0.014365649,9.742304
40.145,0.011971374,0.0,9.775824
40.174,0.014365649,0.009577099,9.727939
40.208,0.009577099,0.0023942748,9.737515
40.245,0.014365649,-0.014365649,9.742304
40.275,0.009577099,0.009577099,9.718362
40.307,0.021548472,-0.011971374,9.730332
40.346,-0.0023942748,0.0023942748,9.744699
40.374,-0.009577099,0.0,9.730332
40.414,0.043096945,0.0,9.677659
40.445,0.019154198,-0.0047885496,9.763853
40.475,0.009577099,-0.0071828244,9.715967
40.514,0.0047885496,0.009577099,9.720756
40.546,-0.014365649,0.009577099,9.730332
40.594,0.0071828244,-0.016759925,9.759064
40.614,-0.0023942748,-0.0023942748,9.715967
40.644,0.019154198,-0.0047885496,9.771035
40.683,0.016759925,-0.016759925,9.766247
40.713,0.014365649,-0.038308397,9.730332
40.744,0.0071828244,0.0023942748,9.761458
40.783,0.011971374,-0.009577099,9.73991
40.812,0.016759925,-0.011971374,9.720756
40.852,0.0047885496,0.0023942748,9.732727
40.884,0.0,0.014365649,9.766247
40.913,0.0047885496,-0.0071828244,9.718362
40.945,0.009577099,-0.009577099,9.785401
40.985,0.0047885496,-0.026337024,9.763853
41.014,0.016759925,-0.009577099,9.708784
41.046,0.023942748,-0.011971374,9.742304
41.086,-0.009577099,-0.026337024,9.763853
41.113,0.0071828244,0.021548472,9.687236
41.153,0.028731298,-0.023942748,9.711179
41.185,-0.009577099,-0.011971374,9.780613
41.214,0.028731298,-0.009577099,9.70639
41.254,0.021548472,0.0023942748,9.73991
41.285,0.0071828244,-0.0023942748,9.730332
41.325,0.0023942748,-0.011971374,9.742304
41.353,0.0047885496,-0.0047885496,9.730332
41.386,0.021548472,-0.014365649,9.747093
41.425,-0.0047885496,-0.021548472,9.73991
41.456,0.021548472,-0.0047885496,9.72315
41.485,-0.0023942748,0.011971374,9.742304
41.527,0.0,-0.009577099,9.73991
41.554,0.019154198,-0.009577099,9.737515
41.598,0.0,-0.009577099,9.759064
41.624,0.014365649,-0.019154198,9.737515
41.653,0.0071828244,-0.016759925,9.720756
41.692,0.019154198,-0.0047885496,9.735122
41.724,-0.009577099,-0.0071828244,9.747093
41.752,0.016759925,-0.009577099,9.727939
41.792,0.0071828244,0.0,9.737515
41.824,-0.016759925,-0.014365649,9.737515
41.852,0.019154198,-0.021548472,9.72315
41.892,0.0071828244,-0.016759925,9.747093
41.925,0.011971374,0.0047885496,9.725544
41.953,0.021548472,0.0023942748,9.725544
41.994,-0.0071828244,-0.0047885496,9.732727
42.024,0.009577099,-0.011971374,9.737515
42.053,0.009577099,-0.014365649,9.730332
42.093,0.021548472,-0.014365649,9.73991
42.125,0.021548472,-0.0047885496,9.75667
42.166,0.016759925,0.0023942748,9.725544
42.194,0.021548472,-0.0047885496,9.737515
42.224,0.0071828244,-0.021548472,9.742304
42.264,0.0,0.0,9.735122
42.294,0.0047885496,-0.009577099,9.749487
42.325,-0.016759925,-0.016759925,9.737515
42.364,0.014365649,-0.014365649,9.735122
42.393,0.011971374,-0.011971374,9.730332
42.424,0.019154198,0.0,9.73991
42.466,0.011971374,0.0071828244,9.73991
42.493,0.0,0.0071828244,9.730332
42.526,0.014365649,-0.021548472,9.754275
42.564,0.014365649,-0.0047885496,9.73991
42.593,0.011971374,-0.0071828244,9.732727
42.624,0.028731298,0.0023942748,9.754275
42.664,0.021548472,0.0047885496,9.711179
42.692,0.0071828244,0.0,9.72315
42.732,0.0023942748,-0.023942748,9.747093
42.763,0.016759925,-0.031125572,9.754275
42.792,0.016759925,0.009577099,9.737515
42.833,0.009577099,-0.021548472,9.749487
42.863,-0.014365649,-0.009577099,9.730332
42.893,0.021548472,-0.014365649,9.732727
42.934,0.019154198,-0.0071828244,9.742304
42.965,0.011971374,0.0071828244,9.732727
42.994,-0.011971374,-0.016759925,9.742304
43.028,0.021548472,-0.016759925,9.742304
43.065,0.014365649,-0.019154198,9.742304
43.105,0.028731298,-0.021548472,9.730332
43.134,0.011971374,-0.03351985,9.73991
43.165,0.009577099,0.009577099,9.701602
43.205,0.009577099,0.0,9.725544
43.233,0.019154198,-0.011971374,9.744699
43.265,0.016759925,-0.0071828244,9.737515
43.305,0.014365649,-0.019154198,9.730332
43.333,0.011971374,-0.009577099,9.735122
43.364,0.0071828244,-0.026337024,9.732727
43.404,0.009577099,-0.0047885496,9.735122
43.433,0.0,-0.0071828244,9.759064
43.466,0.0,-0.0023942748,9.732727
43.505,-0.0047885496,-0.021548472,9.735122
43.534,0.0023942748,0.0,9.732727
43.565,0.011971374,0.0071828244,9.72315
43.604,0.0071828244,-0.019154198,9.735122
43.632,0.019154198,-0.0071828244,9.75667
43.673,-0.014365649,-0.014365649,9.715967
43.706,0.019154198,-0.0023942748,9.720756
43.743,0.0,0.0,9.73991
43.772,-0.019154198,-0.014365649,9.725544
43.804,0.011971374,-0.0047885496,9.747093
43.843,0.009577099,-0.011971374,9.715967
43.872,0.014365649,0.0023942748,9.730332
43.905,0.016759925,-0.009577099,9.742304
43.945,0.016759925,0.0071828244,9.751882
43.974,0.023942748,0.0023942748,9.730332
44.004,-0.019154198,-0.038308397,9.725544
44.045,0.028731298,0.0047885496,9.732727
44.074,0.031125572,-0.0023942748,9.735122
44.105,0.0071828244,0.0071828244,9.737515
44.146,0.014365649,-0.014365649,9.73991
44.173,0.021548472,0.0071828244,9.732727
44.205,0.016759925,0.019154198,9.715967
44.245,-0.011971374,-0.028731298,9.727939
44.274,0.12210801,0.05985687,9.718362
44.305,-0.028731298,-0.05027977,9.715967
44.344,-0.028731298,-0.05027977,9.72315
44.374,0.052674048,0.038308397,9.747093
44.405,-0.009577099,-0.031125572,9.715967
44.444,0.0,-0.021548472,9.720756
44.473,0.011971374,0.0,9.718362
44.506,0.009577099,-0.028731298,9.7135725
44.545,0.0,-0.019154198,9.749487
44.574,0.05506832,-0.0047885496,9.708784
44.612,0.0071828244,-0.011971374,9.730332
44.643,0.0023942748,-0.035914123,9.718362
44.691,0.016759925,-0.0023942748,9.744699
44.718,0.0,0.014365649,9.727939
44.743,-0.0023942748,-0.021548472,9.737515
44.783,-0.0047885496,0.019154198,9.742304
44.813,0.016759925,-0.011971374,9.720756
44.843,0.0071828244,-0.011971374,9.73991
44.883,0.0071828244,-0.047885496,9.715967
44.912,0.09337672,-0.07422252,9.677659
44.943,0.0023942748,-0.016759925,9.768641
44.984,0.011971374,-0.009577099,9.8548355
45.013,0.028731298,0.0,9.72315
45.045,-0.009577099,-0.0071828244,9.720756
45.084,0.0,-0.009577099,9.747093
45.112,0.031125572,-0.028731298,9.735122
45.153,0.031125572,-0.019154198,9.699207
45.184,0.011971374,0.009577099,9.6896305
45.213,0.019154198,-0.009577099,9.737515
45.252,0.014365649,0.0023942748,9.675264
45.285,0.009577099,-0.031125572,9.754275
45.314,0.08619389,-0.035914123,9.557945
45.353,0.009577099,0.0047885496,9.648928
45.383,0.011971374,-0.028731298,9.70639
45.413,0.047885496,-0.028731298,9.742304
45.453,-0.11013664,0.031125572,9.80695
45.485,0.019154198,-0.023942748,9.871595
45.524,0.023942748,-0.011971374,9.6896305
45.552,0.016759925,-0.016759925,9.73991
45.587,-0.009577099,-0.031125572,9.759064
45.623,-0.0023942748,-0.026337024,9.737515
45.651,0.0023942748,-0.0071828244,9.715967
45.684,-0.019154198,0.0023942748,9.737515
45.725,0.0023942748,0.011971374,9.732727
45.751,0.0071828244,-0.0023942748,9.73991
45.783,0.009577099,-0.0023942748,9.744699
45.823,0.023942748,-0.019154198,9.737515
45.852,0.016759925,-0.016759925,9.725544
45.892,0.0071828244,-0.011971374,9.732727
45.923,-0.009577099,-0.0047885496,9.727939
45.953,-0.0047885496,-0.023942748,9.725544
45.984,-0.0023942748,-0.028731298,9.73991
46.025,-0.0023942748,-0.0071828244,9.75667
46.052,-0.0071828244,-0.009577099,9.732727
46.093,0.014365649,0.014365649,9.73991
46.125,-0.016759925,-0.028731298,9.711179
46.153,0.026337024,-0.009577099,9.73991
46.193,0.014365649,-0.023942748,9.749487
46.225,0.016759925,0.0023942748,9.747093
46.263,0.021548472,-0.009577099,9.725544
46.292,-0.014365649,-0.014365649,9.742304
46.325,0.0047885496,0.0071828244,9.730332
46.363,0.011971374,-0.019154198,9.70639
46.393,0.021548472,-0.0023942748,9.742304
46.423,0.014365649,-0.019154198,9.735122
46.464,0.04070267,-0.014365649,9.72315
46.493,0.016759925,-0.016759925,9.749487
46.524,0.0023942748,0.0023942748,9.735122
46.565,0.0,-0.0023942748,9.727939
46.591,0.0023942748,0.0,9.73991
46.628,0.0023942748,-0.0071828244,9.735122
46.665,0.009577099,0.0023942748,9.715967
46.694,0.0023942748,-0.0023942748,9.73991
46.725,0.009577099,-0.0023942748,9.759064
46.765,0.0,-0.0071828244,9.720756
46.794,0.014365649,-0.0023942748,9.766247
46.824,0.011971374,0.0,9.73991
46.865,0.019154198,0.0071828244,9.727939
46.892,0.0,0.0,9.744699
46.934,0.0023942748,-0.016759925,9.735122
46.966,-0.0023942748,0.0023942748,9.72315
46.995,0.0047885496,-0.009577099,9.73991
47.027,0.011971374,-0.014365649,9.754275
47.066,-0.0047885496,-0.021548472,9.718362
47.095,0.028731298,-0.011971374,9.744699
47.134,0.0071828244,-0.011971374,9.73991
47.166,0.016759925,0.0047885496,9.725544
47.194,-0.031125572,-0.0047885496,9.744699
47.234,-0.0023942748,0.0,9.727939
47.266,0.026337024,0.016759925,9.718362
47.309,0.009577099,-0.0047885496,9.735122
47.333,0.014365649,-0.016759925,9.715967
47.365,-0.014365649,-0.045491222,9.73991
47.404,0.0047885496,-0.011971374,9.742304
47.433,-0.0023942748,0.0047885496,9.744699
47.465,0.009577099,-0.0047885496,9.72315
47.504,0.016759925,-0.016759925,9.725544
47.534,0.014365649,0.0047885496,9.751882
47.565,-0.019154198,0.0071828244,9.742304
47.603,-0.009577099,-0.03351985,9.725544
47.632,0.011971374,-0.0023942748,9.749487
47.665,0.021548472,-0.0071828244,9.718362
47.704,0.0047885496,0.0071828244,9.730332
47.732,0.0,-0.014365649,9.742304
47.772,-0.0023942748,-0.0071828244,9.737515
47.804,0.0023942748,-0.016759925,9.715967
47.832,0.04070267,-0.0023942748,9.744699
47.872,0.023942748,-0.011971374,9.754275
47.903,-0.011971374,-0.04070267,9.711179
47.945,0.021548472,-0.0071828244,9.737515
47.974,-0.0047885496,0.0023942748,9.730332
48.004,0.0071828244,-0.023942748,9.708784
48.045,-0.019154198,-0.014365649,9.730332
48.073,0.016759925,0.0023942748,9.735122
48.105,-0.014365649,-0.021548472,9.720756
48.144,0.014365649,-0.016759925,9.72315
48.172,0.023942748,0.009577099,9.754275
48.204,0.0047885496,-0.021548472,9.715967
48.244,0.0047885496,-0.021548472,9.732727
48.274,0.03351985,0.0071828244,9.742304
48.305,-0.0047885496,-0.0071828244,9.727939
48.345,-0.0071828244,0.0047885496,9.744699
48.374,0.019154198,0.0,9.730332
48.405,0.0023942748,-0.028731298,9.70639
48.445,-0.0047885496,0.0023942748,9.73991
48.474,0.026337024,-0.0071828244,9.725544
48.504,0.028731298,0.0071828244,9.730332
48.545,-0.0071828244,-0.019154198,9.725544
48.574,0.026337024,-0.0023942748,9.725544
48.613,-0.0023942748,-0.011971374,9.732727
48.646,-0.0047885496,-0.0047885496,9.718362
48.676,0.023942748,-0.0047885496,9.727939
48.710,-0.016759925,-0.026337024,9.732727
48.743,0.009577099,-0.011971374,9.730332
48.773,0.026337024,-0.0047885496,9.730332
48.813,0.0071828244,-0.019154198,9.730332
48.844,-0.0047885496,0.0,9.737515
48.883,0.031125572,0.0,9.735122
48.913,0.011971374,-0.019154198,9.725544
48.944,-0.0047885496,-0.0023942748,9.73991
48.984,0.014365649,-0.009577099,9.749487
49.014,0.0,0.0,9.718362
49.045,-0.014365649,-0.009577099,9.732727
49.085,0.0071828244,-0.0047885496,9.72315
49.113,0.031125572,-0.0047885496,9.720756
49.145,0.031125572,0.0071828244,9.737515
49.185,0.014365649,0.0071828244,9.747093
49.212,0.009577099,-0.0047885496,9.720756
49.245,-0.0047885496,-0.028731298,9.732727
49.284,0.011971374,0.011971374,9.747093
49.312,0.019154198,0.0,9.725544
49.344,0.009577099,0.009577099,9.737515
49.384,-0.0023942748,-0.0047885496,9.730332
49.413,0.03351985,0.0023942748,9.730332
49.445,-0.0047885496,-0.016759925,9.73991
49.485,0.0023942748,-0.0047885496,9.715967
49.514,0.019154198,-0.0047885496,9.727939
49.546,0.0071828244,-0.0071828244,9.737515
49.587,-0.0047885496,-0.009577099,9.735122
49.625,-0.014365649,-0.0071828244,9.73991
49.653,0.023942748,-0.009577099,9.737515
49.686,0.0,-0.011971374,9.742304
49.716,0.019154198,0.011971374,9.730332
49.752,0.031125572,-0.016759925,9.737515
49.783,-0.021548472,-0.019154198,9.72315
49.822,-0.0023942748,-0.016759925,9.715967
49.852,0.03351985,0.0071828244,9.749487
49.885,-0.0047885496,-0.016759925,9.72315
49.924,0.0023942748,0.0023942748,9.732727
49.953,0.0023942748,0.0023942748,9.725544
49.986,-0.0023942748,0.0071828244,9.75667
50.025,-0.0023942748,-0.009577099,9.747093
50.052,0.0071828244,-0.0023942748,9.727939
50.086,0.014365649,-0.031125572,9.751882
50.124,-0.019154198,-0.028731298,9.737515
50.154,0.014365649,-0.014365649,9.725544
50.184,-0.0047885496,-0.0071828244,9.735122
50.229,-0.0023942748,0.009577099,9.735122
50.254,-0.0023942748,-0.011971374,9.735122
50.286,0.0071828244,0.0071828244,9.732727
50.325,0.0023942748,0.0023942748,9.720756
50.353,0.016759925,-0.0023942748,9.72315
50.393,0.0,-0.0023942748,9.735122
50.425,0.0047885496,-0.021548472,9.744699
50.454,0.014365649,-0.009577099,9.73991
50.493,0.0047885496,-0.0071828244,9.747093
50.527,0.016759925,0.0,9.730332
50.564,0.016759925,0.014365649,9.708784
50.592,0.009577099,-0.023942748,9.744699
50.624,-0.016759925,0.014365649,9.725544
50.663,0.009577099,0.0023942748,9.732727
50.692,0.019154198,0.0,9.7135725
50.724,-0.0071828244,-0.016759925,9.732727
50.764,0.011971374,-0.011971374,9.735122
50.791,0.021548472,-0.014365649,9.744699
50.823,0.019154198,0.0047885496,9.735122
50.863,0.031125572,-0.016759925,9.735122
50.893,0.0071828244,-0.0047885496,9.742304
50.926,0.014365649,-0.009577099,9.720756
50.964,0.016759925,-0.0047885496,9.727939
50.993,0.016759925,0.0047885496,9.747093
51.025,0.0047885496,-0.04070267,9.720756
51.064,0.023942748,-0.011971374,9.730332
51.093,-0.0047885496,-0.028731298,9.732727
51.133,0.019154198,-0.023942748,9.72315
51.165,0.0047885496,-0.0047885496,9.737515
51.193,0.026337024,-0.021548472,9.751882
51.233,0.0,0.0023942748,9.742304
51.265,0.021548472,-0.014365649,9.727939
51.293,0.0023942748,-0.0071828244,9.742304
51.333,0.019154198,-0.0047885496,9.735122
51.364,0.016759925,-0.011971374,9.742304
51.405,0.0023942748,-0.0047885496,9.725544
51.433,-0.028731298,-0.016759925,9.72315
51.465,0.023942748,-0.011971374,9.718362
51.504,0.0,-0.0023942748,9.747093
51.534,0.011971374,0.026337024,9.742304
51.564,0.021548472,-0.0023942748,9.73991
51.603,0.0,-0.016759925,9.749487
51.632,0.019154198,-0.0071828244,9.727939
51.663,0.0071828244,0.0047885496,9.73991
51.711,0.0023942748,-0.0071828244,9.730332
51.732,0.009577099,-0.0071828244,9.735122
51.772,0.011971374,0.0,9.730332
51.802,0.014365649,-0.021548472,9.742304
51.831,0.028731298,-0.0071828244,9.732727
51.864,-0.0047885496,-0.028731298,9.720756
51.905,0.0071828244,-0.035914123,9.73991
51.932,0.026337024,-0.019154198,9.744699
51.965,0.0023942748,-0.0047885496,9.735122
52.004,0.019154198,0.0,9.732727
52.034,-0.0071828244,-0.0023942748,9.730332
52.066,0.023942748,-0.019154198,9.72315
52.104,-0.0023942748,-0.0071828244,9.747093
52.133,0.019154198,-0.019154198,9.70639
52.173,0.009577099,0.0023942748,9.735122
52.205,0.0071828244,-0.0071828244,9.73991
52.246,0.019154198,0.0047885496,9.732727
52.274,0.026337024,0.016759925,9.711179
52.304,0.014365649,-0.014365649,9.737515
52.345,-0.014365649,-0.04070267,9.744699
52.374,0.021548472,0.0047885496,9.735122
52.405,0.014365649,-0.0047885496,9.735122
52.443,0.023942748,-0.019154198,9.694419
52.474,0.0023942748,0.0,9.749487
52.503,0.021548472,-0.023942748,9.744699
52.543,0.009577099,-0.016759925,9.732727
52.572,0.031125572,-0.014365649,9.727939
52.604,0.009577099,-0.0071828244,9.7135725
52.643,0.0023942748,-0.019154198,9.754275
52.672,0.011971374,-0.0071828244,9.72315
52.708,0.009577099,-0.0071828244,9.749487
52.744,0.021548472,0.014365649,9.747093
52.783,0.016759925,-0.014365649,9.737515
52.811,0.0047885496,-0.011971374,9.744699
52.842,0.011971374,0.0,9.730332
52.882,-0.0023942748,-0.023942748,9.730332
52.913,0.0071828244,0.0023942748,9.732727
52.945,0.016759925,-0.023942748,9.737515
52.983,0.021548472,-0.014365649,9.737515
53.013,0.014365649,-0.031125572,9.72315
53.045,-0.014365649,-0.0047885496,9.747093
53.084,0.0023942748,-0.019154198,9.715967
53.113,0.0,-0.0047885496,9.73991
53.144,0.0071828244,-0.0023942748,9.730332
53.184,0.011971374,-0.014365649,9.720756
53.214,0.014365649,-0.019154198,9.720756
53.244,0.0071828244,-0.016759925,9.732727
53.284,0.0047885496,-0.0071828244,9.737515
53.313,0.014365649,-0.016759925,9.725544
53.345,0.0,-0.0023942748,9.735122
53.385,0.009577099,-0.0023942748,9.754275
53.415,0.016759925,-0.009577099,9.715967
53.444,0.0023942748,-0.0023942748,9.727939
53.486,0.016759925,-0.0071828244,9.715967
53.514,0.019154198,-0.0047885496,9.742304
53.552,0.0047885496,-0.0047885496,9.744699
53.585,0.026337024,-0.011971374,9.732727
53.614,0.016759925,-0.009577099,9.732727
53.654,0.031125572,-0.014365649,9.742304
53.683,0.009577099,-0.009577099,9.72315
53.713,0.014365649,-0.0023942748,9.72315
53.756,0.023942748,-0.0047885496,9.737515
53.782,0.011971374,0.0023942748,9.725544
53.826,0.019154198,-0.023942748,9.730332
53.852,0.014365649,-0.009577099,9.720756
53.884,0.021548472,-0.0047885496,9.744699
53.926,0.026337024,-0.011971374,9.7135725
53.953,-0.009577099,-0.009577099,9.747093
53.986,0.016759925,-0.026337024,9.730332
54.023,0.019154198,-0.0071828244,9.732727
54.052,0.014365649,-0.0047885496,9.727939
54.083,0.019154198,-0.014365649,9.720756
54.123,0.014365649,-0.014365649,9.727939
54.152,-0.0047885496,-0.019154198,9.744699
54.184,0.023942748,-0.0071828244,9.725544
54.225,0.023942748,-0.011971374,9.725544
54.252,0.0047885496,-0.028731298,9.73991
54.285,0.026337024,-0.035914123,9.7135725
54.324,0.0047885496,0.023942748,9.711179
54.353,0.028731298,-0.0047885496,9.744699
54.392,0.0047885496,-0.016759925,9.735122
54.424,0.0,-0.009577099,9.708784
54.454,-0.009577099,0.011971374,9.735122
54.492,0.019154198,0.0,9.725544
54.523,-0.009577099,-0.011971374,9.718362
54.553,0.026337024,-0.052674048,9.73991
54.592,-0.0023942748,0.016759925,9.72315
54.622,0.028731298,-0.0071828244,9.720756
54.664,0.0023942748,-0.011971374,9.718362
54.693,0.014365649,-0.016759925,9.747093
54.725,-0.0047885496,-0.019154198,9.718362
54.764,0.0071828244,-0.0047885496,9.735122
54.793,0.03351985,0.014365649,9.730332
54.823,0.009577099,0.009577099,9.735122
54.863,0.028731298,-0.023942748,9.727939
54.892,-0.0071828244,-0.0071828244,9.747093
54.924,0.031125572,-0.019154198,9.720756
54.965,0.0,-0.009577099,9.725544
54.994,0.0023942748,0.0,9.725544
55.025,-0.031125572,-0.03351985,9.708784
55.064,0.009577099,-0.021548472,9.742304
55.093,0.026337024,-0.0023942748,9.725544
55.125,0.014365649,-0.009577099,9.711179
55.165,0.016759925,-0.0023942748,9.718362
55.194,0.0071828244,-0.019154198,9.732727
55.225,0.0047885496,-0.026337024,9.730332
55.266,0.0023942748,-0.014365649,9.742304
55.293,0.023942748,-0.019154198,9.732727
55.325,0.009577099,-0.0047885496,9.737515
55.365,0.031125572,-0.0023942748,9.735122
55.393,-0.019154198,-0.0047885496,9.737515
55.435,0.0,-0.028731298,9.749487
55.466,0.011971374,-0.0023942748,9.742304
55.494,-0.016759925,-0.0047885496,9.725544
55.534,0.0023942748,-0.011971374,9.718362
55.565,0.014365649,-0.019154198,9.747093
55.611,0.0023942748,-0.014365649,9.747093
55.632,0.011971374,-0.009577099,9.715967
55.666,0.014365649,0.0023942748,9.751882
55.696,0.0071828244,-0.014365649,9.730332
55.733,0.0023942748,-0.0023942748,9.718362
55.763,0.019154198,0.0023942748,9.775824
55.804,0.045491222,0.043096945,9.735122
55.832,-0.023942748,-0.014365649,9.720756
55.864,0.035914123,0.009577099,9.754275
55.907,-0.0071828244,-0.031125572,9.73991
55.933,-0.009577099,-0.0023942748,9.725544
55.965,0.023942748,-0.014365649,9.771035
56.004,-0.009577099,-0.016759925,9.744699
56.034,0.023942748,-0.009577099,9.715967
56.068,-0.028731298,-0.016759925,9.75667
56.105,0.0071828244,-0.035914123,9.744699
56.134,0.021548472,-0.023942748,9.725544
56.173,0.021548472,-0.019154198,9.735122
56.206,0.0,-0.009577099,9.75667
56.234,-0.0023942748,-0.023942748,9.703996
56.274,0.021548472,-0.023942748,9.747093
56.304,-0.016759925,0.0,9.742304
56.333,0.014365649,-0.014365649,9.7135725
56.374,0.0071828244,-0.0047885496,9.73991
56.405,0.014365649,-0.019154198,9.759064
56.434,0.031125572,-0.026337024,9.727939
56.473,0.011971374,-0.0023942748,9.747093
56.504,0.009577099,-0.011971374,9.732727
56.544,0.011971374,-0.016759925,9.703996
56.573,0.026337024,-0.011971374,9.742304
56.604,0.014365649,-0.035914123,9.73991
56.644,0.0023942748,-0.009577099,9.703996
56.674,0.009577099,0.0071828244,9.737515
56.708,0.016759925,-0.0071828244,9.742304
56.746,0.026337024,-0.0071828244,9.771035
56.774,-0.0071828244,-0.009577099,9.715967
56.805,0.019154198,-0.028731298,9.744699
56.845,0.0023942748,-0.0071828244,9.749487
56.874,0.009577099,-0.0071828244,9.737515
56.906,-0.0047885496,-0.0047885496,9.759064
56.947,0.0,-0.026337024,9.751882
56.976,0.011971374,0.0,9.715967
57.007,0.019154198,-0.0071828244,9.754275
57.046,-0.0023942748,-0.016759925,9.732727
57.076,0.016759925,-0.0023942748,9.7135725
57.107,0.0047885496,0.0023942748,9.761458
57.146,0.0047885496,0.0,9.735122
57.175,0.0071828244,0.019154198,9.7135725
57.216,-0.0023942748,-0.016759925,9.749487
57.246,0.0071828244,-0.021548472,9.754275
57.275,0.016759925,0.0023942748,9.720756
57.316,0.014365649,-0.011971374,9.754275
57.346,0.0047885496,-0.0023942748,9.749487
57.386,0.014365649,0.0023942748,9.725544
57.414,0.0,-0.011971374,9.75667
57.446,0.0047885496,-0.031125572,9.742304
57.486,0.021548472,-0.031125572,9.730332
57.514,0.0023942748,0.011971374,9.763853
57.547,0.011971374,-0.0071828244,9.732727
57.576,0.016759925,0.0047885496,9.720756
57.610,0.011971374,-0.019154198,9.744699
57.647,-0.0047885496,-0.014365649,9.73991
57.686,0.016759925,-0.0047885496,9.732727
57.715,0.0,-0.011971374,9.754275
57.745,0.021548472,-0.011971374,9.73991
57.785,-0.0023942748,0.0047885496,9.72315
57.814,0.0023942748,0.0,9.751882
57.846,0.026337024,-0.014365649,9.747093
57.885,0.0047885496,0.0047885496,9.720756
57.914,-0.009577099,-0.011971374,9.744699
57.946,0.0047885496,-0.021548472,9.742304
57.986,0.011971374,-0.0047885496,9.735122
58.015,-0.009577099,-0.016759925,9.749487
58.055,0.011971374,0.0047885496,9.761458
58.087,0.0071828244,-0.016759925,9.708784
58.114,0.011971374,-0.021548472,9.751882
58.156,0.009577099,-0.011971374,9.747093
58.186,0.009577099,-0.0023942748,9.72315
58.215,0.0,0.0023942748,9.742304
58.255,0.011971374,-0.019154198,9.747093
58.286,0.0,-0.0071828244,9.711179
58.316,-0.0023942748,-0.019154198,9.75667
58.356,-0.0047885496,-0.009577099,9.742304
58.387,0.021548472,-0.0023942748,9.7135725
58.416,0.011971374,-0.028731298,9.751882
58.456,0.014365649,-0.03351985,9.751882
58.487,0.0023942748,-0.0071828244,9.718362
58.525,0.009577099,-0.016759925,9.718362
58.556,0.0023942748,-0.031125572,9.749487
58.586,0.0071828244,0.0,9.72315
58.626,0.011971374,0.0047885496,9.708784
58.654,0.019154198,-0.019154198,9.749487
58.687,0.016759925,-0.021548472,9.72315
58.722,0.016759925,-0.009577099,9.761458
58.754,0.0023942748,-0.031125572,9.747093
58.794,0.014365649,-0.009577099,9.711179
58.826,0.0071828244,0.014365649,9.727939
58.854,0.019154198,-0.0071828244,9.766247
58.894,0.009577099,-0.009577099,9.70639
58.926,0.014365649,0.0071828244,9.725544
58.956,0.023942748,0.0071828244,9.751882
58.988,0.0,0.0023942748,9.715967
59.027,0.014365649,0.0,9.720756
59.055,-0.0047885496,-0.0071828244,9.754275
59.096,0.0047885496,-0.019154198,9.732727
59.126,0.023942748,-0.0071828244,9.70639
59.156,0.0071828244,-0.03351985,9.744699
59.194,0.019154198,-0.0071828244,9.725544
59.226,0.0071828244,-0.0023942748,9.720756
59.268,0.0047885496,-0.019154198,9.751882
59.295,0.031125572,-0.0023942748,9.737515
59.326,0.019154198,0.009577099,9.7135725
59.366,0.011971374,-0.023942748,9.747093
59.396,0.021548472,0.0023942748,9.742304
59.428,-0.011971374,-0.009577099,9.720756
59.468,0.011971374,-0.0047885496,9.735122
59.494,0.038308397,-0.0023942748,9.766247
59.527,0.026337024,-0.0071828244,9.744699
59.566,-0.028731298,-0.0670397,9.73991
59.595,0.023942748,-0.021548472,9.70639
59.626,0.014365649,-0.0071828244,9.708784
59.666,0.011971374,-0.045491222,9.754275
59.696,0.016759925,0.031125572,9.744699
59.735,0.021548472,0.0,9.735122
59.765,0.0,-0.011971374,9.761458
59.794,-0.011971374,-0.0071828244,9.703996
59.835,-0.035914123,-0.11013664,9.845258
59.866,0.0670397,0.011971374,9.754275
59.906,0.019154198,0.019154198,9.751882
59.935,-0.011971374,0.0023942748,9.720756
59.967,0.019154198,0.016759925,9.747093
