timestamp,x,y,z
00.016,-0.11492519,0.11492519,9.727939
00.057,-0.105348095,0.12210801,9.732727
00.075,-0.11971374,0.11253092,9.744699
00.117,-0.11253092,0.14365649,9.727939
00.154,-0.10774237,0.12210801,9.720756
00.175,-0.105348095,0.14126222,9.725544
00.214,-0.10774237,0.12210801,9.732727
00.254,-0.10774237,0.12450229,9.744699
00.274,-0.11013664,0.14605077,9.727939
00.313,-0.12210801,0.14605077,9.715967
00.356,-0.102953814,0.12689656,9.744699
00.393,-0.12689656,0.12450229,9.727939
00.414,-0.10774237,0.13168511,9.735122
00.453,-0.105348095,0.117319465,9.754275
00.494,-0.11253092,0.13647367,9.725544
00.514,-0.12689656,0.12929083,9.711179
00.554,-0.12450229,0.12689656,9.711179
00.576,-0.12450229,0.13168511,9.720756
00.616,-0.11492519,0.11253092,9.744699
00.656,-0.102953814,0.12210801,9.737515
00.695,-0.12689656,0.11013664,9.732727
00.716,-0.11253092,0.12929083,9.732727
00.756,-0.098165266,0.11492519,9.72315
00.796,-0.098165266,0.12450229,9.718362
00.814,-0.11253092,0.13647367,9.730332
00.854,-0.105348095,0.12929083,9.725544
00.896,-0.12450229,0.11013664,9.725544
00.915,-0.102953814,0.13647367,9.730332
00.955,-0.117319465,0.13886794,9.727939
00.995,-0.11253092,0.11492519,9.744699
01.016,-0.11492519,0.11253092,9.720756
01.055,-0.117319465,0.12929083,9.727939
01.094,-0.11971374,0.12450229,9.737515
01.116,-0.105348095,0.12929083,9.727939
01.155,-0.102953814,0.12210801,9.735122
01.196,-0.11971374,0.14126222,9.737515
01.215,-0.11253092,0.14365649,9.730332
01.255,-0.1340794,0.15323359,9.735122
01.296,-0.11253092,0.12450229,9.725544
01.334,-0.117319465,0.12929083,9.725544
01.355,-0.11492519,0.12210801,9.720756
01.395,-0.10774237,0.1340794,9.735122
01.434,-0.11971374,0.12689656,9.735122
01.455,-0.11971374,0.11492519,9.715967
01.495,-0.12689656,0.11013664,9.732727
01.535,-0.117319465,0.12929083,9.72315
01.556,-0.11253092,0.13168511,9.72315
01.595,-0.117319465,0.13168511,9.718362
01.635,-0.105348095,0.12929083,9.720756
01.657,-0.12929083,0.11971374,9.747093
01.696,-0.11971374,0.117319465,9.727939
01.736,-0.117319465,0.12929083,9.73991
01.755,-0.11013664,0.13647367,9.732727
01.797,-0.11013664,0.11971374,9.730332
01.836,-0.12210801,0.12210801,9.737515
01.855,-0.12210801,0.11013664,9.735122
01.895,-0.090982445,0.10774237,9.72315
01.935,-0.102953814,0.12689656,9.727939
01.956,-0.117319465,0.12450229,9.720756
01.996,-0.098165266,0.12689656,9.725544
02.036,-0.102953814,0.12689656,9.73991
02.075,-0.12689656,0.117319465,9.737515
02.095,-0.11492519,0.12450229,9.718362
02.135,-0.102953814,0.117319465,9.72315
02.156,-0.11253092,0.12929083,9.718362
02.195,-0.11013664,0.12210801,9.72315
02.235,-0.11013664,0.11253092,9.7135725
02.275,-0.10055954,0.13886794,9.727939
02.295,-0.098165266,0.13886794,9.742304
02.335,-0.12210801,0.11971374,9.735122
02.375,-0.105348095,0.11492519,9.73991
02.395,-0.10774237,0.15083931,9.727939
02.434,-0.105348095,0.1340794,9.742304
02.474,-0.11253092,0.11492519,9.711179
02.494,-0.12450229,0.1340794,9.735122
02.535,-0.102953814,0.14605077,9.718362
02.575,-0.12210801,0.12210801,9.747093
02.595,-0.11013664,0.13886794,9.737515
02.635,-0.11253092,0.13647367,9.730332
02.675,-0.12689656,0.13168511,9.72315
02.697,-0.11971374,0.1340794,9.730332
02.736,-0.11971374,0.12929083,9.735122
02.775,-0.11253092,0.12450229,9.725544
02.795,-0.12450229,0.1340794,9.715967
02.835,-0.090982445,0.12450229,9.747093
02.876,-0.11253092,0.1340794,9.725544
02.895,-0.11971374,0.12450229,9.718362
02.935,-0.11971374,0.13886794,9.744699
02.976,-0.11253092,0.11253092,9.720756
02.996,-0.11253092,0.11013664,9.720756
03.036,-0.10774237,0.13168511,9.725544
03.075,-0.117319465,0.12689656,9.715967
03.115,-0.11971374,0.12210801,9.727939
03.135,-0.117319465,0.1340794,9.747093
03.175,-0.11492519,0.12689656,9.725544
03.215,-0.12450229,0.11253092,9.725544
03.236,-0.117319465,0.12450229,9.715967
03.275,-0.117319465,0.12929083,9.727939
03.316,-0.11971374,0.11253092,9.730332
03.335,-0.11013664,0.12450229,9.737515
03.375,-0.102953814,0.12450229,9.718362
03.414,-0.117319465,0.117319465,9.727939
03.434,-0.117319465,0.12929083,9.744699
03.474,-0.10774237,0.13168511,9.730332
03.513,-0.13168511,0.117319465,9.727939
03.534,-0.12450229,0.13647367,9.749487
03.575,-0.11253092,0.11971374,9.725544
03.614,-0.11492519,0.12450229,9.725544
03.634,-0.10774237,0.117319465,9.720756
03.675,-0.12450229,0.12210801,9.735122
03.715,-0.117319465,0.10774237,9.715967
03.754,-0.12929083,0.13168511,9.720756
03.775,-0.12929083,0.14126222,9.730332
03.815,-0.11253092,0.11253092,9.727939
03.854,-0.11253092,0.12929083,9.727939
03.875,-0.1340794,0.14126222,9.727939
03.915,-0.117319465,0.12210801,9.732727
03.955,-0.11492519,0.12450229,9.718362
03.975,-0.13647367,0.1340794,9.727939
04.015,-0.12210801,0.12689656,9.72315
04.055,-0.12210801,0.12450229,9.730332
04.075,-0.11253092,0.117319465,9.735122
04.115,-0.12210801,0.11492519,9.725544
04.157,-0.11013664,0.11971374,9.735122
04.176,-0.105348095,0.1340794,9.720756
04.215,-0.11013664,0.12689656,9.732727
04.255,-0.117319465,0.12929083,9.72315
04.275,-0.11492519,0.12210801,9.730332
04.316,-0.11013664,0.1340794,9.727939
04.355,-0.11492519,0.11971374,9.727939
04.375,-0.105348095,0.12450229,9.737515
04.413,-0.12450229,0.13168511,9.720756
04.453,-0.10055954,0.12210801,9.72315
04.474,-0.11253092,0.1340794,9.742304
04.515,-0.12210801,0.12689656,9.730332
04.555,-0.11253092,0.13647367,9.730332
04.575,-0.117319465,0.13647367,9.73991
04.615,-0.12210801,0.11492519,9.73991
04.655,-0.10774237,0.13168511,9.73991
04.676,-0.102953814,0.117319465,9.72315
04.715,-0.11013664,0.12210801,9.720756
04.754,-0.117319465,0.11253092,9.727939
04.795,-0.11971374,0.117319465,9.732727
04.814,-0.11971374,0.12210801,9.735122
04.854,-0.11971374,0.1340794,9.735122
04.895,-0.12450229,0.13168511,9.725544
04.916,-0.105348095,0.12929083,9.725544
04.955,-0.12689656,0.13886794,9.725544
04.995,-0.10055954,0.14605077,9.727939
05.015,-0.11253092,0.12929083,9.732727
05.054,-0.10774237,0.13647367,9.72315
05.096,-0.117319465,0.12450229,9.725544
05.115,-0.11253092,0.12689656,9.725544
05.155,-0.11253092,0.117319465,9.720756
05.194,-0.10055954,0.12689656,9.735122
05.214,-0.10774237,0.12929083,9.727939
05.253,-0.09337672,0.14365649,9.725544
05.293,-0.11013664,0.15083931,9.730332
05.314,-0.11013664,0.117319465,9.742304
05.353,-0.10774237,0.12210801,9.732727
05.394,-0.11971374,0.12929083,9.73991
05.433,-0.11013664,0.11971374,9.732727
05.454,-0.12929083,0.12689656,9.720756
05.493,-0.12210801,0.13647367,9.72315
05.535,-0.11013664,0.14126222,9.737515
05.555,-0.117319465,0.1340794,9.737515
05.595,-0.10774237,0.12450229,9.749487
05.635,-0.12689656,0.12210801,9.744699
05.654,-0.11253092,0.11971374,9.72315
05.695,-0.098165266,0.13886794,9.735122
05.735,-0.12450229,0.1340794,9.72315
05.755,-0.10774237,0.12450229,9.732727
05.795,-0.102953814,0.12689656,9.727939
05.835,-0.117319465,0.11971374,9.735122
05.855,-0.11013664,0.13886794,9.727939
05.895,-0.117319465,0.14605077,9.732727
05.935,-0.098165266,0.13647367,9.730332
05.954,-0.117319465,0.117319465,9.742304
05.995,-0.105348095,0.13647367,9.720756
06.035,-0.11492519,0.14605077,9.72315
06.055,-0.11253092,0.14605077,9.725544
06.094,-0.11253092,0.13168511,9.725544
06.134,-0.10055954,0.13886794,9.742304
06.156,-0.10774237,0.14126222,9.727939
06.194,-0.11013664,0.12689656,9.727939
06.235,-0.11253092,0.11971374,9.7135725
06.273,-0.102953814,0.13647367,9.720756
06.295,-0.12929083,0.15323359,9.727939
06.334,-0.10055954,0.12450229,9.727939
06.375,-0.11971374,0.12450229,9.725544
06.394,-0.12450229,0.13647367,9.730332
06.434,-0.12450229,0.12929083,9.742304
06.474,-0.117319465,0.13886794,9.730332
06.495,-0.10774237,0.12450229,9.730332
06.534,-0.12450229,0.13647367,9.744699
06.575,-0.11492519,0.1340794,9.732727
06.595,-0.11492519,0.12450229,9.737515
06.635,-0.11013664,0.12450229,9.735122
06.675,-0.105348095,0.13647367,9.720756
06.694,-0.105348095,0.12210801,9.737515
06.735,-0.1340794,0.14126222,9.735122
06.775,-0.098165266,0.12210801,9.742304
06.796,-0.098165266,0.12210801,9.718362
06.835,-0.10055954,0.13168511,9.732727
06.875,-0.11013664,0.11492519,9.720756
06.895,-0.11971374,0.13168511,9.720756
06.934,-0.117319465,0.12450229,9.708784
06.975,-0.10055954,0.1340794,9.742304
06.994,-0.102953814,0.1340794,9.730332
07.036,-0.11253092,0.12929083,9.72315
07.075,-0.12210801,0.12929083,9.727939
07.095,-0.11971374,0.12929083,9.727939
07.135,-0.105348095,0.13886794,9.730332
07.175,-0.090982445,0.11971374,9.72315
07.215,-0.12450229,0.14365649,9.730332
07.236,-0.11253092,0.12689656,9.735122
07.274,-0.10774237,0.13647367,9.730332
07.316,-0.102953814,0.13168511,9.720756
07.334,-0.11253092,0.12210801,9.737515
07.376,-0.11253092,0.12929083,9.730332
07.413,-0.11253092,0.11971374,9.727939
07.433,-0.090982445,0.1340794,9.732727
07.474,-0.11013664,0.11253092,9.72315
07.515,-0.117319465,0.12450229,9.725544
07.535,-0.11013664,0.13886794,9.73991
07.575,-0.102953814,0.12929083,9.727939
07.615,-0.12929083,0.12929083,9.730332
07.634,-0.11253092,0.12929083,9.730332
07.674,-0.102953814,0.12450229,9.727939
07.713,-0.11492519,0.11492519,9.737515
07.734,-0.10774237,0.13647367,9.72315
07.781,-0.11971374,0.12929083,9.744699
07.814,-0.11253092,0.14126222,9.730332
07.834,-0.11971374,0.12210801,9.7135725
07.874,-0.11253092,0.117319465,9.737515
07.915,-0.11492519,0.12450229,9.730332
07.955,-0.098165266,0.14126222,9.735122
07.976,-0.102953814,0.12210801,9.735122
08.016,-0.11971374,0.12929083,9.730332
08.037,-0.11253092,0.11971374,9.735122
08.076,-0.11492519,0.12450229,9.718362
08.116,-0.11492519,0.10774237,9.732727
08.136,-0.10055954,0.13886794,9.744699
08.175,-0.11492519,0.13647367,9.737515
08.215,-0.117319465,0.12929083,9.720756
08.256,-0.11013664,0.12450229,9.742304
08.275,-0.102953814,0.12689656,9.730332
08.315,-0.117319465,0.1340794,9.732727
08.353,-0.11971374,0.15083931,9.730332
08.375,-0.11971374,0.11971374,9.744699
08.416,-0.12450229,0.13886794,9.725544
08.453,-0.12929083,0.12929083,9.72315
08.473,-0.11253092,0.13168511,9.730332
08.513,-0.12450229,0.11492519,9.72315
08.553,-0.105348095,0.12689656,9.732727
08.574,-0.11013664,0.12929083,9.730332
08.614,-0.105348095,0.13886794,9.730332
08.653,-0.12450229,0.13886794,9.725544
08.674,-0.117319465,0.12450229,9.727939
08.714,-0.12210801,0.11492519,9.720756
08.755,-0.11013664,0.13168511,9.732727
08.794,-0.11492519,0.13168511,9.749487
08.815,-0.11013664,0.12929083,9.732727
08.854,-0.10774237,0.1340794,9.732727
08.894,-0.12929083,0.12689656,9.737515
08.913,-0.102953814,0.12210801,9.730332
08.953,-0.11013664,0.14605077,9.72315
08.995,-0.12689656,0.12929083,9.727939
09.015,-0.09337672,0.11971374,9.718362
09.055,-0.11971374,0.12689656,9.737515
09.094,-0.11013664,0.12689656,9.727939
09.115,-0.12210801,0.12210801,9.73991
09.155,-0.117319465,0.13886794,9.725544
09.194,-0.11971374,0.13886794,9.720756
09.215,-0.10774237,0.11971374,9.727939
09.253,-0.11492519,0.13886794,9.72315
09.295,-0.11971374,0.14365649,9.730332
09.315,-0.11971374,0.11971374,9.742304
09.355,-0.12210801,0.11971374,9.725544
09.395,-0.105348095,0.11971374,9.732727
09.420,-0.12689656,0.12929083,9.730332
09.454,-0.12210801,0.12929083,9.715967
09.493,-0.10774237,0.11253092,9.732727
09.514,-0.12689656,0.14365649,9.735122
09.554,-0.12450229,0.1340794,9.749487
09.594,-0.098165266,0.13168511,9.715967
09.634,-0.11253092,0.12450229,9.727939
09.654,-0.11013664,0.12450229,9.72315
09.694,-0.10774237,0.11971374,9.742304
09.734,-0.102953814,0.12689656,9.718362
09.755,-0.11253092,0.1340794,9.749487
09.794,-0.10774237,0.12450229,9.730332
09.835,-0.11013664,0.12450229,9.744699
09.853,-0.102953814,0.12929083,9.72315
09.894,-0.11492519,0.14126222,9.72315
09.935,-0.11013664,0.14365649,9.727939
09.955,-0.10055954,0.13886794,9.727939
09.993,-0.11253092,0.12450229,9.708784
10.034,-0.10774237,0.117319465,9.73991
10.054,-0.11013664,0.12210801,9.732727
10.094,-0.11492519,0.13168511,9.730332
10.134,-0.12689656,0.12210801,9.725544
10.152,-0.098165266,0.12689656,9.727939
10.193,-0.105348095,0.13647367,9.737515
10.232,-0.09577099,0.13168511,9.727939
10.253,-0.11492519,0.12210801,9.727939
10.293,-0.11492519,0.11492519,9.732727
10.332,-0.102953814,0.11013664,9.711179
10.374,-0.098165266,0.1340794,9.727939
10.394,-0.13168511,0.1340794,9.711179
10.433,-0.10774237,0.11971374,9.735122
10.474,-0.10774237,0.14365649,9.732727
10.494,-0.11492519,0.13886794,9.718362
10.534,-0.11492519,0.11253092,9.73991
10.556,-0.11253092,0.1340794,9.735122
10.595,-0.11253092,0.13886794,9.730332
10.635,-0.102953814,0.12929083,9.725544
10.675,-0.10774237,0.13886794,9.735122
10.695,-0.12929083,0.11492519,9.730332
10.735,-0.11492519,0.14126222,9.735122
10.775,-0.09577099,0.12929083,9.72315
10.796,-0.13168511,0.12210801,9.711179
10.836,-0.10774237,0.12929083,9.711179
10.875,-0.12689656,0.1340794,9.725544
10.894,-0.10055954,0.11971374,9.725544
10.936,-0.11253092,0.13168511,9.742304
10.975,-0.117319465,0.12689656,9.732727
10.995,-0.105348095,0.11971374,9.747093
11.035,-0.102953814,0.11492519,9.730332
11.075,-0.10774237,0.13168511,9.727939
11.095,-0.11971374,0.13168511,9.730332
11.135,-0.12210801,0.12929083,9.730332
11.175,-0.10774237,0.12929083,9.727939
11.195,-0.105348095,0.12450229,9.732727
11.235,-0.105348095,0.1340794,9.72315
11.274,-0.12450229,0.12450229,9.725544
11.295,-0.13168511,0.1340794,9.725544
11.337,-0.105348095,0.14126222,9.725544
11.376,-0.105348095,0.1340794,9.737515
11.414,-0.102953814,0.1340794,9.72315
11.434,-0.117319465,0.12689656,9.735122
11.473,-0.12450229,0.11253092,9.715967
11.515,-0.105348095,0.13168511,9.742304
11.535,-0.11492519,0.13647367,9.7135725
11.575,-0.105348095,0.12450229,9.718362
11.615,-0.10774237,0.13168511,9.72315
11.635,-0.105348095,0.14844504,9.715967
11.676,-0.10055954,0.1340794,9.727939
11.716,-0.10774237,0.14365649,9.737515
11.735,-0.10774237,0.13168511,9.725544
11.775,-0.11492519,0.12210801,9.720756
11.816,-0.12210801,0.13168511,9.72315
11.836,-0.09337672,0.12450229,9.720756
11.876,-0.11971374,0.12929083,9.730332
11.916,-0.090982445,0.12210801,9.720756
11.936,-0.098165266,0.12689656,9.725544
11.975,-0.11253092,0.12210801,9.72315
12.016,-0.10055954,0.12689656,9.725544
12.035,-0.10055954,0.1340794,9.732727
12.075,-0.12689656,0.13886794,9.725544
12.115,-0.10055954,0.12210801,9.7135725
12.135,-0.11971374,0.13168511,9.7135725
12.175,-0.11013664,0.12210801,9.72315
12.214,-0.105348095,0.11013664,9.725544
12.254,-0.11253092,0.11492519,9.737515
12.275,-0.12210801,0.11013664,9.737515
12.315,-0.10774237,0.12210801,9.718362
12.356,-0.09337672,0.12689656,9.727939
12.375,-0.11971374,0.11971374,9.718362
12.417,-0.11253092,0.117319465,9.744699
12.440,-0.11971374,0.12689656,9.737515
12.474,-0.10055954,0.13647367,9.732727
12.514,-0.11971374,0.12210801,9.737515
12.555,-0.11492519,0.1340794,9.737515
12.575,-0.12450229,0.13647367,9.725544
12.615,-0.102953814,0.12210801,9.737515
12.655,-0.11013664,0.12450229,9.720756
12.674,-0.11013664,0.12689656,9.72315
12.715,-0.12450229,0.117319465,9.732727
12.755,-0.090982445,0.11971374,9.735122
12.775,-0.11253092,0.13168511,9.735122
12.815,-0.12450229,0.12929083,9.730332
12.854,-0.10055954,0.11253092,9.727939
12.875,-0.11492519,0.1340794,9.725544
12.914,-0.12689656,0.12929083,9.720756
12.955,-0.102953814,0.12210801,9.718362
12.975,-0.117319465,0.13886794,9.72315
13.016,-0.11253092,0.14844504,9.732727
13.055,-0.10774237,0.11253092,9.718362
13.096,-0.12929083,0.13168511,9.720756
13.114,-0.09337672,0.12929083,9.730332
13.154,-0.10774237,0.11253092,9.727939
13.176,-0.10774237,0.13647367,9.735122
13.215,-0.11492519,0.12689656,9.725544
13.256,-0.12210801,0.11492519,9.735122
13.294,-0.11971374,0.1340794,9.725544
13.315,-0.11492519,0.12689656,9.727939
13.355,-0.102953814,0.11013664,9.730332
13.395,-0.11253092,0.13168511,9.708784
13.421,-0.117319465,0.11492519,9.732727
13.454,-0.10774237,0.13647367,9.730332
13.494,-0.11492519,0.13647367,9.735122
13.514,-0.117319465,0.12929083,9.72315
13.557,-0.105348095,0.12450229,9.730332
13.593,-0.11971374,0.12929083,9.730332
13.614,-0.11253092,0.13647367,9.727939
13.654,-0.11492519,0.14126222,9.735122
13.696,-0.10774237,0.12689656,9.727939
13.715,-0.09337672,0.12929083,9.720756
13.755,-0.10774237,0.13168511,9.732727
13.796,-0.11971374,0.11013664,9.715967
13.815,-0.098165266,0.12929083,9.730332
13.855,-0.12689656,0.117319465,9.725544
13.895,-0.11253092,0.13886794,9.725544
13.935,-0.102953814,0.1340794,9.749487
13.955,-0.11971374,0.1340794,9.73991
13.995,-0.12210801,0.11253092,9.727939
14.035,-0.105348095,0.13886794,9.72315
14.054,-0.11253092,0.12210801,9.744699
14.095,-0.11253092,0.13886794,9.737515
14.135,-0.12450229,0.13647367,9.720756
14.155,-0.117319465,0.117319465,9.742304
14.194,-0.10055954,0.1340794,9.725544
14.236,-0.11971374,0.13168511,9.727939
14.255,-0.11971374,0.14605077,9.718362
14.295,-0.09577099,0.11253092,9.725544
14.334,-0.11492519,0.12689656,9.730332
14.354,-0.11013664,0.1340794,9.708784
14.395,-0.11253092,0.12689656,9.72315
14.434,-0.117319465,0.13647367,9.727939
14.454,-0.105348095,0.13168511,9.730332
14.493,-0.105348095,0.12210801,9.72315
14.535,-0.10055954,0.12689656,9.732727
14.554,-0.1340794,0.14126222,9.72315
14.595,-0.11492519,0.13168511,9.720756
14.636,-0.11492519,0.12210801,9.701602
14.675,-0.11253092,0.11492519,9.735122
14.695,-0.12689656,0.12210801,9.7135725
14.735,-0.11253092,0.13886794,9.742304
14.775,-0.105348095,0.102953814,9.727939
14.794,-0.117319465,0.12450229,9.720756
14.833,-0.11253092,0.12689656,9.730332
14.874,-0.105348095,0.117319465,9.718362
14.906,-0.12210801,0.13886794,9.730332
14.935,-0.11492519,0.12450229,9.72315
14.975,-0.105348095,0.12689656,9.732727
14.995,-0.11971374,0.14126222,9.725544
15.035,-0.11492519,0.12210801,9.730332
15.075,-0.11971374,0.10774237,9.715967
15.095,-0.105348095,0.11971374,9.725544
15.135,-0.102953814,0.13647367,9.725544
15.181,-0.12450229,0.12210801,9.711179
15.192,-0.11013664,0.13886794,9.725544
15.235,-0.11013664,0.13168511,9.725544
15.273,-0.11971374,0.11253092,9.725544
15.293,-0.098165266,0.11971374,9.732727
15.333,-0.11013664,0.11971374,9.730332
15.372,-0.10774237,0.12210801,9.725544
15.414,-0.09337672,0.13886794,9.725544
15.433,-0.12929083,0.12929083,9.730332
15.473,-0.11013664,0.12689656,9.718362
15.514,-0.12210801,0.14844504,9.727939
15.533,-0.11492519,0.13647367,9.725544
15.574,-0.11492519,0.12450229,9.737515
15.614,-0.11013664,0.1340794,9.720756
15.634,-0.13168511,0.13886794,9.720756
15.675,-0.11971374,0.117319465,9.730332
15.715,-0.11492519,0.13647367,9.73991
15.734,-0.12450229,0.12210801,9.725544
15.775,-0.10774237,0.117319465,9.73991
15.814,-0.11492519,0.12689656,9.720756
15.835,-0.12450229,0.13168511,9.73991
15.875,-0.12689656,0.12450229,9.727939
15.914,-0.117319465,0.14844504,9.7135725
15.934,-0.11492519,0.12689656,9.725544
15.974,-0.11013664,0.117319465,9.732727
16.014,-0.10055954,0.13168511,9.725544
16.034,-0.11492519,0.11971374,9.737515
16.073,-0.11253092,0.12210801,9.72315
16.114,-0.11971374,0.11253092,9.730332
16.135,-0.10774237,0.117319465,9.72315
16.174,-0.102953814,0.117319465,9.73991
16.214,-0.11492519,0.13647367,9.730332
16.235,-0.117319465,0.12689656,9.72315
16.274,-0.117319465,0.11492519,9.725544
16.315,-0.10774237,0.117319465,9.735122
16.335,-0.11253092,0.12450229,9.735122
16.374,-0.11492519,0.12689656,9.725544
16.416,-0.11253092,0.13886794,9.718362
16.452,-0.105348095,0.12929083,9.735122
16.473,-0.12450229,0.12689656,9.73991
16.515,-0.11253092,0.11492519,9.725544
16.555,-0.11013664,0.12689656,9.725544
16.574,-0.117319465,0.11013664,9.73991
16.615,-0.10774237,0.11253092,9.715967
16.654,-0.10055954,0.1340794,9.725544
16.675,-0.10774237,0.12689656,9.725544
16.715,-0.117319465,0.12929083,9.720756
16.754,-0.11253092,0.12689656,9.72315
16.774,-0.098165266,0.1340794,9.7135725
16.815,-0.11492519,0.13168511,9.72315
16.855,-0.11492519,0.12210801,9.749487
16.875,-0.12929083,0.12929083,9.730332
16.915,-0.11971374,0.1340794,9.720756
16.953,-0.10774237,0.13647367,9.715967
16.974,-0.10774237,0.12929083,9.732727
17.014,-0.10774237,0.12689656,9.720756
17.053,-0.11492519,0.12929083,9.730332
17.075,-0.11971374,0.1340794,9.735122
17.114,-0.10774237,0.1340794,9.718362
17.155,-0.102953814,0.1340794,9.711179
17.175,-0.13168511,0.11253092,9.732727
17.215,-0.12450229,0.13168511,9.715967
17.255,-0.11971374,0.11971374,9.72315
17.294,-0.10774237,0.14126222,9.7135725
17.314,-0.102953814,0.13886794,9.730332
17.353,-0.09337672,0.1340794,9.727939
17.395,-0.11013664,0.12689656,9.744699
17.422,-0.10774237,0.13886794,9.749487
17.455,-0.11253092,0.13168511,9.725544
17.494,-0.10774237,0.11013664,9.737515
17.515,-0.11013664,0.11253092,9.72315
17.553,-0.12210801,0.11492519,9.735122
17.593,-0.11492519,0.13168511,9.725544
17.614,-0.098165266,0.13168511,9.72315
17.654,-0.105348095,0.1340794,9.720756
17.696,-0.10774237,0.12689656,9.72315
17.715,-0.117319465,0.12689656,9.725544
17.755,-0.10774237,0.12210801,9.732727
17.794,-0.117319465,0.11971374,9.730332
17.814,-0.1340794,0.13168511,9.727939
17.854,-0.12689656,0.1340794,9.727939
17.894,-0.10774237,0.12689656,9.735122
17.915,-0.10055954,0.14844504,9.725544
17.953,-0.102953814,0.13168511,9.718362
17.995,-0.117319465,0.12210801,9.720756
18.015,-0.090982445,0.13886794,9.732727
18.055,-0.10774237,0.12450229,9.72315
18.094,-0.12689656,0.12689656,9.730332
18.134,-0.11013664,0.14365649,9.72315
18.154,-0.11971374,0.13168511,9.708784
18.194,-0.12450229,0.1340794,9.725544
18.235,-0.105348095,0.12450229,9.732727
18.254,-0.11013664,0.11253092,9.732727
18.294,-0.12210801,0.13168511,9.730332
18.333,-0.10774237,0.12210801,9.72315
18.354,-0.117319465,0.15083931,9.725544
18.394,-0.09577099,0.12929083,9.727939
18.433,-0.11013664,0.12689656,9.737515
18.453,-0.10055954,0.12929083,9.727939
18.494,-0.11971374,0.13168511,9.735122
18.536,-0.11013664,0.12450229,9.727939
18.556,-0.11492519,0.11492519,9.735122
18.594,-0.11492519,0.12929083,9.732727
18.633,-0.09577099,0.1340794,9.732727
18.654,-0.11492519,0.12450229,9.730332
18.693,-0.12450229,0.12450229,9.718362
18.734,-0.12210801,0.14126222,9.725544
18.755,-0.1340794,0.12450229,9.718362
18.794,-0.105348095,0.12929083,9.725544
18.834,-0.09577099,0.11971374,9.715967
18.873,-0.11013664,0.1340794,9.715967
18.896,-0.10774237,0.12210801,9.735122
18.934,-0.08858817,0.13647367,9.730332
18.974,-0.10055954,0.11492519,9.72315
18.993,-0.09337672,0.12929083,9.718362
19.034,-0.11253092,0.11253092,9.732727
19.074,-0.11492519,0.13647367,9.735122
19.094,-0.11492519,0.12929083,9.718362
19.134,-0.11492519,0.12689656,9.725544
19.174,-0.102953814,0.12210801,9.735122
19.194,-0.12210801,0.11971374,9.720756
19.234,-0.102953814,0.117319465,9.715967
19.273,-0.11492519,0.12929083,9.718362
19.293,-0.09577099,0.1340794,9.718362
19.333,-0.090982445,0.12450229,9.725544
19.373,-0.11492519,0.14126222,9.720756
19.393,-0.11013664,0.11971374,9.727939
19.432,-0.102953814,0.12450229,9.744699
19.473,-0.117319465,0.1340794,9.737515
19.513,-0.11013664,0.13168511,9.730332
19.532,-0.11253092,0.12210801,9.720756
19.573,-0.11013664,0.1340794,9.727939
19.612,-0.11253092,0.1340794,9.72315
19.634,-0.10774237,0.13168511,9.72315
19.674,-0.11971374,0.12689656,9.718362
19.713,-0.102953814,0.13168511,9.727939
19.734,-0.12689656,0.13886794,9.72315
19.774,-0.105348095,0.12689656,9.727939
19.814,-0.11253092,0.12210801,9.737515
19.834,-0.09577099,0.12929083,9.727939
19.873,-0.10774237,0.12929083,9.72315
19.915,-0.117319465,0.12210801,9.720756
19.933,-0.10055954,0.12689656,9.735122
19.975,-0.12210801,0.13168511,9.718362
20.014,-0.12450229,0.13168511,9.730332
20.035,-0.11492519,0.1340794,9.727939
20.074,-0.12689656,0.12929083,9.730332
20.113,-0.11971374,0.1340794,9.715967
20.135,-0.11253092,0.12689656,9.732727
20.174,-0.117319465,0.12689656,9.711179
20.212,-0.11971374,0.11971374,9.727939
20.233,-0.11253092,0.11253092,9.725544
20.274,-0.10774237,0.13168511,9.747093
20.312,-0.090982445,0.12450229,9.730332
20.353,-0.10774237,0.1340794,9.735122
20.373,-0.102953814,0.14365649,9.725544
20.412,-0.105348095,0.117319465,9.725544
20.453,-0.117319465,0.11492519,9.715967
20.472,-0.09577099,0.13647367,9.735122
20.514,-0.12450229,0.12689656,9.725544
20.554,-0.11013664,0.12929083,9.725544
20.574,-0.12929083,0.13168511,9.735122
20.612,-0.11492519,0.117319465,9.730332
20.654,-0.10774237,0.14126222,9.725544
20.673,-0.11253092,0.12929083,9.730332
20.714,-0.11013664,0.1340794,9.725544
20.755,-0.11253092,0.11253092,9.72315
20.773,-0.11253092,0.12929083,9.747093
20.814,-0.11013664,0.11971374,9.727939
20.853,-0.105348095,0.13168511,9.727939
20.874,-0.10055954,0.12450229,9.720756
20.914,-0.11492519,0.14844504,9.725544
20.954,-0.11013664,0.12929083,9.742304
20.974,-0.117319465,0.13168511,9.730332
21.014,-0.11013664,0.117319465,9.718362
21.054,-0.117319465,0.12929083,9.727939
21.074,-0.105348095,0.12450229,9.737515
21.113,-0.10055954,0.13647367,9.725544
21.154,-0.12689656,0.12929083,9.732727
21.174,-0.11253092,0.12450229,9.72315
21.214,-0.10774237,0.117319465,9.73991
21.253,-0.10774237,0.14126222,9.73991
21.274,-0.105348095,0.12689656,9.749487
21.314,-0.13168511,0.117319465,9.725544
21.355,-0.11013664,0.11013664,9.737515
21.393,-0.098165266,0.13168511,9.72315
21.422,-0.12210801,0.13168511,9.730332
21.454,-0.11013664,0.12689656,9.735122
21.493,-0.102953814,0.11971374,9.72315
21.513,-0.10774237,0.12450229,9.70639
21.553,-0.105348095,0.13168511,9.720756
21.594,-0.11492519,0.12210801,9.727939
21.613,-0.11013664,0.12210801,9.735122
21.652,-0.105348095,0.12450229,9.720756
21.693,-0.11013664,0.12689656,9.730332
21.715,-0.102953814,0.13886794,9.7135725
21.754,-0.12689656,0.11971374,9.718362
21.794,-0.105348095,0.1340794,9.737515
21.815,-0.117319465,0.14126222,9.727939
21.852,-0.11971374,0.12450229,9.727939
21.894,-0.12450229,0.11971374,9.727939
21.912,-0.11253092,0.12689656,9.7135725
21.953,-0.10774237,0.12689656,9.718362
21.994,-0.11253092,0.12210801,9.718362
22.033,-0.11013664,0.1340794,9.732727
22.052,-0.09337672,0.11971374,9.737515
22.093,-0.11013664,0.117319465,9.720756
22.133,-0.10055954,0.1340794,9.720756
22.153,-0.10774237,0.12689656,9.725544
22.193,-0.117319465,0.13168511,9.742304
22.231,-0.11253092,0.14365649,9.699207
22.252,-0.11013664,0.12450229,9.720756
22.294,-0.102953814,0.1340794,9.718362
22.334,-0.11253092,0.13647367,9.72315
22.354,-0.12210801,0.12210801,9.735122
22.395,-0.11971374,0.12210801,9.737515
22.418,-0.11253092,0.11971374,9.718362
22.452,-0.117319465,0.12929083,9.715967
22.494,-0.11013664,0.12929083,9.720756
22.534,-0.12450229,0.13168511,9.72315
22.554,-0.102953814,0.11971374,9.735122
22.592,-0.11253092,0.12689656,9.727939
22.633,-0.117319465,0.15323359,9.737515
22.654,-0.117319465,0.13168511,9.730332
22.693,-0.10774237,0.12210801,9.730332
22.733,-0.11253092,0.13168511,9.715967
22.753,-0.11253092,0.14365649,9.725544
22.795,-0.11971374,0.14844504,9.730332
22.833,-0.10055954,0.12929083,9.718362
22.854,-0.11971374,0.117319465,9.737515
22.894,-0.11253092,0.12929083,9.718362
22.933,-0.09577099,0.13647367,9.73991
22.975,-0.105348095,0.13647367,9.72315
22.994,-0.105348095,0.14126222,9.720756
23.034,-0.11253092,0.13647367,9.730332
23.074,-0.11253092,0.13647367,9.73991
23.095,-0.10774237,0.13647367,9.70639
23.133,-0.11253092,0.12450229,9.725544
23.173,-0.11971374,0.14365649,9.732727
23.194,-0.11253092,0.13647367,9.732727
23.233,-0.11253092,0.117319465,9.72315
23.273,-0.11253092,0.14365649,9.730332
23.294,-0.11013664,0.11253092,9.737515
23.334,-0.11253092,0.12929083,9.715967
23.373,-0.105348095,0.12689656,9.718362
23.394,-0.10774237,0.1340794,9.735122
23.435,-0.10055954,0.13647367,9.72315
23.472,-0.105348095,0.1340794,9.727939
23.494,-0.117319465,0.14365649,9.73991
23.534,-0.105348095,0.13647367,9.72315
23.573,-0.117319465,0.14365649,9.730332
23.593,-0.105348095,0.13168511,9.730332
23.633,-0.11492519,0.14126222,9.727939
23.673,-0.09577099,0.12929083,9.73991
23.695,-0.090982445,0.13168511,9.720756
23.734,-0.11971374,0.13886794,9.730332
23.773,-0.10774237,0.15562786,9.720756
23.813,-0.12689656,0.13886794,9.73991
23.833,-0.12450229,0.13886794,9.711179
23.873,-0.12929083,0.12210801,9.737515
23.913,-0.11492519,0.14126222,9.725544
23.933,-0.10774237,0.13647367,9.735122
23.973,-0.12210801,0.14365649,9.727939
23.996,-0.11492519,0.12929083,9.715967
24.036,-0.11971374,0.117319465,9.730332
24.074,-0.12210801,0.13647367,9.725544
24.114,-0.11492519,0.12689656,9.735122
24.133,-0.12929083,0.12450229,9.720756
24.173,-0.12689656,0.12929083,9.727939
24.213,-0.12450229,0.12210801,9.737515
24.234,-0.11492519,0.11253092,9.735122
24.273,-0.105348095,0.12689656,9.742304
24.313,-0.105348095,0.1340794,9.732727
24.334,-0.10774237,0.13168511,9.732727
24.373,-0.12210801,0.11971374,9.72315
24.417,-0.11253092,0.13886794,9.742304
24.432,-0.11492519,0.11971374,9.720756
24.473,-0.102953814,0.11971374,9.735122
24.513,-0.11971374,0.12210801,9.730332
24.533,-0.11253092,0.13886794,9.715967
24.573,-0.11013664,0.11971374,9.711179
24.614,-0.11971374,0.13886794,9.732727
24.654,-0.105348095,0.1340794,9.735122
24.673,-0.12929083,0.12929083,9.730332
24.705,-0.13886794,0.1340794,9.735122
24.753,-0.13168511,0.12450229,9.727939
24.774,-0.10055954,0.11971374,9.718362
24.814,-0.098165266,0.117319465,9.725544
24.852,-0.09577099,0.13886794,9.735122
24.873,-0.105348095,0.12450229,9.725544
24.913,-0.11492519,0.12210801,9.732727
24.954,-0.11253092,0.12210801,9.73991
24.974,-0.09577099,0.13168511,9.730332
25.014,-0.11253092,0.11971374,9.720756
25.053,-0.12929083,0.12450229,9.727939
25.074,-0.11492519,0.12929083,9.727939
25.113,-0.11013664,0.12929083,9.72315
25.152,-0.11492519,0.1340794,9.735122
25.173,-0.10055954,0.14365649,9.744699
25.212,-0.11492519,0.11971374,9.730332
25.253,-0.12450229,0.12929083,9.725544
25.274,-0.12689656,0.11971374,9.744699
25.312,-0.10774237,0.11971374,9.744699
25.353,-0.105348095,0.10774237,9.735122
25.373,-0.11253092,0.12210801,9.730332
25.413,-0.10774237,0.1340794,9.72315
25.452,-0.11253092,0.13886794,9.742304
25.493,-0.12210801,0.1340794,9.737515
25.513,-0.10055954,0.12689656,9.737515
25.555,-0.105348095,0.12450229,9.727939
25.594,-0.10774237,0.12689656,9.72315
25.613,-0.102953814,0.12689656,9.7135725
25.653,-0.105348095,0.12929083,9.727939
25.693,-0.09577099,0.14126222,9.720756
25.712,-0.12450229,0.11971374,9.725544
25.753,-0.12929083,0.117319465,9.732727
25.793,-0.12210801,0.1340794,9.730332
25.813,-0.117319465,0.12210801,9.73991
25.853,-0.12450229,0.11971374,9.715967
25.893,-0.105348095,0.13886794,9.732727
25.913,-0.105348095,0.14365649,9.737515
25.953,-0.105348095,0.15083931,9.742304
25.992,-0.10774237,0.12689656,9.727939
26.013,-0.10774237,0.14126222,9.737515
26.051,-0.098165266,0.11971374,9.727939
26.093,-0.11013664,0.13168511,9.727939
26.113,-0.11971374,0.1340794,9.727939
26.154,-0.10055954,0.12689656,9.735122
26.192,-0.12450229,0.13647367,9.732727
26.213,-0.11253092,0.11971374,9.725544
26.253,-0.13647367,0.11971374,9.727939
26.293,-0.11971374,0.12210801,9.730332
26.333,-0.11492519,0.12929083,9.725544
26.352,-0.10774237,0.1340794,9.730332
26.394,-0.11253092,0.1340794,9.73991
26.421,-0.11013664,0.12210801,9.737515
26.453,-0.11492519,0.14126222,9.718362
26.492,-0.102953814,0.13886794,9.727939
26.534,-0.11971374,0.12450229,9.744699
26.553,-0.11492519,0.13168511,9.73991
26.593,-0.11971374,0.13886794,9.72315
26.633,-0.11971374,0.14605077,9.725544
26.653,-0.11013664,0.13886794,9.727939
26.694,-0.11971374,0.13168511,9.735122
26.732,-0.11013664,0.13647367,9.730332
26.753,-0.11253092,0.13647367,9.742304
26.793,-0.11253092,0.12929083,9.727939
26.833,-0.11492519,0.13647367,9.718362
26.854,-0.11492519,0.12689656,9.72315
26.894,-0.11492519,0.13886794,9.737515
26.933,-0.117319465,0.12450229,9.730332
26.953,-0.105348095,0.13647367,9.73991
26.993,-0.105348095,0.12689656,9.725544
27.034,-0.13168511,0.12689656,9.730332
27.054,-0.105348095,0.11971374,9.718362
27.093,-0.117319465,0.13168511,9.735122
27.133,-0.10055954,0.12210801,9.751882
27.173,-0.13168511,0.13647367,9.725544
27.192,-0.11492519,0.14126222,9.737515
27.234,-0.11492519,0.13168511,9.735122
27.273,-0.12929083,0.14605077,9.737515
27.295,-0.12210801,0.117319465,9.725544
27.333,-0.11253092,0.117319465,9.715967
27.373,-0.102953814,0.13168511,9.730332
27.392,-0.12929083,0.12450229,9.72315
27.432,-0.11013664,0.12929083,9.735122
27.472,-0.11971374,0.12450229,9.735122
27.492,-0.098165266,0.1340794,9.715967
27.532,-0.11013664,0.14365649,9.73991
27.573,-0.090982445,0.1340794,9.725544
27.592,-0.11971374,0.11971374,9.7135725
27.631,-0.105348095,0.12210801,9.718362
27.673,-0.13168511,0.14126222,9.735122
27.692,-0.10055954,0.13886794,9.73991
27.733,-0.10055954,0.13647367,9.725544
27.773,-0.11492519,0.1340794,9.718362
27.794,-0.10055954,0.15562786,9.727939
27.833,-0.10774237,0.12929083,9.732727
27.874,-0.11013664,0.12689656,9.735122
27.894,-0.11253092,0.11971374,9.725544
27.933,-0.105348095,0.12929083,9.73991
27.972,-0.12210801,0.1340794,9.73991
28.015,-0.11971374,0.11492519,9.730332
28.033,-0.11492519,0.13168511,9.732727
28.073,-0.117319465,0.12929083,9.72315
28.114,-0.11492519,0.14126222,9.730332
28.133,-0.12929083,0.12450229,9.737515
28.173,-0.11013664,0.12689656,9.749487
28.214,-0.13647367,0.11971374,9.725544
28.234,-0.11253092,0.12929083,9.718362
28.274,-0.117319465,0.13647367,9.727939
28.314,-0.102953814,0.12689656,9.718362
28.332,-0.11013664,0.11492519,9.720756
28.373,-0.1340794,0.12689656,9.725544
28.412,-0.11013664,0.12689656,9.735122
28.432,-0.13886794,0.13168511,9.732727
28.472,-0.11013664,0.13168511,9.730332
28.513,-0.102953814,0.12929083,9.730332
28.533,-0.10774237,0.12929083,9.7135725
28.573,-0.11013664,0.13168511,9.732727
28.612,-0.1340794,0.14365649,9.72315
28.632,-0.09337672,0.12689656,9.7135725
28.674,-0.09577099,0.1340794,9.720756
28.718,-0.117319465,0.12450229,9.72315
28.752,-0.11492519,0.1340794,9.72315
28.773,-0.117319465,0.13647367,9.737515
28.813,-0.11492519,0.14126222,9.732727
28.853,-0.11492519,0.117319465,9.727939
28.873,-0.12210801,0.12210801,9.720756
28.913,-0.12450229,0.1340794,9.732727
28.952,-0.102953814,0.14126222,9.725544
28.974,-0.11253092,0.11492519,9.737515
29.012,-0.117319465,0.13168511,9.720756
29.053,-0.09337672,0.12689656,9.725544
29.073,-0.11971374,0.12929083,9.735122
29.112,-0.098165266,0.12210801,9.720756
29.153,-0.098165266,0.14365649,9.732727
29.173,-0.11253092,0.12689656,9.72315
29.214,-0.090982445,0.11971374,9.727939
29.252,-0.102953814,0.13886794,9.742304
29.273,-0.11013664,0.12210801,9.711179
29.313,-0.117319465,0.13886794,9.720756
29.351,-0.10774237,0.1340794,9.720756
29.373,-0.10055954,0.12929083,9.727939
29.412,-0.11492519,0.12210801,9.711179
29.451,-0.09577099,0.1340794,9.732727
29.472,-0.11253092,0.12450229,9.725544
29.513,-0.117319465,0.11971374,9.720756
29.553,-0.12929083,0.12689656,9.725544
29.573,-0.10055954,0.13168511,9.735122
29.612,-0.105348095,0.12689656,9.749487
29.653,-0.12689656,0.13168511,9.725544
29.693,-0.11013664,0.12450229,9.720756
29.713,-0.098165266,0.12929083,9.72315
29.751,-0.11253092,0.12210801,9.718362
29.792,-0.11013664,0.12210801,9.730332
29.813,-0.105348095,0.12689656,9.735122
29.852,-0.09577099,0.13886794,9.735122
29.892,-0.105348095,0.11013664,9.720756
29.912,-0.098165266,0.13886794,9.73991
29.952,-0.11253092,0.14365649,9.727939
29.992,-0.12689656,0.12929083,9.730332
30.013,-0.10055954,0.13168511,9.730332
30.053,-0.12210801,0.15083931,9.730332
30.093,-0.11253092,0.11971374,9.732727
30.113,-0.11253092,0.14605077,9.718362
30.152,-0.105348095,0.11971374,9.72315
30.193,-0.102953814,0.1340794,9.737515
30.231,-0.11492519,0.13647367,9.73991
30.252,-0.11253092,0.13168511,9.7135725
30.290,-0.12210801,0.11971374,9.732727
30.331,-0.117319465,0.11492519,9.730332
30.351,-0.10774237,0.11971374,9.744699
30.390,-0.11253092,0.12929083,9.7135725
30.431,-0.11253092,0.11492519,9.735122
30.451,-0.105348095,0.13647367,9.725544
30.492,-0.10774237,0.13647367,9.735122
30.533,-0.10774237,0.11253092,9.718362
30.551,-0.11492519,0.11492519,9.725544
30.592,-0.1340794,0.12450229,9.711179
30.633,-0.12210801,0.12689656,9.715967
30.653,-0.11013664,0.13647367,9.72315
30.692,-0.117319465,0.12210801,9.711179
30.732,-0.117319465,0.1340794,9.72315
30.752,-0.102953814,0.13168511,9.730332
30.793,-0.102953814,0.12450229,9.73991
30.833,-0.11013664,0.117319465,9.730332
30.851,-0.117319465,0.13886794,9.732727
30.893,-0.10774237,0.12210801,9.701602
30.932,-0.12210801,0.12689656,9.73991
30.952,-0.12689656,0.12689656,9.735122
30.993,-0.10774237,0.14126222,9.737515
31.033,-0.09337672,0.117319465,9.730332
31.053,-0.117319465,0.12929083,9.732727
31.093,-0.11971374,0.12689656,9.720756
31.132,-0.11253092,0.12929083,9.718362
31.152,-0.12210801,0.117319465,9.725544
31.193,-0.11492519,0.11971374,9.720756
31.233,-0.11013664,0.13647367,9.732727
31.253,-0.11253092,0.12929083,9.735122
31.292,-0.11013664,0.12689656,9.725544
31.333,-0.11253092,0.13168511,9.725544
31.371,-0.12450229,0.12210801,9.735122
31.393,-0.12450229,0.12929083,9.732727
31.431,-0.117319465,0.12210801,9.718362
31.471,-0.11013664,0.12689656,9.744699
31.493,-0.11013664,0.12929083,9.725544
31.533,-0.11971374,0.12210801,9.727939
31.573,-0.11971374,0.14365649,9.730332
31.591,-0.12689656,0.12689656,9.735122
31.632,-0.098165266,0.14126222,9.720756
31.673,-0.11013664,0.1340794,9.742304
31.692,-0.10055954,0.12689656,9.737515
31.732,-0.11253092,0.12689656,9.732727
31.772,-0.11013664,0.12210801,9.732727
31.792,-0.11013664,0.1340794,9.737515
31.833,-0.09577099,0.14605077,9.735122
31.872,-0.10774237,0.14126222,9.725544
31.893,-0.117319465,0.11971374,9.732727
31.933,-0.102953814,0.1340794,9.742304
31.972,-0.10774237,0.13168511,9.720756
31.992,-0.13168511,0.12210801,9.737515
32.032,-0.12929083,0.117319465,9.735122
32.072,-0.102953814,0.1340794,9.720756
32.112,-0.105348095,0.1340794,9.718362
32.132,-0.102953814,0.13647367,9.730332
32.172,-0.10774237,0.11971374,9.737515
32.212,-0.11013664,0.14365649,9.725544
32.231,-0.12210801,0.11971374,9.72315
32.272,-0.117319465,0.1340794,9.730332
32.313,-0.09577099,0.12689656,9.727939
32.333,-0.09337672,0.13647367,9.72315
32.372,-0.117319465,0.117319465,9.737515
32.417,-0.11971374,0.12450229,9.7135725
32.431,-0.11971374,0.11971374,9.725544
32.472,-0.12689656,0.1340794,9.720756
32.512,-0.117319465,0.12210801,9.732727
32.532,-0.11253092,0.11253092,9.718362
32.572,-0.117319465,0.1340794,9.727939
32.612,-0.105348095,0.13886794,9.730332
32.633,-0.105348095,0.12929083,9.725544
32.672,-0.105348095,0.12929083,9.730332
32.712,-0.12929083,0.14365649,9.730332
32.732,-0.12689656,0.11492519,9.725544
32.772,-0.090982445,0.1340794,9.727939
32.812,-0.10774237,0.12689656,9.737515
32.832,-0.102953814,0.12929083,9.718362
32.873,-0.102953814,0.13168511,9.730332
32.911,-0.117319465,0.13168511,9.730332
32.933,-0.12929083,0.12929083,9.725544
32.973,-0.11013664,0.117319465,9.720756
33.013,-0.10055954,0.11971374,9.718362
33.053,-0.12450229,0.1340794,9.735122
33.072,-0.11253092,0.13886794,9.732727
33.114,-0.11492519,0.12450229,9.737515
33.153,-0.11971374,0.105348095,9.732727
33.173,-0.13647367,0.12210801,9.73991
33.211,-0.12210801,0.12450229,9.715967
33.251,-0.117319465,0.13168511,9.744699
33.272,-0.12210801,0.13168511,9.737515
33.316,-0.10055954,0.11253092,9.727939
33.352,-0.11013664,0.11971374,9.730332
33.372,-0.11013664,0.13647367,9.725544
33.414,-0.11253092,0.12210801,9.727939
33.454,-0.117319465,0.12929083,9.73991
33.472,-0.117319465,0.12450229,9.73991
33.512,-0.11253092,0.1340794,9.725544
33.552,-0.117319465,0.12929083,9.732727
33.572,-0.12689656,0.11971374,9.72315
33.611,-0.117319465,0.12929083,9.735122
33.652,-0.11013664,0.12929083,9.725544
33.672,-0.12210801,0.12689656,9.735122
33.711,-0.11971374,0.12929083,9.720756
33.752,-0.11971374,0.1340794,9.730332
33.773,-0.10774237,0.12929083,9.73991
33.817,-0.10774237,0.14605077,9.725544
33.851,-0.12689656,0.12929083,9.72315
33.892,-0.11971374,0.117319465,9.75667
33.912,-0.105348095,0.1340794,9.72315
33.952,-0.105348095,0.12689656,9.73991
33.992,-0.11253092,0.1340794,9.732727
34.012,-0.11253092,0.12689656,9.720756
34.052,-0.11013664,0.12689656,9.72315
34.092,-0.10774237,0.13647367,9.732727
34.112,-0.12450229,0.12689656,9.73991
34.151,-0.12210801,0.11971374,9.715967
34.192,-0.11013664,0.13647367,9.725544
34.212,-0.11253092,0.13168511,9.730332
34.252,-0.11971374,0.1340794,9.7135725
34.292,-0.11971374,0.13886794,9.725544
34.312,-0.11013664,0.12450229,9.727939
34.351,-0.09337672,0.13647367,9.725544
34.392,-0.10774237,0.11492519,9.737515
34.418,-0.098165266,0.11492519,9.727939
34.451,-0.117319465,0.1340794,9.730332
34.492,-0.105348095,0.117319465,9.727939
34.531,-0.11013664,0.1340794,9.72315
34.553,-0.09577099,0.10774237,9.73991
34.592,-0.11492519,0.1340794,9.742304
34.631,-0.11013664,0.12450229,9.720756
34.653,-0.11492519,0.12210801,9.708784
34.692,-0.10055954,0.1340794,9.737515
34.731,-0.117319465,0.10774237,9.718362
34.752,-0.117319465,0.12210801,9.735122
34.792,-0.11013664,0.12929083,9.727939
34.831,-0.117319465,0.13647367,9.727939
34.851,-0.12210801,0.12450229,9.711179
34.891,-0.11253092,0.12210801,9.732727
34.931,-0.098165266,0.12450229,9.735122
34.952,-0.11492519,0.11971374,9.744699
34.992,-0.102953814,0.14126222,9.737515
35.032,-0.102953814,0.11971374,9.732727
35.052,-0.12210801,0.12210801,9.732727
35.092,-0.098165266,0.12689656,9.73991
35.133,-0.10055954,0.13886794,9.711179
35.153,-0.09337672,0.12689656,9.72315
35.192,-0.08619389,0.12929083,9.730332
35.234,-0.105348095,0.12450229,9.732727
35.272,-0.11492519,0.12929083,9.725544
35.291,-0.11492519,0.117319465,9.718362
35.330,-0.098165266,0.13647367,9.730332
35.371,-0.105348095,0.14844504,9.735122
35.390,-0.102953814,0.13886794,9.725544
35.430,-0.117319465,0.13886794,9.727939
35.470,-0.12689656,0.13886794,9.732727
35.491,-0.10774237,0.12450229,9.730332
35.532,-0.12210801,0.1340794,9.732727
35.573,-0.11971374,0.13647367,9.72315
35.592,-0.12689656,0.11971374,9.72315
35.632,-0.10055954,0.13168511,9.711179
35.672,-0.11253092,0.14126222,9.715967
35.692,-0.105348095,0.12210801,9.732727
35.732,-0.11253092,0.11971374,9.727939
35.772,-0.09577099,0.117319465,9.742304
35.791,-0.12689656,0.12929083,9.73991
35.831,-0.10774237,0.12210801,9.720756
35.871,-0.11492519,0.13168511,9.735122
35.891,-0.117319465,0.11253092,9.730332
35.932,-0.102953814,0.13647367,9.715967
35.972,-0.10774237,0.12210801,9.718362
35.992,-0.117319465,0.1340794,9.730332
36.032,-0.105348095,0.12929083,9.727939
36.072,-0.117319465,0.12929083,9.720756
36.112,-0.10055954,0.12929083,9.747093
36.132,-0.10055954,0.117319465,9.720756
36.172,-0.12689656,0.13168511,9.727939
36.192,-0.11971374,0.11971374,9.742304
36.232,-0.102953814,0.13647367,9.737515
36.272,-0.11253092,0.12929083,9.737515
36.312,-0.10774237,0.12689656,9.715967
36.332,-0.12450229,0.13647367,9.732727
36.371,-0.105348095,0.13886794,9.73991
36.411,-0.11492519,0.12450229,9.735122
36.435,-0.10774237,0.12210801,9.742304
36.471,-0.12689656,0.12450229,9.72315
36.511,-0.11013664,0.13168511,9.73991
36.532,-0.11013664,0.12689656,9.72315
36.571,-0.105348095,0.13168511,9.732727
36.612,-0.117319465,0.117319465,9.73991
36.633,-0.11492519,0.1340794,9.735122
36.671,-0.11971374,0.117319465,9.727939
36.712,-0.11253092,0.12450229,9.727939
36.732,-0.11971374,0.13647367,9.720756
36.772,-0.12689656,0.12450229,9.735122
36.811,-0.13168511,0.1340794,9.727939
36.832,-0.11492519,0.12929083,9.720756
36.878,-0.11492519,0.12689656,9.73991
36.912,-0.117319465,0.11253092,9.732727
36.932,-0.13886794,0.14126222,9.742304
36.971,-0.13168511,0.13886794,9.7135725
37.011,-0.10055954,0.12689656,9.73991
37.032,-0.10055954,0.12450229,9.737515
37.072,-0.12450229,0.117319465,9.735122
37.112,-0.105348095,0.13647367,9.749487
37.151,-0.102953814,0.13647367,9.737515
37.171,-0.13168511,0.14126222,9.735122
37.212,-0.11492519,0.11971374,9.725544
37.252,-0.11492519,0.12450229,9.737515
37.271,-0.105348095,0.11971374,9.73991
37.312,-0.11253092,0.12929083,9.73991
37.354,-0.11971374,0.11971374,9.720756
37.372,-0.105348095,0.13168511,9.730332
37.410,-0.09577099,0.14126222,9.727939
37.450,-0.11492519,0.12210801,9.718362
37.470,-0.10774237,0.11971374,9.73991
37.511,-0.11013664,0.13168511,9.727939
37.551,-0.12210801,0.14844504,9.732727
37.571,-0.102953814,0.11492519,9.725544
37.612,-0.10774237,0.11492519,9.727939
37.652,-0.12450229,0.12689656,9.732727
37.672,-0.11013664,0.1340794,9.73991
37.711,-0.117319465,0.13168511,9.742304
37.751,-0.105348095,0.11971374,9.735122
37.792,-0.10055954,0.12210801,9.72315
37.811,-0.09577099,0.13886794,9.708784
37.850,-0.11253092,0.12450229,9.737515
37.872,-0.11971374,0.1340794,9.735122
37.911,-0.10774237,0.14605077,9.727939
37.951,-0.12689656,0.11492519,9.715967
37.977,-0.12450229,0.12689656,9.751882
38.011,-0.102953814,0.12929083,9.711179
38.052,-0.11492519,0.12929083,9.737515
38.091,-0.12450229,0.11492519,9.725544
38.112,-0.098165266,0.13886794,9.730332
38.151,-0.10774237,0.12689656,9.744699
38.191,-0.117319465,0.1340794,9.73991
38.212,-0.10774237,0.12929083,9.735122
38.251,-0.12450229,0.117319465,9.732727
38.291,-0.098165266,0.12929083,9.744699
38.311,-0.11492519,0.14365649,9.732727
38.352,-0.105348095,0.12689656,9.732727
38.392,-0.12450229,0.12689656,9.720756
38.413,-0.11253092,0.11971374,9.725544
38.450,-0.11492519,0.12210801,9.715967
38.491,-0.11253092,0.13168511,9.720756
38.513,-0.11013664,0.12689656,9.730332
38.551,-0.12450229,0.14126222,9.737515
38.591,-0.11253092,0.13886794,9.715967
38.632,-0.11253092,0.12689656,9.730332
38.652,-0.11013664,0.12450229,9.735122
38.692,-0.098165266,0.13168511,9.737515
38.733,-0.098165266,0.12450229,9.72315
38.751,-0.12210801,0.12210801,9.735122
38.791,-0.105348095,0.13168511,9.732727
38.831,-0.102953814,0.11971374,9.737515
38.852,-0.10774237,0.13168511,9.727939
38.891,-0.11253092,0.1340794,9.725544
38.914,-0.117319465,0.14126222,9.730332
38.951,-0.117319465,0.13647367,9.72315
38.992,-0.12210801,0.13168511,9.727939
39.030,-0.11253092,0.1340794,9.73991
39.050,-0.11971374,0.13886794,9.718362
39.090,-0.11492519,0.13168511,9.718362
39.131,-0.098165266,0.12689656,9.720756
39.151,-0.117319465,0.14365649,9.720756
39.191,-0.105348095,0.12450229,9.730332
39.231,-0.11971374,0.12689656,9.718362
39.251,-0.117319465,0.12210801,9.7135725
39.291,-0.11971374,0.13647367,9.735122
39.332,-0.11492519,0.12689656,9.732727
39.352,-0.11971374,0.14126222,9.735122
39.392,-0.11253092,0.14126222,9.730332
39.436,-0.11013664,0.11492519,9.730332
39.471,-0.11253092,0.12929083,9.720756
39.491,-0.11013664,0.12689656,9.73991
39.532,-0.10774237,0.1340794,9.735122
39.571,-0.11492519,0.1340794,9.718362
39.590,-0.11492519,0.13168511,9.725544
39.631,-0.11492519,0.12210801,9.72315
39.671,-0.090982445,0.1340794,9.727939
39.692,-0.12450229,0.11492519,9.72315
39.731,-0.11253092,0.12929083,9.735122
39.772,-0.12210801,0.14365649,9.727939
39.791,-0.10774237,0.13647367,9.749487
39.832,-0.12689656,0.13647367,9.737515
39.871,-0.11013664,0.117319465,9.735122
39.891,-0.105348095,0.13168511,9.737515
39.931,-0.12210801,0.13647367,9.742304
39.971,-0.10774237,0.12689656,9.730332
39.991,-0.12929083,0.105348095,9.737515
40.031,-0.11492519,0.12450229,9.725544
40.071,-0.11492519,0.12929083,9.72315
40.091,-0.12450229,0.13168511,9.737515
40.131,-0.10774237,0.13168511,9.715967
40.172,-0.11971374,0.12450229,9.711179
40.197,-0.117319465,0.13886794,9.744699
40.230,-0.11492519,0.12689656,9.718362
40.271,-0.117319465,0.11971374,9.732727
40.312,-0.11492519,0.14126222,9.725544
40.334,-0.11253092,0.13886794,9.744699
40.372,-0.105348095,0.1340794,9.725544
40.413,-0.10774237,0.1340794,9.732727
40.431,-0.11971374,0.12210801,9.737515
40.476,-0.08619389,0.13168511,9.73991
40.511,-0.11013664,0.12689656,9.730332
40.531,-0.10055954,0.1340794,9.72315
40.571,-0.11492519,0.11971374,9.730332
40.611,-0.10055954,0.117319465,9.725544
40.631,-0.105348095,0.13886794,9.732727
40.670,-0.10774237,0.12689656,9.730332
40.714,-0.12450229,0.13886794,9.725544
40.732,-0.12450229,0.12450229,9.732727
40.769,-0.10055954,0.12450229,9.725544
40.810,-0.10774237,0.14365649,9.72315
40.829,-0.11492519,0.11492519,9.72315
40.870,-0.11013664,0.1340794,9.737515
40.911,-0.11253092,0.12210801,9.73991
40.950,-0.117319465,0.11492519,9.720756
40.971,-0.105348095,0.12450229,9.732727
41.010,-0.117319465,0.1340794,9.73991
41.031,-0.12689656,0.11971374,9.727939
41.072,-0.105348095,0.1340794,9.72315
41.111,-0.117319465,0.1340794,9.747093
41.132,-0.13886794,0.12210801,9.747093
41.171,-0.11253092,0.12689656,9.725544
41.211,-0.11492519,0.12929083,9.715967
41.251,-0.12450229,0.11013664,9.718362
41.271,-0.09577099,0.12210801,9.72315
41.311,-0.102953814,0.11971374,9.730332
41.350,-0.08858817,0.12210801,9.72315
41.372,-0.12929083,0.13647367,9.73991
41.410,-0.11492519,0.11971374,9.735122
41.436,-0.10774237,0.13168511,9.727939
41.470,-0.12450229,0.12450229,9.725544
41.511,-0.11971374,0.14126222,9.72315
41.551,-0.12210801,0.1340794,9.725544
41.571,-0.105348095,0.13168511,9.72315
41.611,-0.11492519,0.12210801,9.725544
41.651,-0.11013664,0.13168511,9.72315
41.671,-0.11013664,0.12450229,9.737515
41.711,-0.11253092,0.13168511,9.727939
41.751,-0.117319465,0.12689656,9.72315
41.771,-0.10774237,0.12689656,9.727939
41.811,-0.09337672,0.13647367,9.727939
41.851,-0.117319465,0.11971374,9.73991
41.871,-0.12689656,0.14365649,9.735122
41.911,-0.1340794,0.14126222,9.735122
41.950,-0.11253092,0.13647367,9.725544
41.992,-0.10774237,0.098165266,9.73991
42.011,-0.12450229,0.12689656,9.735122
42.051,-0.12450229,0.105348095,9.7135725
42.090,-0.12689656,0.11013664,9.732727
42.112,-0.12210801,0.12689656,9.737515
42.152,-0.102953814,0.11013664,9.725544
42.191,-0.11013664,0.11971374,9.737515
42.211,-0.117319465,0.13168511,9.735122
42.252,-0.12210801,0.13647367,9.73991
42.293,-0.11492519,0.105348095,9.718362
42.311,-0.12929083,0.117319465,9.720756
42.351,-0.11253092,0.12450229,9.715967
42.391,-0.105348095,0.13886794,9.735122
42.410,-0.10774237,0.12210801,9.727939
42.449,-0.11253092,0.12210801,9.737515
42.490,-0.10055954,0.13647367,9.72315
42.511,-0.11253092,0.14844504,9.747093
42.550,-0.105348095,0.11492519,9.73991
42.591,-0.11013664,0.12929083,9.720756
42.611,-0.12450229,0.13647367,9.725544
42.651,-0.11013664,0.13168511,9.725544
42.691,-0.11492519,0.117319465,9.72315
42.712,-0.11492519,0.1340794,9.732727
42.751,-0.12689656,0.13647367,9.725544
42.791,-0.11971374,0.13647367,9.725544
42.830,-0.12450229,0.11971374,9.725544
42.850,-0.11492519,0.11971374,9.732727
42.892,-0.117319465,0.13647367,9.737515
42.931,-0.11492519,0.12210801,9.72315
42.950,-0.09337672,0.11253092,9.749487
42.990,-0.10774237,0.12689656,9.730332
43.031,-0.11253092,0.13886794,9.72315
43.051,-0.11253092,0.13647367,9.732727
43.091,-0.11492519,0.11971374,9.730332
43.132,-0.11492519,0.12689656,9.727939
43.150,-0.117319465,0.13647367,9.727939
43.191,-0.10774237,0.11492519,9.727939
43.232,-0.10774237,0.12929083,9.718362
43.251,-0.11253092,0.1340794,9.725544
43.290,-0.12450229,0.12210801,9.72315
43.331,-0.105348095,0.13886794,9.718362
43.350,-0.117319465,0.13886794,9.718362
43.391,-0.12689656,0.11492519,9.718362
43.431,-0.098165266,0.1340794,9.732727
43.469,-0.11253092,0.12689656,9.715967
43.490,-0.12210801,0.13647367,9.737515
43.531,-0.12210801,0.13168511,9.718362
43.551,-0.11013664,0.11971374,9.711179
43.591,-0.098165266,0.12450229,9.711179
43.630,-0.105348095,0.117319465,9.720756
43.652,-0.11971374,0.117319465,9.72315
43.691,-0.11971374,0.12929083,9.725544
43.731,-0.105348095,0.14365649,9.737515
43.771,-0.11971374,0.12450229,9.735122
43.791,-0.117319465,0.1340794,9.744699
43.831,-0.09577099,0.14126222,9.735122
43.870,-0.11253092,0.14126222,9.72315
43.891,-0.08619389,0.13886794,9.725544
43.931,-0.117319465,0.12210801,9.7135725
43.970,-0.10055954,0.12450229,9.737515
43.989,-0.11253092,0.117319465,9.70639
44.031,-0.11971374,0.13168511,9.735122
44.070,-0.12689656,0.12689656,9.720756
44.090,-0.11492519,0.13886794,9.72315
44.131,-0.10055954,0.12689656,9.725544
44.170,-0.117319465,0.12929083,9.73991
44.189,-0.102953814,0.13647367,9.730332
44.231,-0.11253092,0.12929083,9.720756
44.271,-0.12689656,0.11492519,9.735122
44.290,-0.09337672,0.13886794,9.737515
44.331,-0.11253092,0.12210801,9.718362
44.370,-0.10774237,0.13647367,9.737515
44.392,-0.105348095,0.13168511,9.718362
44.430,-0.10774237,0.1340794,9.727939
44.469,-0.102953814,0.12210801,9.725544
44.510,-0.098165266,0.12929083,9.72315
44.531,-0.11253092,0.13168511,9.715967
44.571,-0.098165266,0.12929083,9.720756
44.610,-0.12210801,0.13647367,9.73991
44.631,-0.11253092,0.14126222,9.727939
44.671,-0.12929083,0.13168511,9.730332
44.710,-0.11013664,0.12929083,9.727939
44.730,-0.105348095,0.12929083,9.735122
44.771,-0.117319465,0.13168511,9.735122
44.811,-0.13168511,0.11492519,9.725544
44.831,-0.13168511,0.14126222,9.72315
44.871,-0.11492519,0.13168511,9.720756
44.910,-0.105348095,0.13168511,9.73991
44.931,-0.10774237,0.13168511,9.7135725
44.971,-0.11253092,0.1340794,9.732727
45.009,-0.105348095,0.11253092,9.725544
45.031,-0.11971374,0.12210801,9.73991
45.070,-0.11971374,0.1340794,9.735122
45.111,-0.1340794,0.13886794,9.737515
45.130,-0.10774237,0.12210801,9.727939
45.171,-0.13168511,0.14126222,9.72315
45.210,-0.117319465,0.12689656,9.742304
45.231,-0.102953814,0.13647367,9.732727
45.271,-0.10055954,0.12210801,9.732727
45.310,-0.11013664,0.12689656,9.73991
45.350,-0.12210801,0.12450229,9.72315
45.371,-0.12929083,0.11971374,9.735122
45.409,-0.11253092,0.13886794,9.735122
45.449,-0.11492519,0.11013664,9.725544
45.471,-0.10774237,0.12450229,9.725544
45.510,-0.10055954,0.12689656,9.735122
45.550,-0.11253092,0.12210801,9.732727
45.570,-0.090982445,0.11971374,9.725544
45.610,-0.11971374,0.12210801,9.711179
45.651,-0.10774237,0.12929083,9.727939
45.671,-0.12450229,0.13886794,9.72315
45.711,-0.11971374,0.12929083,9.730332
45.750,-0.11013664,0.117319465,9.72315
45.769,-0.11492519,0.11971374,9.735122
45.809,-0.12210801,0.14844504,9.742304
45.848,-0.117319465,0.11253092,9.720756
45.890,-0.11013664,0.12689656,9.727939
45.909,-0.10774237,0.12929083,9.732727
45.950,-0.12929083,0.1340794,9.720756
45.970,-0.105348095,0.11971374,9.727939
46.010,-0.12929083,0.12450229,9.711179
46.050,-0.10055954,0.12929083,9.737515
46.071,-0.12450229,0.12450229,9.725544
46.111,-0.12210801,0.13886794,9.759064
46.150,-0.102953814,0.13168511,9.730332
46.191,-0.098165266,0.1340794,9.730332
46.210,-0.105348095,0.12689656,9.72315
46.250,-0.11253092,0.12450229,9.725544
46.290,-0.10055954,0.14365649,9.727939
46.311,-0.105348095,0.12689656,9.730332
46.350,-0.13168511,0.15323359,9.730332
46.389,-0.11013664,0.14605077,9.727939
46.409,-0.11253092,0.11253092,9.725544
46.451,-0.105348095,0.12210801,9.742304
46.491,-0.117319465,0.13647367,9.727939
46.510,-0.10774237,0.12210801,9.725544
46.551,-0.10055954,0.11971374,9.732727
46.591,-0.105348095,0.1340794,9.725544
46.611,-0.11253092,0.12210801,9.735122
46.651,-0.11253092,0.14126222,9.720756
46.690,-0.13168511,0.12689656,9.737515
46.710,-0.105348095,0.14365649,9.725544
46.751,-0.117319465,0.14126222,9.720756
46.791,-0.11253092,0.12210801,9.730332
46.810,-0.117319465,0.105348095,9.742304
46.851,-0.11013664,0.12210801,9.7135725
46.889,-0.10774237,0.12929083,9.708784
46.931,-0.098165266,0.13647367,9.735122
46.950,-0.11253092,0.14365649,9.725544
46.991,-0.11492519,0.13168511,9.730332
47.030,-0.10774237,0.14126222,9.718362
47.048,-0.105348095,0.14126222,9.725544
47.091,-0.10774237,0.13647367,9.725544
47.131,-0.12210801,0.12929083,9.730332
47.150,-0.102953814,0.11253092,9.727939
47.190,-0.10774237,0.12929083,9.7135725
47.231,-0.11971374,0.1340794,9.720756
47.250,-0.117319465,0.13168511,9.725544
47.291,-0.12210801,0.12689656,9.720756
47.331,-0.11492519,0.1340794,9.730332
47.350,-0.11971374,0.1340794,9.727939
47.391,-0.105348095,0.13168511,9.720756
47.429,-0.098165266,0.13647367,9.727939
47.450,-0.11013664,0.12929083,9.730332
47.488,-0.10774237,0.12689656,9.732727
47.531,-0.12689656,0.13647367,9.730332
47.551,-0.11253092,0.13168511,9.715967
47.591,-0.10055954,0.11971374,9.725544
47.630,-0.117319465,0.11013664,9.727939
47.650,-0.11253092,0.13886794,9.735122
47.691,-0.102953814,0.1340794,9.730332
47.731,-0.10774237,0.12689656,9.732727
47.751,-0.105348095,0.13168511,9.737515
47.790,-0.11971374,0.13168511,9.742304
47.830,-0.11492519,0.13647367,9.725544
47.872,-0.105348095,0.11492519,9.7135725
47.890,-0.11253092,0.13886794,9.735122
47.930,-0.09577099,0.1340794,9.730332
47.970,-0.11013664,0.11013664,9.720756
47.991,-0.09577099,0.12689656,9.732727
48.030,-0.11013664,0.14365649,9.732727
48.070,-0.11971374,0.1340794,9.718362
48.090,-0.105348095,0.12450229,9.725544
48.130,-0.11971374,0.12929083,9.742304
48.170,-0.102953814,0.13647367,9.711179
48.189,-0.11971374,0.11971374,9.73991
48.230,-0.11253092,0.12450229,9.720756
48.269,-0.11492519,0.10774237,9.720756
48.289,-0.11013664,0.13168511,9.727939
48.329,-0.11492519,0.11971374,9.72315
48.369,-0.102953814,0.12210801,9.727939
48.389,-0.11971374,0.11971374,9.742304
48.431,-0.10774237,0.13168511,9.737515
48.473,-0.11492519,0.11971374,9.730332
48.491,-0.12210801,0.12929083,9.72315
48.531,-0.11013664,0.14605077,9.732727
48.571,-0.11013664,0.13647367,9.742304
48.591,-0.08619389,0.12929083,9.735122
48.631,-0.10774237,0.1340794,9.73991
48.672,-0.12929083,0.12450229,9.718362
48.711,-0.10774237,0.12929083,9.718362
48.731,-0.10774237,0.13886794,9.732727
48.771,-0.13647367,0.117319465,9.730332
48.811,-0.12450229,0.13647367,9.730332
48.832,-0.11971374,0.1340794,9.725544
48.871,-0.12689656,0.11971374,9.7135725
48.912,-0.102953814,0.12450229,9.720756
48.930,-0.11492519,0.14126222,9.720756
48.971,-0.11492519,0.13168511,9.725544
49.011,-0.117319465,0.12929083,9.725544
49.032,-0.12689656,0.13168511,9.735122
49.071,-0.102953814,0.13647367,9.725544
49.111,-0.12210801,0.12210801,9.732727
49.129,-0.11492519,0.117319465,9.737515
49.170,-0.117319465,0.12929083,9.725544
49.211,-0.12210801,0.13168511,9.730332
49.230,-0.102953814,0.11013664,9.730332
49.271,-0.11013664,0.12450229,9.735122
49.311,-0.11253092,0.13168511,9.735122
49.331,-0.117319465,0.1340794,9.744699
49.371,-0.10774237,0.12929083,9.732727
49.410,-0.117319465,0.13886794,9.725544
49.452,-0.09337672,0.1340794,9.735122
49.470,-0.102953814,0.11492519,9.730332
49.510,-0.10055954,0.14365649,9.720756
49.552,-0.10774237,0.11971374,9.72315
49.571,-0.11253092,0.11971374,9.725544
49.611,-0.09577099,0.13647367,9.732727
49.651,-0.11492519,0.12929083,9.720756
49.671,-0.11492519,0.13168511,9.727939
49.711,-0.102953814,0.13886794,9.73991
49.750,-0.12210801,0.13168511,9.720756
49.771,-0.11013664,0.1340794,9.73991
49.811,-0.11013664,0.12450229,9.735122
49.851,-0.12210801,0.12210801,9.730332
49.871,-0.11971374,0.12210801,9.730332
49.911,-0.11253092,0.14126222,9.725544
49.951,-0.12689656,0.1340794,9.725544
49.971,-0.12689656,0.12689656,9.727939
50.010,-0.102953814,0.12929083,9.742304
50.051,-0.11492519,0.11971374,9.73991
50.071,-0.11253092,0.11971374,9.727939
50.110,-0.12689656,0.15083931,9.73991
50.151,-0.11492519,0.11971374,9.735122
50.170,-0.117319465,0.12210801,9.735122
50.211,-0.11971374,0.12450229,9.73991
50.251,-0.12210801,0.12929083,9.735122
50.277,-0.098165266,0.12929083,9.7135725
50.311,-0.11253092,0.12689656,9.727939
50.350,-0.117319465,0.12929083,9.735122
50.391,-0.11492519,0.12210801,9.735122
50.412,-0.117319465,0.11971374,9.732727
50.449,-0.105348095,0.13168511,9.737515
50.489,-0.102953814,0.14126222,9.727939
50.511,-0.11492519,0.1340794,9.747093
50.551,-0.11013664,0.117319465,9.725544
50.591,-0.117319465,0.12929083,9.730332
50.611,-0.11253092,0.12450229,9.732727
50.650,-0.102953814,0.15323359,9.742304
50.691,-0.10774237,0.13886794,9.732727
50.709,-0.10774237,0.12450229,9.73991
50.751,-0.11971374,0.12450229,9.718362
50.789,-0.117319465,0.12689656,9.727939
50.809,-0.11492519,0.12210801,9.732727
50.849,-0.11013664,0.12450229,9.73991
50.889,-0.098165266,0.12450229,9.72315
50.909,-0.105348095,0.1340794,9.72315
50.950,-0.11013664,0.117319465,9.73991
50.990,-0.10055954,0.12689656,9.735122
51.010,-0.11492519,0.13647367,9.727939
51.051,-0.11492519,0.12929083,9.720756
51.090,-0.117319465,0.12929083,9.72315
51.130,-0.12929083,0.13168511,9.730332
51.151,-0.10055954,0.13886794,9.727939
51.190,-0.102953814,0.12210801,9.73991
51.230,-0.117319465,0.12689656,9.70639
51.251,-0.117319465,0.13647367,9.727939
51.291,-0.12689656,0.14844504,9.727939
51.331,-0.117319465,0.12210801,9.725544
51.351,-0.102953814,0.13886794,9.735122
51.390,-0.11253092,0.12689656,9.727939
51.430,-0.102953814,0.13886794,9.725544
51.449,-0.12210801,0.12450229,9.737515
51.489,-0.11492519,0.11971374,9.742304
51.531,-0.102953814,0.11492519,9.730332
51.550,-0.105348095,0.12450229,9.737515
51.591,-0.10055954,0.11253092,9.730332
51.630,-0.12450229,0.12450229,9.727939
51.651,-0.11492519,0.1340794,9.725544
51.691,-0.11492519,0.1340794,9.72315
51.731,-0.117319465,0.12210801,9.7135725
51.751,-0.098165266,0.14126222,9.730332
51.791,-0.12450229,0.12689656,9.718362
51.831,-0.11013664,0.11971374,9.73991
51.850,-0.117319465,0.11971374,9.735122
51.890,-0.13168511,0.12450229,9.73991
51.930,-0.12450229,0.11013664,9.732727
51.951,-0.11013664,0.12929083,9.725544
51.990,-0.11971374,0.14365649,9.72315
52.031,-0.12450229,0.11492519,9.720756
52.071,-0.10774237,0.13168511,9.727939
52.091,-0.13168511,0.12929083,9.718362
52.130,-0.102953814,0.11971374,9.744699
52.170,-0.105348095,0.12929083,9.730332
52.191,-0.12929083,0.11492519,9.718362
52.231,-0.11253092,0.12450229,9.701602
52.270,-0.11492519,0.13886794,9.715967
52.291,-0.12450229,0.1340794,9.72315
52.330,-0.13886794,0.12929083,9.72315
52.371,-0.11971374,0.12210801,9.735122
52.390,-0.10055954,0.14126222,9.742304
52.429,-0.10774237,0.12450229,9.725544
52.469,-0.11013664,0.11971374,9.73991
52.490,-0.10774237,0.11971374,9.732727
52.530,-0.105348095,0.1340794,9.715967
52.571,-0.12210801,0.14126222,9.725544
52.591,-0.11013664,0.13168511,9.727939
52.631,-0.105348095,0.14126222,9.725544
52.672,-0.11492519,0.12929083,9.735122
52.691,-0.09577099,0.11253092,9.708784
52.731,-0.11971374,0.14605077,9.720756
52.771,-0.11971374,0.12689656,9.730332
52.812,-0.117319465,0.12929083,9.725544
52.831,-0.12450229,0.13647367,9.72315
52.871,-0.11492519,0.12929083,9.735122
52.910,-0.11971374,0.12689656,9.735122
52.929,-0.098165266,0.12929083,9.732727
52.971,-0.102953814,0.12210801,9.742304
53.010,-0.12450229,0.13168511,9.725544
53.031,-0.11013664,0.13168511,9.735122
53.071,-0.11013664,0.13647367,9.72315
53.111,-0.11492519,0.11492519,9.730332
53.130,-0.105348095,0.12689656,9.72315
53.171,-0.11253092,0.12210801,9.730332
53.211,-0.11492519,0.12210801,9.711179
53.229,-0.12450229,0.12929083,9.730332
53.270,-0.11013664,0.14365649,9.735122
53.310,-0.117319465,0.11971374,9.718362
53.330,-0.12450229,0.13647367,9.720756
53.371,-0.11253092,0.11971374,9.70639
53.409,-0.105348095,0.11971374,9.725544
53.430,-0.105348095,0.13168511,9.725544
53.469,-0.11971374,0.12929083,9.730332
53.510,-0.11971374,0.12450229,9.737515
53.531,-0.12210801,0.12210801,9.737515
53.570,-0.117319465,0.1340794,9.718362
53.610,-0.10774237,0.11253092,9.73991
53.631,-0.117319465,0.12929083,9.720756
53.672,-0.10055954,0.14126222,9.727939
53.711,-0.12450229,0.12210801,9.718362
53.751,-0.12450229,0.11492519,9.725544
53.770,-0.117319465,0.12450229,9.735122
53.810,-0.102953814,0.13886794,9.727939
53.852,-0.12689656,0.11492519,9.72315
53.871,-0.11492519,0.13168511,9.742304
53.910,-0.12929083,0.11971374,9.70639
53.949,-0.10774237,0.14126222,9.742304
53.969,-0.13886794,0.13886794,9.730332
54.010,-0.117319465,0.117319465,9.720756
54.051,-0.11492519,0.11971374,9.727939
54.070,-0.102953814,0.12689656,9.718362
54.112,-0.12210801,0.13168511,9.725544
54.149,-0.11253092,0.12210801,9.732727
54.172,-0.11492519,0.12689656,9.7135725
54.210,-0.117319465,0.12450229,9.737515
54.249,-0.11253092,0.12210801,9.737515
54.270,-0.12450229,0.13168511,9.7135725
54.311,-0.11492519,0.12929083,9.735122
54.350,-0.098165266,0.13168511,9.735122
54.370,-0.11253092,0.12210801,9.730332
54.410,-0.105348095,0.13647367,9.720756
54.450,-0.098165266,0.117319465,9.718362
54.471,-0.11971374,0.13168511,9.718362
54.509,-0.11253092,0.11971374,9.72315
54.550,-0.12689656,0.13168511,9.730332
54.592,-0.11013664,0.1340794,9.730332
54.611,-0.11013664,0.12450229,9.725544
54.650,-0.117319465,0.12929083,9.725544
54.690,-0.11013664,0.11971374,9.72315
54.711,-0.09337672,0.11971374,9.727939
54.751,-0.12450229,0.1340794,9.744699
54.790,-0.11253092,0.15562786,9.720756
54.810,-0.11013664,0.11013664,9.732727
54.849,-0.117319465,0.14365649,9.72315
54.891,-0.10774237,0.14844504,9.718362
54.910,-0.105348095,0.117319465,9.72315
54.951,-0.10774237,0.117319465,9.735122
54.991,-0.11013664,0.13886794,9.737515
55.011,-0.10774237,0.14365649,9.72315
55.051,-0.12450229,0.11971374,9.747093
55.090,-0.12210801,0.14126222,9.730332
55.110,-0.11971374,0.12689656,9.730332
55.149,-0.13647367,0.1340794,9.725544
55.191,-0.09577099,0.12929083,9.727939
55.210,-0.11013664,0.1340794,9.727939
55.250,-0.11971374,0.11971374,9.708784
55.289,-0.11971374,0.12689656,9.732727
55.311,-0.105348095,0.12450229,9.735122
55.350,-0.11492519,0.13647367,9.715967
55.393,-0.105348095,0.13168511,9.732727
55.433,-0.11971374,0.13647367,9.735122
55.450,-0.09337672,0.117319465,9.72315
55.489,-0.10774237,0.12689656,9.720756
55.530,-0.098165266,0.13647367,9.72315
55.550,-0.11253092,0.11253092,9.720756
55.591,-0.11253092,0.13647367,9.720756
55.630,-0.102953814,0.12689656,9.725544
55.650,-0.11492519,0.12210801,9.730332
55.690,-0.10774237,0.12689656,9.711179
55.730,-0.10774237,0.11971374,9.735122
55.750,-0.105348095,0.13647367,9.703996
55.790,-0.08858817,0.13168511,9.725544
55.828,-0.117319465,0.14365649,9.735122
55.848,-0.102953814,0.12689656,9.732727
55.888,-0.11971374,0.13168511,9.727939
55.928,-0.11971374,0.13647367,9.742304
55.949,-0.11971374,0.12689656,9.72315
55.990,-0.11013664,0.13647367,9.711179
56.030,-0.11492519,0.14844504,9.725544
56.050,-0.11013664,0.13168511,9.732727
56.091,-0.11013664,0.12210801,9.727939
56.130,-0.10774237,0.13168511,9.720756
56.170,-0.11013664,0.13168511,9.744699
56.190,-0.11253092,0.13647367,9.72315
56.229,-0.11971374,0.14126222,9.718362
56.270,-0.098165266,0.13647367,9.749487
56.291,-0.10055954,0.13647367,9.732727
56.330,-0.12929083,0.12929083,9.742304
56.370,-0.09577099,0.12210801,9.732727
56.390,-0.098165266,0.12929083,9.737515
56.429,-0.102953814,0.11971374,9.725544
56.470,-0.11253092,0.13168511,9.730332
56.489,-0.11013664,0.13168511,9.735122
56.529,-0.105348095,0.12210801,9.72315
56.570,-0.11013664,0.13886794,9.727939
56.589,-0.13168511,0.11013664,9.725544
56.631,-0.117319465,0.12929083,9.732727
56.671,-0.12689656,0.12450229,9.742304
56.691,-0.11492519,0.12689656,9.735122
56.730,-0.11492519,0.11492519,9.732727
56.770,-0.13168511,0.1340794,9.732727
56.790,-0.098165266,0.12450229,9.742304
56.830,-0.11013664,0.12689656,9.711179
56.870,-0.105348095,0.11253092,9.744699
56.890,-0.105348095,0.14126222,9.72315
56.931,-0.105348095,0.11971374,9.718362
56.969,-0.105348095,0.13168511,9.725544
57.010,-0.11253092,0.12929083,9.725544
57.030,-0.12210801,0.13886794,9.747093
57.069,-0.11253092,0.1340794,9.725544
57.110,-0.11013664,0.14844504,9.735122
57.130,-0.105348095,0.14365649,9.730332
57.171,-0.10774237,0.12929083,9.725544
57.209,-0.11013664,0.11492519,9.718362
57.231,-0.13168511,0.12689656,9.732727
57.270,-0.11253092,0.11971374,9.7135725
57.310,-0.10055954,0.11971374,9.711179
57.330,-0.11013664,0.11971374,9.72315
57.370,-0.12689656,0.13168511,9.727939
57.409,-0.090982445,0.12210801,9.720756
57.428,-0.11492519,0.12450229,9.725544
57.468,-0.09577099,0.14126222,9.737515
57.510,-0.105348095,0.11013664,9.754275
57.531,-0.12450229,0.14844504,9.727939
57.570,-0.11492519,0.12210801,9.720756
57.610,-0.105348095,0.12450229,9.7135725
57.631,-0.12210801,0.12689656,9.73991
57.670,-0.10774237,0.1340794,9.73991
57.711,-0.12689656,0.117319465,9.725544
57.731,-0.13647367,0.12929083,9.730332
57.771,-0.105348095,0.117319465,9.730332
57.811,-0.10774237,0.12450229,9.73991
57.831,-0.102953814,0.13168511,9.72315
57.869,-0.11013664,0.12689656,9.727939
57.909,-0.117319465,0.1340794,9.732727
57.949,-0.11013664,0.13168511,9.744699
57.970,-0.12210801,0.12689656,9.708784
58.010,-0.117319465,0.12929083,9.735122
58.050,-0.117319465,0.10774237,9.727939
58.070,-0.12689656,0.12210801,9.730332
58.110,-0.11253092,0.14844504,9.725544
58.149,-0.117319465,0.13886794,9.73991
58.170,-0.12450229,0.1340794,9.732727
58.210,-0.10055954,0.12929083,9.718362
58.250,-0.11013664,0.13647367,9.735122
58.270,-0.10774237,0.12689656,9.735122
58.311,-0.117319465,0.14126222,9.735122
58.350,-0.105348095,0.14365649,9.730332
58.370,-0.11013664,0.11971374,9.73991
58.408,-0.105348095,0.1340794,9.711179
58.448,-0.10055954,0.13168511,9.742304
58.469,-0.117319465,0.117319465,9.725544
58.510,-0.117319465,0.12450229,9.711179
58.550,-0.098165266,0.14126222,9.715967
58.570,-0.12210801,0.14605077,9.737515
58.610,-0.11971374,0.13647367,9.7135725
58.651,-0.12210801,0.12450229,9.735122
58.671,-0.102953814,0.1340794,9.72315
58.711,-0.105348095,0.12689656,9.720756
58.749,-0.105348095,0.12689656,9.720756
58.790,-0.117319465,0.13647367,9.742304
58.810,-0.10055954,0.12929083,9.727939
58.850,-0.11253092,0.13647367,9.718362
58.890,-0.11492519,0.13647367,9.747093
58.911,-0.09577099,0.14126222,9.737515
58.950,-0.102953814,0.12929083,9.727939
58.990,-0.11971374,0.13168511,9.747093
59.010,-0.11013664,0.11492519,9.73991
59.049,-0.117319465,0.12929083,9.730332
59.090,-0.117319465,0.12689656,9.732727
59.125,-0.11971374,0.13647367,9.725544
59.151,-0.11013664,0.14126222,9.711179
59.189,-0.10055954,0.12450229,9.72315
59.208,-0.117319465,0.12450229,9.720756
59.248,-0.102953814,0.12210801,9.699207
59.289,-0.117319465,0.13647367,9.720756
59.311,-0.10774237,0.12210801,9.735122
59.349,-0.105348095,0.12929083,9.718362
59.391,-0.098165266,0.12929083,9.737515
59.410,-0.12210801,0.11971374,9.730332
59.449,-0.11013664,0.12689656,9.720756
59.489,-0.10774237,0.12450229,9.737515
59.530,-0.11253092,0.11971374,9.732727
59.550,-0.117319465,0.14126222,9.730332
59.589,-0.117319465,0.11013664,9.727939
59.630,-0.11013664,0.13168511,9.725544
59.649,-0.11253092,0.1340794,9.725544
59.690,-0.105348095,0.11013664,9.720756
59.731,-0.11013664,0.12689656,9.727939
59.750,-0.10774237,0.12689656,9.720756
59.790,-0.11492519,0.12450229,9.737515
59.829,-0.105348095,0.12689656,9.725544
59.850,-0.117319465,0.117319465,9.708784
59.890,-0.117319465,0.1340794,9.720756
59.929,-0.102953814,0.1340794,9.725544
59.950,-0.11253092,0.13168511,9.72315
59.990,-0.117319465,0.13886794,9.72315
