timestamp,x,y,z
00.004,-0.08858817,0.2370332,9.703996
00.016,-0.10055954,0.22506183,9.715967
00.044,-0.09577099,0.22266756,9.701602
00.076,-0.10055954,0.23942748,9.7135725
00.117,-0.10055954,0.22027329,9.720756
00.145,-0.105348095,0.22745611,9.708784
00.177,-0.10055954,0.21787901,9.703996
00.215,-0.08619389,0.22985038,9.701602
00.244,-0.09337672,0.22985038,9.711179
00.276,-0.10055954,0.22506183,9.701602
00.316,-0.090982445,0.2370332,9.708784
00.344,-0.08140534,0.21548474,9.718362
00.378,-0.083799616,0.22745611,9.699207
00.415,-0.090982445,0.21548474,9.70639
00.444,-0.11253092,0.23224466,9.701602
00.477,-0.10055954,0.22745611,9.701602
00.516,-0.102953814,0.2466103,9.699207
00.544,-0.105348095,0.21069619,9.692024
00.577,-0.071828246,0.21548474,9.718362
00.616,-0.11013664,0.22027329,9.720756
00.644,-0.10055954,0.20111908,9.703996
00.684,-0.10055954,0.22027329,9.718362
00.716,-0.09577099,0.21787901,9.720756
00.744,-0.102953814,0.22027329,9.708784
00.785,-0.10774237,0.24421602,9.70639
00.816,-0.11253092,0.2370332,9.711179
00.856,-0.098165266,0.22745611,9.72315
00.883,-0.090982445,0.23942748,9.715967
00.915,-0.090982445,0.22985038,9.715967
00.956,-0.08619389,0.22506183,9.711179
00.984,-0.098165266,0.22745611,9.708784
01.017,-0.102953814,0.22027329,9.720756
01.056,-0.090982445,0.22027329,9.720756
01.084,-0.105348095,0.22985038,9.715967
01.118,-0.09337672,0.21548474,9.708784
01.155,-0.105348095,0.23224466,9.720756
01.185,-0.090982445,0.21787901,9.718362
01.216,-0.07422252,0.22745611,9.718362
01.256,-0.098165266,0.23224466,9.701602
01.283,-0.090982445,0.22506183,9.711179
01.323,-0.08858817,0.2370332,9.715967
01.357,-0.090982445,0.22266756,9.701602
01.383,-0.09337672,0.21548474,9.692024
01.425,-0.102953814,0.22266756,9.692024
01.456,-0.08619389,0.21069619,9.701602
01.484,-0.08858817,0.21548474,9.703996
01.524,-0.09337672,0.21548474,9.70639
01.556,-0.08619389,0.21548474,9.72315
01.584,-0.102953814,0.21309046,9.715967
01.623,-0.102953814,0.22985038,9.701602
01.656,-0.105348095,0.22985038,9.711179
01.696,-0.07901107,0.22266756,9.711179
01.724,-0.090982445,0.22506183,9.7135725
01.755,-0.10055954,0.21787901,9.711179
01.797,-0.102953814,0.21787901,9.708784
01.824,-0.09337672,0.22027329,9.694419
01.856,-0.11492519,0.22027329,9.703996
01.895,-0.09337672,0.22745611,9.718362
01.923,-0.090982445,0.22266756,9.696813
01.956,-0.102953814,0.23942748,9.694419
01.995,-0.10055954,0.23463893,9.730332
02.024,-0.098165266,0.24182175,9.708784
02.056,-0.102953814,0.23224466,9.72315
02.096,-0.10055954,0.22027329,9.703996
02.124,-0.090982445,0.22745611,9.699207
02.156,-0.102953814,0.23463893,9.70639
02.196,-0.090982445,0.22985038,9.70639
02.224,-0.09577099,0.22266756,9.711179
02.265,-0.090982445,0.21069619,9.708784
02.295,-0.11013664,0.21787901,9.703996
02.325,-0.09577099,0.22985038,9.692024
02.357,-0.09577099,0.22985038,9.711179
02.396,-0.10055954,0.21548474,9.703996
02.425,-0.10055954,0.21309046,9.7135725
02.464,-0.098165266,0.22745611,9.699207
02.496,-0.105348095,0.23942748,9.727939
02.535,-0.08140534,0.22506183,9.694419
02.564,-0.105348095,0.21787901,9.720756
02.596,-0.07901107,0.2370332,9.7135725
02.636,-0.102953814,0.22506183,9.727939
02.663,-0.08140534,0.22506183,9.692024
02.696,-0.10055954,0.22745611,9.725544
02.737,-0.090982445,0.22266756,9.708784
02.764,-0.09337672,0.22266756,9.708784
02.795,-0.11971374,0.22745611,9.694419
02.835,-0.090982445,0.22027329,9.692024
02.864,-0.09577099,0.23224466,9.703996
02.896,-0.105348095,0.22027329,9.72315
02.936,-0.105348095,0.23224466,9.70639
02.963,-0.07901107,0.24421602,9.701602
02.996,-0.10055954,0.22506183,9.708784
03.036,-0.08619389,0.20590763,9.715967
03.063,-0.07901107,0.23463893,9.692024
03.102,-0.098165266,0.22745611,9.70639
03.134,-0.09577099,0.23224466,9.701602
03.179,-0.11253092,0.21548474,9.70639
03.203,-0.102953814,0.22745611,9.720756
03.236,-0.10055954,0.21069619,9.692024
03.264,-0.09577099,0.22506183,9.718362
03.304,-0.102953814,0.22745611,9.692024
03.339,-0.10774237,0.22266756,9.708784
03.377,-0.08858817,0.21309046,9.6896305
03.404,-0.090982445,0.23463893,9.720756
03.436,-0.090982445,0.21787901,9.711179
03.477,-0.10055954,0.22506183,9.718362
03.504,-0.098165266,0.2083019,9.720756
03.536,-0.098165266,0.21309046,9.703996
03.578,-0.08619389,0.22506183,9.708784
03.605,-0.102953814,0.23224466,9.699207
03.637,-0.098165266,0.22266756,9.70639
03.677,-0.09577099,0.21548474,9.720756
03.705,-0.102953814,0.22985038,9.718362
03.736,-0.09577099,0.22266756,9.703996
03.776,-0.09577099,0.22027329,9.696813
03.805,-0.10055954,0.21787901,9.708784
03.836,-0.10055954,0.22745611,9.6896305
03.877,-0.08140534,0.22266756,9.715967
03.905,-0.09337672,0.23463893,9.7135725
03.936,-0.10774237,0.20351335,9.727939
03.976,-0.098165266,0.2370332,9.718362
04.004,-0.102953814,0.23224466,9.7135725
04.037,-0.07901107,0.22266756,9.711179
04.076,-0.08858817,0.23463893,9.701602
04.104,-0.102953814,0.21069619,9.7135725
04.144,-0.090982445,0.21787901,9.703996
04.176,-0.083799616,0.21787901,9.699207
04.205,-0.08140534,0.22506183,9.711179
04.244,-0.090982445,0.22985038,9.70639
04.277,-0.090982445,0.22506183,9.70639
04.316,-0.09577099,0.22985038,9.727939
04.345,-0.09577099,0.21069619,9.694419
04.384,-0.102953814,0.21309046,9.70639
04.416,-0.090982445,0.21309046,9.711179
04.444,-0.105348095,0.22745611,9.711179
04.476,-0.098165266,0.20590763,9.6896305
04.517,-0.09337672,0.22266756,9.699207
04.544,-0.08858817,0.21548474,9.725544
04.577,-0.10055954,0.22745611,9.703996
04.616,-0.098165266,0.21309046,9.701602
04.646,-0.10774237,0.2370332,9.7135725
04.677,-0.102953814,0.22027329,9.703996
04.717,-0.10055954,0.22506183,9.70639
04.745,-0.08619389,0.22027329,9.696813
04.777,-0.083799616,0.22745611,9.703996
04.817,-0.098165266,0.22266756,9.7135725
04.845,-0.09337672,0.21309046,9.7135725
04.878,-0.105348095,0.21548474,9.70639
04.917,-0.102953814,0.22506183,9.708784
04.946,-0.09337672,0.23224466,9.708784
04.978,-0.098165266,0.21787901,9.701602
05.018,-0.105348095,0.21787901,9.703996
05.045,-0.11253092,0.23224466,9.718362
05.086,-0.105348095,0.22745611,9.715967
05.120,-0.098165266,0.21309046,9.703996
05.157,-0.11253092,0.22506183,9.708784
05.185,-0.117319465,0.21787901,9.703996
05.218,-0.11253092,0.23463893,9.715967
05.250,-0.10774237,0.21309046,9.694419
05.286,-0.11492519,0.22985038,9.711179
05.317,-0.11253092,0.22506183,9.718362
05.358,-0.08140534,0.22266756,9.711179
05.387,-0.08858817,0.22506183,9.715967
05.416,-0.09337672,0.22506183,9.720756
05.456,-0.090982445,0.22266756,9.7135725
05.485,-0.098165266,0.22506183,9.696813
05.518,-0.09577099,0.23942748,9.708784
05.558,-0.08858817,0.22506183,9.718362
05.585,-0.098165266,0.22506183,9.70639
05.616,-0.098165266,0.22027329,9.720756
05.658,-0.102953814,0.22506183,9.699207
05.686,-0.11253092,0.2083019,9.70639
05.727,-0.105348095,0.22985038,9.720756
05.759,-0.10055954,0.22027329,9.703996
05.785,-0.083799616,0.2370332,9.715967
05.826,-0.117319465,0.23224466,9.7135725
05.858,-0.083799616,0.22027329,9.72315
05.886,-0.090982445,0.22027329,9.715967
05.926,-0.08858817,0.22506183,9.720756
05.957,-0.09337672,0.21069619,9.701602
05.999,-0.11492519,0.22506183,9.70639
06.026,-0.09577099,0.22266756,9.70639
06.057,-0.098165266,0.22027329,9.727939
06.097,-0.08619389,0.22506183,9.708784
06.125,-0.098165266,0.21548474,9.715967
06.157,-0.090982445,0.22506183,9.715967
06.198,-0.11253092,0.22985038,9.718362
06.225,-0.102953814,0.2083019,9.699207
06.258,-0.10774237,0.2370332,9.7135725
06.300,-0.10055954,0.22506183,9.701602
06.326,-0.09577099,0.22985038,9.711179
06.358,-0.08619389,0.22745611,9.711179
06.397,-0.09577099,0.22985038,9.711179
06.424,-0.09337672,0.22027329,9.701602
06.457,-0.098165266,0.22266756,9.708784
06.498,-0.10055954,0.22266756,9.720756
06.526,-0.11253092,0.22745611,9.687236
06.557,-0.09577099,0.22027329,9.703996
06.597,-0.10055954,0.22027329,9.718362
06.626,-0.11253092,0.21787901,9.7135725
06.665,-0.08858817,0.22027329,9.70639
06.698,-0.102953814,0.23224466,9.715967
06.726,-0.098165266,0.22027329,9.720756
06.766,-0.10055954,0.21069619,9.70639
06.798,-0.09577099,0.2083019,9.70639
06.826,-0.105348095,0.22506183,9.711179
06.865,-0.09577099,0.22506183,9.703996
06.897,-0.117319465,0.20111908,9.715967
06.938,-0.105348095,0.22266756,9.703996
06.966,-0.098165266,0.22745611,9.715967
06.998,-0.09577099,0.2083019,9.703996
07.037,-0.09577099,0.21548474,9.72315
07.067,-0.08619389,0.2370332,9.708784
07.096,-0.090982445,0.22745611,9.708784
07.138,-0.09337672,0.22506183,9.720756
07.165,-0.102953814,0.2083019,9.7135725
07.199,-0.105348095,0.23463893,9.708784
07.237,-0.105348095,0.21787901,9.720756
07.266,-0.09337672,0.22027329,9.730332
07.297,-0.10055954,0.22506183,9.701602
07.339,-0.11013664,0.20351335,9.701602
07.364,-0.09577099,0.23463893,9.718362
07.405,-0.102953814,0.2083019,9.711179
07.437,-0.10774237,0.22506183,9.708784
07.465,-0.08858817,0.22027329,9.696813
07.505,-0.07901107,0.21548474,9.7135725
07.537,-0.098165266,0.21787901,9.708784
07.566,-0.08619389,0.22027329,9.696813
07.606,-0.07901107,0.20590763,9.7135725
07.637,-0.105348095,0.22506183,9.711179
07.677,-0.098165266,0.23942748,9.7135725
07.706,-0.105348095,0.22027329,9.720756
07.738,-0.09577099,0.24182175,9.7135725
07.776,-0.098165266,0.23463893,9.7135725
07.806,-0.10774237,0.21787901,9.7135725
07.836,-0.09577099,0.21309046,9.70639
07.877,-0.09577099,0.21309046,9.720756
07.906,-0.10055954,0.22506183,9.701602
07.937,-0.102953814,0.22266756,9.708784
07.977,-0.105348095,0.22745611,9.699207
08.006,-0.11492519,0.22985038,9.720756
08.037,-0.105348095,0.22745611,9.727939
08.079,-0.11013664,0.22985038,9.70639
08.106,-0.08619389,0.21787901,9.703996
08.137,-0.11253092,0.23463893,9.711179
08.176,-0.11492519,0.22266756,9.699207
08.205,-0.10055954,0.22027329,9.70639
08.245,-0.10774237,0.21309046,9.696813
08.277,-0.11253092,0.21787901,9.703996
08.304,-0.08619389,0.22266756,9.720756
08.345,-0.08619389,0.22506183,9.696813
08.378,-0.09577099,0.21787901,9.703996
08.405,-0.08858817,0.22266756,9.70639
08.442,-0.090982445,0.22985038,9.687236
08.477,-0.09337672,0.22985038,9.720756
08.518,-0.11013664,0.2370332,9.725544
08.546,-0.098165266,0.21309046,9.720756
08.578,-0.10055954,0.21309046,9.715967
08.618,-0.08858817,0.22506183,9.70639
08.647,-0.09577099,0.21787901,9.708784
08.678,-0.10774237,0.22506183,9.7135725
08.718,-0.105348095,0.22266756,9.6896305
08.746,-0.090982445,0.21309046,9.701602
08.780,-0.08619389,0.22266756,9.708784
08.808,-0.10055954,0.21309046,9.7135725
08.847,-0.083799616,0.20111908,9.715967
08.878,-0.105348095,0.22506183,9.715967
08.917,-0.09577099,0.21309046,9.699207
08.947,-0.10055954,0.21069619,9.7135725
08.978,-0.09337672,0.2466103,9.703996
09.017,-0.10055954,0.21787901,9.701602
09.045,-0.08140534,0.23224466,9.718362
09.078,-0.10055954,0.23463893,9.715967
09.117,-0.098165266,0.22027329,9.696813
09.146,-0.098165266,0.21309046,9.699207
09.178,-0.08140534,0.21548474,9.70639
09.218,-0.09337672,0.22027329,9.70639
09.246,-0.10055954,0.22985038,9.708784
09.286,-0.10055954,0.24182175,9.715967
09.318,-0.09337672,0.23224466,9.7135725
09.349,-0.08619389,0.21548474,9.708784
09.383,-0.10774237,0.21787901,9.701602
09.419,-0.08619389,0.2083019,9.7135725
09.447,-0.102953814,0.23463893,9.703996
09.486,-0.10055954,0.23942748,9.701602
09.519,-0.08858817,0.22506183,9.72315
09.558,-0.08858817,0.21787901,9.720756
09.586,-0.105348095,0.21548474,9.708784
09.617,-0.102953814,0.21548474,9.694419
09.658,-0.090982445,0.22027329,9.701602
09.690,-0.09577099,0.22506183,9.708784
09.718,-0.09337672,0.22506183,9.696813
09.756,-0.098165266,0.22266756,9.701602
09.786,-0.09337672,0.23224466,9.701602
09.816,-0.09577099,0.22506183,9.7135725
09.856,-0.11013664,0.23224466,9.692024
09.885,-0.10055954,0.22745611,9.701602
09.925,-0.09337672,0.23224466,9.701602
09.957,-0.102953814,0.22985038,9.708784
09.985,-0.08619389,0.22506183,9.7135725
10.018,-0.105348095,0.23463893,9.694419
10.058,-0.105348095,0.22027329,9.72315
10.086,-0.08858817,0.22266756,9.703996
10.126,-0.08140534,0.21309046,9.7135725
10.157,-0.10055954,0.21548474,9.711179
10.186,-0.09577099,0.21069619,9.708784
10.226,-0.10055954,0.22745611,9.72315
10.258,-0.117319465,0.2370332,9.720756
10.298,-0.090982445,0.21548474,9.701602
10.326,-0.10055954,0.23463893,9.7135725
10.357,-0.090982445,0.22745611,9.696813
10.398,-0.09337672,0.22506183,9.711179
10.423,-0.102953814,0.23463893,9.708784
10.457,-0.09577099,0.22985038,9.7135725
10.497,-0.102953814,0.22027329,9.699207
10.525,-0.102953814,0.22027329,9.715967
10.557,-0.105348095,0.22266756,9.715967
10.598,-0.090982445,0.22745611,9.699207
10.625,-0.102953814,0.22027329,9.70639
10.657,-0.083799616,0.22506183,9.708784
10.698,-0.09577099,0.20351335,9.7135725
10.726,-0.098165266,0.22027329,9.711179
10.757,-0.09577099,0.21069619,9.718362
10.797,-0.102953814,0.21787901,9.711179
10.826,-0.098165266,0.22985038,9.70639
10.858,-0.102953814,0.22985038,9.720756
10.896,-0.08858817,0.2083019,9.711179
10.926,-0.105348095,0.22745611,9.725544
10.966,-0.10774237,0.22266756,9.701602
10.997,-0.11253092,0.23942748,9.7135725
11.026,-0.090982445,0.21787901,9.701602
11.065,-0.10055954,0.22027329,9.699207
11.097,-0.07901107,0.22745611,9.72315
11.138,-0.10055954,0.21787901,9.718362
11.166,-0.11013664,0.21787901,9.703996
11.198,-0.083799616,0.21548474,9.70639
11.238,-0.090982445,0.23463893,9.725544
11.267,-0.090982445,0.22266756,9.70639
11.297,-0.105348095,0.22985038,9.718362
11.328,-0.08619389,0.21787901,9.715967
11.363,-0.09337672,0.23942748,9.7135725
11.397,-0.071828246,0.21548474,9.720756
11.438,-0.08858817,0.21309046,9.711179
11.466,-0.102953814,0.23224466,9.70639
11.502,-0.10774237,0.2083019,9.701602
11.539,-0.102953814,0.2083019,9.715967
11.566,-0.090982445,0.23463893,9.70639
11.597,-0.09337672,0.21548474,9.708784
11.638,-0.105348095,0.21548474,9.720756
11.665,-0.08619389,0.22745611,9.70639
11.699,-0.105348095,0.23463893,9.7135725
11.738,-0.09337672,0.22266756,9.701602
11.765,-0.11253092,0.22506183,9.703996
11.805,-0.102953814,0.22027329,9.732727
11.837,-0.090982445,0.21787901,9.715967
11.866,-0.102953814,0.21069619,9.708784
11.905,-0.08619389,0.21548474,9.692024
11.937,-0.09577099,0.22266756,9.7135725
11.977,-0.098165266,0.20590763,9.720756
12.005,-0.098165266,0.22985038,9.7135725
12.037,-0.117319465,0.21069619,9.711179
12.077,-0.11013664,0.22266756,9.7135725
12.107,-0.090982445,0.21069619,9.718362
12.138,-0.12929083,0.21069619,9.715967
12.177,-0.09577099,0.22985038,9.7135725
12.205,-0.11253092,0.21787901,9.696813
12.237,-0.08858817,0.21309046,9.711179
12.277,-0.090982445,0.23224466,9.703996
12.306,-0.098165266,0.21309046,9.701602
12.338,-0.102953814,0.20590763,9.711179
12.377,-0.102953814,0.22506183,9.694419
12.404,-0.102953814,0.22506183,9.70639
12.437,-0.10774237,0.21787901,9.711179
12.479,-0.10774237,0.22745611,9.708784
12.505,-0.090982445,0.22745611,9.715967
12.546,-0.09337672,0.22027329,9.725544
12.577,-0.08619389,0.23463893,9.699207
12.605,-0.08140534,0.22745611,9.703996
12.647,-0.10774237,0.22985038,9.703996
12.679,-0.09577099,0.22266756,9.701602
12.719,-0.08858817,0.22506183,9.70639
12.746,-0.105348095,0.22985038,9.711179
12.778,-0.10055954,0.21309046,9.711179
12.817,-0.10055954,0.22506183,9.70639
12.845,-0.10055954,0.22506183,9.725544
12.877,-0.083799616,0.23224466,9.70639
12.918,-0.09337672,0.22027329,9.703996
12.946,-0.09577099,0.22027329,9.703996
12.977,-0.098165266,0.21309046,9.708784
13.018,-0.09337672,0.22506183,9.694419
13.045,-0.102953814,0.21309046,9.692024
13.079,-0.09577099,0.21548474,9.708784
13.117,-0.105348095,0.22027329,9.715967
13.145,-0.098165266,0.2370332,9.720756
13.177,-0.105348095,0.21548474,9.701602
13.217,-0.10055954,0.21548474,9.72315
13.246,-0.09577099,0.2083019,9.7135725
13.285,-0.10055954,0.21548474,9.7135725
13.318,-0.10774237,0.2083019,9.718362
13.345,-0.10774237,0.2370332,9.708784
13.397,-0.10055954,0.21069619,9.70639
13.416,-0.08619389,0.2370332,9.720756
13.446,-0.10055954,0.22506183,9.701602
13.480,-0.10055954,0.23463893,9.730332
13.517,-0.102953814,0.23224466,9.711179
13.559,-0.10055954,0.21309046,9.701602
13.580,-0.10055954,0.21787901,9.699207
13.618,-0.11492519,0.23224466,9.7135725
13.659,-0.09577099,0.22745611,9.701602
13.680,-0.105348095,0.22266756,9.708784
13.718,-0.090982445,0.2370332,9.72315
13.758,-0.102953814,0.22266756,9.70639
13.787,-0.08619389,0.22985038,9.725544
13.818,-0.09337672,0.22506183,9.703996
13.858,-0.098165266,0.22506183,9.715967
13.887,-0.10774237,0.22266756,9.718362
13.919,-0.09577099,0.21548474,9.70639
13.959,-0.09337672,0.21548474,9.7135725
13.986,-0.10055954,0.22027329,9.703996
14.019,-0.11492519,0.22745611,9.711179
14.059,-0.08619389,0.21548474,9.732727
14.086,-0.098165266,0.22985038,9.7135725
14.118,-0.102953814,0.22745611,9.699207
14.160,-0.09337672,0.23463893,9.703996
14.186,-0.11253092,0.22985038,9.6896305
14.219,-0.098165266,0.23942748,9.718362
14.259,-0.09577099,0.22985038,9.7135725
14.287,-0.102953814,0.20590763,9.70639
14.319,-0.09577099,0.22745611,9.701602
14.359,-0.098165266,0.22506183,9.70639
14.387,-0.09577099,0.24182175,9.701602
14.426,-0.102953814,0.22985038,9.711179
14.459,-0.090982445,0.22266756,9.718362
14.487,-0.08858817,0.22506183,9.708784
14.526,-0.105348095,0.22027329,9.70639
14.557,-0.09577099,0.22985038,9.711179
14.598,-0.090982445,0.21548474,9.696813
14.627,-0.08140534,0.23224466,9.692024
14.658,-0.10774237,0.2370332,9.708784
14.699,-0.08858817,0.21787901,9.725544
14.726,-0.10774237,0.21309046,9.696813
14.758,-0.09337672,0.22985038,9.711179
14.800,-0.098165266,0.22745611,9.711179
14.826,-0.10774237,0.20111908,9.701602
14.859,-0.105348095,0.21309046,9.699207
14.898,-0.105348095,0.22985038,9.701602
14.926,-0.07901107,0.21787901,9.715967
14.960,-0.105348095,0.22027329,9.715967
14.998,-0.102953814,0.21309046,9.699207
15.027,-0.09577099,0.21309046,9.696813
15.059,-0.11253092,0.22506183,9.72315
15.098,-0.11492519,0.22027329,9.701602
15.126,-0.08619389,0.23463893,9.730332
15.167,-0.117319465,0.21548474,9.70639
15.199,-0.098165266,0.21787901,9.708784
15.226,-0.11013664,0.22745611,9.692024
15.266,-0.102953814,0.23463893,9.699207
15.297,-0.090982445,0.23224466,9.7135725
15.337,-0.09577099,0.20111908,9.703996
15.366,-0.07901107,0.2370332,9.708784
15.397,-0.08140534,0.22985038,9.70639
15.438,-0.10774237,0.22506183,9.715967
15.466,-0.08140534,0.21069619,9.708784
15.497,-0.06943397,0.22027329,9.708784
15.538,-0.117319465,0.22985038,9.7135725
15.566,-0.090982445,0.22506183,9.699207
15.598,-0.10055954,0.22027329,9.70639
15.639,-0.09577099,0.23224466,9.703996
15.666,-0.11013664,0.21548474,9.70639
15.697,-0.08140534,0.21309046,9.701602
15.738,-0.08140534,0.22266756,9.715967
15.766,-0.11013664,0.22266756,9.718362
15.798,-0.090982445,0.21787901,9.701602
15.839,-0.08858817,0.21548474,9.694419
15.866,-0.10774237,0.22745611,9.715967
15.898,-0.102953814,0.23942748,9.696813
15.938,-0.102953814,0.22745611,9.715967
15.967,-0.102953814,0.22027329,9.6896305
16.006,-0.09577099,0.22745611,9.70639
16.039,-0.098165266,0.21309046,9.708784
16.067,-0.07901107,0.24182175,9.692024
16.106,-0.090982445,0.22985038,9.708784
16.139,-0.098165266,0.22266756,9.70639
16.177,-0.102953814,0.2370332,9.701602
16.206,-0.11013664,0.23224466,9.703996
16.239,-0.102953814,0.22027329,9.730332
16.278,-0.102953814,0.22266756,9.699207
16.307,-0.09577099,0.22506183,9.711179
16.339,-0.11253092,0.22266756,9.72315
16.378,-0.083799616,0.21787901,9.715967
16.405,-0.09577099,0.22506183,9.718362
16.438,-0.07422252,0.21787901,9.715967
16.479,-0.08858817,0.23224466,9.708784
16.506,-0.090982445,0.22027329,9.70639
16.536,-0.09337672,0.2370332,9.708784
16.577,-0.102953814,0.22745611,9.703996
16.605,-0.102953814,0.22266756,9.715967
16.645,-0.098165266,0.22027329,9.708784
16.678,-0.09337672,0.22266756,9.718362
16.706,-0.09337672,0.22506183,9.70639
16.745,-0.11013664,0.24182175,9.7135725
16.778,-0.09337672,0.23463893,9.70639
16.806,-0.102953814,0.22027329,9.70639
16.847,-0.10774237,0.22506183,9.708784
16.878,-0.10055954,0.21787901,9.718362
16.906,-0.098165266,0.2370332,9.703996
16.945,-0.11253092,0.22266756,9.703996
16.979,-0.105348095,0.22506183,9.692024
17.018,-0.11013664,0.21787901,9.692024
17.046,-0.09577099,0.22985038,9.711179
17.078,-0.090982445,0.21787901,9.715967
17.118,-0.10055954,0.19393626,9.70639
17.146,-0.08619389,0.21309046,9.718362
17.177,-0.09577099,0.22506183,9.720756
17.218,-0.11013664,0.22027329,9.711179
17.247,-0.098165266,0.22745611,9.70639
17.278,-0.105348095,0.21787901,9.694419
17.318,-0.11013664,0.22745611,9.703996
17.345,-0.08858817,0.22266756,9.708784
17.382,-0.11492519,0.22985038,9.701602
17.417,-0.12450229,0.21787901,9.708784
17.447,-0.098165266,0.22745611,9.708784
17.478,-0.09337672,0.22266756,9.7135725
17.518,-0.08619389,0.22985038,9.7135725
17.546,-0.10055954,0.21069619,9.715967
17.581,-0.09337672,0.22985038,9.735122
17.620,-0.102953814,0.23942748,9.7135725
17.646,-0.102953814,0.23224466,9.730332
17.688,-0.105348095,0.21787901,9.703996
17.719,-0.08619389,0.21309046,9.737515
17.747,-0.102953814,0.22506183,9.718362
17.788,-0.10774237,0.22266756,9.687236
17.818,-0.090982445,0.22027329,9.727939
17.847,-0.090982445,0.22745611,9.703996
17.880,-0.105348095,0.21069619,9.7135725
17.919,-0.105348095,0.22027329,9.708784
17.959,-0.11013664,0.22027329,9.692024
17.987,-0.11253092,0.22027329,9.70639
18.019,-0.08619389,0.23224466,9.711179
18.059,-0.090982445,0.22985038,9.701602
18.087,-0.10774237,0.21787901,9.701602
18.119,-0.08858817,0.22985038,9.708784
18.160,-0.09577099,0.22985038,9.72315
18.187,-0.090982445,0.21787901,9.720756
18.219,-0.11013664,0.23942748,9.70639
18.259,-0.102953814,0.22266756,9.701602
18.287,-0.098165266,0.22266756,9.703996
18.319,-0.09337672,0.21787901,9.711179
18.359,-0.10055954,0.22266756,9.703996
18.386,-0.10774237,0.23224466,9.701602
18.419,-0.090982445,0.2370332,9.711179
18.459,-0.102953814,0.21069619,9.70639
18.487,-0.08140534,0.22266756,9.718362
18.520,-0.10055954,0.22506183,9.711179
18.559,-0.105348095,0.22266756,9.7135725
18.587,-0.11013664,0.22506183,9.708784
18.620,-0.10055954,0.22506183,9.718362
18.660,-0.09577099,0.22745611,9.7135725
18.688,-0.102953814,0.21069619,9.703996
18.727,-0.102953814,0.22506183,9.701602
18.759,-0.10055954,0.21787901,9.708784
18.798,-0.090982445,0.2083019,9.715967
18.827,-0.09337672,0.22266756,9.715967
18.858,-0.11013664,0.21069619,9.701602
18.899,-0.10774237,0.21309046,9.70639
18.927,-0.09577099,0.21548474,9.699207
18.959,-0.105348095,0.21787901,9.701602
18.999,-0.090982445,0.23463893,9.708784
19.026,-0.08140534,0.22985038,9.701602
19.059,-0.10055954,0.21548474,9.718362
19.098,-0.08140534,0.21548474,9.720756
19.127,-0.09577099,0.22266756,9.703996
19.158,-0.11253092,0.23224466,9.715967
19.199,-0.083799616,0.21787901,9.718362
19.227,-0.08858817,0.21787901,9.703996
19.259,-0.09337672,0.23942748,9.711179
19.297,-0.08140534,0.22266756,9.708784
19.326,-0.09337672,0.22027329,9.699207
19.359,-0.08619389,0.20590763,9.694419
19.398,-0.09577099,0.22985038,9.701602
19.426,-0.08619389,0.22745611,9.701602
19.466,-0.07901107,0.21787901,9.6896305
19.498,-0.09577099,0.21309046,9.6896305
19.537,-0.098165266,0.22027329,9.701602
19.566,-0.10774237,0.21548474,9.703996
19.598,-0.10055954,0.21787901,9.70639
19.637,-0.102953814,0.22985038,9.699207
19.666,-0.090982445,0.22027329,9.711179
19.699,-0.098165266,0.22266756,9.70639
19.739,-0.090982445,0.22985038,9.711179
19.766,-0.105348095,0.2370332,9.7135725
19.799,-0.11253092,0.22506183,9.715967
19.838,-0.09337672,0.22266756,9.715967
19.866,-0.102953814,0.23463893,9.711179
19.898,-0.098165266,0.22027329,9.715967
19.938,-0.08140534,0.22506183,9.699207
19.967,-0.098165266,0.2083019,9.70639
19.999,-0.09577099,0.2370332,9.711179
20.039,-0.09577099,0.23224466,9.72315
20.067,-0.09337672,0.2370332,9.7135725
20.098,-0.10055954,0.22506183,9.7135725
20.139,-0.08619389,0.22027329,9.708784
20.166,-0.083799616,0.22745611,9.715967
20.206,-0.090982445,0.21787901,9.699207
20.238,-0.08858817,0.22745611,9.720756
20.267,-0.10055954,0.21309046,9.718362
20.306,-0.09577099,0.21787901,9.711179
20.338,-0.09577099,0.22266756,9.718362
20.367,-0.10055954,0.22266756,9.687236
20.406,-0.098165266,0.23224466,9.70639
20.439,-0.08858817,0.21548474,9.703996
20.478,-0.105348095,0.21787901,9.7135725
20.507,-0.098165266,0.22506183,9.699207
20.539,-0.090982445,0.23224466,9.711179
20.579,-0.102953814,0.22506183,9.711179
20.607,-0.09577099,0.21548474,9.703996
20.639,-0.08858817,0.22506183,9.708784
20.679,-0.105348095,0.21309046,9.694419
20.707,-0.09577099,0.23224466,9.718362
20.738,-0.09577099,0.22266756,9.708784
20.779,-0.10774237,0.22027329,9.720756
20.806,-0.10055954,0.22506183,9.711179
20.839,-0.102953814,0.23942748,9.699207
20.879,-0.102953814,0.23224466,9.696813
20.906,-0.10055954,0.22027329,9.711179
20.939,-0.102953814,0.21548474,9.70639
20.978,-0.105348095,0.23463893,9.703996
21.006,-0.10055954,0.22985038,9.708784
21.046,-0.10055954,0.23224466,9.711179
21.078,-0.08619389,0.23463893,9.703996
21.107,-0.10774237,0.22506183,9.703996
21.148,-0.11253092,0.20351335,9.715967
21.182,-0.090982445,0.22985038,9.715967
21.207,-0.098165266,0.21548474,9.7135725
21.247,-0.10774237,0.21787901,9.715967
21.279,-0.09337672,0.22506183,9.711179
21.318,-0.10055954,0.22266756,9.70639
21.347,-0.08858817,0.21548474,9.718362
21.378,-0.083799616,0.21787901,9.718362
21.418,-0.098165266,0.22985038,9.711179
21.446,-0.090982445,0.22985038,9.703996
21.480,-0.10774237,0.21309046,9.694419
21.518,-0.090982445,0.2083019,9.708784
21.547,-0.090982445,0.21548474,9.72315
21.578,-0.105348095,0.21309046,9.699207
21.618,-0.090982445,0.23224466,9.708784
21.647,-0.10055954,0.22506183,9.718362
21.677,-0.09577099,0.22506183,9.718362
21.719,-0.098165266,0.22027329,9.725544
21.746,-0.11253092,0.21548474,9.699207
21.779,-0.08140534,0.22027329,9.72315
21.818,-0.10774237,0.21787901,9.703996
21.846,-0.102953814,0.22745611,9.708784
21.879,-0.08858817,0.21787901,9.703996
21.918,-0.105348095,0.23463893,9.715967
21.947,-0.11013664,0.23463893,9.711179
21.987,-0.09577099,0.22266756,9.711179
22.018,-0.11253092,0.22985038,9.7135725
22.058,-0.105348095,0.22027329,9.699207
22.088,-0.08858817,0.22506183,9.699207
22.119,-0.102953814,0.2370332,9.701602
22.158,-0.10055954,0.23224466,9.720756
22.186,-0.102953814,0.22985038,9.708784
22.218,-0.10055954,0.21787901,9.708784
22.258,-0.098165266,0.22745611,9.715967
22.287,-0.08619389,0.23224466,9.708784
22.319,-0.09577099,0.21309046,9.694419
22.364,-0.11013664,0.22985038,9.694419
22.386,-0.102953814,0.22506183,9.692024
22.418,-0.11013664,0.22266756,9.711179
22.459,-0.09577099,0.22027329,9.708784
22.486,-0.105348095,0.21548474,9.711179
22.519,-0.098165266,0.21548474,9.696813
22.559,-0.08858817,0.21548474,9.692024
22.587,-0.09577099,0.22506183,9.701602
22.618,-0.102953814,0.22506183,9.703996
22.658,-0.07422252,0.23463893,9.703996
22.687,-0.098165266,0.22027329,9.692024
22.726,-0.08619389,0.2370332,9.708784
22.758,-0.102953814,0.22745611,9.715967
22.798,-0.10055954,0.23224466,9.70639
22.826,-0.11492519,0.22745611,9.708784
22.858,-0.09337672,0.22985038,9.711179
22.899,-0.10774237,0.22266756,9.70639
22.926,-0.08619389,0.21069619,9.718362
22.959,-0.105348095,0.22027329,9.696813
22.997,-0.09577099,0.22027329,9.701602
23.026,-0.10774237,0.22506183,9.725544
23.057,-0.09577099,0.21309046,9.703996
23.097,-0.08858817,0.22985038,9.72315
23.126,-0.11492519,0.21548474,9.708784
23.157,-0.09337672,0.22985038,9.696813
23.198,-0.11253092,0.22506183,9.70639
23.226,-0.09337672,0.21787901,9.708784
23.256,-0.08140534,0.22506183,9.701602
23.296,-0.10055954,0.21548474,9.718362
23.325,-0.105348095,0.23224466,9.701602
23.357,-0.11013664,0.22027329,9.715967
23.397,-0.08619389,0.22745611,9.70639
23.426,-0.11253092,0.22985038,9.696813
23.458,-0.08858817,0.23224466,9.7135725
23.498,-0.098165266,0.22266756,9.696813
23.525,-0.08858817,0.21787901,9.718362
23.565,-0.11013664,0.22745611,9.7135725
23.598,-0.09577099,0.22027329,9.701602
23.626,-0.09577099,0.22985038,9.715967
23.666,-0.105348095,0.21787901,9.7135725
23.699,-0.11013664,0.2370332,9.703996
23.727,-0.10055954,0.22266756,9.715967
23.760,-0.090982445,0.23224466,9.699207
23.797,-0.09577099,0.21787901,9.703996
23.838,-0.098165266,0.23224466,9.7135725
23.867,-0.08619389,0.21309046,9.72315
23.898,-0.10774237,0.21787901,9.7135725
23.938,-0.10055954,0.22985038,9.708784
23.965,-0.12450229,0.21787901,9.696813
23.998,-0.090982445,0.22506183,9.711179
24.037,-0.08858817,0.22027329,9.701602
24.066,-0.105348095,0.22745611,9.708784
24.097,-0.06943397,0.22027329,9.725544
24.138,-0.10055954,0.21787901,9.701602
24.166,-0.102953814,0.21787901,9.718362
24.198,-0.098165266,0.22266756,9.703996
24.238,-0.11013664,0.21787901,9.703996
24.267,-0.090982445,0.22745611,9.718362
24.298,-0.098165266,0.21069619,9.708784
24.337,-0.098165266,0.23463893,9.715967
24.365,-0.09577099,0.22266756,9.7135725
24.405,-0.105348095,0.22745611,9.701602
24.438,-0.105348095,0.22266756,9.699207
24.467,-0.098165266,0.22745611,9.6896305
24.506,-0.09577099,0.22985038,9.696813
24.538,-0.071828246,0.21787901,9.711179
24.578,-0.083799616,0.23224466,9.711179
24.607,-0.098165266,0.22985038,9.718362
24.638,-0.09577099,0.22027329,9.72315
24.678,-0.098165266,0.21787901,9.718362
24.706,-0.09337672,0.21787901,9.699207
24.737,-0.10774237,0.22985038,9.696813
24.783,-0.09337672,0.22745611,9.708784
24.806,-0.11492519,0.22506183,9.711179
24.838,-0.11971374,0.23942748,9.72315
24.877,-0.11013664,0.23224466,9.718362
24.907,-0.105348095,0.23224466,9.711179
24.939,-0.08619389,0.21309046,9.708784
24.978,-0.090982445,0.21548474,9.715967
25.006,-0.105348095,0.21309046,9.703996
25.037,-0.09577099,0.23942748,9.703996
25.079,-0.09577099,0.22506183,9.711179
25.106,-0.090982445,0.23463893,9.715967
25.139,-0.11013664,0.22506183,9.701602
25.178,-0.09337672,0.23942748,9.711179
25.206,-0.10055954,0.22027329,9.711179
25.246,-0.11492519,0.22266756,9.7135725
25.278,-0.11492519,0.23224466,9.692024
25.306,-0.11492519,0.21787901,9.720756
25.346,-0.090982445,0.23224466,9.725544
25.378,-0.090982445,0.22506183,9.708784
25.417,-0.09337672,0.22266756,9.708784
25.446,-0.102953814,0.22027329,9.696813
25.477,-0.098165266,0.22506183,9.708784
25.517,-0.102953814,0.22266756,9.699207
25.546,-0.090982445,0.22745611,9.725544
25.578,-0.098165266,0.21787901,9.699207
25.618,-0.10055954,0.21787901,9.701602
25.647,-0.11253092,0.2083019,9.708784
25.678,-0.102953814,0.20590763,9.708784
25.718,-0.10055954,0.21787901,9.7135725
25.746,-0.098165266,0.21309046,9.699207
25.777,-0.098165266,0.22266756,9.708784
25.818,-0.10055954,0.22266756,9.711179
25.846,-0.09337672,0.23224466,9.720756
25.878,-0.102953814,0.22027329,9.703996
25.918,-0.11253092,0.21069619,9.692024
25.946,-0.105348095,0.22027329,9.7135725
25.987,-0.090982445,0.22985038,9.711179
26.018,-0.083799616,0.21787901,9.692024
26.046,-0.10774237,0.22745611,9.703996
26.087,-0.098165266,0.21548474,9.70639
26.118,-0.102953814,0.2370332,9.699207
26.146,-0.10774237,0.22985038,9.701602
26.186,-0.105348095,0.21787901,9.694419
26.217,-0.08858817,0.22985038,9.711179
26.259,-0.102953814,0.22027329,9.70639
26.286,-0.09337672,0.21548474,9.694419
26.318,-0.10055954,0.21069619,9.701602
26.350,-0.08858817,0.23224466,9.70639
26.387,-0.105348095,0.2083019,9.708784
26.417,-0.08619389,0.22506183,9.718362
26.458,-0.10055954,0.22027329,9.720756
26.486,-0.098165266,0.21548474,9.708784
26.518,-0.08858817,0.21548474,9.703996
26.557,-0.07901107,0.24182175,9.70639
26.586,-0.09577099,0.22506183,9.715967
26.617,-0.11013664,0.22266756,9.699207
26.663,-0.10055954,0.21309046,9.701602
26.685,-0.09337672,0.22027329,9.72315
26.718,-0.09577099,0.22027329,9.703996
26.758,-0.090982445,0.21548474,9.703996
26.785,-0.105348095,0.22985038,9.715967
26.825,-0.098165266,0.22506183,9.696813
26.857,-0.102953814,0.23224466,9.720756
26.887,-0.105348095,0.22745611,9.727939
26.926,-0.07901107,0.22027329,9.7135725
26.958,-0.098165266,0.23224466,9.7135725
26.986,-0.10055954,0.22506183,9.696813
27.026,-0.09337672,0.22027329,9.715967
27.058,-0.083799616,0.22745611,9.730332
27.098,-0.09577099,0.21787901,9.694419
27.126,-0.098165266,0.22506183,9.720756
27.160,-0.102953814,0.21787901,9.696813
27.197,-0.09577099,0.21069619,9.711179
27.225,-0.11971374,0.24182175,9.72315
27.258,-0.11013664,0.22745611,9.701602
27.297,-0.102953814,0.21069619,9.711179
27.326,-0.083799616,0.21309046,9.711179
27.358,-0.102953814,0.22506183,9.715967
27.396,-0.08858817,0.2083019,9.72315
27.427,-0.105348095,0.22985038,9.70639
27.456,-0.11253092,0.22506183,9.70639
27.498,-0.06943397,0.23463893,9.708784
27.527,-0.10055954,0.22985038,9.708784
27.559,-0.09577099,0.22027329,9.708784
27.599,-0.09577099,0.22745611,9.701602
27.627,-0.102953814,0.21787901,9.708784
27.659,-0.09337672,0.23463893,9.711179
27.698,-0.117319465,0.22266756,9.699207
27.726,-0.10055954,0.22506183,9.725544
27.767,-0.098165266,0.21787901,9.72315
27.798,-0.07901107,0.22266756,9.687236
27.827,-0.10055954,0.22985038,9.718362
27.867,-0.09577099,0.22745611,9.703996
27.899,-0.08858817,0.22506183,9.696813
27.927,-0.090982445,0.22027329,9.7135725
27.967,-0.09577099,0.22266756,9.715967
27.999,-0.098165266,0.22506183,9.70639
28.039,-0.098165266,0.22266756,9.725544
28.067,-0.10774237,0.21787901,9.6896305
28.098,-0.11253092,0.22745611,9.72315
28.138,-0.10055954,0.23463893,9.703996
28.167,-0.105348095,0.23463893,9.687236
28.200,-0.07901107,0.24182175,9.711179
28.238,-0.098165266,0.23463893,9.715967
28.267,-0.09337672,0.22266756,9.703996
28.298,-0.08858817,0.23224466,9.718362
28.348,-0.08619389,0.22266756,9.70639
28.366,-0.102953814,0.22985038,9.703996
28.397,-0.098165266,0.22266756,9.696813
28.439,-0.102953814,0.23463893,9.711179
28.466,-0.090982445,0.22506183,9.727939
28.498,-0.090982445,0.20590763,9.725544
28.538,-0.10055954,0.21069619,9.720756
28.567,-0.098165266,0.22266756,9.699207
28.607,-0.10055954,0.22745611,9.7135725
28.638,-0.08619389,0.22506183,9.708784
28.666,-0.102953814,0.22266756,9.708784
28.707,-0.105348095,0.21787901,9.732727
28.741,-0.102953814,0.22506183,9.684841
28.767,-0.076616794,0.21787901,9.708784
28.801,-0.10774237,0.21309046,9.70639
28.841,-0.10055954,0.22266756,9.70639
28.878,-0.090982445,0.22745611,9.70639
28.907,-0.08619389,0.21548474,9.7135725
28.939,-0.10055954,0.2083019,9.703996
28.979,-0.09337672,0.23224466,9.70639
29.007,-0.10055954,0.21548474,9.708784
29.038,-0.11253092,0.22027329,9.715967
29.079,-0.10774237,0.22745611,9.715967
29.106,-0.08619389,0.23224466,9.711179
29.138,-0.105348095,0.22027329,9.699207
29.178,-0.09577099,0.23942748,9.708784
29.207,-0.098165266,0.22985038,9.696813
29.239,-0.07901107,0.21069619,9.692024
29.278,-0.10055954,0.22985038,9.708784
29.306,-0.105348095,0.22506183,9.72315
29.340,-0.07901107,0.22985038,9.711179
29.378,-0.09337672,0.22745611,9.701602
29.406,-0.098165266,0.21548474,9.718362
29.446,-0.090982445,0.22985038,9.711179
29.477,-0.10055954,0.22506183,9.692024
29.506,-0.08858817,0.22745611,9.70639
29.546,-0.09337672,0.22506183,9.720756
29.578,-0.10055954,0.22027329,9.703996
29.619,-0.09337672,0.22985038,9.703996
29.646,-0.098165266,0.22027329,9.7135725
29.679,-0.117319465,0.22985038,9.720756
29.710,-0.09577099,0.23463893,9.70639
29.746,-0.08858817,0.22985038,9.708784
29.778,-0.102953814,0.21548474,9.720756
29.818,-0.11013664,0.22027329,9.730332
29.846,-0.098165266,0.23942748,9.701602
29.885,-0.098165266,0.22266756,9.694419
29.918,-0.102953814,0.23942748,9.70639
29.946,-0.098165266,0.24421602,9.703996
29.977,-0.076616794,0.21309046,9.711179
30.017,-0.09337672,0.20351335,9.708784
30.046,-0.098165266,0.22745611,9.7135725
30.077,-0.08858817,0.22745611,9.718362
30.117,-0.10774237,0.21309046,9.7135725
30.147,-0.09577099,0.21309046,9.6896305
30.178,-0.090982445,0.22985038,9.701602
30.218,-0.09577099,0.22506183,9.711179
30.247,-0.11013664,0.22027329,9.708784
30.286,-0.11013664,0.21787901,9.696813
30.319,-0.08140534,0.23224466,9.70639
30.346,-0.10055954,0.23942748,9.703996
30.387,-0.098165266,0.22745611,9.701602
30.418,-0.102953814,0.21787901,9.701602
30.447,-0.083799616,0.22027329,9.72315
30.480,-0.11013664,0.22985038,9.70639
30.519,-0.09337672,0.22745611,9.72315
30.559,-0.10055954,0.21548474,9.703996
30.587,-0.102953814,0.20590763,9.744699
30.619,-0.098165266,0.22745611,9.682447
30.660,-0.12689656,0.24421602,9.696813
30.687,-0.08619389,0.22027329,9.703996
30.719,-0.090982445,0.21787901,9.70639
30.759,-0.11253092,0.22266756,9.6896305
30.787,-0.102953814,0.22266756,9.711179
30.819,-0.11253092,0.21309046,9.70639
30.858,-0.105348095,0.23463893,9.708784
30.888,-0.10055954,0.21787901,9.720756
30.919,-0.09337672,0.21069619,9.703996
30.959,-0.10055954,0.21069619,9.699207
30.987,-0.10055954,0.22985038,9.725544
31.019,-0.090982445,0.21548474,9.701602
31.059,-0.08619389,0.2370332,9.711179
31.088,-0.08858817,0.22985038,9.72315
31.120,-0.10055954,0.21787901,9.696813
31.159,-0.10055954,0.23224466,9.699207
31.187,-0.105348095,0.2370332,9.684841
31.227,-0.11253092,0.21309046,9.699207
31.260,-0.09577099,0.22506183,9.701602
31.288,-0.09337672,0.22985038,9.718362
31.328,-0.105348095,0.23224466,9.70639
31.359,-0.083799616,0.22266756,9.715967
31.391,-0.098165266,0.21787901,9.703996
31.428,-0.12450229,0.22745611,9.72315
31.461,-0.09337672,0.22985038,9.718362
31.498,-0.10055954,0.22985038,9.703996
31.526,-0.08619389,0.22745611,9.696813
31.560,-0.098165266,0.23463893,9.699207
31.599,-0.08858817,0.22027329,9.703996
31.627,-0.10055954,0.21787901,9.708784
31.659,-0.10055954,0.23942748,9.696813
31.699,-0.11492519,0.22266756,9.696813
31.726,-0.06943397,0.21069619,9.7135725
31.758,-0.08619389,0.23224466,9.694419
31.799,-0.102953814,0.22027329,9.699207
31.827,-0.09577099,0.22506183,9.701602
31.858,-0.098165266,0.22027329,9.708784
31.900,-0.10055954,0.22985038,9.715967
31.927,-0.102953814,0.22506183,9.699207
31.967,-0.09337672,0.21787901,9.703996
31.998,-0.10055954,0.23224466,9.701602
32.027,-0.10774237,0.22027329,9.694419
32.067,-0.102953814,0.23463893,9.701602
32.099,-0.10055954,0.21548474,9.703996
32.128,-0.102953814,0.20590763,9.70639
32.160,-0.11013664,0.22266756,9.703996
32.199,-0.105348095,0.22506183,9.708784
32.239,-0.098165266,0.22985038,9.715967
32.267,-0.08858817,0.22027329,9.715967
32.299,-0.105348095,0.22985038,9.699207
32.339,-0.09337672,0.22745611,9.7135725
32.366,-0.098165266,0.22745611,9.72315
32.398,-0.102953814,0.21787901,9.708784
32.438,-0.090982445,0.21787901,9.699207
32.466,-0.07901107,0.22506183,9.701602
32.498,-0.09577099,0.22027329,9.701602
32.537,-0.102953814,0.23224466,9.7135725
32.567,-0.098165266,0.22506183,9.692024
32.598,-0.10055954,0.22745611,9.703996
32.639,-0.11013664,0.23463893,9.720756
32.667,-0.098165266,0.22027329,9.7135725
32.699,-0.10055954,0.23224466,9.711179
32.738,-0.11492519,0.21548474,9.701602
32.767,-0.09577099,0.22985038,9.711179
32.799,-0.098165266,0.2083019,9.703996
32.839,-0.09337672,0.21069619,9.703996
32.867,-0.08140534,0.21069619,9.703996
32.907,-0.105348095,0.22745611,9.715967
32.939,-0.09337672,0.22985038,9.701602
32.967,-0.09337672,0.21787901,9.715967
33.006,-0.090982445,0.2466103,9.711179
33.039,-0.102953814,0.21548474,9.703996
33.068,-0.090982445,0.24182175,9.701602
33.107,-0.08858817,0.22745611,9.694419
33.139,-0.105348095,0.2083019,9.711179
33.168,-0.11492519,0.23224466,9.703996
33.206,-0.098165266,0.22266756,9.696813
33.238,-0.07901107,0.22506183,9.703996
33.279,-0.098165266,0.21309046,9.718362
33.307,-0.098165266,0.22027329,9.701602
33.340,-0.09337672,0.22506183,9.70639
33.380,-0.10055954,0.22985038,9.70639
33.406,-0.10774237,0.22027329,9.718362
33.439,-0.102953814,0.20351335,9.720756
33.479,-0.09577099,0.22027329,9.72315
33.506,-0.08858817,0.23463893,9.7135725
33.539,-0.08140534,0.22985038,9.684841
33.577,-0.11013664,0.22266756,9.699207
33.607,-0.09577099,0.1987248,9.699207
33.647,-0.11013664,0.20590763,9.718362
33.678,-0.117319465,0.23224466,9.711179
33.707,-0.090982445,0.22745611,9.703996
33.747,-0.10774237,0.22745611,9.70639
33.779,-0.07901107,0.22506183,9.715967
33.818,-0.098165266,0.22266756,9.715967
33.840,-0.11013664,0.22266756,9.7135725
33.879,-0.09577099,0.22027329,9.699207
33.919,-0.09577099,0.22745611,9.70639
33.947,-0.08858817,0.22266756,9.701602
33.977,-0.102953814,0.22985038,9.699207
34.019,-0.098165266,0.22745611,9.708784
34.047,-0.09337672,0.21787901,9.701602
34.079,-0.105348095,0.21069619,9.70639
34.119,-0.10774237,0.21548474,9.718362
34.147,-0.102953814,0.22985038,9.715967
34.179,-0.09337672,0.2083019,9.70639
34.219,-0.102953814,0.22506183,9.70639
34.247,-0.10055954,0.22745611,9.732727
34.279,-0.083799616,0.22506183,9.7135725
34.319,-0.090982445,0.22027329,9.708784
34.347,-0.12450229,0.22506183,9.715967
34.378,-0.102953814,0.23224466,9.701602
34.418,-0.090982445,0.21548474,9.72315
34.447,-0.090982445,0.22506183,9.708784
34.479,-0.090982445,0.22506183,9.715967
34.520,-0.10055954,0.22985038,9.7135725
34.547,-0.08858817,0.2370332,9.718362
34.587,-0.09577099,0.21548474,9.70639
34.618,-0.10055954,0.22506183,9.7135725
34.647,-0.09337672,0.22506183,9.70639
34.686,-0.102953814,0.21069619,9.70639
34.719,-0.09577099,0.23463893,9.696813
34.759,-0.11492519,0.23942748,9.725544
34.786,-0.09577099,0.22027329,9.696813
34.819,-0.083799616,0.22266756,9.711179
34.859,-0.09337672,0.22985038,9.703996
34.887,-0.090982445,0.22506183,9.711179
34.918,-0.08619389,0.21787901,9.699207
34.960,-0.102953814,0.22985038,9.708784
34.986,-0.102953814,0.21787901,9.7135725
35.019,-0.11013664,0.22266756,9.718362
35.059,-0.09577099,0.22985038,9.715967
35.088,-0.08140534,0.20590763,9.720756
35.118,-0.10055954,0.2083019,9.708784
35.158,-0.105348095,0.2370332,9.718362
35.187,-0.090982445,0.22745611,9.720756
35.218,-0.09337672,0.23224466,9.720756
35.259,-0.11492519,0.22745611,9.7135725
35.286,-0.10055954,0.22266756,9.699207
35.327,-0.090982445,0.22985038,9.70639
35.360,-0.102953814,0.22506183,9.720756
35.386,-0.105348095,0.22985038,9.708784
35.427,-0.098165266,0.21787901,9.701602
35.458,-0.105348095,0.24421602,9.715967
35.487,-0.12210801,0.21787901,9.708784
35.526,-0.102953814,0.22506183,9.699207
35.558,-0.08858817,0.22745611,9.711179
35.599,-0.102953814,0.22985038,9.692024
35.627,-0.102953814,0.22027329,9.699207
35.658,-0.090982445,0.23224466,9.715967
35.699,-0.10055954,0.22745611,9.715967
35.727,-0.10774237,0.22506183,9.718362
35.759,-0.11253092,0.22985038,9.703996
35.799,-0.102953814,0.2370332,9.70639
35.826,-0.08619389,0.23224466,9.6896305
35.861,-0.098165266,0.22506183,9.694419
35.898,-0.11492519,0.22506183,9.708784
35.926,-0.090982445,0.23224466,9.692024
35.958,-0.098165266,0.21309046,9.7135725
35.999,-0.11253092,0.21787901,9.708784
36.026,-0.08619389,0.22506183,9.694419
36.059,-0.102953814,0.23224466,9.701602
36.099,-0.105348095,0.23942748,9.715967
36.126,-0.11492519,0.22506183,9.708784
36.159,-0.090982445,0.22027329,9.701602
36.198,-0.08858817,0.21787901,9.70639
36.227,-0.098165266,0.22745611,9.725544
36.266,-0.09577099,0.22985038,9.703996
36.298,-0.09337672,0.21309046,9.711179
36.327,-0.09337672,0.21548474,9.725544
36.366,-0.10055954,0.22266756,9.708784
36.397,-0.098165266,0.22745611,9.715967
36.438,-0.11013664,0.21309046,9.711179
36.466,-0.098165266,0.23463893,9.684841
36.498,-0.098165266,0.21787901,9.708784
36.538,-0.08858817,0.22506183,9.720756
36.566,-0.105348095,0.22027329,9.708784
36.599,-0.090982445,0.23463893,9.70639
36.639,-0.102953814,0.21069619,9.7135725
36.666,-0.08619389,0.22745611,9.703996
36.699,-0.10055954,0.21309046,9.696813
36.737,-0.098165266,0.23463893,9.703996
36.766,-0.08619389,0.23463893,9.715967
36.805,-0.10774237,0.22745611,9.708784
36.837,-0.117319465,0.2370332,9.7135725
36.866,-0.07422252,0.23224466,9.711179
36.898,-0.08858817,0.22266756,9.715967
36.939,-0.102953814,0.22506183,9.696813
36.966,-0.102953814,0.22266756,9.7135725
37.006,-0.11013664,0.21548474,9.718362
37.038,-0.09577099,0.22266756,9.708784
37.066,-0.102953814,0.21787901,9.715967
37.107,-0.08619389,0.21069619,9.701602
37.140,-0.090982445,0.21309046,9.70639
37.179,-0.102953814,0.21787901,9.703996
37.206,-0.09577099,0.22745611,9.711179
37.239,-0.10055954,0.23224466,9.7135725
37.277,-0.10055954,0.22506183,9.708784
37.306,-0.10055954,0.22506183,9.696813
37.337,-0.10774237,0.21787901,9.718362
37.378,-0.07901107,0.21548474,9.715967
37.407,-0.09577099,0.22745611,9.715967
37.438,-0.10774237,0.22266756,9.7135725
37.478,-0.09337672,0.22266756,9.70639
37.506,-0.09577099,0.22266756,9.715967
37.537,-0.098165266,0.22745611,9.718362
37.578,-0.11253092,0.22027329,9.70639
37.606,-0.09337672,0.22745611,9.720756
37.638,-0.105348095,0.21548474,9.7135725
37.679,-0.10055954,0.23224466,9.70639
37.706,-0.09337672,0.23463893,9.7135725
37.738,-0.102953814,0.22506183,9.7135725
37.785,-0.105348095,0.22266756,9.715967
37.807,-0.098165266,0.2083019,9.703996
37.848,-0.102953814,0.22506183,9.70639
37.877,-0.10055954,0.22745611,9.701602
37.907,-0.076616794,0.21548474,9.732727
37.947,-0.10774237,0.22027329,9.701602
37.978,-0.11492519,0.22985038,9.72315
38.018,-0.09337672,0.22745611,9.715967
38.045,-0.09577099,0.22506183,9.708784
38.077,-0.08619389,0.22506183,9.703996
38.118,-0.09577099,0.21787901,9.725544
38.146,-0.09337672,0.23463893,9.6896305
38.178,-0.10774237,0.2370332,9.703996
38.217,-0.10055954,0.22027329,9.711179
38.246,-0.098165266,0.22985038,9.699207
38.278,-0.098165266,0.22266756,9.7135725
38.318,-0.090982445,0.23224466,9.70639
38.357,-0.11253092,0.21787901,9.720756
38.377,-0.098165266,0.22027329,9.718362
38.417,-0.105348095,0.21548474,9.699207
38.445,-0.08858817,0.22027329,9.696813
38.477,-0.11253092,0.22266756,9.703996
38.518,-0.10055954,0.22266756,9.70639
38.546,-0.09337672,0.22985038,9.711179
38.579,-0.08619389,0.21787901,9.699207
38.619,-0.08858817,0.22985038,9.715967
38.646,-0.105348095,0.23463893,9.711179
38.686,-0.11253092,0.22266756,9.711179
38.719,-0.08858817,0.2083019,9.7135725
38.747,-0.11013664,0.2083019,9.72315
38.786,-0.08140534,0.23463893,9.701602
38.819,-0.105348095,0.22506183,9.727939
38.857,-0.09337672,0.22027329,9.70639
38.886,-0.102953814,0.22985038,9.715967
38.918,-0.105348095,0.23224466,9.711179
38.957,-0.090982445,0.22506183,9.7135725
38.986,-0.08619389,0.22027329,9.701602
39.018,-0.10055954,0.22745611,9.694419
39.057,-0.10055954,0.2370332,9.70639
39.086,-0.10055954,0.22506183,9.699207
39.117,-0.09337672,0.22745611,9.696813
39.158,-0.08619389,0.21787901,9.718362
39.186,-0.102953814,0.22266756,9.725544
39.218,-0.098165266,0.23463893,9.699207
39.258,-0.076616794,0.23942748,9.715967
39.287,-0.09577099,0.21548474,9.701602
39.320,-0.11253092,0.23942748,9.699207
39.359,-0.117319465,0.21787901,9.682447
39.387,-0.105348095,0.21787901,9.7135725
39.418,-0.11253092,0.22745611,9.701602
39.459,-0.098165266,0.23224466,9.708784
39.486,-0.09577099,0.21309046,9.701602
39.527,-0.10774237,0.2083019,9.72315
39.559,-0.11253092,0.2083019,9.692024
39.588,-0.10055954,0.22506183,9.715967
39.627,-0.08619389,0.22506183,9.715967
39.660,-0.07901107,0.21069619,9.7135725
39.687,-0.08858817,0.23463893,9.715967
39.720,-0.11013664,0.2370332,9.715967
39.759,-0.10055954,0.23224466,9.720756
39.798,-0.105348095,0.22745611,9.70639
39.828,-0.090982445,0.23224466,9.72315
39.858,-0.098165266,0.22027329,9.70639
39.899,-0.11013664,0.21069619,9.7135725
39.927,-0.11253092,0.22985038,9.720756
39.958,-0.090982445,0.22027329,9.7135725
39.997,-0.11013664,0.22506183,9.701602
40.027,-0.08619389,0.22506183,9.703996
40.059,-0.09577099,0.21787901,9.727939
40.099,-0.090982445,0.22745611,9.7135725
40.127,-0.10774237,0.23463893,9.696813
40.159,-0.102953814,0.21309046,9.699207
40.199,-0.102953814,0.2370332,9.718362
40.227,-0.08619389,0.22027329,9.720756
40.259,-0.098165266,0.22027329,9.70639
40.298,-0.105348095,0.22266756,9.711179
40.327,-0.11013664,0.22266756,9.720756
40.362,-0.11013664,0.22027329,9.699207
40.397,-0.07901107,0.22027329,9.715967
40.426,-0.09577099,0.22266756,9.732727
40.467,-0.102953814,0.22506183,9.711179
40.498,-0.098165266,0.23463893,9.730332
40.527,-0.08858817,0.22266756,9.715967
40.567,-0.090982445,0.21787901,9.703996
40.598,-0.105348095,0.22027329,9.718362
40.639,-0.09577099,0.23463893,9.711179
40.666,-0.102953814,0.2370332,9.6896305
40.698,-0.11013664,0.23463893,9.70639
40.739,-0.09577099,0.21548474,9.720756
40.768,-0.09577099,0.22506183,9.70639
40.800,-0.09337672,0.22266756,9.715967
40.839,-0.090982445,0.22745611,9.70639
40.867,-0.102953814,0.21548474,9.711179
40.899,-0.10055954,0.22266756,9.711179
40.938,-0.11253092,0.23224466,9.7135725
40.967,-0.090982445,0.21309046,9.703996
40.998,-0.105348095,0.21787901,9.7135725
41.039,-0.083799616,0.22266756,9.720756
41.067,-0.10055954,0.2370332,9.708784
41.100,-0.09577099,0.22266756,9.718362
41.139,-0.11013664,0.22985038,9.7135725
41.167,-0.11971374,0.21787901,9.725544
41.207,-0.105348095,0.21548474,9.692024
41.238,-0.090982445,0.2083019,9.70639
41.267,-0.090982445,0.21548474,9.715967
41.307,-0.11253092,0.22985038,9.711179
41.338,-0.10774237,0.22745611,9.708784
41.380,-0.10055954,0.23942748,9.70639
41.407,-0.09337672,0.22266756,9.715967
41.438,-0.102953814,0.21309046,9.708784
41.478,-0.083799616,0.23224466,9.703996
41.507,-0.10774237,0.22506183,9.701602
41.539,-0.098165266,0.24182175,9.711179
41.568,-0.09337672,0.22745611,9.720756
41.606,-0.11013664,0.23463893,9.70639
41.638,-0.09577099,0.21787901,9.718362
41.680,-0.10774237,0.21309046,9.699207
41.709,-0.11253092,0.21787901,9.715967
41.739,-0.105348095,0.21787901,9.72315
41.779,-0.098165266,0.22266756,9.703996
41.807,-0.09337672,0.22506183,9.703996
41.839,-0.11492519,0.22985038,9.703996
41.879,-0.102953814,0.21787901,9.727939
41.906,-0.098165266,0.22985038,9.7135725
41.938,-0.11492519,0.23224466,9.708784
41.980,-0.11253092,0.22027329,9.711179
42.006,-0.083799616,0.22266756,9.715967
42.047,-0.10055954,0.22985038,9.701602
42.078,-0.08619389,0.22506183,9.718362
42.107,-0.105348095,0.24182175,9.70639
42.146,-0.10774237,0.22745611,9.694419
42.179,-0.102953814,0.22027329,9.701602
42.217,-0.09337672,0.21548474,9.718362
42.247,-0.10774237,0.23224466,9.699207
42.279,-0.105348095,0.23224466,9.711179
42.319,-0.08619389,0.21787901,9.715967
42.347,-0.09577099,0.22985038,9.708784
42.379,-0.09577099,0.2083019,9.699207
42.419,-0.12450229,0.22027329,9.715967
42.447,-0.10055954,0.22745611,9.720756
42.478,-0.08619389,0.22745611,9.708784
42.518,-0.10055954,0.23224466,9.7135725
42.546,-0.09337672,0.22266756,9.696813
42.578,-0.102953814,0.23463893,9.718362
42.618,-0.102953814,0.24182175,9.7135725
42.647,-0.105348095,0.22506183,9.7135725
42.678,-0.105348095,0.21548474,9.70639
42.719,-0.102953814,0.22027329,9.699207
42.746,-0.09577099,0.23942748,9.708784
42.783,-0.11013664,0.22506183,9.708784
42.819,-0.09337672,0.22266756,9.701602
42.846,-0.090982445,0.22745611,9.725544
42.879,-0.11013664,0.22266756,9.7135725
42.918,-0.105348095,0.2370332,9.718362
42.946,-0.090982445,0.23224466,9.703996
42.987,-0.09577099,0.20590763,9.708784
43.020,-0.102953814,0.22506183,9.715967
43.047,-0.09337672,0.21309046,9.70639
43.086,-0.117319465,0.22985038,9.708784
43.118,-0.10774237,0.22506183,9.718362
43.158,-0.10055954,0.23463893,9.720756
43.186,-0.098165266,0.22506183,9.703996
43.219,-0.083799616,0.22266756,9.70639
43.259,-0.11971374,0.22027329,9.694419
43.286,-0.08619389,0.22745611,9.696813
43.320,-0.105348095,0.22985038,9.72315
43.360,-0.09337672,0.22266756,9.703996
43.386,-0.090982445,0.22506183,9.7135725
43.416,-0.102953814,0.23224466,9.694419
43.457,-0.08858817,0.22266756,9.70639
43.486,-0.105348095,0.22266756,9.70639
43.518,-0.09337672,0.22266756,9.708784
43.558,-0.11253092,0.23463893,9.703996
43.585,-0.10774237,0.22985038,9.7135725
43.618,-0.09577099,0.23463893,9.7135725
43.658,-0.10055954,0.22745611,9.735122
43.686,-0.105348095,0.21548474,9.703996
43.727,-0.09337672,0.21787901,9.694419
43.758,-0.09577099,0.21069619,9.720756
43.787,-0.08619389,0.24421602,9.7135725
43.826,-0.102953814,0.22027329,9.70639
43.857,-0.09577099,0.22506183,9.715967
43.898,-0.09337672,0.23942748,9.703996
43.927,-0.11492519,0.24421602,9.708784
43.958,-0.090982445,0.22506183,9.694419
43.998,-0.11013664,0.22027329,9.684841
44.027,-0.102953814,0.22985038,9.696813
44.059,-0.090982445,0.22506183,9.715967
44.098,-0.117319465,0.23463893,9.703996
44.126,-0.08858817,0.22506183,9.715967
44.159,-0.09577099,0.22745611,9.720756
44.197,-0.10055954,0.21548474,9.70639
44.226,-0.11013664,0.23463893,9.715967
44.259,-0.09577099,0.22745611,9.699207
44.299,-0.105348095,0.22745611,9.708784
44.327,-0.09577099,0.22027329,9.696813
44.358,-0.07901107,0.22506183,9.70639
44.398,-0.090982445,0.24182175,9.715967
44.426,-0.09577099,0.22985038,9.7135725
44.466,-0.10055954,0.22506183,9.708784
44.499,-0.11013664,0.2083019,9.703996
44.526,-0.10774237,0.22266756,9.715967
44.559,-0.09577099,0.22027329,9.703996
44.598,-0.08619389,0.22745611,9.70639
44.627,-0.105348095,0.22985038,9.699207
44.660,-0.105348095,0.21548474,9.711179
44.700,-0.10774237,0.23942748,9.7135725
44.727,-0.09577099,0.22745611,9.711179
44.760,-0.09577099,0.21309046,9.70639
44.799,-0.10055954,0.22985038,9.715967
44.839,-0.09577099,0.22027329,9.72315
44.866,-0.076616794,0.22027329,9.720756
44.899,-0.08858817,0.2083019,9.703996
44.928,-0.105348095,0.21787901,9.718362
44.967,-0.102953814,0.21787901,9.703996
44.999,-0.09577099,0.22985038,9.7135725
45.039,-0.076616794,0.21787901,9.711179
45.067,-0.09337672,0.21787901,9.701602
45.099,-0.090982445,0.22266756,9.694419
45.139,-0.10055954,0.21787901,9.715967
45.169,-0.09337672,0.22506183,9.701602
45.200,-0.07901107,0.22745611,9.718362
45.239,-0.08619389,0.2083019,9.711179
45.268,-0.08858817,0.22985038,9.711179
45.299,-0.08140534,0.22506183,9.715967
45.340,-0.102953814,0.22506183,9.715967
45.368,-0.08619389,0.22506183,9.703996
45.406,-0.10055954,0.22745611,9.699207
45.439,-0.09577099,0.22027329,9.725544
45.467,-0.105348095,0.22027329,9.72315
45.507,-0.09337672,0.22985038,9.70639
45.540,-0.10055954,0.21787901,9.701602
45.567,-0.08858817,0.23224466,9.701602
45.606,-0.098165266,0.22506183,9.703996
45.639,-0.098165266,0.21069619,9.718362
45.678,-0.09337672,0.22266756,9.72315
45.707,-0.11253092,0.22506183,9.692024
45.738,-0.10055954,0.21548474,9.715967
45.780,-0.11013664,0.22266756,9.7135725
45.807,-0.10055954,0.22266756,9.72315
45.839,-0.10055954,0.22027329,9.703996
45.886,-0.098165266,0.21069619,9.708784
45.907,-0.09337672,0.2370332,9.70639
45.940,-0.10055954,0.22745611,9.718362
45.979,-0.10055954,0.22266756,9.711179
46.007,-0.09337672,0.22745611,9.7135725
46.039,-0.105348095,0.22266756,9.696813
46.079,-0.09577099,0.22506183,9.715967
46.107,-0.08140534,0.24900457,9.708784
46.139,-0.090982445,0.22506183,9.703996
46.179,-0.090982445,0.22745611,9.715967
46.208,-0.11013664,0.22027329,9.708784
46.239,-0.08858817,0.21548474,9.7135725
46.279,-0.11013664,0.22027329,9.718362
46.308,-0.102953814,0.21309046,9.715967
46.340,-0.098165266,0.22266756,9.699207
46.382,-0.102953814,0.22985038,9.692024
46.418,-0.10774237,0.21787901,9.703996
46.440,-0.105348095,0.21548474,9.70639
46.480,-0.09577099,0.21309046,9.708784
46.508,-0.102953814,0.2370332,9.696813
46.547,-0.08140534,0.21787901,9.687236
46.579,-0.105348095,0.21787901,9.720756
46.620,-0.10774237,0.21787901,9.696813
46.647,-0.105348095,0.22027329,9.701602
46.679,-0.08619389,0.22506183,9.7135725
46.719,-0.105348095,0.23224466,9.715967
46.747,-0.10055954,0.22745611,9.720756
46.779,-0.08140534,0.21787901,9.70639
46.820,-0.09577099,0.21309046,9.701602
46.847,-0.098165266,0.23942748,9.703996
46.879,-0.09337672,0.21548474,9.7135725
46.920,-0.10774237,0.23224466,9.735122
46.947,-0.10055954,0.22266756,9.718362
46.979,-0.098165266,0.22506183,9.72315
47.019,-0.09337672,0.21787901,9.732727
47.047,-0.102953814,0.22506183,9.70639
47.080,-0.08619389,0.22266756,9.7135725
47.118,-0.105348095,0.22027329,9.72315
47.146,-0.09337672,0.22506183,9.703996
47.187,-0.10055954,0.22266756,9.7135725
47.218,-0.102953814,0.22506183,9.708784
47.247,-0.09577099,0.21787901,9.701602
47.288,-0.09577099,0.22506183,9.720756
47.319,-0.083799616,0.22985038,9.699207
47.348,-0.083799616,0.23224466,9.718362
47.387,-0.105348095,0.22266756,9.703996
47.418,-0.10055954,0.20351335,9.70639
47.460,-0.11013664,0.22745611,9.711179
47.487,-0.11013664,0.23463893,9.7135725
47.518,-0.11492519,0.22745611,9.715967
47.558,-0.09337672,0.22985038,9.715967
47.587,-0.10774237,0.22027329,9.711179
47.619,-0.117319465,0.23463893,9.70639
47.659,-0.090982445,0.22506183,9.701602
47.690,-0.10774237,0.21787901,9.701602
47.721,-0.09337672,0.22027329,9.725544
47.760,-0.090982445,0.23224466,9.708784
47.788,-0.11492519,0.22506183,9.711179
47.820,-0.102953814,0.22266756,9.7135725
47.859,-0.10055954,0.23463893,9.720756
47.889,-0.07901107,0.22266756,9.696813
47.919,-0.10774237,0.21787901,9.720756
47.960,-0.090982445,0.22027329,9.692024
47.988,-0.102953814,0.22506183,9.70639
48.020,-0.102953814,0.22266756,9.699207
48.059,-0.098165266,0.22506183,9.694419
48.089,-0.11013664,0.22506183,9.703996
48.120,-0.08858817,0.21548474,9.701602
48.161,-0.105348095,0.22985038,9.70639
48.189,-0.10774237,0.21548474,9.699207
48.222,-0.105348095,0.23224466,9.701602
48.261,-0.08619389,0.22027329,9.711179
48.290,-0.10055954,0.22985038,9.708784
48.331,-0.09337672,0.21069619,9.696813
48.362,-0.11253092,0.24182175,9.711179
48.400,-0.09337672,0.2466103,9.708784
48.429,-0.10774237,0.2370332,9.715967
48.466,-0.11492519,0.22027329,9.708784
48.499,-0.09337672,0.23463893,9.70639
48.530,-0.10055954,0.22506183,9.725544
48.560,-0.098165266,0.22985038,9.72315
48.600,-0.090982445,0.21787901,9.703996
48.630,-0.11253092,0.22506183,9.711179
48.660,-0.09577099,0.21787901,9.701602
48.700,-0.11492519,0.22506183,9.696813
48.728,-0.11492519,0.2370332,9.70639
48.761,-0.083799616,0.21069619,9.7135725
48.801,-0.09337672,0.23224466,9.7135725
48.829,-0.090982445,0.22027329,9.703996
48.860,-0.090982445,0.23224466,9.703996
48.902,-0.08858817,0.22027329,9.703996
48.928,-0.098165266,0.23942748,9.70639
48.962,-0.11492519,0.22985038,9.727939
49.000,-0.098165266,0.20590763,9.725544
49.029,-0.08858817,0.22985038,9.718362
49.069,-0.105348095,0.22027329,9.703996
49.101,-0.08140534,0.22266756,9.715967
49.128,-0.083799616,0.22266756,9.708784
49.169,-0.105348095,0.21548474,9.730332
49.201,-0.09577099,0.22266756,9.7135725
49.240,-0.117319465,0.23942748,9.70639
49.269,-0.098165266,0.22266756,9.699207
49.303,-0.083799616,0.22506183,9.720756
49.340,-0.090982445,0.22985038,9.708784
49.368,-0.098165266,0.23224466,9.694419
49.400,-0.12210801,0.22027329,9.70639
49.441,-0.08619389,0.22027329,9.72315
49.469,-0.09577099,0.2083019,9.70639
49.501,-0.08858817,0.23942748,9.703996
49.540,-0.098165266,0.22266756,9.703996
49.569,-0.11253092,0.23224466,9.701602
49.601,-0.09337672,0.2466103,9.715967
49.640,-0.102953814,0.24182175,9.701602
49.669,-0.098165266,0.22985038,9.703996
49.700,-0.08858817,0.22266756,9.703996
49.741,-0.09577099,0.23942748,9.699207
49.769,-0.09337672,0.21309046,9.692024
49.801,-0.098165266,0.2370332,9.701602
49.841,-0.09577099,0.21548474,9.720756
49.869,-0.10055954,0.22985038,9.70639
49.909,-0.105348095,0.23224466,9.708784
49.940,-0.090982445,0.22506183,9.7135725
49.969,-0.10055954,0.22506183,9.70639
50.008,-0.09577099,0.22506183,9.711179
50.040,-0.07422252,0.22266756,9.711179
50.069,-0.11013664,0.22027329,9.708784
50.108,-0.090982445,0.22266756,9.696813
50.140,-0.105348095,0.22027329,9.708784
50.185,-0.09337672,0.22266756,9.701602
50.207,-0.08619389,0.22506183,9.701602
50.239,-0.102953814,0.2083019,9.70639
50.280,-0.098165266,0.21787901,9.701602
50.308,-0.10055954,0.21787901,9.708784
50.339,-0.10055954,0.22266756,9.711179
50.379,-0.102953814,0.21309046,9.708784
50.408,-0.11253092,0.23224466,9.715967
50.440,-0.08619389,0.23463893,9.7135725
50.480,-0.105348095,0.21548474,9.718362
50.509,-0.098165266,0.22266756,9.699207
50.541,-0.09577099,0.22027329,9.694419
50.583,-0.090982445,0.22266756,9.699207
50.609,-0.102953814,0.22027329,9.708784
50.640,-0.098165266,0.22745611,9.718362
50.681,-0.11013664,0.22745611,9.694419
50.709,-0.09577099,0.22027329,9.708784
50.749,-0.08140534,0.22506183,9.711179
50.780,-0.09337672,0.22506183,9.699207
50.808,-0.09337672,0.22985038,9.718362
50.848,-0.09337672,0.22985038,9.703996
50.880,-0.08858817,0.22745611,9.711179
50.909,-0.098165266,0.23463893,9.708784
50.948,-0.11253092,0.21787901,9.70639
50.980,-0.098165266,0.22027329,9.703996
51.021,-0.083799616,0.2370332,9.711179
51.049,-0.11013664,0.22266756,9.715967
51.080,-0.09577099,0.21548474,9.7135725
51.121,-0.09337672,0.22027329,9.699207
51.149,-0.09337672,0.21309046,9.694419
51.180,-0.08140534,0.21548474,9.720756
51.220,-0.11013664,0.21787901,9.7135725
51.248,-0.08619389,0.22266756,9.699207
51.280,-0.083799616,0.22266756,9.708784
51.320,-0.105348095,0.22266756,9.7135725
51.348,-0.10055954,0.22027329,9.718362
51.388,-0.11013664,0.21548474,9.7135725
51.420,-0.105348095,0.21548474,9.715967
51.449,-0.098165266,0.23224466,9.727939
51.480,-0.102953814,0.22027329,9.703996
51.520,-0.07422252,0.22985038,9.703996
51.549,-0.10774237,0.24182175,9.708784
51.581,-0.102953814,0.21309046,9.718362
51.621,-0.083799616,0.22985038,9.699207
51.649,-0.105348095,0.22985038,9.708784
51.689,-0.08140534,0.23942748,9.70639
51.719,-0.098165266,0.22985038,9.70639
51.749,-0.09577099,0.22506183,9.701602
51.789,-0.08858817,0.22027329,9.703996
51.820,-0.08858817,0.23942748,9.70639
51.860,-0.083799616,0.22266756,9.72315
51.889,-0.10055954,0.22506183,9.7135725
51.919,-0.098165266,0.21787901,9.718362
51.964,-0.08858817,0.22745611,9.7135725
51.988,-0.090982445,0.23942748,9.7135725
52.020,-0.102953814,0.22266756,9.696813
52.060,-0.102953814,0.21787901,9.7135725
52.088,-0.090982445,0.22985038,9.720756
52.120,-0.09577099,0.22985038,9.708784
52.160,-0.10055954,0.2083019,9.703996
52.188,-0.11253092,0.22027329,9.725544
52.220,-0.071828246,0.22027329,9.694419
52.260,-0.10055954,0.22985038,9.715967
52.289,-0.090982445,0.2370332,9.7135725
52.328,-0.10774237,0.21309046,9.70639
52.357,-0.08619389,0.20351335,9.701602
52.389,-0.10055954,0.22745611,9.703996
52.428,-0.11253092,0.22985038,9.711179
52.460,-0.102953814,0.22506183,9.711179
52.488,-0.105348095,0.22745611,9.715967
52.529,-0.10055954,0.21787901,9.727939
52.562,-0.098165266,0.23224466,9.711179
52.589,-0.08858817,0.23224466,9.72315
52.627,-0.102953814,0.23224466,9.703996
52.660,-0.090982445,0.21548474,9.701602
52.700,-0.09337672,0.23942748,9.708784
52.728,-0.10774237,0.22985038,9.703996
52.759,-0.12210801,0.22745611,9.701602
52.801,-0.102953814,0.22745611,9.699207
52.830,-0.105348095,0.2370332,9.708784
52.860,-0.10055954,0.22266756,9.715967
52.901,-0.10774237,0.22027329,9.72315
52.928,-0.11492519,0.22506183,9.703996
52.959,-0.090982445,0.22745611,9.701602
53.000,-0.09337672,0.21548474,9.699207
53.028,-0.098165266,0.23463893,9.718362
53.069,-0.09577099,0.2370332,9.701602
53.099,-0.10774237,0.23224466,9.701602
53.129,-0.10055954,0.24182175,9.703996
53.160,-0.083799616,0.22506183,9.696813
53.200,-0.08858817,0.21787901,9.696813
53.229,-0.08858817,0.22985038,9.718362
53.261,-0.09577099,0.22266756,9.708784
53.299,-0.09577099,0.2370332,9.701602
53.329,-0.090982445,0.22745611,9.720756
53.368,-0.09577099,0.22506183,9.727939
53.404,-0.09337672,0.22266756,9.70639
53.433,-0.098165266,0.21787901,9.70639
53.468,-0.09577099,0.22266756,9.694419
53.499,-0.09577099,0.21548474,9.703996
53.540,-0.090982445,0.2370332,9.720756
53.570,-0.071828246,0.23942748,9.70639
53.600,-0.08619389,0.2083019,9.70639
53.641,-0.098165266,0.22027329,9.715967
53.667,-0.098165266,0.23224466,9.725544
53.701,-0.11013664,0.22266756,9.696813
53.740,-0.10774237,0.22745611,9.708784
53.769,-0.102953814,0.23463893,9.7135725
53.802,-0.102953814,0.22745611,9.72315
53.840,-0.105348095,0.22027329,9.708784
53.869,-0.10774237,0.2083019,9.7135725
53.900,-0.09337672,0.22027329,9.72315
53.940,-0.10055954,0.22506183,9.694419
53.967,-0.10774237,0.22506183,9.708784
54.000,-0.09337672,0.22266756,9.715967
54.040,-0.09337672,0.22027329,9.725544
54.068,-0.105348095,0.23942748,9.715967
54.108,-0.08858817,0.22266756,9.708784
54.140,-0.11253092,0.20590763,9.715967
54.168,-0.10774237,0.23224466,9.708784
54.208,-0.098165266,0.2466103,9.692024
54.240,-0.08619389,0.23224466,9.703996
54.281,-0.10055954,0.21548474,9.699207
54.303,-0.102953814,0.23463893,9.70639
54.341,-0.11971374,0.22266756,9.715967
54.379,-0.090982445,0.21548474,9.703996
54.407,-0.098165266,0.22266756,9.711179
54.440,-0.07901107,0.22506183,9.711179
54.480,-0.076616794,0.23463893,9.699207
54.510,-0.098165266,0.21787901,9.70639
54.539,-0.10055954,0.21309046,9.699207
54.581,-0.098165266,0.20111908,9.701602
54.608,-0.09577099,0.2083019,9.7135725
54.639,-0.090982445,0.22745611,9.7135725
54.680,-0.07901107,0.22027329,9.701602
54.709,-0.117319465,0.22266756,9.708784
54.740,-0.11013664,0.24182175,9.699207
54.781,-0.11492519,0.21787901,9.711179
54.807,-0.08858817,0.22745611,9.715967
54.840,-0.10055954,0.22745611,9.718362
54.881,-0.09577099,0.22266756,9.708784
54.908,-0.10774237,0.2370332,9.7135725
54.949,-0.11492519,0.22985038,9.708784
54.979,-0.083799616,0.21069619,9.715967
55.008,-0.09337672,0.2083019,9.694419
55.048,-0.10774237,0.22266756,9.7135725
55.081,-0.09577099,0.22985038,9.703996
55.109,-0.102953814,0.24182175,9.701602
55.150,-0.10055954,0.22266756,9.694419
55.180,-0.10055954,0.21787901,9.715967
55.222,-0.09337672,0.22266756,9.708784
55.248,-0.11492519,0.22985038,9.70639
55.282,-0.102953814,0.21787901,9.708784
55.320,-0.102953814,0.23463893,9.703996
55.353,-0.11013664,0.22027329,9.718362
55.381,-0.10055954,0.22745611,9.70639
55.421,-0.10774237,0.22506183,9.703996
55.449,-0.07901107,0.21787901,9.720756
55.480,-0.11013664,0.24421602,9.70639
55.520,-0.083799616,0.22027329,9.70639
55.550,-0.083799616,0.22266756,9.711179
55.581,-0.10774237,0.21787901,9.701602
55.621,-0.102953814,0.23463893,9.70639
55.649,-0.08858817,0.22506183,9.703996
55.681,-0.10774237,0.21548474,9.711179
55.720,-0.09577099,0.23463893,9.720756
55.749,-0.10055954,0.20351335,9.7135725
55.781,-0.105348095,0.22985038,9.701602
55.821,-0.090982445,0.22027329,9.708784
55.849,-0.09577099,0.22266756,9.708784
55.890,-0.102953814,0.22506183,9.70639
55.921,-0.10774237,0.22506183,9.699207
55.949,-0.09577099,0.23463893,9.715967
55.989,-0.08619389,0.22266756,9.701602
56.020,-0.10055954,0.22506183,9.694419
56.060,-0.098165266,0.21548474,9.70639
56.088,-0.102953814,0.22506183,9.703996
56.120,-0.102953814,0.2370332,9.708784
56.161,-0.10055954,0.22266756,9.701602
56.189,-0.08858817,0.22506183,9.703996
56.221,-0.11013664,0.23224466,9.708784
56.261,-0.105348095,0.23463893,9.70639
56.289,-0.10055954,0.23224466,9.703996
56.320,-0.11492519,0.22266756,9.701602
56.352,-0.08619389,0.23224466,9.708784
56.388,-0.08619389,0.22027329,9.718362
56.424,-0.11013664,0.21309046,9.711179
56.461,-0.10055954,0.21548474,9.703996
56.489,-0.105348095,0.22506183,9.70639
56.521,-0.09577099,0.21309046,9.718362
56.560,-0.102953814,0.21787901,9.701602
56.590,-0.08858817,0.21787901,9.708784
56.622,-0.11253092,0.21548474,9.727939
56.660,-0.10774237,0.22266756,9.694419
56.690,-0.09577099,0.22027329,9.703996
56.730,-0.09577099,0.22027329,9.7135725
56.761,-0.08619389,0.22506183,9.711179
56.790,-0.083799616,0.22506183,9.703996
56.828,-0.10055954,0.22506183,9.708784
56.861,-0.098165266,0.22027329,9.7135725
56.899,-0.09577099,0.21787901,9.711179
56.928,-0.08858817,0.2370332,9.699207
56.959,-0.102953814,0.23224466,9.711179
56.999,-0.09577099,0.23224466,9.72315
57.028,-0.090982445,0.20590763,9.70639
57.060,-0.09577099,0.22266756,9.7135725
57.101,-0.090982445,0.2370332,9.711179
57.128,-0.11253092,0.23942748,9.703996
57.160,-0.098165266,0.22506183,9.708784
57.201,-0.102953814,0.22985038,9.699207
57.230,-0.09577099,0.22506183,9.70639
57.261,-0.08858817,0.22027329,9.70639
57.301,-0.08140534,0.21069619,9.708784
57.329,-0.09337672,0.21069619,9.694419
57.361,-0.102953814,0.22027329,9.703996
57.400,-0.08619389,0.22985038,9.694419
57.428,-0.105348095,0.22027329,9.7135725
57.461,-0.09577099,0.23224466,9.720756
57.501,-0.098165266,0.21069619,9.735122
57.529,-0.10055954,0.22745611,9.718362
57.569,-0.10774237,0.23463893,9.708784
57.601,-0.105348095,0.22027329,9.708784
57.629,-0.098165266,0.23463893,9.699207
57.668,-0.10774237,0.22985038,9.725544
57.701,-0.08858817,0.22506183,9.72315
57.741,-0.08140534,0.22506183,9.703996
57.769,-0.11492519,0.23224466,9.708784
57.801,-0.102953814,0.20351335,9.699207
57.842,-0.09577099,0.23224466,9.708784
57.869,-0.098165266,0.21309046,9.715967
57.901,-0.10055954,0.23942748,9.715967
57.939,-0.10055954,0.22266756,9.7135725
57.969,-0.10055954,0.2370332,9.701602
57.999,-0.09337672,0.23224466,9.701602
58.040,-0.090982445,0.22745611,9.718362
58.069,-0.09577099,0.22027329,9.708784
58.100,-0.090982445,0.22985038,9.70639
58.140,-0.098165266,0.23463893,9.725544
58.169,-0.105348095,0.22266756,9.694419
58.201,-0.10774237,0.22506183,9.718362
58.240,-0.08619389,0.21787901,9.70639
58.269,-0.08858817,0.22027329,9.715967
58.301,-0.090982445,0.22506183,9.692024
58.341,-0.09337672,0.2370332,9.708784
58.369,-0.08619389,0.21548474,9.70639
58.408,-0.09577099,0.21309046,9.718362
58.441,-0.102953814,0.21309046,9.7135725
58.481,-0.090982445,0.2466103,9.70639
58.509,-0.08858817,0.22027329,9.701602
58.541,-0.11013664,0.21787901,9.708784
58.580,-0.10774237,0.21309046,9.701602
58.608,-0.102953814,0.20590763,9.701602
58.640,-0.09577099,0.22266756,9.703996
58.681,-0.09577099,0.23463893,9.70639
58.709,-0.09337672,0.23224466,9.70639
58.741,-0.105348095,0.23463893,9.72315
58.780,-0.10055954,0.22745611,9.703996
58.809,-0.10055954,0.22985038,9.701602
58.841,-0.11253092,0.22506183,9.708784
58.879,-0.11013664,0.22985038,9.7135725
58.908,-0.10055954,0.21548474,9.718362
58.940,-0.10055954,0.22027329,9.703996
58.980,-0.102953814,0.22745611,9.720756
59.009,-0.102953814,0.22745611,9.696813
59.042,-0.10055954,0.23463893,9.701602
59.081,-0.09577099,0.2370332,9.703996
59.108,-0.098165266,0.2370332,9.711179
59.142,-0.09337672,0.21309046,9.703996
59.183,-0.11013664,0.23463893,9.727939
59.208,-0.090982445,0.2083019,9.708784
59.244,-0.098165266,0.22745611,9.696813
59.280,-0.08858817,0.22985038,9.70639
59.320,-0.08619389,0.22027329,9.718362
59.349,-0.09577099,0.22506183,9.699207
59.382,-0.098165266,0.21069619,9.715967
59.410,-0.105348095,0.22266756,9.694419
59.448,-0.08858817,0.22745611,9.711179
59.480,-0.105348095,0.2466103,9.70639
59.519,-0.09337672,0.22266756,9.699207
59.550,-0.105348095,0.21787901,9.70639
59.581,-0.12210801,0.22985038,9.715967
59.620,-0.10055954,0.22506183,9.708784
59.648,-0.08858817,0.21787901,9.70639
59.681,-0.09577099,0.23463893,9.701602
59.721,-0.090982445,0.23224466,9.7135725
59.749,-0.10055954,0.22506183,9.703996
59.780,-0.07422252,0.2083019,9.715967
59.820,-0.09337672,0.21309046,9.708784
59.849,-0.098165266,0.21548474,9.720756
59.881,-0.11492519,0.22506183,9.703996
59.920,-0.10055954,0.2370332,9.692024
59.948,-0.10055954,0.23463893,9.711179
59.988,-0.09577099,0.21787901,9.699207
