timestamp,x,y,z
00.005,-0.86193895,-0.5602603,9.6585045
00.037,-0.87151605,-0.5650489,9.646533
00.065,-0.8739103,-0.56265455,9.675264
00.097,-0.87630457,-0.57462597,9.646533
00.138,-0.87630457,-0.5794145,9.660899
00.166,-0.8643332,-0.57462597,9.653716
00.198,-0.8643332,-0.56744313,9.656111
00.238,-0.8667275,-0.5506832,9.665688
00.266,-0.88109314,-0.56744313,9.656111
00.298,-0.88109314,-0.56265455,9.656111
00.338,-0.86912173,-0.56744313,9.660899
00.365,-0.8643332,-0.57462597,9.653716
00.399,-0.8547561,-0.5602603,9.663293
00.438,-0.8667275,-0.55307746,9.663293
00.467,-0.8667275,-0.5602603,9.663293
00.507,-0.86912173,-0.5554718,9.668081
00.538,-0.8667275,-0.5506832,9.663293
00.578,-0.87151605,-0.56744313,9.668081
00.600,-0.87630457,-0.5554718,9.675264
00.637,-0.87151605,-0.55786604,9.653716
00.678,-0.85236186,-0.5770202,9.670476
00.707,-0.8571504,-0.55786604,9.660899
00.739,-0.8739103,-0.5458947,9.660899
00.777,-0.85954463,-0.57462597,9.675264
00.805,-0.8786988,-0.5554718,9.648928
00.837,-0.85954463,-0.5698374,9.660899
00.876,-0.87630457,-0.57223165,9.6585045
00.905,-0.87151605,-0.55307746,9.670476
00.936,-0.86912173,-0.55786604,9.665688
00.977,-0.88109314,-0.5698374,9.672871
01.005,-0.87630457,-0.5506832,9.648928
01.037,-0.84996754,-0.57223165,9.672871
01.079,-0.88588166,-0.5650489,9.651321
01.107,-0.8643332,-0.5602603,9.660899
01.138,-0.8667275,-0.5794145,9.668081
01.177,-0.88109314,-0.57223165,9.660899
01.206,-0.8739103,-0.5650489,9.6585045
01.244,-0.86912173,-0.55786604,9.663293
01.278,-0.86193895,-0.55307746,9.660899
01.318,-0.8739103,-0.5650489,9.665688
01.346,-0.85236186,-0.55786604,9.677659
01.378,-0.86912173,-0.5602603,9.663293
01.418,-0.8667275,-0.5506832,9.670476
01.445,-0.87630457,-0.5770202,9.653716
01.478,-0.8786988,-0.55786604,9.651321
01.519,-0.86912173,-0.57223165,9.653716
01.546,-0.8643332,-0.57223165,9.665688
01.579,-0.87630457,-0.5506832,9.668081
01.618,-0.8786988,-0.5698374,9.663293
01.646,-0.8667275,-0.5602603,9.656111
01.678,-0.86912173,-0.56744313,9.660899
01.718,-0.8786988,-0.56744313,9.665688
01.748,-0.86193895,-0.56265455,9.672871
01.777,-0.85954463,-0.55786604,9.672871
01.817,-0.85954463,-0.5650489,9.665688
01.844,-0.8643332,-0.57223165,9.668081
01.885,-0.86912173,-0.56744313,9.660899
01.917,-0.8547561,-0.5602603,9.672871
01.945,-0.88109314,-0.5554718,9.670476
01.978,-0.86912173,-0.55786604,9.668081
02.017,-0.8667275,-0.55786604,9.663293
02.057,-0.86193895,-0.5770202,9.677659
02.079,-0.8643332,-0.5698374,9.670476
02.119,-0.8739103,-0.55786604,9.668081
02.158,-0.8834874,-0.57223165,9.665688
02.187,-0.88109314,-0.56265455,9.6585045
02.219,-0.86193895,-0.5698374,9.644139
02.256,-0.86912173,-0.55786604,9.653716
02.285,-0.8667275,-0.56265455,9.665688
02.318,-0.8643332,-0.5650489,9.644139
02.358,-0.8739103,-0.5770202,9.6585045
02.386,-0.87630457,-0.56265455,9.653716
02.417,-0.87630457,-0.5650489,9.668081
02.459,-0.8834874,-0.5650489,9.653716
02.486,-0.8739103,-0.5650489,9.653716
02.519,-0.8643332,-0.5506832,9.656111
02.559,-0.8667275,-0.56265455,9.672871
02.586,-0.8739103,-0.56265455,9.665688
02.617,-0.87630457,-0.5698374,9.680053
02.659,-0.8643332,-0.5698374,9.651321
02.686,-0.86912173,-0.5458947,9.670476
02.718,-0.86912173,-0.56744313,9.656111
02.759,-0.8667275,-0.56744313,9.665688
02.786,-0.87630457,-0.56265455,9.656111
02.818,-0.8643332,-0.56265455,9.656111
02.858,-0.8739103,-0.5650489,9.651321
02.886,-0.8739103,-0.5698374,9.670476
02.926,-0.86912173,-0.5554718,9.660899
02.957,-0.8667275,-0.55786604,9.668081
02.986,-0.86193895,-0.5698374,9.672871
03.026,-0.8667275,-0.54828894,9.665688
03.059,-0.84996754,-0.5698374,9.668081
03.099,-0.8739103,-0.5602603,9.656111
03.126,-0.87151605,-0.5602603,9.668081
03.158,-0.8643332,-0.57223165,9.670476
03.198,-0.87630457,-0.55786604,9.663293
03.227,-0.85954463,-0.5770202,9.653716
03.258,-0.87151605,-0.56265455,9.656111
03.297,-0.8571504,-0.56265455,9.648928
03.327,-0.8571504,-0.56744313,9.6585045
03.358,-0.87151605,-0.5770202,9.663293
03.398,-0.8834874,-0.5650489,9.6585045
03.427,-0.86193895,-0.5554718,9.660899
03.458,-0.88109314,-0.56744313,9.656111
03.498,-0.8786988,-0.5602603,9.651321
03.528,-0.8667275,-0.5818088,9.670476
03.559,-0.88109314,-0.5554718,9.670476
03.599,-0.8739103,-0.56265455,9.651321
03.627,-0.8667275,-0.57223165,9.670476
03.659,-0.87151605,-0.56744313,9.651321
03.698,-0.8978531,-0.56744313,9.651321
03.728,-0.87151605,-0.55786604,9.651321
03.759,-0.86193895,-0.56265455,9.660899
03.798,-0.888276,-0.5698374,9.656111
03.826,-0.8739103,-0.56265455,9.665688
03.867,-0.888276,-0.5650489,9.663293
03.898,-0.87630457,-0.56265455,9.663293
03.936,-0.87151605,-0.54828894,9.665688
03.965,-0.8667275,-0.5650489,9.684841
03.997,-0.8571504,-0.55786604,9.653716
04.038,-0.8667275,-0.5770202,9.677659
04.066,-0.8571504,-0.57223165,9.651321
04.098,-0.87630457,-0.56265455,9.653716
04.138,-0.8786988,-0.56265455,9.677659
04.166,-0.8547561,-0.5602603,9.6585045
04.201,-0.8643332,-0.5506832,9.656111
04.238,-0.8667275,-0.57223165,9.670476
04.265,-0.8739103,-0.5554718,9.675264
04.297,-0.8643332,-0.56744313,9.663293
04.338,-0.88588166,-0.5554718,9.675264
04.366,-0.86193895,-0.55786604,9.6585045
04.397,-0.8571504,-0.5770202,9.646533
04.438,-0.8930645,-0.57462597,9.670476
04.466,-0.85954463,-0.5650489,9.656111
04.498,-0.86912173,-0.56744313,9.653716
04.538,-0.8834874,-0.5554718,9.656111
04.566,-0.85954463,-0.57223165,9.668081
04.607,-0.8786988,-0.55786604,9.663293
04.638,-0.86912173,-0.56265455,9.660899
04.667,-0.84996754,-0.54828894,9.6585045
04.707,-0.8643332,-0.5698374,9.660899
04.738,-0.88109314,-0.56744313,9.668081
04.777,-0.8667275,-0.55307746,9.672871
04.806,-0.85954463,-0.56744313,9.656111
04.837,-0.88109314,-0.54828894,9.660899
04.879,-0.86912173,-0.5602603,9.665688
04.905,-0.8571504,-0.5770202,9.672871
04.937,-0.86912173,-0.5602603,9.651321
04.977,-0.86912173,-0.5554718,9.668081
05.005,-0.86912173,-0.5602603,9.6585045
05.037,-0.8643332,-0.55786604,9.665688
05.078,-0.85954463,-0.56265455,9.646533
05.106,-0.87151605,-0.55786604,9.668081
05.138,-0.85954463,-0.56744313,9.6585045
05.178,-0.86912173,-0.55786604,9.668081
05.206,-0.8643332,-0.55786604,9.663293
05.238,-0.86912173,-0.5650489,9.663293
05.281,-0.86912173,-0.5458947,9.653716
05.305,-0.8739103,-0.54828894,9.6585045
05.342,-0.87151605,-0.55307746,9.684841
05.378,-0.8643332,-0.55307746,9.668081
05.406,-0.85954463,-0.5650489,9.663293
05.439,-0.87151605,-0.56265455,9.675264
05.478,-0.85954463,-0.56744313,9.670476
05.507,-0.88109314,-0.5602603,9.663293
05.546,-0.84996754,-0.54828894,9.665688
05.579,-0.8643332,-0.56265455,9.682447
05.619,-0.87630457,-0.57223165,9.653716
05.646,-0.87630457,-0.5602603,9.653716
05.678,-0.87151605,-0.57223165,9.651321
05.719,-0.8739103,-0.5650489,9.653716
05.746,-0.85954463,-0.5650489,9.668081
05.777,-0.8667275,-0.54828894,9.670476
05.817,-0.8667275,-0.57462597,9.675264
05.847,-0.8739103,-0.5770202,9.672871
05.878,-0.86912173,-0.5554718,9.670476
05.917,-0.8643332,-0.5865973,9.668081
05.945,-0.8667275,-0.55786604,9.668081
05.977,-0.8571504,-0.56744313,9.663293
06.017,-0.87630457,-0.5650489,9.675264
06.046,-0.87151605,-0.57223165,9.660899
06.078,-0.86193895,-0.5650489,9.682447
06.119,-0.8739103,-0.55786604,9.663293
06.146,-0.8667275,-0.56744313,9.692024
06.179,-0.86912173,-0.5650489,9.656111
06.218,-0.8739103,-0.5602603,9.6585045
06.245,-0.87630457,-0.57462597,9.684841
06.286,-0.87151605,-0.57223165,9.675264
06.316,-0.8643332,-0.5650489,9.670476
06.347,-0.87630457,-0.57223165,9.670476
06.387,-0.8834874,-0.5506832,9.668081
06.418,-0.86193895,-0.5650489,9.6585045
06.458,-0.88588166,-0.5794145,9.6585045
06.486,-0.8667275,-0.5554718,9.677659
06.519,-0.87151605,-0.5602603,9.687236
06.560,-0.86912173,-0.5506832,9.665688
06.587,-0.8547561,-0.56265455,9.675264
06.618,-0.8667275,-0.5554718,9.660899
06.659,-0.8786988,-0.57223165,9.670476
06.686,-0.87151605,-0.57462597,9.680053
06.719,-0.8667275,-0.5458947,9.670476
06.757,-0.8643332,-0.5650489,9.668081
06.786,-0.86193895,-0.5602603,9.660899
06.817,-0.86912173,-0.5770202,9.675264
06.857,-0.87151605,-0.57462597,9.672871
06.887,-0.86193895,-0.56265455,9.668081
06.917,-0.8667275,-0.56744313,9.696813
06.957,-0.86912173,-0.5650489,9.670476
06.985,-0.88109314,-0.5554718,9.675264
07.022,-0.8667275,-0.55307746,9.668081
07.058,-0.87151605,-0.57223165,9.675264
07.097,-0.8739103,-0.57223165,9.663293
07.125,-0.86193895,-0.55786604,9.675264
07.157,-0.8786988,-0.5650489,9.672871
07.222,-0.8643332,-0.55307746,9.692024
07.259,-0.85954463,-0.54828894,9.699207
07.297,-0.8786988,-0.5554718,9.680053
07.326,-0.8667275,-0.5698374,9.682447
07.357,-0.85236186,-0.56744313,9.680053
07.397,-0.8667275,-0.5506832,9.682447
07.425,-0.8739103,-0.56744313,9.687236
07.456,-0.8786988,-0.55786604,9.665688
07.498,-0.86912173,-0.5602603,9.677659
07.525,-0.86193895,-0.5506832,9.677659
07.557,-0.8547561,-0.5698374,9.670476
07.597,-0.8786988,-0.5698374,9.684841
07.625,-0.8667275,-0.55786604,9.665688
07.658,-0.85954463,-0.57223165,9.677659
07.698,-0.85954463,-0.57223165,9.692024
07.726,-0.8571504,-0.55307746,9.677659
07.757,-0.8643332,-0.5506832,9.692024
07.797,-0.87151605,-0.57223165,9.694419
07.825,-0.87630457,-0.5698374,9.668081
07.865,-0.8571504,-0.57462597,9.670476
07.896,-0.8643332,-0.5698374,9.660899
07.925,-0.86912173,-0.5602603,9.675264
07.964,-0.86912173,-0.5650489,9.665688
07.996,-0.86912173,-0.5698374,9.677659
08.036,-0.8547561,-0.5650489,9.665688
08.066,-0.8667275,-0.57223165,9.680053
08.098,-0.88109314,-0.56744313,9.670476
08.138,-0.86193895,-0.5650489,9.675264
08.168,-0.86912173,-0.5650489,9.670476
08.197,-0.86912173,-0.57223165,9.680053
08.237,-0.8667275,-0.57462597,9.675264
08.267,-0.85236186,-0.5698374,9.656111
08.298,-0.8834874,-0.5770202,9.677659
08.338,-0.85954463,-0.5506832,9.665688
08.366,-0.8834874,-0.5794145,9.675264
08.399,-0.87151605,-0.5650489,9.680053
08.437,-0.8786988,-0.5698374,9.670476
08.466,-0.86193895,-0.56265455,9.677659
08.498,-0.87151605,-0.57223165,9.668081
08.538,-0.8667275,-0.56265455,9.668081
08.566,-0.8667275,-0.56744313,9.663293
08.597,-0.8834874,-0.56265455,9.675264
08.638,-0.8739103,-0.55307746,9.670476
08.666,-0.8643332,-0.57223165,9.675264
08.699,-0.85954463,-0.57223165,9.665688
08.737,-0.86912173,-0.56744313,9.670476
08.765,-0.87151605,-0.56265455,9.663293
08.804,-0.86912173,-0.56265455,9.663293
08.837,-0.85954463,-0.57462597,9.665688
08.878,-0.88109314,-0.54828894,9.682447
08.905,-0.85954463,-0.5602603,9.684841
08.940,-0.8667275,-0.58420306,9.660899
08.977,-0.87151605,-0.56744313,9.670476
09.004,-0.8475733,-0.57462597,9.682447
09.041,-0.8786988,-0.56744313,9.675264
09.079,-0.85954463,-0.5650489,9.6896305
09.105,-0.8739103,-0.5363176,9.665688
09.138,-0.87630457,-0.56265455,9.687236
09.178,-0.88109314,-0.56265455,9.675264
09.206,-0.87630457,-0.5770202,9.680053
09.239,-0.88588166,-0.55307746,9.668081
09.277,-0.8643332,-0.56744313,9.680053
09.305,-0.88109314,-0.56265455,9.668081
09.337,-0.85954463,-0.56265455,9.672871
09.378,-0.85954463,-0.55786604,9.668081
09.405,-0.86912173,-0.5602603,9.665688
09.437,-0.8739103,-0.55307746,9.675264
09.479,-0.87630457,-0.5650489,9.665688
09.506,-0.87630457,-0.55307746,9.656111
09.539,-0.8643332,-0.5650489,9.670476
09.578,-0.86912173,-0.55786604,9.680053
09.605,-0.86193895,-0.55786604,9.682447
09.646,-0.8834874,-0.5698374,9.675264
09.678,-0.88109314,-0.55786604,9.672871
09.718,-0.84996754,-0.54828894,9.677659
09.747,-0.8643332,-0.57223165,9.663293
09.776,-0.87151605,-0.5602603,9.687236
09.816,-0.89067024,-0.5698374,9.665688
09.845,-0.88588166,-0.56265455,9.665688
09.878,-0.8739103,-0.55786604,9.684841
09.916,-0.87151605,-0.5650489,9.670476
09.944,-0.8786988,-0.56265455,9.680053
09.977,-0.86193895,-0.56744313,9.663293
10.008,-0.8643332,-0.5602603,9.677659
10.045,-0.87630457,-0.5698374,9.672871
10.077,-0.87630457,-0.56265455,9.660899
10.119,-0.8571504,-0.5650489,9.668081
10.145,-0.87630457,-0.5602603,9.668081
10.178,-0.8667275,-0.55307746,9.680053
10.218,-0.8571504,-0.5602603,9.680053
10.246,-0.8667275,-0.5554718,9.660899
10.277,-0.86193895,-0.5650489,9.677659
10.319,-0.8739103,-0.55786604,9.670476
10.347,-0.86193895,-0.5650489,9.660899
10.378,-0.85954463,-0.54828894,9.648928
10.418,-0.85954463,-0.55786604,9.682447
10.445,-0.8667275,-0.5554718,9.677659
10.485,-0.86193895,-0.5650489,9.665688
10.518,-0.85954463,-0.56265455,9.663293
10.546,-0.8786988,-0.5650489,9.6585045
10.585,-0.85954463,-0.56265455,9.680053
10.618,-0.8643332,-0.5650489,9.6585045
10.647,-0.8739103,-0.56744313,9.675264
10.685,-0.86912173,-0.57223165,9.660899
10.718,-0.89067024,-0.55307746,9.663293
10.748,-0.85954463,-0.5698374,9.675264
10.785,-0.87630457,-0.54828894,9.663293
10.817,-0.85236186,-0.5602603,9.682447
10.857,-0.87151605,-0.5554718,9.6585045
10.886,-0.88109314,-0.5698374,9.665688
10.916,-0.8643332,-0.5602603,9.680053
10.955,-0.87630457,-0.5602603,9.672871
10.985,-0.888276,-0.5794145,9.680053
11.016,-0.88588166,-0.54350036,9.668081
11.057,-0.8643332,-0.5794145,9.670476
11.086,-0.8739103,-0.5602603,9.672871
11.117,-0.86912173,-0.55307746,9.660899
11.157,-0.87630457,-0.56744313,9.660899
11.186,-0.8786988,-0.5650489,9.663293
11.218,-0.8786988,-0.55307746,9.6585045
11.258,-0.8571504,-0.5650489,9.692024
11.286,-0.8786988,-0.5506832,9.675264
11.319,-0.88588166,-0.5554718,9.668081
11.357,-0.86912173,-0.56265455,9.656111
11.386,-0.87151605,-0.5650489,9.665688
11.427,-0.87151605,-0.57462597,9.668081
11.458,-0.86912173,-0.56744313,9.680053
11.498,-0.888276,-0.5698374,9.653716
11.527,-0.88588166,-0.5554718,9.682447
11.559,-0.86912173,-0.5650489,9.672871
11.597,-0.86912173,-0.56265455,9.663293
11.626,-0.8667275,-0.5602603,9.6585045
11.659,-0.8643332,-0.5698374,9.680053
11.698,-0.87630457,-0.5650489,9.675264
11.726,-0.8930645,-0.5650489,9.665688
11.758,-0.8643332,-0.5602603,9.670476
11.796,-0.87151605,-0.5602603,9.668081
11.824,-0.86912173,-0.5506832,9.668081
11.857,-0.8739103,-0.5554718,9.665688
11.897,-0.87630457,-0.56265455,9.682447
11.924,-0.8643332,-0.5698374,9.670476
11.964,-0.87630457,-0.5602603,9.6585045
11.996,-0.8786988,-0.5506832,9.680053
12.024,-0.8834874,-0.5650489,9.670476
12.064,-0.8643332,-0.5602603,9.684841
12.097,-0.8643332,-0.5554718,9.660899
12.127,-0.86193895,-0.57223165,9.665688
12.166,-0.8667275,-0.5506832,9.665688
12.197,-0.87151605,-0.56265455,9.672871
12.226,-0.8786988,-0.56744313,9.677659
12.266,-0.88588166,-0.5650489,9.648928
12.296,-0.87630457,-0.56744313,9.670476
12.337,-0.8739103,-0.57223165,9.665688
12.365,-0.87630457,-0.56744313,9.656111
12.398,-0.8667275,-0.5794145,9.668081
12.438,-0.86193895,-0.5506832,9.6585045
12.466,-0.8667275,-0.57223165,9.660899
12.497,-0.87630457,-0.55786604,9.672871
12.542,-0.85236186,-0.55307746,9.670476
12.566,-0.86912173,-0.5650489,9.675264
12.597,-0.86912173,-0.5818088,9.660899
12.637,-0.8643332,-0.55786604,9.660899
12.665,-0.87151605,-0.5794145,9.653716
12.698,-0.8643332,-0.56265455,9.656111
12.739,-0.86912173,-0.5698374,9.668081
12.765,-0.8739103,-0.5458947,9.668081
12.804,-0.8571504,-0.56744313,9.672871
12.836,-0.86193895,-0.5650489,9.660899
12.865,-0.8571504,-0.5602603,9.672871
12.904,-0.88109314,-0.57223165,9.644139
12.936,-0.8643332,-0.56744313,9.665688
12.965,-0.8786988,-0.5458947,9.680053
13.004,-0.87630457,-0.56744313,9.682447
13.036,-0.88109314,-0.5650489,9.668081
13.067,-0.85954463,-0.57223165,9.668081
13.105,-0.8834874,-0.55786604,9.675264
13.138,-0.8667275,-0.55307746,9.6585045
13.177,-0.87151605,-0.56265455,9.651321
13.206,-0.86193895,-0.5698374,9.668081
13.236,-0.87151605,-0.56744313,9.665688
13.277,-0.888276,-0.55786604,9.668081
13.305,-0.86912173,-0.5506832,9.653716
13.337,-0.88109314,-0.56265455,9.672871
13.379,-0.8834874,-0.57462597,9.668081
13.405,-0.8739103,-0.56265455,9.677659
13.438,-0.86193895,-0.5794145,9.663293
13.478,-0.8643332,-0.57223165,9.656111
13.505,-0.88109314,-0.57223165,9.682447
13.538,-0.87630457,-0.56744313,9.665688
13.578,-0.8667275,-0.5554718,9.653716
13.605,-0.86912173,-0.57462597,9.668081
13.645,-0.8739103,-0.5602603,9.660899
13.678,-0.8667275,-0.55307746,9.675264
13.706,-0.88109314,-0.57462597,9.6585045
13.748,-0.87151605,-0.5770202,9.663293
13.776,-0.88588166,-0.5650489,9.677659
13.805,-0.8667275,-0.5554718,9.670476
13.844,-0.8643332,-0.56744313,9.660899
13.877,-0.87630457,-0.5602603,9.653716
13.916,-0.86912173,-0.56744313,9.6585045
13.944,-0.88109314,-0.5602603,9.677659
13.976,-0.87630457,-0.56265455,9.668081
14.016,-0.8667275,-0.5506832,9.644139
14.044,-0.8834874,-0.5602603,9.675264
14.078,-0.85954463,-0.57223165,9.677659
14.116,-0.87630457,-0.5458947,9.656111
14.145,-0.8667275,-0.57223165,9.672871
14.176,-0.88588166,-0.55307746,9.672871
14.215,-0.87630457,-0.5770202,9.670476
14.244,-0.88588166,-0.5770202,9.660899
14.277,-0.8643332,-0.5602603,9.663293
14.316,-0.88109314,-0.5602603,9.660899
14.344,-0.86912173,-0.5818088,9.672871
14.378,-0.88588166,-0.5770202,9.656111
14.416,-0.8739103,-0.54828894,9.653716
14.445,-0.87151605,-0.5650489,9.648928
14.477,-0.8667275,-0.56265455,9.665688
14.517,-0.8786988,-0.5602603,9.663293
14.545,-0.8571504,-0.58420306,9.672871
14.578,-0.86912173,-0.5698374,9.672871
14.618,-0.86912173,-0.5650489,9.656111
14.645,-0.85236186,-0.57462597,9.656111
14.684,-0.87151605,-0.5506832,9.660899
14.718,-0.8667275,-0.56265455,9.656111
14.756,-0.86193895,-0.5770202,9.672871
14.786,-0.86912173,-0.56265455,9.656111
14.816,-0.8834874,-0.57223165,9.668081
14.856,-0.8834874,-0.56744313,9.660899
14.884,-0.85236186,-0.5698374,9.672871
14.915,-0.87151605,-0.55786604,9.653716
14.956,-0.88588166,-0.56265455,9.6585045
14.984,-0.8571504,-0.56265455,9.660899
15.015,-0.88109314,-0.5650489,9.668081
15.056,-0.8667275,-0.56744313,9.660899
15.086,-0.87630457,-0.5458947,9.670476
15.117,-0.88109314,-0.53871185,9.663293
15.157,-0.87630457,-0.56744313,9.668081
15.185,-0.88588166,-0.57223165,9.670476
15.217,-0.86193895,-0.55786604,9.653716
15.256,-0.8643332,-0.5506832,9.665688
15.285,-0.86193895,-0.55786604,9.663293
15.325,-0.8739103,-0.5554718,9.660899
15.357,-0.8643332,-0.56744313,9.670476
15.386,-0.8786988,-0.56744313,9.668081
15.425,-0.8667275,-0.57462597,9.663293
15.457,-0.8786988,-0.57462597,9.675264
15.485,-0.86193895,-0.56265455,9.668081
15.525,-0.88109314,-0.56265455,9.656111
15.556,-0.86193895,-0.57223165,9.651321
15.598,-0.8834874,-0.5506832,9.653716
15.625,-0.8786988,-0.55307746,9.6585045
15.657,-0.88109314,-0.56744313,9.656111
15.697,-0.8739103,-0.56744313,9.665688
15.727,-0.87151605,-0.5650489,9.651321
15.755,-0.87630457,-0.5554718,9.665688
15.796,-0.8739103,-0.5506832,9.660899
15.824,-0.88109314,-0.5770202,9.663293
15.856,-0.86193895,-0.5602603,9.663293
15.896,-0.88109314,-0.55786604,9.63935
15.924,-0.86912173,-0.5698374,9.6585045
15.956,-0.87630457,-0.57462597,9.680053
15.996,-0.84996754,-0.55786604,9.677659
16.024,-0.86193895,-0.55307746,9.660899
16.056,-0.85954463,-0.56265455,9.665688
16.096,-0.8834874,-0.55307746,9.663293
16.125,-0.87151605,-0.55786604,9.668081
16.157,-0.8739103,-0.5602603,9.663293
16.197,-0.8643332,-0.5770202,9.656111
16.226,-0.8667275,-0.56744313,9.675264
16.258,-0.87630457,-0.57223165,9.653716
16.298,-0.8547561,-0.5698374,9.675264
16.325,-0.8834874,-0.5650489,9.677659
16.365,-0.8667275,-0.5602603,9.668081
16.397,-0.8739103,-0.5602603,9.665688
16.437,-0.85954463,-0.5554718,9.663293
16.465,-0.86912173,-0.56265455,9.663293
16.497,-0.8739103,-0.55307746,9.675264
16.536,-0.87151605,-0.55307746,9.648928
16.566,-0.86193895,-0.5770202,9.672871
16.597,-0.87151605,-0.5602603,9.668081
16.636,-0.87151605,-0.5506832,9.665688
16.666,-0.85236186,-0.5602603,9.651321
16.697,-0.888276,-0.57462597,9.668081
16.737,-0.87630457,-0.5554718,9.670476
16.766,-0.87630457,-0.56744313,9.656111
16.799,-0.8834874,-0.5698374,9.660899
16.836,-0.84996754,-0.5506832,9.677659
16.866,-0.87151605,-0.55307746,9.665688
16.896,-0.8643332,-0.5602603,9.675264
16.937,-0.89067024,-0.5602603,9.6585045
16.964,-0.86193895,-0.5650489,9.663293
16.997,-0.86912173,-0.55786604,9.6585045
17.037,-0.86193895,-0.5650489,9.668081
17.065,-0.8643332,-0.57223165,9.663293
17.098,-0.86912173,-0.55786604,9.6585045
17.138,-0.87630457,-0.5698374,9.665688
17.165,-0.87630457,-0.5650489,9.665688
17.206,-0.8739103,-0.5506832,9.672871
17.238,-0.8739103,-0.5602603,9.653716
17.267,-0.8547561,-0.56265455,9.648928
17.306,-0.8739103,-0.57223165,9.670476
17.338,-0.86912173,-0.57462597,9.677659
17.367,-0.8547561,-0.5602603,9.675264
17.406,-0.87151605,-0.56265455,9.660899
17.437,-0.8739103,-0.56265455,9.670476
17.476,-0.86193895,-0.5650489,9.660899
17.505,-0.87151605,-0.56744313,9.670476
17.536,-0.87630457,-0.57223165,9.656111
17.578,-0.87151605,-0.5770202,9.682447
17.607,-0.89545876,-0.56265455,9.675264
17.637,-0.8475733,-0.5650489,9.672871
17.678,-0.87630457,-0.56265455,9.660899
17.705,-0.8739103,-0.5698374,9.6585045
17.738,-0.8739103,-0.56744313,9.656111
17.776,-0.8667275,-0.55786604,9.653716
17.805,-0.8786988,-0.56744313,9.656111
17.837,-0.86912173,-0.56744313,9.656111
17.877,-0.8667275,-0.56744313,9.670476
17.904,-0.8667275,-0.56265455,9.6585045
17.945,-0.8547561,-0.5650489,9.653716
17.976,-0.87151605,-0.55786604,9.668081
18.016,-0.8834874,-0.5650489,9.663293
18.045,-0.88109314,-0.55786604,9.6585045
18.077,-0.8786988,-0.5650489,9.680053
18.118,-0.85954463,-0.57223165,9.672871
18.147,-0.8786988,-0.56265455,9.660899
18.177,-0.86912173,-0.55786604,9.670476
18.218,-0.85954463,-0.56744313,9.665688
18.245,-0.888276,-0.5794145,9.651321
18.278,-0.87630457,-0.57223165,9.6585045
18.317,-0.88109314,-0.56265455,9.651321
18.346,-0.8643332,-0.5650489,9.680053
18.377,-0.88109314,-0.5794145,9.656111
18.417,-0.85954463,-0.5602603,9.6585045
18.446,-0.88109314,-0.55786604,9.675264
18.478,-0.85236186,-0.55786604,9.670476
18.517,-0.8786988,-0.56265455,9.660899
18.545,-0.8667275,-0.56265455,9.660899
18.579,-0.8786988,-0.55786604,9.653716
18.617,-0.88588166,-0.5506832,9.653716
18.647,-0.87151605,-0.59378016,9.668081
18.679,-0.87630457,-0.5698374,9.6585045
18.718,-0.88109314,-0.5650489,9.670476
18.752,-0.8739103,-0.56744313,9.6585045
18.785,-0.8834874,-0.57462597,9.660899
18.816,-0.85954463,-0.5770202,9.6585045
18.856,-0.8667275,-0.5650489,9.677659
18.884,-0.86912173,-0.55307746,9.675264
18.916,-0.8739103,-0.56744313,9.670476
18.957,-0.86193895,-0.57223165,9.653716
18.984,-0.8739103,-0.5770202,9.670476
19.017,-0.8739103,-0.5818088,9.660899
19.057,-0.88109314,-0.55786604,9.651321
19.086,-0.86912173,-0.57462597,9.6585045
19.118,-0.8643332,-0.5650489,9.684841
19.158,-0.87630457,-0.54828894,9.656111
19.185,-0.87151605,-0.55307746,9.670476
19.216,-0.87630457,-0.55786604,9.675264
19.260,-0.8786988,-0.57223165,9.660899
19.285,-0.8739103,-0.5554718,9.6585045
19.317,-0.88109314,-0.56265455,9.675264
19.356,-0.87630457,-0.5554718,9.665688
19.384,-0.86912173,-0.57223165,9.6585045
19.418,-0.89067024,-0.5458947,9.646533
19.456,-0.86193895,-0.5554718,9.665688
19.485,-0.8643332,-0.56744313,9.682447
19.517,-0.8667275,-0.5698374,9.6585045
19.556,-0.8475733,-0.55307746,9.648928
19.584,-0.88588166,-0.5602603,9.675264
19.625,-0.8643332,-0.55786604,9.677659
19.658,-0.85954463,-0.5458947,9.668081
19.685,-0.8547561,-0.55786604,9.653716
19.725,-0.8739103,-0.56744313,9.672871
19.758,-0.8786988,-0.54828894,9.672871
19.796,-0.86193895,-0.5698374,9.670476
19.824,-0.86193895,-0.5650489,9.665688
19.856,-0.8834874,-0.55307746,9.660899
19.896,-0.88588166,-0.56744313,9.668081
19.924,-0.84996754,-0.56265455,9.663293
19.956,-0.86193895,-0.56744313,9.670476
19.996,-0.8786988,-0.5602603,9.668081
20.024,-0.87630457,-0.56265455,9.6585045
20.056,-0.8834874,-0.56744313,9.668081
20.097,-0.8739103,-0.56265455,9.663293
20.126,-0.87630457,-0.55786604,9.648928
20.157,-0.8667275,-0.56744313,9.665688
20.198,-0.8739103,-0.5698374,9.651321
20.225,-0.8930645,-0.55307746,9.665688
20.258,-0.87151605,-0.5554718,9.660899
20.297,-0.8643332,-0.57462597,9.677659
20.326,-0.86912173,-0.5650489,9.644139
20.358,-0.86193895,-0.57223165,9.660899
20.398,-0.8571504,-0.56265455,9.668081
20.425,-0.87151605,-0.5650489,9.670476
20.465,-0.87151605,-0.5770202,9.6585045
20.498,-0.85954463,-0.5506832,9.6585045
20.526,-0.8571504,-0.56265455,9.665688
20.565,-0.86912173,-0.56744313,9.670476
20.597,-0.8834874,-0.57462597,9.660899
20.626,-0.87151605,-0.56265455,9.6585045
20.666,-0.88109314,-0.55786604,9.668081
20.698,-0.86193895,-0.5602603,9.665688
20.727,-0.86912173,-0.5698374,9.677659
20.765,-0.86193895,-0.5554718,9.668081
20.795,-0.8571504,-0.5770202,9.663293
20.836,-0.86912173,-0.5698374,9.663293
20.865,-0.8571504,-0.5698374,9.670476
20.897,-0.86912173,-0.55786604,9.660899
20.937,-0.8786988,-0.5650489,9.665688
20.966,-0.87151605,-0.5602603,9.670476
20.997,-0.8667275,-0.5698374,9.668081
21.036,-0.88109314,-0.5770202,9.653716
21.064,-0.87151605,-0.57462597,9.6585045
21.096,-0.87151605,-0.55307746,9.648928
21.136,-0.8571504,-0.5554718,9.6585045
21.165,-0.86912173,-0.5506832,9.682447
21.204,-0.88109314,-0.56744313,9.644139
21.237,-0.86193895,-0.5602603,9.663293
21.266,-0.86912173,-0.56265455,9.670476
21.305,-0.8834874,-0.5458947,9.656111
21.337,-0.85236186,-0.57223165,9.670476
21.365,-0.88588166,-0.56265455,9.6585045
21.405,-0.8667275,-0.56265455,9.644139
21.436,-0.8786988,-0.5554718,9.660899
21.466,-0.8643332,-0.5698374,9.680053
21.505,-0.87630457,-0.5698374,9.648928
21.537,-0.8739103,-0.5554718,9.6585045
21.576,-0.86912173,-0.5554718,9.668081
21.605,-0.87630457,-0.56265455,9.672871
21.636,-0.8834874,-0.56744313,9.672871
21.677,-0.8667275,-0.56265455,9.663293
21.706,-0.88588166,-0.5554718,9.670476
21.736,-0.8739103,-0.56744313,9.641745
21.777,-0.87630457,-0.5602603,9.6585045
21.805,-0.86912173,-0.5794145,9.668081
21.836,-0.88109314,-0.5698374,9.663293
21.876,-0.87630457,-0.57462597,9.670476
21.904,-0.88588166,-0.5554718,9.653716
21.944,-0.85954463,-0.5650489,9.670476
21.975,-0.8643332,-0.55786604,9.6585045
22.004,-0.8930645,-0.57223165,9.665688
22.044,-0.87630457,-0.56744313,9.653716
22.077,-0.8571504,-0.5602603,9.663293
22.105,-0.8739103,-0.5650489,9.668081
22.145,-0.85954463,-0.58420306,9.668081
22.177,-0.8739103,-0.55786604,9.656111
22.205,-0.8667275,-0.5602603,9.675264
22.245,-0.8739103,-0.5602603,9.663293
22.277,-0.87151605,-0.5770202,9.672871
22.316,-0.8667275,-0.57223165,9.6585045
22.347,-0.86193895,-0.55786604,9.660899
22.378,-0.88109314,-0.5698374,9.644139
22.418,-0.86193895,-0.55786604,9.663293
22.445,-0.8667275,-0.5818088,9.653716
22.477,-0.86912173,-0.56265455,9.670476
22.519,-0.8739103,-0.56265455,9.665688
22.544,-0.8643332,-0.5602603,9.653716
22.576,-0.8547561,-0.56265455,9.656111
22.617,-0.87151605,-0.56265455,9.656111
22.646,-0.8739103,-0.56744313,9.680053
22.678,-0.86912173,-0.5554718,9.6585045
22.717,-0.85236186,-0.55786604,9.644139
22.747,-0.8667275,-0.5650489,9.668081
22.778,-0.8571504,-0.5770202,9.663293
22.816,-0.87630457,-0.55786604,9.644139
22.846,-0.8667275,-0.5794145,9.646533
22.884,-0.85236186,-0.57462597,9.668081
22.916,-0.8786988,-0.5650489,9.660899
22.956,-0.8643332,-0.5698374,9.684841
22.985,-0.87630457,-0.55786604,9.646533
23.015,-0.8786988,-0.57223165,9.665688
23.056,-0.86912173,-0.55786604,9.663293
23.084,-0.86912173,-0.5602603,9.646533
23.116,-0.8834874,-0.5770202,9.672871
23.158,-0.87151605,-0.56744313,9.660899
23.185,-0.8667275,-0.5458947,9.670476
23.218,-0.8643332,-0.57223165,9.668081
23.257,-0.8786988,-0.5650489,9.663293
23.286,-0.8786988,-0.56265455,9.672871
23.316,-0.8667275,-0.57462597,9.663293
23.357,-0.8739103,-0.5554718,9.656111
23.386,-0.8667275,-0.56265455,9.651321
23.417,-0.84996754,-0.5506832,9.663293
23.457,-0.87151605,-0.5602603,9.656111
23.484,-0.8643332,-0.5602603,9.668081
23.518,-0.88109314,-0.5506832,9.670476
23.556,-0.86912173,-0.57223165,9.665688
23.585,-0.8739103,-0.57223165,9.665688
23.617,-0.8834874,-0.56744313,9.665688
23.657,-0.86193895,-0.5650489,9.648928
23.685,-0.88588166,-0.56265455,9.660899
23.717,-0.8739103,-0.5650489,9.646533
23.757,-0.8475733,-0.56744313,9.668081
23.784,-0.86912173,-0.55786604,9.682447
23.826,-0.87630457,-0.5554718,9.6585045
23.856,-0.86193895,-0.5506832,9.656111
23.897,-0.8739103,-0.5650489,9.663293
23.924,-0.8739103,-0.5770202,9.680053
23.956,-0.86912173,-0.5650489,9.660899
23.997,-0.8834874,-0.5554718,9.670476
24.025,-0.888276,-0.58420306,9.670476
24.057,-0.88588166,-0.55786604,9.677659
24.087,-0.88588166,-0.56265455,9.660899
24.126,-0.86912173,-0.57223165,9.670476
24.158,-0.88588166,-0.56265455,9.653716
24.197,-0.87630457,-0.55786604,9.660899
24.226,-0.86912173,-0.5554718,9.660899
24.259,-0.8739103,-0.57462597,9.672871
24.298,-0.8834874,-0.5698374,9.677659
24.325,-0.8571504,-0.57462597,9.665688
24.358,-0.86912173,-0.57462597,9.668081
24.397,-0.85954463,-0.56265455,9.660899
24.427,-0.8739103,-0.5650489,9.663293
24.458,-0.88109314,-0.56744313,9.6585045
24.497,-0.88588166,-0.5794145,9.6585045
24.525,-0.8739103,-0.57223165,9.656111
24.557,-0.85954463,-0.56265455,9.665688
24.598,-0.86193895,-0.56744313,9.668081
24.626,-0.8739103,-0.55786604,9.648928
24.666,-0.888276,-0.5554718,9.656111
24.697,-0.8930645,-0.5458947,9.665688
24.726,-0.87630457,-0.5554718,9.653716
24.765,-0.8786988,-0.54828894,9.660899
24.796,-0.89067024,-0.5650489,9.665688
24.837,-0.88109314,-0.5458947,9.670476
24.866,-0.84996754,-0.55786604,9.670476
24.897,-0.8739103,-0.5506832,9.663293
24.936,-0.8739103,-0.56744313,9.668081
24.965,-0.88109314,-0.5602603,9.668081
24.996,-0.89067024,-0.5650489,9.668081
25.028,-0.8667275,-0.57223165,9.668081
25.065,-0.8786988,-0.5602603,9.660899
25.097,-0.86912173,-0.55307746,9.668081
25.136,-0.8667275,-0.5602603,9.680053
25.166,-0.8786988,-0.56744313,9.668081
25.196,-0.8667275,-0.5650489,9.668081
25.239,-0.86912173,-0.57462597,9.663293
25.266,-0.8786988,-0.56744313,9.663293
25.297,-0.8643332,-0.56265455,9.653716
25.337,-0.8739103,-0.54828894,9.663293
25.365,-0.87151605,-0.5554718,9.656111
25.397,-0.86912173,-0.57462597,9.668081
25.436,-0.89067024,-0.56265455,9.668081
25.465,-0.85954463,-0.5865973,9.6585045
25.499,-0.88109314,-0.5650489,9.668081
25.537,-0.86193895,-0.5650489,9.684841
25.565,-0.86912173,-0.5650489,9.651321
25.605,-0.85954463,-0.5554718,9.670476
25.637,-0.86912173,-0.5650489,9.665688
25.666,-0.87151605,-0.5650489,9.653716
25.707,-0.87630457,-0.56265455,9.660899
25.738,-0.85954463,-0.57223165,9.684841
25.779,-0.8739103,-0.5602603,9.663293
25.805,-0.8667275,-0.57223165,9.663293
25.837,-0.8667275,-0.56744313,9.670476
25.870,-0.87151605,-0.5506832,9.646533
25.904,-0.86193895,-0.5602603,9.672871
25.936,-0.85954463,-0.5698374,9.6585045
25.976,-0.87630457,-0.56744313,9.660899
26.005,-0.8786988,-0.55786604,9.668081
26.037,-0.89067024,-0.5602603,9.670476
26.076,-0.88109314,-0.57462597,9.656111
26.106,-0.85954463,-0.56265455,9.668081
26.138,-0.87630457,-0.56744313,9.665688
26.178,-0.8643332,-0.5554718,9.675264
26.206,-0.8739103,-0.55786604,9.684841
26.237,-0.8786988,-0.56265455,9.672871
26.278,-0.85236186,-0.56265455,9.656111
26.305,-0.8834874,-0.56265455,9.6585045
26.338,-0.88588166,-0.56744313,9.668081
26.378,-0.888276,-0.5650489,9.656111
26.406,-0.88109314,-0.5650489,9.663293
26.446,-0.8643332,-0.55307746,9.653716
26.477,-0.8786988,-0.56265455,9.646533
26.519,-0.8547561,-0.5650489,9.663293
26.546,-0.8786988,-0.56744313,9.668081
26.578,-0.87630457,-0.54828894,9.660899
26.618,-0.87151605,-0.5650489,9.663293
26.645,-0.8786988,-0.5794145,9.665688
26.679,-0.86193895,-0.5602603,9.660899
26.717,-0.85954463,-0.55786604,9.641745
26.749,-0.8667275,-0.5602603,9.663293
26.776,-0.87630457,-0.5602603,9.668081
26.816,-0.88109314,-0.55786604,9.651321
26.845,-0.87151605,-0.57223165,9.672871
26.878,-0.86912173,-0.5554718,9.670476
26.916,-0.87151605,-0.57462597,9.668081
26.945,-0.87630457,-0.54828894,9.646533
26.977,-0.86193895,-0.54828894,9.670476
27.018,-0.88109314,-0.5411061,9.656111
27.045,-0.87151605,-0.56265455,9.665688
27.080,-0.8739103,-0.56265455,9.656111
27.118,-0.86912173,-0.55786604,9.680053
27.146,-0.845179,-0.5602603,9.651321
27.179,-0.86912173,-0.5554718,9.651321
27.219,-0.8667275,-0.5650489,9.653716
27.246,-0.87151605,-0.5650489,9.656111
27.279,-0.88109314,-0.5602603,9.63935
27.319,-0.8667275,-0.5554718,9.665688
27.347,-0.89545876,-0.5698374,9.648928
27.380,-0.8739103,-0.56265455,9.670476
27.419,-0.8547561,-0.56265455,9.663293
27.448,-0.85954463,-0.55786604,9.644139
27.481,-0.8739103,-0.55307746,9.6585045
27.518,-0.8667275,-0.5794145,9.651321
27.548,-0.8667275,-0.5602603,9.663293
27.594,-0.8667275,-0.5650489,9.665688
27.620,-0.86193895,-0.57462597,9.6585045
27.659,-0.8643332,-0.5650489,9.663293
27.685,-0.87630457,-0.5458947,9.670476
27.717,-0.8643332,-0.57462597,9.663293
27.757,-0.8643332,-0.55786604,9.651321
27.785,-0.86912173,-0.55786604,9.651321
27.816,-0.86193895,-0.5554718,9.653716
27.857,-0.8786988,-0.56265455,9.651321
27.885,-0.8739103,-0.55307746,9.672871
27.917,-0.88109314,-0.5602603,9.668081
27.957,-0.8739103,-0.54350036,9.665688
27.985,-0.8786988,-0.54350036,9.665688
28.026,-0.8786988,-0.55307746,9.663293
28.059,-0.86193895,-0.5554718,9.660899
28.087,-0.88588166,-0.56265455,9.663293
28.119,-0.8786988,-0.5698374,9.668081
28.157,-0.87630457,-0.5554718,9.6585045
28.187,-0.89067024,-0.55786604,9.651321
28.226,-0.87630457,-0.56744313,9.663293
28.257,-0.85954463,-0.5554718,9.648928
28.299,-0.8739103,-0.5698374,9.6585045
28.327,-0.86912173,-0.55786604,9.663293
28.359,-0.8667275,-0.57462597,9.644139
28.399,-0.8643332,-0.55307746,9.680053
28.427,-0.88109314,-0.57223165,9.680053
28.458,-0.8786988,-0.55786604,9.656111
28.499,-0.85954463,-0.55307746,9.668081
28.526,-0.86912173,-0.56265455,9.656111
28.558,-0.86912173,-0.5506832,9.670476
28.598,-0.87630457,-0.5650489,9.682447
28.625,-0.87151605,-0.57223165,9.668081
28.658,-0.86912173,-0.56265455,9.663293
28.698,-0.8739103,-0.57462597,9.663293
28.726,-0.8739103,-0.5506832,9.663293
28.757,-0.86912173,-0.57223165,9.651321
28.797,-0.87151605,-0.5602603,9.660899
28.826,-0.8643332,-0.5506832,9.653716
28.858,-0.87630457,-0.5411061,9.651321
28.897,-0.8739103,-0.5650489,9.6585045
28.927,-0.87151605,-0.5554718,9.62259
28.964,-0.85954463,-0.5650489,9.644139
28.996,-0.8643332,-0.56265455,9.668081
29.037,-0.88109314,-0.56265455,9.651321
29.066,-0.8667275,-0.55786604,9.656111
29.099,-0.87630457,-0.5650489,9.6585045
29.127,-0.86912173,-0.54828894,9.63935
29.166,-0.88109314,-0.5506832,9.663293
29.198,-0.87151605,-0.55786604,9.668081
29.237,-0.8739103,-0.56265455,9.660899
29.266,-0.86193895,-0.5554718,9.653716
29.297,-0.86912173,-0.5698374,9.665688
29.339,-0.87151605,-0.5650489,9.653716
29.367,-0.85954463,-0.5650489,9.653716
29.399,-0.8667275,-0.57223165,9.665688
29.437,-0.85954463,-0.56265455,9.656111
29.466,-0.86193895,-0.55786604,9.665688
29.497,-0.85954463,-0.57223165,9.656111
29.538,-0.8834874,-0.57462597,9.663293
29.566,-0.86912173,-0.5602603,9.665688
29.597,-0.87151605,-0.55307746,9.6585045
29.631,-0.88588166,-0.55786604,9.641745
29.666,-0.8667275,-0.5554718,9.672871
29.699,-0.8475733,-0.5794145,9.656111
29.737,-0.8739103,-0.56265455,9.663293
29.765,-0.8571504,-0.56265455,9.6585045
29.806,-0.84996754,-0.5506832,9.653716
29.837,-0.86912173,-0.5602603,9.653716
29.877,-0.8643332,-0.57223165,9.653716
29.905,-0.86912173,-0.5650489,9.6585045
29.937,-0.87151605,-0.57223165,9.665688
29.976,-0.8643332,-0.57223165,9.6585045
30.005,-0.8667275,-0.55307746,9.677659
30.036,-0.8786988,-0.5602603,9.646533
30.078,-0.86912173,-0.5554718,9.672871
30.106,-0.86193895,-0.5794145,9.660899
30.138,-0.87151605,-0.5602603,9.663293
30.179,-0.87151605,-0.5554718,9.663293
30.206,-0.86193895,-0.5506832,9.660899
30.238,-0.86912173,-0.5554718,9.663293
30.279,-0.8739103,-0.56265455,9.660899
30.306,-0.8667275,-0.57462597,9.663293
30.339,-0.8643332,-0.56744313,9.665688
30.377,-0.8667275,-0.57223165,9.665688
30.406,-0.8786988,-0.56265455,9.656111
30.438,-0.8739103,-0.56265455,9.653716
30.479,-0.8667275,-0.57462597,9.644139
30.507,-0.86912173,-0.57223165,9.665688
30.541,-0.8571504,-0.5506832,9.656111
30.579,-0.88588166,-0.5554718,9.677659
30.606,-0.86912173,-0.5506832,9.660899
30.645,-0.87151605,-0.5458947,9.660899
30.678,-0.8834874,-0.5506832,9.670476
30.706,-0.845179,-0.56265455,9.660899
30.746,-0.86912173,-0.55786604,9.670476
30.778,-0.86912173,-0.56265455,9.660899
30.819,-0.845179,-0.56265455,9.665688
30.842,-0.89067024,-0.55307746,9.675264
30.878,-0.87630457,-0.57462597,9.665688
30.916,-0.8786988,-0.5602603,9.677659
30.945,-0.8667275,-0.5602603,9.6585045
30.977,-0.86912173,-0.57223165,9.663293
31.017,-0.8786988,-0.5650489,9.663293
31.045,-0.86912173,-0.5794145,9.675264
31.078,-0.8786988,-0.5698374,9.651321
31.118,-0.8739103,-0.57223165,9.670476
31.146,-0.86912173,-0.5650489,9.665688
31.178,-0.88588166,-0.5554718,9.660899
31.219,-0.86193895,-0.55786604,9.663293
31.247,-0.8834874,-0.5698374,9.668081
31.278,-0.86912173,-0.55307746,9.6585045
31.318,-0.87630457,-0.5554718,9.670476
31.347,-0.86193895,-0.5458947,9.682447
31.378,-0.8739103,-0.5411061,9.648928
31.418,-0.85954463,-0.57223165,9.672871
31.447,-0.8834874,-0.56744313,9.651321
31.479,-0.8547561,-0.5650489,9.6585045
31.518,-0.8739103,-0.5698374,9.672871
31.546,-0.87151605,-0.5458947,9.660899
31.580,-0.8547561,-0.56265455,9.668081
31.618,-0.88109314,-0.55307746,9.6585045
31.657,-0.8547561,-0.5602603,9.684841
31.686,-0.8643332,-0.55786604,9.663293
31.719,-0.8834874,-0.5794145,9.6585045
31.758,-0.8547561,-0.56265455,9.656111
31.785,-0.8571504,-0.5650489,9.668081
31.817,-0.8786988,-0.56265455,9.663293
31.857,-0.86912173,-0.54828894,9.665688
31.885,-0.8739103,-0.56265455,9.665688
31.916,-0.85954463,-0.55307746,9.6585045
31.956,-0.8786988,-0.56744313,9.670476
31.985,-0.86912173,-0.56265455,9.677659
32.016,-0.84996754,-0.5770202,9.656111
32.057,-0.89067024,-0.55307746,9.656111
32.086,-0.8643332,-0.5602603,9.670476
32.119,-0.86193895,-0.57462597,9.6585045
32.157,-0.88588166,-0.57223165,9.665688
32.186,-0.8547561,-0.5602603,9.670476
32.218,-0.86193895,-0.56744313,9.6585045
32.259,-0.8739103,-0.5554718,9.663293
32.287,-0.85954463,-0.56265455,9.668081
32.326,-0.87630457,-0.5506832,9.680053
32.358,-0.8667275,-0.5698374,9.660899
32.387,-0.8643332,-0.5506832,9.651321
32.426,-0.8643332,-0.55307746,9.6585045
32.458,-0.8667275,-0.5602603,9.660899
32.497,-0.8930645,-0.55786604,9.6585045
32.526,-0.8547561,-0.57462597,9.653716
32.559,-0.8739103,-0.5554718,9.660899
32.596,-0.8643332,-0.5650489,9.663293
32.626,-0.85954463,-0.57223165,9.6585045
32.657,-0.8739103,-0.56744313,9.665688
32.696,-0.8834874,-0.57223165,9.670476
32.725,-0.8667275,-0.5698374,9.682447
32.756,-0.86193895,-0.55786604,9.656111
32.797,-0.8667275,-0.55786604,9.670476
32.832,-0.87630457,-0.55307746,9.677659
32.856,-0.8643332,-0.55786604,9.682447
32.897,-0.8643332,-0.55307746,9.6585045
32.925,-0.86912173,-0.5650489,9.677659
32.957,-0.86193895,-0.57462597,9.6585045
32.996,-0.87151605,-0.5602603,9.670476
33.025,-0.8667275,-0.5554718,9.648928
33.065,-0.8786988,-0.5554718,9.665688
33.097,-0.86193895,-0.56744313,9.668081
33.126,-0.87151605,-0.57462597,9.6585045
33.166,-0.88109314,-0.5602603,9.665688
33.197,-0.87630457,-0.57223165,9.684841
33.226,-0.86912173,-0.5650489,9.668081
33.265,-0.8667275,-0.5650489,9.6896305
33.299,-0.8571504,-0.5554718,9.665688
33.327,-0.87151605,-0.5650489,9.646533
33.366,-0.86912173,-0.54828894,9.653716
33.398,-0.86193895,-0.5794145,9.653716
33.439,-0.87151605,-0.5602603,9.660899
33.466,-0.8571504,-0.5602603,9.677659
33.497,-0.89067024,-0.5818088,9.675264
33.539,-0.88109314,-0.55786604,9.680053
33.566,-0.8667275,-0.5818088,9.660899
33.598,-0.8786988,-0.56744313,9.656111
33.637,-0.8667275,-0.5458947,9.665688
33.665,-0.88588166,-0.5698374,9.656111
33.697,-0.8834874,-0.55786604,9.656111
33.738,-0.8547561,-0.57223165,9.684841
33.766,-0.87630457,-0.5698374,9.672871
33.805,-0.87151605,-0.5650489,9.6585045
33.831,-0.8739103,-0.55307746,9.6585045
33.871,-0.8571504,-0.57223165,9.651321
33.904,-0.888276,-0.5554718,9.680053
33.935,-0.8834874,-0.5794145,9.665688
33.965,-0.86912173,-0.5770202,9.665688
34.004,-0.86193895,-0.55786604,9.646533
34.038,-0.86912173,-0.5698374,9.663293
34.066,-0.87630457,-0.5602603,9.668081
34.105,-0.8667275,-0.5770202,9.665688
34.140,-0.88109314,-0.5506832,9.6585045
34.177,-0.87151605,-0.55307746,9.675264
34.206,-0.87630457,-0.56744313,9.672871
34.238,-0.86912173,-0.5554718,9.656111
34.278,-0.8786988,-0.55786604,9.6585045
34.305,-0.8547561,-0.5770202,9.653716
34.337,-0.8667275,-0.55307746,9.656111
34.376,-0.8643332,-0.5602603,9.668081
34.405,-0.8667275,-0.56744313,9.663293
34.437,-0.8930645,-0.5602603,9.660899
34.476,-0.86193895,-0.54828894,9.653716
34.505,-0.8739103,-0.5650489,9.668081
34.536,-0.8643332,-0.5602603,9.670476
34.582,-0.88109314,-0.55307746,9.660899
34.605,-0.8786988,-0.5506832,9.670476
34.637,-0.87630457,-0.57223165,9.6585045
34.679,-0.8667275,-0.5770202,9.663293
34.706,-0.88588166,-0.55786604,9.660899
34.738,-0.8667275,-0.57223165,9.672871
34.776,-0.888276,-0.5602603,9.663293
34.817,-0.86193895,-0.5506832,9.665688
34.846,-0.8667275,-0.56744313,9.6585045
34.880,-0.888276,-0.5602603,9.641745
34.917,-0.8667275,-0.5602603,9.668081
34.944,-0.8834874,-0.5554718,9.668081
34.976,-0.87151605,-0.58420306,9.672871
35.016,-0.86912173,-0.5650489,9.6585045
35.045,-0.88109314,-0.56744313,9.6585045
35.076,-0.8667275,-0.5554718,9.663293
35.117,-0.86912173,-0.56265455,9.660899
35.146,-0.8786988,-0.5770202,9.651321
35.178,-0.88588166,-0.56744313,9.694419
35.218,-0.8571504,-0.57462597,9.663293
35.245,-0.86912173,-0.5602603,9.663293
35.279,-0.87630457,-0.5602603,9.663293
35.317,-0.845179,-0.55786604,9.668081
35.346,-0.8739103,-0.57462597,9.665688
35.377,-0.8739103,-0.55307746,9.648928
35.418,-0.87630457,-0.5650489,9.663293
35.445,-0.8667275,-0.55307746,9.663293
35.477,-0.88588166,-0.5554718,9.656111
35.518,-0.86912173,-0.5506832,9.675264
35.545,-0.8786988,-0.55786604,9.682447
35.586,-0.888276,-0.56744313,9.660899
35.618,-0.86912173,-0.57223165,9.672871
35.645,-0.87630457,-0.57223165,9.677659
35.686,-0.8739103,-0.56744313,9.663293
35.718,-0.89067024,-0.57223165,9.672871
35.756,-0.8786988,-0.5554718,9.660899
35.785,-0.8739103,-0.5650489,9.663293
35.817,-0.87151605,-0.55786604,9.672871
35.847,-0.86912173,-0.57462597,9.663293
35.885,-0.8786988,-0.56265455,9.675264
35.916,-0.8739103,-0.56265455,9.670476
35.956,-0.87630457,-0.5770202,9.648928
35.984,-0.86912173,-0.55786604,9.653716
36.016,-0.86193895,-0.5770202,9.663293
36.057,-0.8739103,-0.5698374,9.656111
36.086,-0.87630457,-0.5554718,9.668081
36.119,-0.86193895,-0.5602603,9.653716
36.157,-0.8786988,-0.5554718,9.651321
36.186,-0.8667275,-0.56265455,9.665688
36.217,-0.87151605,-0.5554718,9.663293
36.256,-0.86912173,-0.5650489,9.663293
36.285,-0.8739103,-0.5554718,9.6585045
36.317,-0.8834874,-0.56744313,9.663293
36.358,-0.87630457,-0.5794145,9.663293
36.386,-0.8834874,-0.5554718,9.670476
36.426,-0.8571504,-0.5650489,9.651321
36.458,-0.8667275,-0.55307746,9.663293
36.486,-0.87151605,-0.56265455,9.672871
36.526,-0.88109314,-0.5602603,9.656111
36.557,-0.88588166,-0.5650489,9.672871
36.597,-0.88109314,-0.55786604,9.656111
36.625,-0.8571504,-0.55786604,9.680053
36.657,-0.86193895,-0.5698374,9.656111
36.697,-0.8786988,-0.56744313,9.670476
36.726,-0.87630457,-0.5602603,9.653716
36.757,-0.88109314,-0.55307746,9.677659
36.795,-0.86912173,-0.5698374,9.665688
36.824,-0.8739103,-0.55786604,9.660899
36.856,-0.8786988,-0.57223165,9.682447
36.898,-0.8643332,-0.5650489,9.665688
36.924,-0.8667275,-0.5506832,9.665688
36.956,-0.86193895,-0.56265455,9.660899
36.995,-0.89067024,-0.57462597,9.675264
37.024,-0.84039044,-0.55307746,9.648928
37.064,-0.8547561,-0.57462597,9.656111
37.097,-0.8834874,-0.56265455,9.646533
37.125,-0.87630457,-0.5650489,9.668081
37.166,-0.8739103,-0.57462597,9.660899
37.197,-0.87630457,-0.55786604,9.665688
37.225,-0.86912173,-0.5650489,9.677659
37.258,-0.8786988,-0.56744313,9.656111
37.297,-0.85954463,-0.5602603,9.656111
37.325,-0.8786988,-0.5770202,9.663293
37.365,-0.86912173,-0.55786604,9.6585045
37.396,-0.87630457,-0.56744313,9.672871
37.437,-0.8786988,-0.56265455,9.665688
37.465,-0.8643332,-0.5602603,9.675264
37.497,-0.8834874,-0.5794145,9.656111
37.537,-0.8786988,-0.56265455,9.663293
37.564,-0.8667275,-0.5818088,9.663293
37.595,-0.85236186,-0.5770202,9.646533
37.636,-0.87151605,-0.56744313,9.668081
37.665,-0.88588166,-0.5506832,9.668081
37.696,-0.8786988,-0.55307746,9.656111
37.740,-0.86193895,-0.57223165,9.668081
37.764,-0.86912173,-0.5554718,9.660899
37.797,-0.86193895,-0.55786604,9.653716
37.836,-0.8667275,-0.5602603,9.670476
37.864,-0.8667275,-0.55786604,9.656111
37.896,-0.8643332,-0.57462597,9.677659
37.937,-0.88588166,-0.5554718,9.668081
37.964,-0.85954463,-0.55307746,9.665688
38.004,-0.87151605,-0.56265455,9.663293
38.038,-0.86912173,-0.5602603,9.660899
38.066,-0.85236186,-0.5698374,9.668081
38.105,-0.89545876,-0.5698374,9.665688
38.137,-0.8786988,-0.57462597,9.656111
38.165,-0.87151605,-0.5650489,9.663293
38.205,-0.86193895,-0.55307746,9.653716
38.236,-0.8739103,-0.56744313,9.663293
38.278,-0.8739103,-0.54828894,9.663293
38.304,-0.8786988,-0.55786604,9.6585045
38.337,-0.8834874,-0.5602603,9.670476
38.378,-0.8667275,-0.55786604,9.663293
38.405,-0.8834874,-0.5506832,9.656111
38.437,-0.85954463,-0.5650489,9.677659
38.476,-0.87630457,-0.5554718,9.672871
38.505,-0.8547561,-0.5506832,9.6585045
38.536,-0.87630457,-0.5794145,9.677659
38.578,-0.87630457,-0.56265455,9.656111
38.605,-0.8571504,-0.5650489,9.677659
38.637,-0.87151605,-0.5650489,9.646533
38.676,-0.88109314,-0.56265455,9.6585045
38.705,-0.8667275,-0.56265455,9.651321
38.737,-0.8643332,-0.56744313,9.675264
38.775,-0.8739103,-0.57462597,9.6585045
38.804,-0.8667275,-0.5770202,9.660899
38.851,-0.8571504,-0.5650489,9.677659
38.877,-0.8667275,-0.56744313,9.656111
38.904,-0.87630457,-0.54350036,9.653716
38.943,-0.8643332,-0.5698374,9.653716
38.975,-0.87630457,-0.5650489,9.668081
39.015,-0.84039044,-0.5794145,9.660899
39.044,-0.86912173,-0.5602603,9.670476
39.078,-0.8643332,-0.56265455,9.660899
39.117,-0.8643332,-0.57223165,9.653716
39.146,-0.8739103,-0.5554718,9.680053
39.178,-0.8643332,-0.5602603,9.63935
39.217,-0.8667275,-0.57223165,9.663293
39.244,-0.87151605,-0.55786604,9.646533
39.277,-0.86912173,-0.56744313,9.668081
39.316,-0.8786988,-0.56265455,9.6585045
39.345,-0.87630457,-0.57223165,9.653716
39.377,-0.87630457,-0.56265455,9.651321
39.415,-0.87151605,-0.56265455,9.663293
39.444,-0.8834874,-0.5650489,9.656111
39.480,-0.86912173,-0.5650489,9.675264
39.516,-0.8739103,-0.57223165,9.675264
39.545,-0.85954463,-0.5554718,9.665688
39.577,-0.888276,-0.56744313,9.668081
39.616,-0.8643332,-0.5650489,9.672871
39.645,-0.88109314,-0.5602603,9.677659
39.678,-0.8930645,-0.57462597,9.663293
39.716,-0.88109314,-0.5554718,9.660899
39.751,-0.87630457,-0.57462597,9.660899
39.784,-0.8643332,-0.56744313,9.660899
39.816,-0.8571504,-0.5554718,9.672871
39.856,-0.86912173,-0.56265455,9.6585045
39.886,-0.85954463,-0.5458947,9.665688
39.916,-0.8834874,-0.5650489,9.648928
39.956,-0.87151605,-0.58420306,9.665688
39.984,-0.8786988,-0.5698374,9.660899
40.015,-0.8834874,-0.56265455,9.668081
40.057,-0.888276,-0.54828894,9.672871
40.085,-0.87630457,-0.5698374,9.668081
40.116,-0.87151605,-0.5602603,9.672871
40.156,-0.87151605,-0.5554718,9.665688
40.185,-0.86912173,-0.5650489,9.668081
40.217,-0.86193895,-0.56265455,9.670476
40.257,-0.8739103,-0.5602603,9.665688
40.285,-0.85236186,-0.5698374,9.660899
40.316,-0.8739103,-0.5650489,9.648928
40.357,-0.86193895,-0.56265455,9.670476
40.385,-0.8667275,-0.5458947,9.672871
40.416,-0.88109314,-0.5698374,9.646533
40.456,-0.87151605,-0.5650489,9.653716
40.485,-0.87630457,-0.56265455,9.648928
40.517,-0.8667275,-0.56744313,9.653716
40.556,-0.87151605,-0.56265455,9.675264
40.585,-0.86912173,-0.5411061,9.660899
40.625,-0.86912173,-0.56265455,9.6585045
40.656,-0.86193895,-0.5602603,9.665688
40.696,-0.8643332,-0.5698374,9.656111
40.725,-0.88109314,-0.5554718,9.672871
40.755,-0.86912173,-0.56744313,9.670476
40.787,-0.8930645,-0.57223165,9.660899
40.824,-0.86912173,-0.5554718,9.675264
40.856,-0.89067024,-0.5650489,9.663293
40.896,-0.87151605,-0.56265455,9.663293
40.924,-0.888276,-0.58420306,9.668081
40.956,-0.8739103,-0.5602603,9.668081
40.995,-0.8571504,-0.57462597,9.665688
41.024,-0.8667275,-0.55307746,9.660899
41.056,-0.86912173,-0.56265455,9.668081
41.096,-0.85954463,-0.56265455,9.653716
41.124,-0.8739103,-0.5602603,9.665688
41.164,-0.86193895,-0.5602603,9.675264
41.195,-0.87630457,-0.5411061,9.6585045
41.223,-0.86912173,-0.56265455,9.677659
41.256,-0.8643332,-0.57223165,9.665688
41.296,-0.8739103,-0.5602603,9.660899
41.324,-0.85954463,-0.57223165,9.656111
41.357,-0.8834874,-0.56265455,9.660899
41.397,-0.8667275,-0.57462597,9.660899
41.425,-0.8786988,-0.55786604,9.668081
41.464,-0.8643332,-0.5602603,9.668081
41.496,-0.8643332,-0.55307746,9.665688
41.525,-0.86912173,-0.56744313,9.670476
41.564,-0.86912173,-0.5770202,9.653716
41.597,-0.8667275,-0.57462597,9.63935
41.637,-0.8643332,-0.56265455,9.656111
41.665,-0.87151605,-0.56265455,9.668081
41.698,-0.88109314,-0.5794145,9.665688
41.737,-0.8739103,-0.54828894,9.656111
41.764,-0.85954463,-0.5602603,9.665688
41.796,-0.8786988,-0.55786604,9.660899
41.835,-0.8786988,-0.55786604,9.668081
41.863,-0.8739103,-0.5602603,9.656111
41.895,-0.8739103,-0.54828894,9.675264
41.935,-0.86193895,-0.5650489,9.663293
41.963,-0.87151605,-0.5554718,9.660899
41.997,-0.8643332,-0.5770202,9.665688
42.034,-0.8834874,-0.56744313,9.672871
42.063,-0.87151605,-0.56265455,9.660899
42.096,-0.8571504,-0.5602603,9.665688
42.137,-0.85954463,-0.5554718,9.653716
42.165,-0.8571504,-0.57223165,9.665688
42.204,-0.87151605,-0.55786604,9.668081
42.237,-0.8930645,-0.5554718,9.663293
42.264,-0.87151605,-0.56265455,9.668081
42.304,-0.8739103,-0.56744313,9.665688
42.337,-0.8739103,-0.5770202,9.6585045
42.365,-0.87151605,-0.5698374,9.6585045
42.405,-0.8667275,-0.5698374,9.672871
42.437,-0.85236186,-0.5602603,9.668081
42.477,-0.87151605,-0.5602603,9.653716
42.504,-0.85954463,-0.5602603,9.665688
42.536,-0.86912173,-0.5794145,9.663293
42.577,-0.8643332,-0.57223165,9.668081
42.605,-0.8547561,-0.5602603,9.670476
42.636,-0.8834874,-0.5650489,9.644139
42.677,-0.8571504,-0.5650489,9.672871
42.704,-0.87151605,-0.56265455,9.651321
42.736,-0.87151605,-0.57462597,9.653716
42.776,-0.8643332,-0.5650489,9.656111
42.804,-0.8739103,-0.5602603,9.670476
42.836,-0.88109314,-0.5698374,9.6585045
42.881,-0.8667275,-0.5554718,9.648928
42.904,-0.86912173,-0.5506832,9.646533
42.943,-0.8571504,-0.5602603,9.675264
42.975,-0.86912173,-0.55786604,9.663293
43.016,-0.8667275,-0.55786604,9.675264
43.044,-0.8547561,-0.5770202,9.668081
43.076,-0.8667275,-0.56265455,9.670476
43.104,-0.86912173,-0.5698374,9.665688
43.138,-0.85236186,-0.5458947,9.677659
43.176,-0.8547561,-0.5650489,9.672871
43.216,-0.8978531,-0.5650489,9.656111
43.244,-0.8667275,-0.55786604,9.665688
43.276,-0.85236186,-0.58420306,9.680053
43.316,-0.8571504,-0.54828894,9.663293
43.344,-0.85954463,-0.57223165,9.677659
43.378,-0.87630457,-0.53871185,9.663293
43.417,-0.88109314,-0.56744313,9.670476
43.445,-0.8667275,-0.56744313,9.670476
43.476,-0.8786988,-0.5554718,9.668081
43.517,-0.87151605,-0.57223165,9.644139
43.544,-0.85954463,-0.5650489,9.651321
43.577,-0.87630457,-0.5506832,9.668081
43.617,-0.8643332,-0.55307746,9.672871
43.645,-0.88588166,-0.5602603,9.660899
43.677,-0.87151605,-0.56265455,9.675264
43.717,-0.87151605,-0.5698374,9.656111
43.744,-0.888276,-0.54828894,9.6585045
43.783,-0.8643332,-0.5554718,9.648928
43.815,-0.86912173,-0.56265455,9.665688
43.855,-0.87151605,-0.56744313,9.660899
43.884,-0.87630457,-0.56744313,9.670476
43.915,-0.87630457,-0.5650489,9.663293
43.955,-0.8739103,-0.55786604,9.672871
43.983,-0.8571504,-0.5650489,9.651321
44.015,-0.8786988,-0.56744313,9.663293
44.056,-0.8643332,-0.5698374,9.672871
44.085,-0.8571504,-0.57223165,9.653716
44.116,-0.8739103,-0.57462597,9.670476
44.156,-0.8786988,-0.56265455,9.668081
44.184,-0.89545876,-0.56744313,9.668081
44.216,-0.88588166,-0.5458947,9.665688
44.256,-0.86912173,-0.56744313,9.6585045
44.284,-0.86912173,-0.56744313,9.651321
44.317,-0.86193895,-0.5698374,9.668081
44.356,-0.8834874,-0.5602603,9.684841
44.384,-0.86912173,-0.56265455,9.668081
44.416,-0.8834874,-0.55786604,9.656111
44.457,-0.8930645,-0.57223165,9.653716
44.485,-0.85954463,-0.5770202,9.665688
44.523,-0.8739103,-0.55786604,9.663293
44.555,-0.87151605,-0.5698374,9.668081
44.584,-0.8571504,-0.5698374,9.653716
44.616,-0.8930645,-0.56265455,9.672871
44.656,-0.8356019,-0.56744313,9.668081
44.684,-0.8834874,-0.5650489,9.665688
44.724,-0.86193895,-0.56744313,9.6585045
44.760,-0.8547561,-0.57223165,9.665688
44.794,-0.89545876,-0.5602603,9.663293
44.823,-0.86912173,-0.5602603,9.668081
44.856,-0.89067024,-0.55307746,9.670476
44.886,-0.888276,-0.5602603,9.663293
44.923,-0.84278476,-0.56744313,9.663293
44.955,-0.89545876,-0.55786604,9.653716
44.995,-0.845179,-0.5602603,9.665688
45.023,-0.8739103,-0.5602603,9.663293
45.055,-0.88588166,-0.56265455,9.644139
45.095,-0.85236186,-0.55307746,9.672871
45.124,-0.8930645,-0.55786604,9.668081
45.156,-0.87630457,-0.56265455,9.672871
45.196,-0.85954463,-0.5458947,9.656111
45.224,-0.888276,-0.5458947,9.651321
45.255,-0.8571504,-0.5770202,9.660899
45.297,-0.88588166,-0.5650489,9.668081
45.324,-0.8834874,-0.5602603,9.665688
45.356,-0.87630457,-0.5554718,9.675264
45.397,-0.8834874,-0.5602603,9.656111
45.424,-0.8667275,-0.5698374,9.665688
45.457,-0.8547561,-0.55307746,9.653716
45.496,-0.8978531,-0.5602603,9.6585045
45.524,-0.84278476,-0.57223165,9.665688
45.557,-0.8930645,-0.5650489,9.656111
45.598,-0.8739103,-0.58420306,9.680053
45.625,-0.87151605,-0.57462597,9.684841
45.664,-0.8834874,-0.55786604,9.672871
45.697,-0.84996754,-0.56744313,9.660899
45.725,-0.8930645,-0.57223165,9.663293
45.772,-0.86912173,-0.55307746,9.660899
45.795,-0.85954463,-0.5506832,9.663293
45.837,-0.88109314,-0.56265455,9.653716
45.865,-0.85954463,-0.5698374,9.663293
45.895,-0.89545876,-0.5698374,9.668081
45.935,-0.86912173,-0.56265455,9.6585045
45.963,-0.8667275,-0.56744313,9.672871
45.994,-0.8786988,-0.56265455,9.653716
46.035,-0.84996754,-0.57462597,9.670476
46.064,-0.86912173,-0.5458947,9.660899
46.100,-0.86193895,-0.5650489,9.6585045
46.136,-0.8571504,-0.5458947,9.641745
46.165,-0.9074302,-0.57223165,9.663293
46.204,-0.85236186,-0.5506832,9.675264
46.235,-0.86912173,-0.56265455,9.665688
46.264,-0.89067024,-0.55786604,9.651321
46.304,-0.845179,-0.5602603,9.660899
46.336,-0.8667275,-0.5554718,9.675264
46.376,-0.8667275,-0.5650489,9.651321
46.404,-0.8786988,-0.57223165,9.675264
46.436,-0.8786988,-0.57223165,9.656111
46.464,-0.8571504,-0.5650489,9.665688
46.504,-0.87151605,-0.5554718,9.660899
46.536,-0.8643332,-0.5554718,9.665688
46.576,-0.8547561,-0.57462597,9.663293
46.604,-0.8786988,-0.56744313,9.656111
46.635,-0.8643332,-0.5554718,9.656111
46.676,-0.88109314,-0.5554718,9.656111
46.704,-0.86912173,-0.57223165,9.670476
46.737,-0.86193895,-0.5602603,9.670476
46.775,-0.8786988,-0.56265455,9.672871
46.804,-0.87630457,-0.5602603,9.6585045
46.835,-0.8643332,-0.55786604,9.668081
46.874,-0.86193895,-0.56744313,9.653716
46.903,-0.85236186,-0.5698374,9.660899
46.943,-0.88109314,-0.55786604,9.653716
46.974,-0.8786988,-0.5506832,9.675264
47.003,-0.87151605,-0.54828894,9.672871
47.036,-0.88588166,-0.57223165,9.656111
47.076,-0.87151605,-0.55307746,9.675264
47.104,-0.888276,-0.5698374,9.663293
47.136,-0.87630457,-0.5650489,9.672871
47.176,-0.86912173,-0.5650489,9.653716
47.204,-0.88109314,-0.57462597,9.672871
47.237,-0.8643332,-0.55786604,9.648928
47.277,-0.8667275,-0.5650489,9.675264
47.304,-0.89067024,-0.5602603,9.663293
47.338,-0.86912173,-0.56265455,9.670476
47.376,-0.88588166,-0.57462597,9.644139
47.405,-0.85954463,-0.57223165,9.692024
47.444,-0.8739103,-0.5602603,9.656111
47.475,-0.89067024,-0.55307746,9.6585045
47.515,-0.8667275,-0.56265455,9.660899
47.543,-0.87151605,-0.56265455,9.672871
47.576,-0.89545876,-0.5698374,9.660899
47.615,-0.8786988,-0.5698374,9.675264
47.644,-0.87151605,-0.5650489,9.6585045
47.676,-0.86912173,-0.57462597,9.668081
47.715,-0.89545876,-0.5602603,9.656111
47.746,-0.86912173,-0.56744313,9.660899
47.783,-0.8667275,-0.56265455,9.665688
47.816,-0.88588166,-0.5554718,9.668081
47.844,-0.84996754,-0.5554718,9.6585045
47.876,-0.86912173,-0.55786604,9.663293
47.914,-0.8475733,-0.5650489,9.668081
47.943,-0.84996754,-0.5602603,9.646533
47.977,-0.8834874,-0.5506832,9.682447
48.015,-0.8643332,-0.5794145,9.663293
48.054,-0.88109314,-0.5506832,9.653716
48.083,-0.85236186,-0.5650489,9.653716
48.115,-0.87630457,-0.55307746,9.663293
48.155,-0.8786988,-0.55307746,9.668081
48.183,-0.86912173,-0.56265455,9.668081
48.216,-0.8571504,-0.55307746,9.665688
48.255,-0.8834874,-0.56265455,9.680053
48.284,-0.87151605,-0.54828894,9.641745
48.316,-0.8739103,-0.5770202,9.665688
48.355,-0.8739103,-0.56265455,9.648928
48.384,-0.8739103,-0.5698374,9.6585045
48.415,-0.87151605,-0.55307746,9.670476
48.455,-0.87151605,-0.55786604,9.677659
48.483,-0.87630457,-0.5650489,9.648928
48.516,-0.86912173,-0.5650489,9.663293
48.557,-0.87630457,-0.5602603,9.656111
48.584,-0.86193895,-0.5458947,9.665688
48.617,-0.85954463,-0.56265455,9.663293
48.656,-0.85954463,-0.55786604,9.656111
48.683,-0.8786988,-0.5554718,9.663293
48.724,-0.86912173,-0.5770202,9.6585045
48.755,-0.87630457,-0.5506832,9.656111
48.794,-0.85954463,-0.57223165,9.668081
48.823,-0.88109314,-0.5650489,9.651321
48.856,-0.86912173,-0.54828894,9.677659
48.895,-0.87151605,-0.55786604,9.668081
48.923,-0.845179,-0.5698374,9.656111
48.954,-0.87630457,-0.5506832,9.665688
48.994,-0.85954463,-0.56265455,9.651321
49.023,-0.8739103,-0.56265455,9.668081
49.056,-0.8786988,-0.5650489,9.6585045
49.095,-0.87630457,-0.57223165,9.668081
49.124,-0.87151605,-0.56744313,9.665688
49.155,-0.87151605,-0.57223165,9.651321
49.196,-0.8547561,-0.57223165,9.648928
49.222,-0.8643332,-0.56744313,9.670476
49.256,-0.87151605,-0.5506832,9.668081
49.296,-0.8739103,-0.5554718,9.677659
49.323,-0.8786988,-0.5698374,9.663293
49.356,-0.87151605,-0.5602603,9.648928
49.395,-0.87151605,-0.5698374,9.6585045
49.424,-0.87630457,-0.56265455,9.656111
49.455,-0.8643332,-0.56265455,9.653716
49.496,-0.8547561,-0.5506832,9.680053
49.523,-0.8643332,-0.56265455,9.663293
49.563,-0.86912173,-0.5554718,9.663293
49.595,-0.88588166,-0.5554718,9.653716
49.624,-0.86912173,-0.5698374,9.651321
49.663,-0.87151605,-0.5554718,9.6585045
49.695,-0.86193895,-0.56265455,9.656111
49.736,-0.86912173,-0.5770202,9.665688
49.763,-0.87630457,-0.5554718,9.663293
49.794,-0.8667275,-0.5650489,9.653716
49.837,-0.8475733,-0.5506832,9.668081
49.872,-0.8930645,-0.56744313,9.668081
49.894,-0.8643332,-0.57462597,9.663293
49.934,-0.88588166,-0.5554718,9.665688
49.962,-0.8643332,-0.55786604,9.648928
49.993,-0.86193895,-0.5650489,9.668081
50.034,-0.88588166,-0.56265455,9.663293
50.064,-0.8547561,-0.57223165,9.656111
50.096,-0.8547561,-0.5650489,9.663293
50.135,-0.88588166,-0.57462597,9.665688
50.163,-0.87151605,-0.56744313,9.653716
50.195,-0.88109314,-0.57223165,9.663293
50.235,-0.87151605,-0.5602603,9.670476
50.263,-0.88109314,-0.56744313,9.677659
50.296,-0.88109314,-0.55786604,9.672871
50.336,-0.8667275,-0.5602603,9.670476
50.364,-0.8571504,-0.56265455,9.677659
50.396,-0.85954463,-0.57223165,9.660899
50.436,-0.8739103,-0.55786604,9.6585045
50.463,-0.8667275,-0.5818088,9.675264
50.503,-0.888276,-0.5770202,9.682447
50.535,-0.87630457,-0.5770202,9.660899
50.564,-0.88588166,-0.5554718,9.675264
50.604,-0.8739103,-0.5554718,9.651321
50.635,-0.8667275,-0.57462597,9.668081
50.675,-0.8667275,-0.54828894,9.680053
50.703,-0.88109314,-0.5650489,9.665688
50.734,-0.86193895,-0.5602603,9.656111
50.774,-0.8786988,-0.5602603,9.670476
50.802,-0.87630457,-0.5698374,9.670476
50.834,-0.888276,-0.5554718,9.644139
50.878,-0.86912173,-0.5650489,9.675264
50.902,-0.86193895,-0.57223165,9.665688
50.935,-0.85954463,-0.5650489,9.677659
50.974,-0.8571504,-0.5554718,9.670476
51.002,-0.87630457,-0.55307746,9.668081
51.034,-0.87630457,-0.56744313,9.672871
51.075,-0.8978531,-0.5650489,9.670476
51.103,-0.86912173,-0.5650489,9.660899
51.136,-0.8930645,-0.5650489,9.672871
51.176,-0.8667275,-0.56744313,9.663293
51.204,-0.87630457,-0.56265455,9.656111
51.236,-0.88109314,-0.56265455,9.660899
51.276,-0.8667275,-0.5506832,9.670476
51.304,-0.88109314,-0.5602603,9.663293
51.336,-0.86193895,-0.5602603,9.663293
51.378,-0.88109314,-0.5602603,9.660899
51.415,-0.85236186,-0.5770202,9.660899
51.443,-0.8739103,-0.5650489,9.656111
51.475,-0.87630457,-0.56265455,9.660899
51.504,-0.85954463,-0.5698374,9.656111
51.544,-0.86912173,-0.57223165,9.644139
51.576,-0.8739103,-0.56265455,9.668081
51.615,-0.86193895,-0.5818088,9.665688
51.643,-0.8786988,-0.56265455,9.680053
51.676,-0.86912173,-0.57223165,9.670476
51.715,-0.8834874,-0.55786604,9.660899
51.743,-0.87630457,-0.5411061,9.675264
51.774,-0.8739103,-0.5554718,9.668081
51.814,-0.88588166,-0.56265455,9.646533
51.844,-0.87151605,-0.56265455,9.670476
51.874,-0.87630457,-0.5650489,9.663293
51.913,-0.8930645,-0.5698374,9.670476
51.941,-0.88588166,-0.55786604,9.6585045
51.981,-0.8834874,-0.5554718,9.670476
52.014,-0.86193895,-0.5650489,9.6585045
52.043,-0.87151605,-0.5602603,9.656111
52.077,-0.86912173,-0.55786604,9.660899
52.115,-0.87630457,-0.5554718,9.665688
52.154,-0.8786988,-0.57462597,9.668081
52.183,-0.8786988,-0.56744313,9.670476
52.216,-0.86912173,-0.56744313,9.675264
52.256,-0.88588166,-0.5698374,9.677659
52.284,-0.84996754,-0.5650489,9.663293
52.315,-0.87151605,-0.5506832,9.660899
52.355,-0.87630457,-0.56744313,9.663293
52.383,-0.87151605,-0.55786604,9.660899
52.415,-0.88588166,-0.5698374,9.6585045
52.455,-0.86193895,-0.5650489,9.663293
52.483,-0.8786988,-0.55786604,9.668081
52.516,-0.87630457,-0.56744313,9.6585045
52.555,-0.87151605,-0.5698374,9.670476
52.583,-0.8571504,-0.5602603,9.668081
52.615,-0.84996754,-0.56265455,9.670476
52.654,-0.85954463,-0.55786604,9.668081
52.683,-0.8667275,-0.56265455,9.665688
52.714,-0.85954463,-0.5698374,9.670476
52.754,-0.87630457,-0.56744313,9.660899
52.782,-0.88109314,-0.56265455,9.680053
52.823,-0.87151605,-0.5554718,9.6585045
52.848,-0.88109314,-0.54828894,9.680053
52.883,-0.86193895,-0.5554718,9.665688
52.921,-0.8667275,-0.57462597,9.680053
52.955,-0.87630457,-0.55307746,9.653716
52.993,-0.87151605,-0.55786604,9.670476
53.022,-0.88109314,-0.5602603,9.651321
53.053,-0.85236186,-0.56744313,9.675264
53.084,-0.8571504,-0.55786604,9.660899
53.123,-0.87630457,-0.5602603,9.670476
53.156,-0.85954463,-0.57462597,9.668081
53.194,-0.8667275,-0.5458947,9.6585045
53.224,-0.86193895,-0.5698374,9.665688
53.255,-0.87151605,-0.57223165,9.670476
53.295,-0.8571504,-0.5650489,9.680053
53.323,-0.87630457,-0.5602603,9.648928
53.355,-0.8786988,-0.5602603,9.668081
53.395,-0.87630457,-0.5698374,9.672871
53.423,-0.85236186,-0.5602603,9.656111
53.455,-0.86193895,-0.57462597,9.670476
53.495,-0.8667275,-0.55307746,9.672871
53.523,-0.8786988,-0.5554718,9.665688
53.556,-0.8667275,-0.56265455,9.656111
53.594,-0.86193895,-0.56744313,9.656111
53.623,-0.888276,-0.58420306,9.656111
53.664,-0.86912173,-0.5794145,9.660899
53.696,-0.87630457,-0.5650489,9.672871
53.723,-0.8739103,-0.55786604,9.663293
53.762,-0.8786988,-0.55786604,9.653716
53.793,-0.87630457,-0.57223165,9.663293
53.836,-0.8667275,-0.5602603,9.646533
53.867,-0.8786988,-0.5650489,9.653716
53.893,-0.84278476,-0.5602603,9.653716
53.933,-0.87151605,-0.55786604,9.660899
53.962,-0.88109314,-0.531529,9.692024
53.994,-0.8667275,-0.56744313,9.660899
54.033,-0.87151605,-0.55307746,9.644139
54.062,-0.8643332,-0.5650489,9.668081
54.095,-0.87630457,-0.55307746,9.684841
54.135,-0.86193895,-0.54828894,9.660899
54.164,-0.8643332,-0.56265455,9.656111
54.195,-0.88109314,-0.56265455,9.668081
54.235,-0.87151605,-0.55786604,9.653716
54.262,-0.85236186,-0.5506832,9.660899
54.294,-0.85954463,-0.5698374,9.6585045
54.334,-0.8643332,-0.5770202,9.6585045
54.363,-0.88588166,-0.5650489,9.656111
54.394,-0.8739103,-0.5554718,9.675264
54.435,-0.8571504,-0.5650489,9.663293
54.462,-0.87151605,-0.5602603,9.648928
54.502,-0.8786988,-0.5650489,9.670476
54.534,-0.85954463,-0.5554718,9.663293
54.563,-0.888276,-0.5650489,9.665688
54.601,-0.8643332,-0.56265455,9.653716
54.633,-0.88109314,-0.5650489,9.656111
54.673,-0.86912173,-0.5650489,9.665688
54.702,-0.8667275,-0.5506832,9.6585045
54.734,-0.85954463,-0.5506832,9.660899
54.774,-0.8643332,-0.54828894,9.656111
54.801,-0.86193895,-0.5698374,9.665688
54.833,-0.8739103,-0.5698374,9.665688
54.874,-0.85954463,-0.56265455,9.670476
54.902,-0.8643332,-0.5770202,9.6585045
54.934,-0.8571504,-0.5458947,9.663293
54.974,-0.86912173,-0.5458947,9.665688
55.002,-0.8786988,-0.5602603,9.672871
55.033,-0.87151605,-0.5506832,9.651321
55.074,-0.86193895,-0.5818088,9.668081
55.102,-0.8834874,-0.56744313,9.668081
55.135,-0.8834874,-0.5698374,9.672871
55.175,-0.8667275,-0.56265455,9.660899
55.203,-0.86193895,-0.57462597,9.653716
55.234,-0.85954463,-0.5506832,9.665688
55.276,-0.85954463,-0.55786604,9.644139
55.302,-0.8643332,-0.55786604,9.665688
55.344,-0.8643332,-0.5770202,9.668081
55.374,-0.8739103,-0.5650489,9.670476
55.403,-0.8667275,-0.54350036,9.663293
55.436,-0.87151605,-0.5698374,9.651321
55.475,-0.8667275,-0.5602603,9.653716
55.503,-0.8739103,-0.5602603,9.656111
55.543,-0.87151605,-0.55307746,9.653716
55.575,-0.87151605,-0.5650489,9.670476
55.614,-0.87151605,-0.5506832,9.663293
55.643,-0.85954463,-0.5650489,9.663293
55.675,-0.8834874,-0.5602603,9.663293
55.714,-0.89067024,-0.5698374,9.670476
55.739,-0.8667275,-0.56265455,9.670476
55.773,-0.88588166,-0.5506832,9.651321
55.816,-0.88109314,-0.5602603,9.675264
55.846,-0.87151605,-0.56265455,9.648928
55.874,-0.8571504,-0.56744313,9.6585045
55.914,-0.8667275,-0.5698374,9.646533
55.942,-0.8739103,-0.5554718,9.677659
55.974,-0.86912173,-0.5602603,9.668081
56.013,-0.86193895,-0.55786604,9.656111
56.041,-0.86912173,-0.5698374,9.665688
56.074,-0.8739103,-0.55786604,9.660899
56.114,-0.8667275,-0.5554718,9.6585045
56.142,-0.8739103,-0.56744313,9.656111
56.175,-0.87630457,-0.56744313,9.660899
56.214,-0.8739103,-0.55786604,9.663293
56.243,-0.8739103,-0.57223165,9.6585045
56.276,-0.8667275,-0.5602603,9.648928
56.315,-0.87151605,-0.56265455,9.660899
56.354,-0.87151605,-0.5602603,9.663293
56.383,-0.89545876,-0.55307746,9.651321
56.414,-0.8643332,-0.5650489,9.6585045
56.455,-0.86912173,-0.5602603,9.668081
56.483,-0.88109314,-0.5698374,9.644139
56.513,-0.86193895,-0.5650489,9.675264
56.555,-0.87151605,-0.5650489,9.653716
56.583,-0.87151605,-0.5554718,9.653716
56.614,-0.86193895,-0.56744313,9.653716
56.654,-0.86912173,-0.5650489,9.663293
56.683,-0.8643332,-0.55786604,9.672871
56.715,-0.86912173,-0.56744313,9.648928
56.755,-0.8739103,-0.5698374,9.656111
56.781,-0.8667275,-0.5602603,9.653716
56.813,-0.88109314,-0.56265455,9.682447
56.865,-0.8739103,-0.5458947,9.651321
56.886,-0.88588166,-0.56265455,9.660899
56.922,-0.8786988,-0.5698374,9.663293
56.954,-0.88109314,-0.5602603,9.653716
56.981,-0.8643332,-0.5602603,9.660899
57.021,-0.8643332,-0.56744313,9.663293
57.056,-0.8834874,-0.56265455,9.677659
57.083,-0.87630457,-0.55786604,9.660899
57.123,-0.8739103,-0.5698374,9.668081
57.154,-0.8667275,-0.56265455,9.670476
57.194,-0.87630457,-0.5554718,9.675264
57.222,-0.86912173,-0.5650489,9.653716
57.254,-0.87151605,-0.5458947,9.665688
57.295,-0.8571504,-0.56265455,9.668081
57.322,-0.90503585,-0.55786604,9.680053
57.355,-0.8667275,-0.57223165,9.663293
57.395,-0.8667275,-0.5650489,9.665688
57.422,-0.8547561,-0.5554718,9.668081
57.455,-0.85954463,-0.56265455,9.656111
57.494,-0.8786988,-0.55786604,9.672871
57.522,-0.87630457,-0.5554718,9.644139
57.554,-0.8643332,-0.5698374,9.677659
57.594,-0.8667275,-0.5770202,9.668081
57.623,-0.8643332,-0.56265455,9.646533
57.656,-0.8786988,-0.56744313,9.670476
57.695,-0.87630457,-0.55307746,9.663293
57.723,-0.8667275,-0.56744313,9.653716
57.762,-0.87151605,-0.5818088,9.665688
57.793,-0.8786988,-0.5602603,9.641745
57.822,-0.87630457,-0.5602603,9.672871
57.866,-0.8739103,-0.5506832,9.665688
57.893,-0.85954463,-0.5411061,9.684841
57.932,-0.88109314,-0.56744313,9.653716
57.962,-0.888276,-0.56265455,9.663293
57.993,-0.86193895,-0.56265455,9.668081
58.032,-0.8571504,-0.5602603,9.660899
58.062,-0.86912173,-0.56265455,9.677659
58.094,-0.86912173,-0.5650489,9.660899
58.135,-0.86193895,-0.55307746,9.670476
58.163,-0.87630457,-0.55307746,9.663293
58.195,-0.8786988,-0.55786604,9.665688
58.234,-0.88109314,-0.5554718,9.651321
58.263,-0.8643332,-0.5650489,9.6585045
58.294,-0.8739103,-0.56744313,9.648928
58.335,-0.8786988,-0.57223165,9.665688
58.362,-0.8571504,-0.57223165,9.663293
58.394,-0.89067024,-0.5602603,9.675264
58.436,-0.89067024,-0.5554718,9.677659
58.463,-0.87151605,-0.56265455,9.665688
58.494,-0.8930645,-0.5770202,9.6585045
58.535,-0.8571504,-0.55307746,9.660899
58.563,-0.8786988,-0.56744313,9.660899
58.594,-0.87151605,-0.54828894,9.680053
58.634,-0.8547561,-0.56265455,9.6585045
58.663,-0.88588166,-0.5554718,9.663293
58.703,-0.84996754,-0.5602603,9.653716
58.736,-0.8571504,-0.5554718,9.660899
58.762,-0.87151605,-0.5650489,9.665688
58.801,-0.86912173,-0.5650489,9.677659
58.833,-0.8571504,-0.56265455,9.656111
58.863,-0.88109314,-0.5650489,9.663293
58.901,-0.87630457,-0.5506832,9.63935
58.934,-0.88109314,-0.56744313,9.668081
58.974,-0.86193895,-0.56744313,9.6585045
59.003,-0.88109314,-0.5650489,9.651321
59.035,-0.8739103,-0.5602603,9.651321
59.073,-0.8571504,-0.56744313,9.660899
59.103,-0.8667275,-0.5506832,9.6585045
59.135,-0.86912173,-0.5650489,9.648928
59.176,-0.88109314,-0.56265455,9.675264
59.203,-0.8786988,-0.56744313,9.670476
59.234,-0.87151605,-0.55307746,9.6585045
59.275,-0.87630457,-0.55786604,9.656111
59.304,-0.89067024,-0.5458947,9.653716
59.338,-0.8571504,-0.55307746,9.6585045
59.375,-0.8786988,-0.56744313,9.665688
59.403,-0.8739103,-0.54350036,9.672871
59.436,-0.86912173,-0.57462597,9.677659
59.476,-0.8834874,-0.5506832,9.6585045
59.503,-0.8739103,-0.56744313,9.682447
59.536,-0.87151605,-0.5770202,9.668081
59.576,-0.8786988,-0.5554718,9.665688
59.603,-0.8571504,-0.5818088,9.672871
59.643,-0.88109314,-0.57223165,9.660899
59.676,-0.87151605,-0.5602603,9.668081
59.703,-0.845179,-0.56265455,9.675264
59.744,-0.8786988,-0.56744313,9.665688
59.774,-0.85236186,-0.5818088,9.6585045
59.814,-0.8667275,-0.55786604,9.670476
59.842,-0.888276,-0.55786604,9.656111
59.875,-0.8667275,-0.5602603,9.656111
59.914,-0.89545876,-0.55307746,9.665688
59.942,-0.87151605,-0.5650489,9.656111
59.974,-0.8739103,-0.5650489,9.656111
