timestamp,x,y,z
00.000,-0.8125,0.59375,0.15625
00.031,-0.8125,0.59375,0.15625
00.062,-0.8125,0.59375,0.171875
00.093,-0.8125,0.59375,0.1875
00.125,-0.8125,0.59375,0.1875
00.156,-0.8125,0.59375,0.171875
00.187,-0.8125,0.59375,0.15625
00.218,-0.8125,0.609375,0.140625
00.250,-0.8125,0.609375,0.15625
00.281,-0.8125,0.59375,0.171875
00.312,-0.8125,0.59375,0.1875
00.343,-0.796875,0.609375,0.1875
00.375,-0.796875,0.609375,0.1875
00.406,-0.78125,0.609375,0.171875
00.437,-0.796875,0.625,0.15625
00.468,-0.796875,0.625,0.15625
00.500,-0.78125,0.640625,0.171875
00.531,-0.78125,0.640625,0.1875
00.562,-0.765625,0.640625,0.1875
00.593,-0.75,0.65625,0.1875
00.625,-0.734375,0.671875,0.203125
00.656,-0.734375,0.671875,0.1875
00.687,-0.71875,0.6875,0.203125
00.718,-0.71875,0.703125,0.203125
00.750,-0.703125,0.71875,0.21875
00.781,-0.6875,0.71875,0.234375
00.812,-0.671875,0.734375,0.234375
00.843,-0.640625,0.75,0.25
00.875,-0.625,0.75,0.25
00.906,-0.625,0.765625,0.25
00.937,-0.609375,0.78125,0.25
00.968,-0.609375,0.78125,0.25
01.000,-0.609375,0.796875,0.265625
01.031,-0.59375,0.796875,0.28125
01.062,-0.5625,0.796875,0.28125
01.093,-0.546875,0.8125,0.265625
01.125,-0.53125,0.828125,0.25
01.156,-0.53125,0.828125,0.265625
01.187,-0.515625,0.828125,0.28125
01.218,-0.515625,0.828125,0.296875
01.250,-0.515625,0.828125,0.296875
01.281,-0.5,0.828125,0.296875
01.312,-0.5,0.84375,0.28125
01.343,-0.484375,0.84375,0.265625
01.375,-0.484375,0.84375,0.265625
01.406,-0.46875,0.84375,0.28125
01.437,-0.46875,0.84375,0.28125
01.468,-0.46875,0.859375,0.296875
01.500,-0.46875,0.859375,0.296875
01.531,-0.46875,0.859375,0.28125
01.562,-0.46875,0.859375,0.28125
01.593,-0.46875,0.859375,0.28125
01.625,-0.46875,0.859375,0.28125
01.656,-0.46875,0.859375,0.28125
01.687,-0.46875,0.859375,0.28125
01.718,-0.484375,0.84375,0.28125
01.750,-0.484375,0.84375,0.28125
01.781,-0.484375,0.84375,0.296875
01.812,-0.5,0.84375,0.28125
01.843,-0.5,0.84375,0.296875
01.875,-0.515625,0.828125,0.296875
01.906,-0.515625,0.828125,0.28125
01.937,-0.53125,0.828125,0.28125
01.968,-0.546875,0.8125,0.28125
02.000,-0.546875,0.8125,0.28125
02.031,-0.5625,0.8125,0.28125
02.062,-0.578125,0.796875,0.296875
02.093,-0.578125,0.796875,0.296875
02.125,-0.59375,0.78125,0.296875
02.156,-0.609375,0.765625,0.28125
02.187,-0.625,0.765625,0.28125
02.218,-0.640625,0.75,0.265625
02.250,-0.65625,0.734375,0.265625
02.281,-0.671875,0.71875,0.265625
02.312,-0.6875,0.703125,0.25
02.343,-0.703125,0.703125,0.25
02.375,-0.71875,0.6875,0.234375
02.406,-0.734375,0.671875,0.234375
02.437,-0.734375,0.671875,0.21875
02.468,-0.75,0.65625,0.203125
02.500,-0.765625,0.640625,0.203125
02.531,-0.78125,0.625,0.1875
02.562,-0.796875,0.609375,0.171875
02.593,-0.796875,0.609375,0.1875
02.625,-0.8125,0.59375,0.1875
02.656,-0.8125,0.59375,0.171875
02.687,-0.8125,0.59375,0.171875
02.718,-0.8125,0.59375,0.171875
02.750,-0.828125,0.578125,0.15625
02.781,-0.828125,0.578125,0.15625
02.812,-0.828125,0.578125,0.15625
02.843,-0.84375,0.5625,0.15625
02.875,-0.84375,0.5625,0.15625
02.906,-0.84375,0.5625,0.15625
02.937,-0.828125,0.5625,0.15625
02.968,-0.828125,0.5625,0.15625
03.000,-0.828125,0.5625,0.15625
03.031,-0.84375,0.5625,0.15625
03.062,-0.828125,0.5625,0.15625
03.093,-0.828125,0.578125,0.15625
03.125,-0.828125,0.578125,0.15625
03.156,-0.828125,0.578125,0.15625
03.187,-0.8125,0.59375,0.15625
03.218,-0.8125,0.59375,0.171875
03.250,-0.796875,0.609375,0.171875
03.281,-0.796875,0.609375,0.171875
03.312,-0.796875,0.625,0.171875
03.343,-0.796875,0.625,0.171875
03.375,-0.78125,0.625,0.171875
03.406,-0.78125,0.640625,0.1875
03.437,-0.765625,0.65625,0.1875
03.468,-0.75,0.671875,0.1875
03.500,-0.734375,0.6875,0.1875
03.531,-0.734375,0.703125,0.1875
03.562,-0.734375,0.703125,0.203125
03.593,-0.703125,0.71875,0.21875
03.625,-0.6875,0.71875,0.203125
03.656,-0.671875,0.734375,0.203125
03.687,-0.65625,0.75,0.21875
03.718,-0.65625,0.75,0.21875
03.750,-0.625,0.765625,0.234375
03.781,-0.609375,0.765625,0.234375
03.812,-0.609375,0.765625,0.25
03.843,-0.59375,0.78125,0.265625
03.875,-0.578125,0.78125,0.265625
03.906,-0.5625,0.8125,0.265625
03.937,-0.546875,0.8125,0.265625
03.968,-0.53125,0.828125,0.28125
04.000,-0.515625,0.828125,0.28125
04.031,-0.5,0.84375,0.28125
04.062,-0.5,0.84375,0.28125
04.093,-0.484375,0.859375,0.28125
04.125,-0.484375,0.859375,0.28125
04.156,-0.46875,0.859375,0.28125
04.187,-0.46875,0.859375,0.28125
04.218,-0.453125,0.859375,0.28125
04.250,-0.453125,0.859375,0.296875
04.281,-0.453125,0.859375,0.28125
04.312,-0.4375,0.859375,0.296875
04.343,-0.4375,0.875,0.296875
04.375,-0.4375,0.875,0.296875
04.406,-0.4375,0.875,0.296875
04.437,-0.4375,0.859375,0.296875
04.468,-0.4375,0.859375,0.296875
04.500,-0.4375,0.859375,0.296875
04.531,-0.4375,0.859375,0.296875
04.562,-0.4375,0.875,0.296875
04.593,-0.4375,0.875,0.296875
04.625,-0.453125,0.875,0.296875
04.656,-0.453125,0.859375,0.296875
04.687,-0.453125,0.875,0.296875
04.718,-0.46875,0.859375,0.296875
04.750,-0.484375,0.859375,0.28125
04.781,-0.484375,0.84375,0.296875
04.812,-0.484375,0.84375,0.296875
04.843,-0.484375,0.828125,0.296875
04.875,-0.5,0.84375,0.296875
04.906,-0.515625,0.828125,0.28125
04.937,-0.53125,0.828125,0.28125
04.968,-0.546875,0.8125,0.296875
05.000,-0.546875,0.8125,0.296875
05.031,-0.546875,0.796875,0.296875
05.062,-0.578125,0.796875,0.296875
05.093,-0.578125,0.78125,0.296875
05.125,-0.59375,0.78125,0.296875
05.156,-0.609375,0.765625,0.296875
05.187,-0.609375,0.765625,0.296875
05.218,-0.640625,0.75,0.296875
05.250,-0.640625,0.734375,0.296875
05.281,-0.671875,0.71875,0.28125
05.312,-0.671875,0.71875,0.28125
05.343,-0.6875,0.703125,0.265625
05.375,-0.71875,0.6875,0.265625
05.406,-0.71875,0.671875,0.25
05.437,-0.734375,0.65625,0.234375
05.468,-0.75,0.65625,0.21875
05.500,-0.75,0.640625,0.21875
05.531,-0.765625,0.640625,0.203125
05.562,-0.78125,0.640625,0.203125
05.593,-0.78125,0.625,0.203125
05.625,-0.796875,0.609375,0.203125
05.656,-0.796875,0.609375,0.203125
05.687,-0.796875,0.59375,0.203125
05.718,-0.796875,0.59375,0.203125
05.750,-0.796875,0.59375,0.203125
05.781,-0.796875,0.59375,0.1875
05.812,-0.796875,0.59375,0.1875
05.843,-0.8125,0.59375,0.1875
05.875,-0.8125,0.59375,0.1875
05.906,-0.8125,0.59375,0.1875
05.937,-0.796875,0.59375,0.1875
05.968,-0.796875,0.59375,0.1875
06.000,-0.796875,0.609375,0.203125
06.031,-0.796875,0.609375,0.203125
06.062,-0.796875,0.609375,0.203125
06.093,-0.78125,0.609375,0.203125
06.125,-0.78125,0.609375,0.203125
06.156,-0.78125,0.625,0.203125
06.187,-0.765625,0.640625,0.203125
06.218,-0.765625,0.640625,0.203125
06.250,-0.75,0.65625,0.21875
06.281,-0.75,0.65625,0.21875
06.312,-0.734375,0.671875,0.21875
06.343,-0.734375,0.671875,0.21875
06.375,-0.71875,0.6875,0.21875
06.406,-0.71875,0.703125,0.21875
06.437,-0.6875,0.71875,0.234375
06.468,-0.6875,0.71875,0.21875
06.500,-0.671875,0.75,0.21875
06.531,-0.65625,0.75,0.234375
06.562,-0.640625,0.75,0.234375
06.593,-0.609375,0.78125,0.25
06.625,-0.59375,0.765625,0.25
06.656,-0.578125,0.796875,0.28125
06.687,-0.578125,0.796875,0.28125
06.718,-0.546875,0.8125,0.28125
06.750,-0.53125,0.8125,0.28125
06.781,-0.53125,0.828125,0.28125
06.812,-0.515625,0.84375,0.296875
06.843,-0.5,0.859375,0.296875
06.875,-0.484375,0.859375,0.296875
06.906,-0.453125,0.859375,0.296875
06.937,-0.453125,0.859375,0.296875
06.968,-0.4375,0.859375,0.296875
07.000,-0.4375,0.875,0.296875
07.031,-0.421875,0.875,0.296875
07.062,-0.421875,0.890625,0.296875
07.093,-0.421875,0.890625,0.296875
07.125,-0.40625,0.875,0.3125
07.156,-0.40625,0.890625,0.3125
07.187,-0.390625,0.875,0.3125
07.218,-0.390625,0.875,0.3125
07.250,-0.390625,0.875,0.3125
07.281,-0.40625,0.875,0.3125
07.312,-0.40625,0.875,0.3125
07.343,-0.421875,0.875,0.3125
07.375,-0.40625,0.875,0.3125
07.406,-0.40625,0.875,0.3125
07.437,-0.40625,0.875,0.296875
07.468,-0.421875,0.875,0.296875
07.500,-0.421875,0.875,0.3125
07.531,-0.421875,0.875,0.296875
07.562,-0.421875,0.875,0.3125
07.593,-0.421875,0.875,0.296875
07.625,-0.4375,0.875,0.296875
07.656,-0.4375,0.859375,0.296875
07.687,-0.453125,0.859375,0.296875
07.718,-0.46875,0.859375,0.296875
07.750,-0.46875,0.859375,0.3125
07.781,-0.484375,0.84375,0.3125
07.812,-0.5,0.828125,0.3125
07.843,-0.5,0.828125,0.3125
07.875,-0.515625,0.828125,0.3125
07.906,-0.53125,0.8125,0.296875
07.937,-0.546875,0.8125,0.3125
07.968,-0.5625,0.796875,0.296875
08.000,-0.578125,0.78125,0.296875
08.031,-0.59375,0.78125,0.296875
08.062,-0.59375,0.765625,0.296875
08.093,-0.625,0.765625,0.296875
08.125,-0.640625,0.75,0.28125
08.156,-0.65625,0.734375,0.265625
08.187,-0.671875,0.71875,0.265625
08.218,-0.6875,0.71875,0.265625
08.250,-0.703125,0.703125,0.25
08.281,-0.734375,0.671875,0.234375
08.312,-0.734375,0.671875,0.234375
08.343,-0.75,0.65625,0.234375
08.375,-0.765625,0.625,0.21875
08.406,-0.765625,0.625,0.21875
08.437,-0.78125,0.609375,0.21875
08.468,-0.796875,0.609375,0.203125
08.500,-0.8125,0.59375,0.203125
08.531,-0.8125,0.578125,0.203125
08.562,-0.8125,0.578125,0.1875
08.593,-0.828125,0.5625,0.1875
08.625,-0.828125,0.5625,0.203125
08.656,-0.828125,0.546875,0.1875
08.687,-0.828125,0.546875,0.1875
08.718,-0.84375,0.546875,0.1875
08.750,-0.84375,0.546875,0.1875
08.781,-0.84375,0.546875,0.1875
08.812,-0.84375,0.546875,0.1875
08.843,-0.84375,0.546875,0.1875
08.875,-0.84375,0.546875,0.1875
08.906,-0.84375,0.546875,0.1875
08.937,-0.84375,0.546875,0.1875
08.968,-0.84375,0.5625,0.1875
09.000,-0.828125,0.5625,0.1875
09.031,-0.828125,0.5625,0.1875
09.062,-0.828125,0.5625,0.203125
09.093,-0.8125,0.578125,0.203125
09.125,-0.8125,0.578125,0.203125
09.156,-0.8125,0.578125,0.203125
09.187,-0.8125,0.59375,0.203125
09.218,-0.796875,0.59375,0.21875
09.250,-0.78125,0.609375,0.203125
09.281,-0.78125,0.625,0.203125
09.312,-0.78125,0.640625,0.21875
09.343,-0.75,0.65625,0.21875
09.375,-0.75,0.65625,0.21875
09.406,-0.734375,0.671875,0.234375
09.437,-0.734375,0.671875,0.234375
09.468,-0.71875,0.6875,0.25
09.500,-0.703125,0.703125,0.265625
09.531,-0.6875,0.703125,0.265625
09.562,-0.671875,0.71875,0.265625
09.593,-0.65625,0.71875,0.265625
09.625,-0.640625,0.734375,0.28125
09.656,-0.609375,0.765625,0.296875
09.687,-0.609375,0.765625,0.296875
09.718,-0.578125,0.78125,0.3125
09.750,-0.5625,0.78125,0.3125
09.781,-0.53125,0.796875,0.328125
09.812,-0.515625,0.8125,0.3125
09.843,-0.5,0.828125,0.296875
09.875,-0.5,0.84375,0.296875
09.906,-0.46875,0.859375,0.3125
09.937,-0.46875,0.859375,0.328125
09.968,-0.453125,0.859375,0.328125
10.000,-0.421875,0.859375,0.328125
10.031,-0.421875,0.859375,0.328125
10.062,-0.40625,0.859375,0.328125
10.093,-0.421875,0.859375,0.328125
10.125,-0.40625,0.859375,0.328125
10.156,-0.40625,0.859375,0.328125
10.187,-0.40625,0.875,0.328125
10.218,-0.390625,0.875,0.328125
10.250,-0.390625,0.875,0.328125
10.281,-0.390625,0.875,0.3125
10.312,-0.390625,0.875,0.3125
10.343,-0.40625,0.875,0.3125
10.375,-0.421875,0.875,0.328125
10.406,-0.421875,0.875,0.328125
10.437,-0.4375,0.859375,0.328125
10.468,-0.4375,0.859375,0.328125
10.500,-0.4375,0.859375,0.328125
10.531,-0.453125,0.84375,0.3125
10.562,-0.453125,0.84375,0.3125
10.593,-0.46875,0.84375,0.3125
10.625,-0.5,0.84375,0.3125
10.656,-0.5,0.828125,0.3125
10.687,-0.515625,0.828125,0.3125
10.718,-0.53125,0.8125,0.3125
10.750,-0.53125,0.8125,0.3125
10.781,-0.546875,0.8125,0.3125
10.812,-0.546875,0.796875,0.3125
10.843,-0.578125,0.796875,0.3125
10.875,-0.59375,0.78125,0.296875
10.906,-0.59375,0.78125,0.296875
10.937,-0.625,0.765625,0.296875
10.968,-0.625,0.75,0.296875
11.000,-0.65625,0.71875,0.28125
11.031,-0.6875,0.703125,0.25
11.062,-0.71875,0.6875,0.25
11.093,-0.734375,0.671875,0.234375
11.125,-0.75,0.65625,0.234375
11.156,-0.765625,0.640625,0.21875
11.187,-0.78125,0.609375,0.21875
11.218,-0.78125,0.609375,0.203125
11.250,-0.796875,0.59375,0.1875
11.281,-0.8125,0.578125,0.1875
11.312,-0.8125,0.578125,0.1875
11.343,-0.8125,0.578125,0.1875
11.375,-0.8125,0.578125,0.1875
11.406,-0.828125,0.578125,0.1875
11.437,-0.828125,0.578125,0.1875
11.468,-0.828125,0.578125,0.171875
11.500,-0.84375,0.5625,0.171875
11.531,-0.84375,0.5625,0.171875
11.562,-0.84375,0.5625,0.171875
11.593,-0.828125,0.546875,0.1875
11.625,-0.828125,0.546875,0.1875
11.656,-0.828125,0.546875,0.203125
11.687,-0.828125,0.546875,0.203125
11.718,-0.84375,0.5625,0.1875
11.750,-0.828125,0.5625,0.1875
11.781,-0.828125,0.5625,0.1875
11.812,-0.828125,0.578125,0.1875
11.843,-0.828125,0.578125,0.1875
11.875,-0.8125,0.578125,0.1875
11.906,-0.8125,0.578125,0.203125
11.937,-0.8125,0.578125,0.203125
11.968,-0.796875,0.59375,0.203125
12.000,-0.796875,0.59375,0.203125
12.031,-0.796875,0.59375,0.203125
12.062,-0.78125,0.625,0.21875
12.093,-0.78125,0.625,0.21875
12.125,-0.765625,0.640625,0.234375
12.156,-0.75,0.65625,0.25
12.187,-0.734375,0.65625,0.25
12.218,-0.734375,0.671875,0.25
12.250,-0.71875,0.671875,0.25
12.281,-0.71875,0.6875,0.25
12.312,-0.703125,0.6875,0.265625
12.343,-0.6875,0.703125,0.265625
12.375,-0.671875,0.703125,0.296875
12.406,-0.640625,0.71875,0.296875
12.437,-0.625,0.71875,0.3125
12.468,-0.59375,0.75,0.3125
12.500,-0.59375,0.765625,0.3125
12.531,-0.578125,0.78125,0.3125
12.562,-0.546875,0.8125,0.3125
12.593,-0.546875,0.8125,0.3125
12.625,-0.53125,0.828125,0.3125
12.656,-0.5,0.84375,0.328125
12.687,-0.484375,0.828125,0.328125
12.718,-0.484375,0.84375,0.3125
12.750,-0.46875,0.84375,0.328125
12.781,-0.46875,0.84375,0.328125
12.812,-0.453125,0.859375,0.3125
12.843,-0.453125,0.859375,0.3125
12.875,-0.453125,0.859375,0.3125
12.906,-0.453125,0.859375,0.3125
12.937,-0.4375,0.859375,0.3125
12.968,-0.4375,0.859375,0.328125
13.000,-0.4375,0.859375,0.328125
13.031,-0.4375,0.859375,0.328125
13.062,-0.4375,0.859375,0.328125
13.093,-0.4375,0.84375,0.328125
13.125,-0.453125,0.859375,0.3125
13.156,-0.453125,0.859375,0.3125
13.187,-0.453125,0.859375,0.3125
13.218,-0.453125,0.859375,0.328125
13.250,-0.46875,0.859375,0.328125
13.281,-0.46875,0.84375,0.328125
13.312,-0.46875,0.84375,0.328125
13.343,-0.484375,0.828125,0.3125
13.375,-0.5,0.828125,0.3125
13.406,-0.5,0.828125,0.328125
13.437,-0.515625,0.8125,0.328125
13.468,-0.515625,0.8125,0.328125
13.500,-0.53125,0.8125,0.328125
13.531,-0.546875,0.796875,0.328125
13.562,-0.546875,0.78125,0.328125
13.593,-0.5625,0.78125,0.328125
13.625,-0.578125,0.78125,0.328125
13.656,-0.59375,0.765625,0.328125
13.687,-0.609375,0.75,0.3125
13.718,-0.625,0.75,0.296875
13.750,-0.640625,0.71875,0.28125
13.781,-0.671875,0.71875,0.28125
13.812,-0.6875,0.71875,0.265625
13.843,-0.703125,0.703125,0.265625
13.875,-0.71875,0.703125,0.265625
13.906,-0.734375,0.671875,0.25
13.937,-0.75,0.65625,0.234375
13.968,-0.765625,0.640625,0.21875
14.000,-0.78125,0.609375,0.203125
14.031,-0.796875,0.59375,0.1875
14.062,-0.8125,0.578125,0.1875
14.093,-0.828125,0.578125,0.171875
14.125,-0.828125,0.578125,0.171875
14.156,-0.84375,0.5625,0.171875
14.187,-0.84375,0.546875,0.1875
14.218,-0.84375,0.546875,0.1875
14.250,-0.84375,0.53125,0.1875
14.281,-0.84375,0.53125,0.1875
14.312,-0.859375,0.53125,0.171875
14.343,-0.875,0.515625,0.15625
14.375,-0.875,0.515625,0.15625
14.406,-0.875,0.515625,0.15625
14.437,-0.875,0.515625,0.15625
14.468,-0.875,0.515625,0.15625
14.500,-0.875,0.515625,0.15625
14.531,-0.875,0.515625,0.15625
14.562,-0.875,0.515625,0.15625
14.593,-0.875,0.515625,0.15625
14.625,-0.875,0.515625,0.15625
14.656,-0.859375,0.515625,0.15625
14.687,-0.859375,0.515625,0.15625
14.718,-0.859375,0.515625,0.15625
14.750,-0.859375,0.53125,0.171875
14.781,-0.859375,0.53125,0.1875
14.812,-0.84375,0.53125,0.1875
14.843,-0.84375,0.53125,0.1875
14.875,-0.84375,0.53125,0.1875
14.906,-0.84375,0.546875,0.1875
14.937,-0.84375,0.546875,0.1875
14.968,-0.828125,0.5625,0.1875
15.000,-0.828125,0.5625,0.203125
15.031,-0.8125,0.5625,0.203125
15.062,-0.8125,0.578125,0.203125
15.093,-0.8125,0.578125,0.203125
15.125,-0.8125,0.59375,0.203125
15.156,-0.796875,0.59375,0.21875
15.187,-0.78125,0.609375,0.234375
15.218,-0.765625,0.625,0.21875
15.250,-0.765625,0.640625,0.21875
15.281,-0.75,0.65625,0.234375
15.312,-0.734375,0.671875,0.234375
15.343,-0.734375,0.671875,0.25
15.375,-0.703125,0.6875,0.265625
15.406,-0.6875,0.703125,0.265625
15.437,-0.671875,0.71875,0.28125
15.468,-0.640625,0.734375,0.296875
15.500,-0.625,0.734375,0.28125
15.531,-0.625,0.765625,0.28125
15.562,-0.609375,0.765625,0.296875
15.593,-0.578125,0.78125,0.3125
15.625,-0.5625,0.796875,0.3125
15.656,-0.546875,0.796875,0.3125
15.687,-0.546875,0.8125,0.3125
15.718,-0.515625,0.8125,0.3125
15.750,-0.515625,0.8125,0.3125
15.781,-0.5,0.828125,0.3125
15.812,-0.5,0.828125,0.3125
15.843,-0.484375,0.84375,0.328125
15.875,-0.484375,0.84375,0.328125
15.906,-0.46875,0.84375,0.328125
15.937,-0.453125,0.84375,0.328125
15.968,-0.453125,0.84375,0.328125
16.000,-0.453125,0.84375,0.3125
16.031,-0.453125,0.84375,0.328125
16.062,-0.453125,0.84375,0.328125
16.093,-0.453125,0.84375,0.328125
16.125,-0.4375,0.859375,0.3125
16.156,-0.4375,0.859375,0.3125
16.187,-0.453125,0.859375,0.328125
16.218,-0.453125,0.84375,0.328125
16.250,-0.46875,0.84375,0.328125
16.281,-0.46875,0.84375,0.328125
16.312,-0.484375,0.84375,0.328125
16.343,-0.484375,0.828125,0.3125
16.375,-0.484375,0.828125,0.3125
16.406,-0.484375,0.828125,0.3125
16.437,-0.5,0.828125,0.3125
16.468,-0.515625,0.828125,0.328125
16.500,-0.53125,0.8125,0.328125
16.531,-0.53125,0.8125,0.328125
16.562,-0.53125,0.796875,0.328125
16.593,-0.546875,0.796875,0.328125
16.625,-0.5625,0.78125,0.3125
16.656,-0.59375,0.78125,0.3125
16.687,-0.59375,0.765625,0.296875
16.718,-0.609375,0.765625,0.296875
16.750,-0.609375,0.765625,0.296875
16.781,-0.609375,0.765625,0.28125
16.812,-0.640625,0.75,0.28125
16.843,-0.671875,0.734375,0.28125
16.875,-0.671875,0.71875,0.28125
16.906,-0.703125,0.703125,0.265625
16.937,-0.734375,0.6875,0.234375
16.968,-0.734375,0.671875,0.21875
17.000,-0.75,0.65625,0.203125
17.031,-0.765625,0.65625,0.1875
17.062,-0.765625,0.640625,0.171875
17.093,-0.796875,0.625,0.15625
17.125,-0.8125,0.609375,0.15625
17.156,-0.8125,0.59375,0.15625
17.187,-0.828125,0.578125,0.15625
17.218,-0.828125,0.5625,0.15625
17.250,-0.84375,0.546875,0.140625
17.281,-0.84375,0.546875,0.140625
17.312,-0.859375,0.53125,0.140625
17.343,-0.859375,0.53125,0.140625
17.375,-0.859375,0.53125,0.140625
17.406,-0.859375,0.53125,0.140625
17.437,-0.859375,0.53125,0.140625
17.468,-0.859375,0.515625,0.140625
17.500,-0.875,0.515625,0.125
17.531,-0.875,0.515625,0.125
17.562,-0.875,0.515625,0.109375
17.593,-0.875,0.515625,0.109375
17.625,-0.875,0.53125,0.125
17.656,-0.859375,0.53125,0.125
17.687,-0.859375,0.53125,0.125
17.718,-0.859375,0.53125,0.125
17.750,-0.875,0.53125,0.125
17.781,-0.859375,0.53125,0.140625
17.812,-0.859375,0.53125,0.140625
17.843,-0.859375,0.53125,0.140625
17.875,-0.84375,0.53125,0.140625
17.906,-0.84375,0.546875,0.140625
17.937,-0.84375,0.546875,0.15625
17.968,-0.84375,0.5625,0.15625
18.000,-0.84375,0.5625,0.15625
18.031,-0.828125,0.578125,0.15625
18.062,-0.828125,0.578125,0.15625
18.093,-0.828125,0.578125,0.15625
18.125,-0.8125,0.59375,0.171875
18.156,-0.796875,0.59375,0.171875
18.187,-0.796875,0.609375,0.171875
18.218,-0.796875,0.625,0.171875
18.250,-0.796875,0.625,0.171875
18.281,-0.78125,0.640625,0.1875
18.312,-0.765625,0.640625,0.1875
18.343,-0.75,0.65625,0.203125
18.375,-0.734375,0.671875,0.203125
18.406,-0.734375,0.6875,0.203125
18.437,-0.71875,0.703125,0.203125
18.468,-0.71875,0.703125,0.203125
18.500,-0.71875,0.703125,0.21875
18.531,-0.6875,0.71875,0.234375
18.562,-0.65625,0.734375,0.25
18.593,-0.640625,0.75,0.265625
18.625,-0.625,0.765625,0.265625
18.656,-0.625,0.765625,0.25
18.687,-0.59375,0.796875,0.25
18.718,-0.578125,0.796875,0.25
18.750,-0.5625,0.796875,0.265625
18.781,-0.5625,0.8125,0.265625
18.812,-0.546875,0.8125,0.28125
18.843,-0.53125,0.828125,0.28125
18.875,-0.515625,0.828125,0.28125
18.906,-0.515625,0.828125,0.296875
18.937,-0.5,0.84375,0.28125
18.968,-0.5,0.84375,0.28125
19.000,-0.484375,0.859375,0.296875
19.031,-0.484375,0.859375,0.3125
19.062,-0.484375,0.859375,0.296875
19.093,-0.46875,0.84375,0.28125
19.125,-0.46875,0.84375,0.28125
19.156,-0.484375,0.84375,0.296875
19.187,-0.484375,0.84375,0.296875
19.218,-0.484375,0.84375,0.296875
19.250,-0.484375,0.828125,0.296875
19.281,-0.484375,0.828125,0.296875
19.312,-0.484375,0.828125,0.296875
19.343,-0.5,0.828125,0.3125
19.375,-0.5,0.828125,0.3125
19.406,-0.5,0.828125,0.3125
19.437,-0.515625,0.828125,0.3125
19.468,-0.515625,0.828125,0.3125
19.500,-0.515625,0.828125,0.296875
19.531,-0.515625,0.828125,0.296875
19.562,-0.546875,0.8125,0.296875
19.593,-0.5625,0.8125,0.296875
19.625,-0.5625,0.796875,0.3125
19.656,-0.578125,0.796875,0.296875
19.687,-0.578125,0.78125,0.296875
19.718,-0.59375,0.78125,0.296875
19.750,-0.609375,0.78125,0.296875
19.781,-0.609375,0.765625,0.296875
19.812,-0.625,0.75,0.296875
19.843,-0.640625,0.734375,0.28125
19.875,-0.671875,0.71875,0.265625
19.906,-0.6875,0.703125,0.265625
19.937,-0.703125,0.703125,0.265625
19.968,-0.71875,0.6875,0.265625
20.000,-0.71875,0.671875,0.265625
20.031,-0.734375,0.65625,0.25
20.062,-0.734375,0.65625,0.25
20.093,-0.75,0.640625,0.234375
20.125,-0.765625,0.640625,0.21875
20.156,-0.78125,0.625,0.21875
20.187,-0.796875,0.625,0.203125
20.218,-0.8125,0.609375,0.203125
20.250,-0.8125,0.59375,0.1875
20.281,-0.828125,0.578125,0.203125
20.312,-0.828125,0.546875,0.203125
20.343,-0.828125,0.546875,0.203125
20.375,-0.84375,0.53125,0.1875
20.406,-0.84375,0.53125,0.1875
20.437,-0.859375,0.53125,0.171875
20.468,-0.859375,0.53125,0.171875
20.500,-0.859375,0.53125,0.171875
20.531,-0.859375,0.515625,0.171875
20.562,-0.859375,0.515625,0.171875
20.593,-0.859375,0.515625,0.15625
20.625,-0.875,0.5,0.15625
20.656,-0.875,0.5,0.15625
20.687,-0.875,0.5,0.15625
20.718,-0.875,0.5,0.15625
20.750,-0.875,0.5,0.15625
20.781,-0.875,0.5,0.171875
20.812,-0.875,0.5,0.171875
20.843,-0.875,0.5,0.1875
20.875,-0.875,0.5,0.171875
20.906,-0.875,0.5,0.171875
20.937,-0.875,0.5,0.171875
20.968,-0.859375,0.5,0.1875
21.000,-0.859375,0.515625,0.1875
21.031,-0.859375,0.515625,0.1875
21.062,-0.859375,0.53125,0.1875
21.093,-0.84375,0.53125,0.1875
21.125,-0.84375,0.546875,0.171875
21.156,-0.84375,0.546875,0.1875
21.187,-0.84375,0.546875,0.1875
21.218,-0.84375,0.5625,0.1875
21.250,-0.828125,0.5625,0.203125
21.281,-0.8125,0.578125,0.1875
21.312,-0.8125,0.578125,0.1875
21.343,-0.8125,0.578125,0.203125
21.375,-0.8125,0.578125,0.203125
21.406,-0.796875,0.59375,0.21875
21.437,-0.796875,0.59375,0.234375
21.468,-0.78125,0.609375,0.234375
21.500,-0.765625,0.625,0.21875
21.531,-0.765625,0.640625,0.21875
21.562,-0.765625,0.640625,0.234375
21.593,-0.75,0.65625,0.25
21.625,-0.734375,0.65625,0.25
21.656,-0.71875,0.671875,0.25
21.687,-0.71875,0.6875,0.234375
21.718,-0.71875,0.6875,0.234375
21.750,-0.703125,0.703125,0.25
21.781,-0.6875,0.703125,0.25
21.812,-0.671875,0.734375,0.25
21.843,-0.640625,0.75,0.265625
21.875,-0.640625,0.75,0.265625
21.906,-0.625,0.765625,0.265625
21.937,-0.609375,0.765625,0.28125
21.968,-0.609375,0.78125,0.28125
22.000,-0.59375,0.78125,0.296875
22.031,-0.59375,0.78125,0.3125
22.062,-0.578125,0.78125,0.3125
22.093,-0.546875,0.796875,0.296875
22.125,-0.546875,0.796875,0.296875
22.156,-0.53125,0.8125,0.28125
22.187,-0.53125,0.8125,0.28125
22.218,-0.53125,0.828125,0.296875
22.250,-0.515625,0.828125,0.3125
22.281,-0.515625,0.828125,0.3125
22.312,-0.5,0.828125,0.3125
22.343,-0.484375,0.84375,0.296875
22.375,-0.484375,0.84375,0.296875
22.406,-0.5,0.828125,0.3125
22.437,-0.5,0.828125,0.3125
22.468,-0.515625,0.828125,0.3125
22.500,-0.515625,0.828125,0.3125
22.531,-0.515625,0.828125,0.3125
22.562,-0.515625,0.828125,0.296875
22.593,-0.515625,0.828125,0.296875
22.625,-0.515625,0.828125,0.296875
22.656,-0.53125,0.828125,0.3125
22.687,-0.53125,0.8125,0.3125
22.718,-0.546875,0.796875,0.296875
22.750,-0.546875,0.796875,0.296875
22.781,-0.5625,0.796875,0.296875
22.812,-0.578125,0.78125,0.296875
22.843,-0.59375,0.78125,0.296875
22.875,-0.59375,0.765625,0.296875
22.906,-0.609375,0.765625,0.296875
22.937,-0.625,0.765625,0.296875
22.968,-0.625,0.734375,0.296875
23.000,-0.640625,0.734375,0.296875
23.031,-0.65625,0.734375,0.265625
23.062,-0.671875,0.734375,0.234375
23.093,-0.671875,0.71875,0.234375
23.125,-0.6875,0.71875,0.203125
23.156,-0.703125,0.71875,0.203125
23.187,-0.734375,0.6875,0.1875
23.218,-0.75,0.671875,0.203125
23.250,-0.75,0.671875,0.203125
23.281,-0.765625,0.65625,0.203125
23.312,-0.765625,0.640625,0.203125
23.343,-0.78125,0.625,0.1875
23.375,-0.796875,0.625,0.1875
23.406,-0.796875,0.609375,0.171875
23.437,-0.796875,0.609375,0.15625
23.468,-0.8125,0.609375,0.140625
23.500,-0.8125,0.609375,0.140625
23.531,-0.8125,0.59375,0.140625
23.562,-0.828125,0.578125,0.140625
23.593,-0.828125,0.578125,0.140625
23.625,-0.84375,0.5625,0.140625
23.656,-0.84375,0.5625,0.140625
23.687,-0.84375,0.5625,0.140625
23.718,-0.84375,0.5625,0.140625
23.750,-0.84375,0.5625,0.125
23.781,-0.84375,0.5625,0.140625
23.812,-0.84375,0.5625,0.140625
23.843,-0.84375,0.5625,0.140625
23.875,-0.84375,0.5625,0.140625
23.906,-0.84375,0.5625,0.15625
23.937,-0.84375,0.5625,0.15625
23.968,-0.84375,0.5625,0.15625
24.000,-0.84375,0.5625,0.15625
24.031,-0.828125,0.578125,0.140625
24.062,-0.828125,0.578125,0.140625
24.093,-0.828125,0.578125,0.15625
24.125,-0.8125,0.578125,0.15625
24.156,-0.8125,0.59375,0.15625
24.187,-0.8125,0.59375,0.171875
24.218,-0.8125,0.59375,0.171875
24.250,-0.8125,0.609375,0.171875
24.281,-0.796875,0.609375,0.171875
24.312,-0.796875,0.609375,0.171875
24.343,-0.78125,0.625,0.1875
24.375,-0.78125,0.625,0.1875
24.406,-0.765625,0.640625,0.1875
24.437,-0.765625,0.640625,0.1875
24.468,-0.765625,0.640625,0.203125
24.500,-0.765625,0.65625,0.203125
24.531,-0.75,0.65625,0.21875
24.562,-0.734375,0.671875,0.21875
24.593,-0.734375,0.671875,0.21875
24.625,-0.734375,0.671875,0.21875
24.656,-0.71875,0.6875,0.21875
24.687,-0.71875,0.703125,0.21875
24.718,-0.703125,0.71875,0.234375
24.750,-0.6875,0.71875,0.25
24.781,-0.671875,0.734375,0.234375
24.812,-0.671875,0.734375,0.234375
24.843,-0.65625,0.75,0.234375
24.875,-0.640625,0.75,0.25
24.906,-0.625,0.765625,0.265625
24.937,-0.609375,0.765625,0.265625
24.968,-0.609375,0.78125,0.28125
25.000,-0.59375,0.78125,0.28125
25.031,-0.59375,0.78125,0.28125
25.062,-0.578125,0.78125,0.28125
25.093,-0.578125,0.78125,0.28125
25.125,-0.578125,0.78125,0.28125
25.156,-0.5625,0.796875,0.296875
25.187,-0.546875,0.796875,0.296875
25.218,-0.53125,0.8125,0.28125
25.250,-0.53125,0.8125,0.28125
25.281,-0.53125,0.8125,0.296875
25.312,-0.53125,0.828125,0.296875
25.343,-0.515625,0.828125,0.296875
25.375,-0.515625,0.828125,0.3125
25.406,-0.53125,0.828125,0.296875
25.437,-0.53125,0.8125,0.296875
25.468,-0.53125,0.8125,0.296875
25.500,-0.546875,0.796875,0.296875
25.531,-0.546875,0.796875,0.296875
25.562,-0.546875,0.796875,0.296875
25.593,-0.546875,0.796875,0.296875
25.625,-0.546875,0.8125,0.296875
25.656,-0.546875,0.8125,0.296875
25.687,-0.5625,0.8125,0.28125
25.718,-0.578125,0.796875,0.296875
25.750,-0.59375,0.796875,0.296875
25.781,-0.59375,0.78125,0.296875
25.812,-0.609375,0.765625,0.3125
25.843,-0.609375,0.75,0.328125
25.875,-0.625,0.734375,0.3125
25.906,-0.625,0.734375,0.3125
25.937,-0.65625,0.734375,0.296875
25.968,-0.671875,0.71875,0.28125
26.000,-0.6875,0.71875,0.28125
26.031,-0.6875,0.703125,0.265625
26.062,-0.6875,0.703125,0.25
26.093,-0.703125,0.6875,0.234375
26.125,-0.734375,0.6875,0.21875
26.156,-0.734375,0.6875,0.21875
26.187,-0.75,0.671875,0.21875
26.218,-0.75,0.65625,0.21875
26.250,-0.765625,0.640625,0.21875
26.281,-0.78125,0.625,0.203125
26.312,-0.78125,0.625,0.203125
26.343,-0.796875,0.609375,0.203125
26.375,-0.796875,0.59375,0.1875
26.406,-0.8125,0.59375,0.1875
26.437,-0.8125,0.59375,0.171875
26.468,-0.828125,0.578125,0.171875
26.500,-0.828125,0.5625,0.171875
26.531,-0.828125,0.546875,0.1875
26.562,-0.84375,0.53125,0.1875
26.593,-0.84375,0.546875,0.1875
26.625,-0.84375,0.546875,0.171875
26.656,-0.84375,0.546875,0.15625
26.687,-0.84375,0.546875,0.140625
26.718,-0.859375,0.546875,0.140625
26.750,-0.859375,0.546875,0.15625
26.781,-0.84375,0.53125,0.1875
26.812,-0.84375,0.53125,0.203125
26.843,-0.84375,0.53125,0.203125
26.875,-0.84375,0.546875,0.1875
26.906,-0.828125,0.5625,0.171875
26.937,-0.84375,0.5625,0.171875
26.968,-0.828125,0.5625,0.171875
27.000,-0.828125,0.5625,0.1875
27.031,-0.828125,0.5625,0.1875
27.062,-0.8125,0.578125,0.203125
27.093,-0.796875,0.59375,0.203125
27.125,-0.796875,0.59375,0.203125
27.156,-0.796875,0.609375,0.203125
27.187,-0.78125,0.625,0.203125
27.218,-0.78125,0.625,0.203125
27.250,-0.765625,0.640625,0.21875
27.281,-0.75,0.640625,0.234375
27.312,-0.75,0.65625,0.21875
27.343,-0.734375,0.671875,0.234375
27.375,-0.734375,0.671875,0.234375
27.406,-0.703125,0.703125,0.234375
27.437,-0.6875,0.71875,0.25
27.468,-0.671875,0.734375,0.25
27.500,-0.65625,0.75,0.265625
27.531,-0.640625,0.765625,0.265625
27.562,-0.609375,0.78125,0.28125
27.593,-0.609375,0.78125,0.28125
27.625,-0.59375,0.796875,0.28125
27.656,-0.5625,0.796875,0.296875
27.687,-0.5625,0.8125,0.296875
27.718,-0.546875,0.8125,0.296875
27.750,-0.546875,0.8125,0.296875
27.781,-0.53125,0.8125,0.296875
27.812,-0.515625,0.828125,0.3125
27.843,-0.515625,0.8125,0.3125
27.875,-0.515625,0.828125,0.3125
27.906,-0.515625,0.828125,0.3125
27.937,-0.5,0.8125,0.328125
27.968,-0.5,0.828125,0.328125
28.000,-0.5,0.828125,0.328125
28.031,-0.515625,0.828125,0.3125
28.062,-0.515625,0.8125,0.3125
28.093,-0.515625,0.796875,0.328125
28.125,-0.515625,0.796875,0.328125
28.156,-0.515625,0.796875,0.328125
28.187,-0.515625,0.8125,0.3125
28.218,-0.515625,0.8125,0.3125
28.250,-0.515625,0.828125,0.3125
28.281,-0.515625,0.828125,0.3125
28.312,-0.515625,0.828125,0.3125
28.343,-0.53125,0.828125,0.3125
28.375,-0.546875,0.8125,0.3125
28.406,-0.546875,0.796875,0.3125
28.437,-0.5625,0.78125,0.3125
28.468,-0.578125,0.78125,0.3125
28.500,-0.578125,0.78125,0.328125
28.531,-0.59375,0.765625,0.3125
28.562,-0.609375,0.765625,0.3125
28.593,-0.625,0.75,0.3125
28.625,-0.640625,0.734375,0.296875
28.656,-0.65625,0.734375,0.296875
28.687,-0.671875,0.71875,0.28125
28.718,-0.6875,0.703125,0.25
28.750,-0.703125,0.703125,0.25
28.781,-0.71875,0.6875,0.25
28.812,-0.71875,0.671875,0.25
28.843,-0.734375,0.65625,0.234375
28.875,-0.75,0.65625,0.21875
28.906,-0.765625,0.640625,0.21875
28.937,-0.78125,0.625,0.203125
28.968,-0.796875,0.625,0.203125
29.000,-0.796875,0.609375,0.203125
29.031,-0.8125,0.59375,0.1875
29.062,-0.8125,0.578125,0.1875
29.093,-0.84375,0.5625,0.1875
29.125,-0.84375,0.53125,0.171875
29.156,-0.84375,0.53125,0.171875
29.187,-0.859375,0.515625,0.171875
29.218,-0.859375,0.515625,0.171875
29.250,-0.859375,0.5,0.15625
29.281,-0.875,0.5,0.15625
29.312,-0.875,0.5,0.15625
29.343,-0.875,0.5,0.171875
29.375,-0.875,0.5,0.171875
29.406,-0.875,0.5,0.15625
29.437,-0.875,0.5,0.15625
29.468,-0.875,0.5,0.15625
29.500,-0.875,0.5,0.15625
29.531,-0.875,0.5,0.171875
29.562,-0.875,0.5,0.171875
29.593,-0.875,0.5,0.171875
29.625,-0.875,0.5,0.171875
29.656,-0.859375,0.5,0.171875
29.687,-0.859375,0.5,0.1875
29.718,-0.859375,0.515625,0.171875
29.750,-0.859375,0.53125,0.171875
29.781,-0.859375,0.53125,0.171875
29.812,-0.84375,0.53125,0.1875
29.843,-0.84375,0.546875,0.203125
29.875,-0.84375,0.5625,0.203125
29.906,-0.828125,0.5625,0.203125
29.937,-0.8125,0.5625,0.21875
29.968,-0.8125,0.578125,0.21875
30.000,-0.796875,0.59375,0.203125
30.031,-0.796875,0.59375,0.203125
30.062,-0.796875,0.609375,0.203125
30.093,-0.78125,0.609375,0.21875
30.125,-0.765625,0.625,0.21875
30.156,-0.75,0.65625,0.234375
30.187,-0.734375,0.65625,0.25
30.218,-0.71875,0.671875,0.234375
30.250,-0.71875,0.6875,0.25
30.281,-0.703125,0.703125,0.25
30.312,-0.6875,0.71875,0.28125
30.343,-0.671875,0.71875,0.28125
30.375,-0.65625,0.734375,0.28125
30.406,-0.640625,0.75,0.28125
30.437,-0.640625,0.75,0.28125
30.468,-0.625,0.765625,0.28125
30.500,-0.609375,0.765625,0.296875
30.531,-0.59375,0.78125,0.296875
30.562,-0.578125,0.78125,0.3125
30.593,-0.578125,0.78125,0.3125
30.625,-0.546875,0.796875,0.328125
30.656,-0.546875,0.796875,0.3125
30.687,-0.53125,0.796875,0.328125
30.718,-0.53125,0.8125,0.3125
30.750,-0.53125,0.8125,0.3125
30.781,-0.515625,0.8125,0.328125
30.812,-0.515625,0.8125,0.328125
30.843,-0.515625,0.8125,0.328125
30.875,-0.5,0.8125,0.328125
30.906,-0.5,0.8125,0.328125
30.937,-0.5,0.828125,0.328125
30.968,-0.5,0.84375,0.328125
31.000,-0.5,0.84375,0.328125
31.031,-0.5,0.828125,0.328125
31.062,-0.5,0.828125,0.328125
31.093,-0.515625,0.8125,0.328125
31.125,-0.515625,0.796875,0.328125
31.156,-0.53125,0.796875,0.3125
31.187,-0.546875,0.8125,0.3125
31.218,-0.546875,0.8125,0.3125
31.250,-0.546875,0.8125,0.296875
31.281,-0.546875,0.796875,0.3125
31.312,-0.5625,0.796875,0.3125
31.343,-0.578125,0.796875,0.3125
31.375,-0.59375,0.78125,0.296875
31.406,-0.609375,0.765625,0.3125
31.437,-0.625,0.75,0.296875
31.468,-0.625,0.734375,0.296875
31.500,-0.640625,0.734375,0.296875
31.531,-0.671875,0.71875,0.28125
31.562,-0.671875,0.703125,0.265625
31.593,-0.703125,0.703125,0.234375
31.625,-0.734375,0.6875,0.203125
31.656,-0.75,0.6875,0.203125
31.687,-0.75,0.671875,0.1875
31.718,-0.75,0.671875,0.171875
31.750,-0.765625,0.65625,0.15625
31.781,-0.78125,0.65625,0.140625
31.812,-0.78125,0.640625,0.125
31.843,-0.796875,0.640625,0.125
31.875,-0.796875,0.640625,0.125
31.906,-0.8125,0.625,0.140625
31.937,-0.8125,0.609375,0.140625
31.968,-0.8125,0.609375,0.140625
32.000,-0.8125,0.59375,0.125
32.031,-0.828125,0.59375,0.125
32.062,-0.828125,0.578125,0.125
32.093,-0.828125,0.578125,0.140625
32.125,-0.828125,0.5625,0.140625
32.156,-0.84375,0.5625,0.140625
32.187,-0.859375,0.546875,0.140625
32.218,-0.859375,0.53125,0.15625
32.250,-0.84375,0.53125,0.15625
32.281,-0.84375,0.53125,0.140625
32.312,-0.859375,0.53125,0.125
32.343,-0.875,0.515625,0.140625
32.375,-0.875,0.515625,0.15625
32.406,-0.859375,0.515625,0.171875
32.437,-0.84375,0.515625,0.1875
32.468,-0.84375,0.53125,0.1875
32.500,-0.84375,0.53125,0.15625
32.531,-0.859375,0.546875,0.140625
32.562,-0.859375,0.546875,0.140625
32.593,-0.84375,0.546875,0.171875
32.625,-0.84375,0.53125,0.1875
32.656,-0.828125,0.546875,0.203125
32.687,-0.828125,0.546875,0.203125
32.718,-0.8125,0.5625,0.203125
32.750,-0.8125,0.59375,0.1875
32.781,-0.8125,0.59375,0.171875
32.812,-0.8125,0.609375,0.171875
32.843,-0.796875,0.609375,0.171875
32.875,-0.796875,0.625,0.171875
32.906,-0.78125,0.640625,0.1875
32.937,-0.765625,0.640625,0.203125
32.968,-0.765625,0.65625,0.21875
33.000,-0.75,0.65625,0.234375
33.031,-0.734375,0.65625,0.234375
33.062,-0.71875,0.671875,0.25
33.093,-0.71875,0.671875,0.25
33.125,-0.703125,0.6875,0.25
33.156,-0.6875,0.703125,0.265625
33.187,-0.671875,0.71875,0.265625
33.218,-0.65625,0.71875,0.296875
33.250,-0.640625,0.71875,0.3125
33.281,-0.609375,0.734375,0.328125
33.312,-0.59375,0.75,0.34375
33.343,-0.59375,0.765625,0.34375
33.375,-0.5625,0.78125,0.359375
33.406,-0.5625,0.78125,0.34375
33.437,-0.53125,0.796875,0.34375
33.468,-0.515625,0.8125,0.328125
33.500,-0.515625,0.828125,0.328125
33.531,-0.515625,0.8125,0.34375
33.562,-0.5,0.8125,0.375
33.593,-0.5,0.8125,0.359375
33.625,-0.5,0.8125,0.375
33.656,-0.5,0.8125,0.375
33.687,-0.5,0.78125,0.375
33.718,-0.484375,0.796875,0.375
33.750,-0.484375,0.8125,0.359375
33.781,-0.5,0.828125,0.359375
33.812,-0.5,0.8125,0.359375
33.843,-0.5,0.796875,0.375
33.875,-0.5,0.796875,0.359375
33.906,-0.5,0.796875,0.359375
33.937,-0.515625,0.796875,0.34375
33.968,-0.53125,0.796875,0.34375
34.000,-0.546875,0.78125,0.359375
34.031,-0.546875,0.78125,0.34375
34.062,-0.5625,0.78125,0.34375
34.093,-0.578125,0.78125,0.359375
34.125,-0.578125,0.75,0.359375
34.156,-0.59375,0.75,0.34375
34.187,-0.609375,0.734375,0.328125
34.218,-0.625,0.75,0.328125
34.250,-0.65625,0.734375,0.34375
34.281,-0.671875,0.703125,0.3125
34.312,-0.671875,0.6875,0.3125
34.343,-0.6875,0.6875,0.296875
34.375,-0.703125,0.671875,0.296875
34.406,-0.734375,0.671875,0.28125
34.437,-0.75,0.640625,0.28125
34.468,-0.75,0.625,0.265625
34.500,-0.765625,0.59375,0.265625
34.531,-0.765625,0.59375,0.265625
34.562,-0.78125,0.59375,0.25
34.593,-0.796875,0.59375,0.265625
34.625,-0.796875,0.59375,0.265625
34.656,-0.8125,0.578125,0.25
34.687,-0.8125,0.5625,0.234375
34.718,-0.828125,0.5625,0.21875
34.750,-0.84375,0.546875,0.21875
34.781,-0.84375,0.53125,0.21875
34.812,-0.84375,0.53125,0.203125
34.843,-0.84375,0.53125,0.203125
34.875,-0.84375,0.515625,0.203125
34.906,-0.859375,0.515625,0.203125
34.937,-0.859375,0.515625,0.1875
34.968,-0.859375,0.515625,0.203125
35.000,-0.859375,0.515625,0.1875
35.031,-0.859375,0.515625,0.1875
35.062,-0.859375,0.515625,0.171875
35.093,-0.859375,0.515625,0.171875
35.125,-0.859375,0.515625,0.1875
35.156,-0.859375,0.53125,0.1875
35.187,-0.84375,0.53125,0.1875
35.218,-0.84375,0.515625,0.203125
35.250,-0.859375,0.53125,0.1875
35.281,-0.859375,0.53125,0.1875
35.312,-0.84375,0.546875,0.1875
35.343,-0.84375,0.5625,0.203125
35.375,-0.84375,0.5625,0.203125
35.406,-0.859375,0.546875,0.1875
35.437,-0.84375,0.53125,0.203125
35.468,-0.828125,0.53125,0.1875
35.500,-0.8125,0.546875,0.171875
35.531,-0.796875,0.5625,0.171875
35.562,-0.8125,0.578125,0.15625
35.593,-0.8125,0.59375,0.15625
35.625,-0.84375,0.625,0.171875
35.656,-0.84375,0.65625,0.1875
35.687,-0.859375,0.671875,0.21875
35.718,-0.90625,0.703125,0.3125
35.750,-0.96875,0.703125,0.328125
35.781,-1.109375,0.640625,0.328125
35.812,-1.515625,0.578125,0.1875
35.843,-1.515625,0.484375,0.265625
35.875,-1.3125,0.46875,0.4375
35.906,-1.46875,0.421875,0.359375
35.937,-1.53125,0.265625,0.15625
35.968,-1.59375,0.265625,0.140625
36.000,-1.40625,0.1875,0.078125
36.031,-1.078125,0.015625,-0.171875
36.062,-0.4375,-0.140625,0.0625
36.093,-0.265625,-0.265625,0.046875
36.125,-0.15625,-0.5625,-0.109375
36.156,-0.15625,-0.625,-0.15625
36.187,-0.046875,-0.609375,0.140625
36.218,-0.296875,-0.28125,0.421875
36.250,-0.234375,-0.421875,0.34375
36.281,-0.328125,-0.53125,0.15625
36.312,-0.484375,-0.59375,0.3125
36.343,-0.25,-0.578125,0.46875
36.375,0.296875,-0.71875,0.640625
36.406,0.140625,-0.75,0.53125
36.437,-0.140625,-0.78125,0.484375
36.468,-0.34375,-0.640625,0.390625
36.500,0.0625,-0.59375,0.453125
36.531,0.578125,-0.5,0.609375
36.562,0.53125,-0.578125,0.390625
36.593,1.125,-0.515625,0.703125
36.625,0.546875,-0.453125,0.75
36.656,0.15625,-0.484375,0.71875
36.687,0.75,-0.4375,0.96875
36.718,0.5625,-0.5,0.671875
36.750,0.65625,-0.515625,0.546875
36.781,0.703125,-0.484375,0.765625
36.812,0.46875,-0.4375,0.53125
36.843,-0.015625,-0.671875,0.359375
36.875,0.0625,-0.703125,0.515625
36.906,-0.21875,-0.75,0.625
36.937,-0.671875,-0.78125,0.28125
36.968,-0.203125,-0.78125,0.453125
37.000,0.453125,-0.671875,0.453125
37.031,0.96875,-0.75,0.625
37.062,0.984375,-0.5625,0.875
37.093,0.203125,-0.65625,0.59375
37.125,0.6875,-0.65625,0.71875
37.156,0.640625,-0.609375,0.78125
37.187,0.59375,-0.609375,0.703125
37.218,0.640625,-0.640625,0.515625
37.250,0.390625,-0.71875,0.390625
37.281,0.46875,-0.703125,0.53125
37.312,0.203125,-0.65625,0.5
37.343,-0.015625,-0.578125,0.421875
37.375,0.015625,-0.5625,0.484375
37.406,-0.109375,-0.5625,0.40625
37.437,-0.546875,-0.828125,0.1875
37.468,-0.28125,-0.8125,0.140625
37.500,-0.15625,-1.140625,0.0
37.531,-0.03125,-1.265625,0.015625
37.562,-0.03125,-1.21875,-0.09375
37.593,0.0,-1.34375,-0.046875
37.625,0.09375,-1.328125,0.078125
37.656,-0.046875,-1.34375,0.078125
37.687,-0.171875,-1.375,-0.046875
37.718,-0.171875,-1.359375,-0.0625
37.750,0.03125,-1.265625,-0.03125
37.781,0.0,-1.203125,-0.015625
37.812,0.140625,-1.078125,0.09375
37.843,0.25,-1.03125,0.234375
37.875,0.328125,-0.984375,0.359375
37.906,0.0,-0.84375,0.34375
37.937,0.078125,-0.796875,0.375
37.968,0.375,-0.75,0.390625
38.000,0.234375,-0.59375,0.453125
38.031,0.296875,-0.5625,0.484375
38.062,0.375,-0.5625,0.546875
38.093,0.40625,-0.546875,0.578125
38.125,0.421875,-0.515625,0.609375
38.156,0.40625,-0.53125,0.59375
38.187,0.4375,-0.484375,0.640625
38.218,0.4375,-0.515625,0.65625
38.250,0.4375,-0.53125,0.640625
38.281,0.421875,-0.515625,0.671875
38.312,0.421875,-0.53125,0.703125
38.343,0.421875,-0.515625,0.734375
38.375,0.359375,-0.5,0.71875
38.406,0.375,-0.46875,0.765625
38.437,0.390625,-0.453125,0.765625
38.468,0.40625,-0.453125,0.75
38.500,0.40625,-0.4375,0.75
38.531,0.34375,-0.390625,0.6875
38.562,0.359375,-0.296875,0.609375
38.593,0.421875,-0.296875,0.59375
38.625,0.546875,-0.25,0.578125
38.656,0.578125,-0.1875,0.5625
38.687,0.6875,-0.15625,0.5625
38.718,0.765625,-0.125,0.578125
38.750,0.796875,-0.125,0.609375
38.781,0.78125,-0.046875,0.578125
38.812,0.84375,-0.046875,0.59375
38.843,0.796875,0.0,0.53125
38.875,0.96875,0.0,0.609375
38.906,0.890625,0.015625,0.546875
38.937,0.90625,0.015625,0.546875
38.968,0.828125,0.03125,0.53125
39.000,0.8125,0.03125,0.515625
39.031,0.796875,0.0,0.484375
39.062,0.78125,0.015625,0.5
39.093,0.78125,0.03125,0.546875
39.125,0.78125,0.015625,0.578125
39.156,0.765625,0.03125,0.5625
39.187,0.796875,0.03125,0.546875
39.218,0.8125,0.015625,0.515625
39.250,0.828125,0.03125,0.515625
39.281,0.84375,0.046875,0.484375
39.312,0.859375,0.0625,0.484375
39.343,0.953125,0.0625,0.453125
39.375,0.984375,0.046875,0.4375
39.406,0.9375,0.0,0.5
39.437,0.75,-0.03125,0.484375
39.468,0.578125,-0.046875,0.390625
39.500,0.640625,-0.078125,0.328125
39.531,1.015625,-0.03125,0.453125
39.562,1.078125,-0.046875,0.4375
39.593,1.078125,-0.03125,0.375
39.625,1.078125,-0.0625,0.390625
39.656,1.03125,-0.109375,0.421875
39.687,1.046875,-0.125,0.453125
39.718,1.125,-0.15625,0.484375
39.750,1.0625,-0.171875,0.515625
39.781,0.96875,-0.25,0.5
39.812,0.6875,-0.390625,0.5
39.843,0.40625,-0.515625,0.484375
39.875,0.296875,-0.609375,0.5
39.906,0.125,-0.703125,0.46875
39.937,0.0625,-0.703125,0.59375
39.968,0.046875,-0.6875,0.625
40.000,-0.09375,-0.703125,0.546875
40.031,-0.09375,-0.6875,0.578125
40.062,0.109375,-0.625,0.671875
40.093,0.234375,-0.6875,0.578125
40.125,0.265625,-0.671875,0.578125
40.156,0.484375,-0.6875,0.578125
40.187,0.5,-0.609375,0.65625
40.218,0.609375,-0.75,0.421875
40.250,0.65625,-0.71875,0.5
40.281,0.59375,-0.71875,0.453125
40.312,0.65625,-0.734375,0.40625
40.343,0.71875,-0.78125,0.359375
40.375,0.6875,-0.75,0.390625
40.406,0.484375,-0.671875,0.5625
40.437,0.40625,-0.65625,0.546875
40.468,0.4375,-0.6875,0.546875
40.500,0.296875,-0.65625,0.53125
40.531,0.21875,-0.640625,0.53125
40.562,0.265625,-0.625,0.5625
40.593,0.3125,-0.671875,0.59375
40.625,0.40625,-0.671875,0.71875
40.656,0.296875,-0.734375,0.65625
40.687,0.28125,-0.734375,0.65625
40.718,0.25,-0.71875,0.640625
40.750,0.234375,-0.6875,0.625
40.781,0.140625,-0.625,0.65625
40.812,0.0625,-0.546875,0.734375
40.843,0.046875,-0.53125,0.734375
40.875,0.03125,-0.515625,0.75
40.906,0.09375,-0.546875,0.765625
40.937,0.125,-0.546875,0.75
40.968,0.140625,-0.5625,0.78125
41.000,0.171875,-0.5625,0.796875
41.031,0.15625,-0.59375,0.78125
41.062,0.171875,-0.625,0.796875
41.093,0.140625,-0.625,0.78125
41.125,0.171875,-0.59375,0.796875
41.156,0.203125,-0.59375,0.796875
41.187,0.171875,-0.5625,0.78125
41.218,0.125,-0.53125,0.75
41.250,0.140625,-0.484375,0.8125
41.281,0.171875,-0.4375,0.796875
41.312,0.171875,-0.46875,0.765625
41.343,0.109375,-0.453125,0.8125
41.375,0.1875,-0.515625,0.859375
41.406,0.21875,-0.53125,0.890625
41.437,0.1875,-0.484375,0.9375
41.468,0.140625,-0.515625,0.859375
41.500,0.09375,-0.578125,0.75
41.531,0.0625,-0.5,0.890625
41.562,0.03125,-0.484375,0.890625
41.593,0.015625,-0.5,0.84375
41.625,0.0625,-0.453125,0.859375
41.656,-0.015625,-0.484375,0.84375
41.687,0.046875,-0.484375,0.921875
41.718,0.203125,-0.484375,1.03125
41.750,0.1875,-0.46875,0.9375
41.781,-0.046875,-0.5,0.984375
41.812,0.15625,-0.484375,1.09375
41.843,0.109375,-0.546875,0.9375
41.875,0.03125,-0.609375,0.859375
41.906,0.03125,-0.578125,0.859375
41.937,-0.140625,-0.578125,0.8125
41.968,-0.265625,-0.578125,0.65625
42.000,-0.203125,-0.484375,0.765625
42.031,-0.25,-0.453125,0.703125
42.062,-0.359375,-0.4375,0.6875
42.093,-0.328125,-0.3125,0.75
42.125,-0.328125,-0.296875,0.6875
42.156,-0.21875,-0.296875,0.796875
42.187,-0.265625,-0.234375,0.796875
42.218,-0.234375,-0.265625,0.8125
42.250,-0.171875,-0.265625,0.90625
42.281,-0.125,-0.296875,0.953125
42.312,-0.125,-0.3125,0.9375
42.343,-0.109375,-0.421875,0.875
42.375,-0.078125,-0.421875,0.90625
42.406,-0.171875,-0.421875,0.90625
42.437,-0.171875,-0.46875,0.828125
42.468,-0.125,-0.453125,0.859375
42.500,-0.109375,-0.453125,0.828125
42.531,-0.109375,-0.5,0.796875
42.562,-0.015625,-0.4375,0.890625
42.593,0.046875,-0.5,0.890625
42.625,0.078125,-0.515625,0.859375
42.656,0.109375,-0.625,0.765625
42.687,0.171875,-0.625,0.8125
42.718,0.125,-0.640625,0.78125
42.750,0.0625,-0.609375,0.78125
42.781,0.03125,-0.59375,0.78125
42.812,-0.046875,-0.578125,0.75
42.843,-0.078125,-0.59375,0.75
42.875,-0.078125,-0.59375,0.765625
42.906,-0.140625,-0.625,0.765625
42.937,-0.140625,-0.640625,0.765625
42.968,-0.140625,-0.71875,0.703125
43.000,-0.125,-0.734375,0.703125
43.031,-0.078125,-0.734375,0.734375
43.062,0.03125,-0.71875,0.75
43.093,0.078125,-0.71875,0.75
43.125,0.21875,-0.71875,0.71875
43.156,0.328125,-0.75,0.65625
43.187,0.328125,-0.734375,0.65625
43.218,0.1875,-0.671875,0.6875
43.250,0.015625,-0.671875,0.703125
43.281,-0.078125,-0.6875,0.671875
43.312,-0.234375,-0.71875,0.671875
43.343,-0.265625,-0.6875,0.671875
43.375,-0.109375,-0.640625,0.75
43.406,0.09375,-0.609375,0.71875
43.437,0.1875,-0.578125,0.703125
43.468,0.28125,-0.609375,0.71875
43.500,0.375,-0.625,0.765625
43.531,0.296875,-0.671875,0.765625
43.562,0.140625,-0.6875,0.734375
43.593,-0.015625,-0.671875,0.703125
43.625,-0.265625,-0.640625,0.65625
43.656,-0.265625,-0.625,0.625
43.687,-0.203125,-0.515625,0.765625
43.718,-0.03125,-0.53125,0.78125
43.750,0.03125,-0.515625,0.765625
43.781,0.0625,-0.5625,0.75
43.812,0.03125,-0.515625,0.796875
43.843,-0.03125,-0.53125,0.8125
43.875,-0.109375,-0.53125,0.875
43.906,-0.140625,-0.53125,0.84375
43.937,-0.171875,-0.515625,0.796875
43.968,-0.1875,-0.578125,0.78125
44.000,-0.1875,-0.546875,0.8125
44.031,-0.140625,-0.578125,0.71875
44.062,-0.125,-0.640625,0.71875
44.093,-0.125,-0.640625,0.796875
44.125,-0.1875,-0.6875,0.671875
44.156,-0.21875,-0.6875,0.6875
44.187,-0.203125,-0.65625,0.78125
44.218,-0.203125,-0.703125,0.703125
44.250,-0.21875,-0.65625,0.71875
44.281,-0.203125,-0.65625,0.71875
44.312,-0.1875,-0.65625,0.703125
44.343,-0.1875,-0.65625,0.6875
44.375,-0.28125,-0.65625,0.65625
44.406,-0.3125,-0.6875,0.625
44.437,-0.46875,-0.734375,0.546875
44.468,-0.46875,-0.75,0.546875
44.500,-0.609375,-0.75,0.46875
44.531,-0.578125,-0.703125,0.609375
44.562,-0.53125,-0.6875,0.640625
44.593,-0.34375,-0.6875,0.640625
44.625,-0.265625,-0.6875,0.640625
44.656,-0.125,-0.765625,0.453125
44.687,-0.375,-0.71875,0.53125
44.718,-0.390625,-0.6875,0.625
44.750,-0.296875,-0.6875,0.5
44.781,-0.71875,-0.453125,0.78125
44.812,-0.78125,-0.4375,0.984375
44.843,-0.5,-0.640625,0.765625
44.875,-0.34375,-0.703125,0.65625
44.906,-0.328125,-0.84375,0.578125
44.937,-0.34375,-0.859375,0.515625
44.968,-0.34375,-0.875,0.5625
45.000,-0.359375,-0.859375,0.421875
45.031,-0.28125,-0.875,0.4375
45.062,0.140625,-0.765625,0.765625
45.093,-0.015625,-0.75,0.640625
45.125,-0.234375,-0.734375,0.484375
45.156,-0.0625,-0.640625,0.546875
45.187,0.09375,-0.625,0.609375
45.218,0.078125,-0.59375,0.65625
45.250,0.328125,-0.578125,0.828125
45.281,0.265625,-0.546875,0.8125
45.312,0.09375,-0.609375,0.578125
45.343,0.265625,-0.5625,0.609375
45.375,0.328125,-0.609375,0.578125
45.406,0.375,-0.6875,0.484375
45.437,0.421875,-0.671875,0.546875
45.468,0.5625,-0.703125,0.546875
45.500,0.53125,-0.734375,0.484375
45.531,0.515625,-0.75,0.484375
45.562,0.515625,-0.734375,0.5625
45.593,0.46875,-0.75,0.53125
45.625,0.359375,-0.71875,0.609375
45.656,0.328125,-0.71875,0.59375
45.687,0.3125,-0.6875,0.59375
45.718,0.28125,-0.703125,0.625
45.750,0.21875,-0.734375,0.578125
45.781,0.234375,-0.75,0.546875
45.812,0.203125,-0.71875,0.671875
45.843,0.171875,-0.703125,0.671875
45.875,0.203125,-0.75,0.671875
45.906,0.21875,-0.734375,0.640625
45.937,0.203125,-0.734375,0.625
45.968,0.171875,-0.6875,0.703125
46.000,0.0625,-0.703125,0.671875
46.031,-0.046875,-0.6875,0.625
46.062,-0.09375,-0.6875,0.6875
46.093,-0.015625,-0.640625,0.734375
46.125,0.0625,-0.6875,0.6875
46.156,0.09375,-0.6875,0.6875
46.187,0.171875,-0.75,0.640625
46.218,0.109375,-0.765625,0.59375
46.250,0.03125,-0.71875,0.6875
46.281,-0.0625,-0.671875,0.78125
46.312,-0.1875,-0.6875,0.65625
46.343,-0.28125,-0.625,0.71875
46.375,-0.140625,-0.640625,0.6875
46.406,0.0,-0.640625,0.71875
46.437,0.015625,-0.625,0.75
46.468,-0.03125,-0.578125,0.71875
46.500,-0.03125,-0.5625,0.6875
46.531,-0.046875,-0.578125,0.6875
46.562,-0.078125,-0.5625,0.6875
46.593,-0.03125,-0.578125,0.703125
46.625,-0.078125,-0.640625,0.703125
46.656,-0.140625,-0.609375,0.703125
46.687,-0.15625,-0.625,0.734375
46.718,-0.140625,-0.640625,0.78125
46.750,-0.15625,-0.65625,0.734375
46.781,-0.125,-0.6875,0.671875
46.812,-0.109375,-0.703125,0.65625
46.843,-0.15625,-0.75,0.609375
46.875,-0.1875,-0.6875,0.6875
46.906,-0.203125,-0.703125,0.65625
46.937,-0.234375,-0.765625,0.65625
46.968,-0.234375,-0.734375,0.6875
47.000,-0.25,-0.78125,0.59375
47.031,-0.265625,-0.859375,0.453125
47.062,-0.265625,-0.828125,0.5
47.093,-0.25,-0.84375,0.515625
47.125,-0.234375,-0.84375,0.46875
47.156,-0.28125,-0.8125,0.515625
47.187,-0.3125,-0.78125,0.5625
47.218,-0.34375,-0.796875,0.46875
47.250,-0.28125,-0.8125,0.46875
47.281,-0.265625,-0.796875,0.484375
47.312,-0.3125,-0.8125,0.4375
47.343,-0.3125,-0.8125,0.421875
47.375,-0.28125,-0.8125,0.4375
47.406,-0.296875,-0.828125,0.40625
47.437,-0.3125,-0.84375,0.359375
47.468,-0.296875,-0.875,0.34375
47.500,-0.34375,-0.875,0.328125
47.531,-0.375,-0.875,0.328125
47.562,-0.359375,-0.890625,0.296875
47.593,-0.359375,-0.90625,0.265625
47.625,-0.359375,-0.90625,0.25
47.656,-0.359375,-0.9375,0.125
47.687,-0.3125,-0.984375,0.015625
47.718,-0.3125,-1.03125,-0.0625
47.750,-0.390625,-1.09375,-0.34375
47.781,-0.390625,-1.125,-0.421875
47.812,-0.34375,-1.078125,-0.3125
47.843,-0.453125,-1.109375,-0.171875
47.875,-0.46875,-1.09375,-0.125
47.906,-0.375,-1.03125,0.078125
47.937,-0.359375,-1.015625,0.171875
47.968,-0.28125,-0.90625,0.390625
48.000,-0.1875,-0.875,0.46875
48.031,-0.203125,-0.828125,0.515625
48.062,-0.125,-0.765625,0.59375
48.093,-0.140625,-0.6875,0.578125
48.125,-0.171875,-0.65625,0.59375
48.156,-0.1875,-0.5625,0.65625
48.187,-0.171875,-0.515625,0.671875
48.218,-0.078125,-0.515625,0.703125
48.250,-0.09375,-0.546875,0.625
48.281,-0.0625,-0.578125,0.640625
48.312,0.109375,-0.65625,0.625
48.343,0.140625,-0.703125,0.640625
48.375,0.140625,-0.71875,0.640625
48.406,0.234375,-0.78125,0.625
48.437,0.21875,-0.796875,0.625
48.468,0.21875,-0.78125,0.671875
48.500,0.234375,-0.75,0.6875
48.531,0.203125,-0.796875,0.5625
48.562,0.203125,-0.765625,0.546875
48.593,0.21875,-0.734375,0.609375
48.625,0.140625,-0.765625,0.5625
48.656,0.140625,-0.75,0.640625
48.687,0.125,-0.75,0.625
48.718,0.109375,-0.75,0.59375
48.750,0.125,-0.75,0.609375
48.781,0.171875,-0.78125,0.59375
48.812,0.125,-0.78125,0.59375
48.843,0.0625,-0.765625,0.625
48.875,0.046875,-0.75,0.609375
48.906,0.046875,-0.75,0.59375
48.937,0.0625,-0.75,0.609375
48.968,0.0,-0.765625,0.640625
49.000,-0.046875,-0.765625,0.59375
49.031,-0.03125,-0.765625,0.625
49.062,0.015625,-0.75,0.625
49.093,0.0625,-0.765625,0.609375
49.125,0.140625,-0.8125,0.578125
49.156,0.15625,-0.828125,0.5625
49.187,0.046875,-0.796875,0.640625
49.218,0.03125,-0.796875,0.640625
49.250,-0.015625,-0.78125,0.625
49.281,-0.203125,-0.671875,0.65625
49.312,-0.109375,-0.671875,0.640625
49.343,0.046875,-0.65625,0.609375
49.375,0.0,-0.625,0.609375
49.406,0.0,-0.625,0.5625
49.437,-0.046875,-0.65625,0.578125
49.468,-0.0625,-0.6875,0.609375
49.500,-0.109375,-0.6875,0.65625
49.531,-0.125,-0.75,0.609375
49.562,-0.109375,-0.75,0.625
49.593,-0.109375,-0.765625,0.5625
49.625,-0.109375,-0.78125,0.546875
49.656,-0.125,-0.796875,0.53125
49.687,-0.125,-0.84375,0.515625
49.718,-0.125,-0.84375,0.5
49.750,-0.171875,-0.875,0.46875
49.781,-0.265625,-0.875,0.46875
49.812,-0.265625,-0.859375,0.484375
49.843,-0.265625,-0.890625,0.40625
49.875,-0.265625,-0.921875,0.359375
49.906,-0.265625,-0.921875,0.328125
49.937,-0.296875,-0.953125,0.328125
49.968,-0.359375,-0.9375,0.296875
50.000,-0.359375,-0.921875,0.25
50.031,-0.390625,-0.90625,0.234375
50.062,-0.375,-0.875,0.328125
50.093,-0.34375,-0.890625,0.28125
50.125,-0.34375,-0.90625,0.265625
50.156,-0.359375,-0.875,0.296875
50.187,-0.390625,-0.875,0.25
50.218,-0.390625,-0.875,0.234375
50.250,-0.390625,-0.875,0.21875
50.281,-0.390625,-0.875,0.21875
50.312,-0.421875,-0.875,0.171875
50.343,-0.421875,-0.875,0.171875
50.375,-0.40625,-0.875,0.15625
50.406,-0.390625,-0.890625,0.125
50.437,-0.390625,-0.890625,0.09375
50.468,-0.421875,-0.9375,-0.03125
50.500,-0.40625,-1.015625,-0.15625
50.531,-0.46875,-1.03125,-0.25
50.562,-0.53125,-1.078125,-0.328125
50.593,-0.578125,-1.078125,-0.203125
50.625,-0.5625,-1.0625,-0.109375
50.656,-0.515625,-1.03125,0.09375
50.687,-0.484375,-1.03125,0.140625
50.718,-0.4375,-0.953125,0.234375
50.750,-0.375,-0.859375,0.375
50.781,-0.34375,-0.828125,0.421875
50.812,-0.34375,-0.734375,0.453125
50.843,-0.328125,-0.6875,0.5
50.875,-0.421875,-0.609375,0.453125
50.906,-0.375,-0.53125,0.5
50.937,-0.328125,-0.53125,0.515625
50.968,-0.34375,-0.5625,0.53125
51.000,-0.234375,-0.609375,0.515625
51.031,-0.203125,-0.640625,0.53125
51.062,-0.203125,-0.671875,0.609375
51.093,-0.1875,-0.71875,0.625
51.125,-0.34375,-0.78125,0.53125
51.156,-0.265625,-0.78125,0.546875
51.187,-0.265625,-0.78125,0.5625
51.218,-0.296875,-0.796875,0.484375
51.250,-0.296875,-0.828125,0.4375
51.281,-0.265625,-0.828125,0.453125
51.312,-0.265625,-0.8125,0.609375
51.343,-0.265625,-0.8125,0.578125
51.375,-0.265625,-0.84375,0.515625
51.406,-0.234375,-0.828125,0.46875
51.437,-0.21875,-0.828125,0.40625
51.468,-0.3125,-0.78125,0.421875
51.500,-0.328125,-0.75,0.4375
51.531,-0.25,-0.78125,0.359375
51.562,-0.265625,-0.765625,0.421875
51.593,-0.3125,-0.796875,0.375
51.625,-0.265625,-0.8125,0.375
51.656,-0.265625,-0.828125,0.390625
51.687,-0.3125,-0.875,0.328125
51.718,-0.359375,-0.875,0.34375
51.750,-0.359375,-0.875,0.375
51.781,-0.375,-0.921875,0.359375
51.812,-0.359375,-0.9375,0.359375
51.843,-0.34375,-0.9375,0.328125
51.875,-0.359375,-0.96875,0.328125
51.906,-0.359375,-0.9375,0.328125
51.937,-0.390625,-0.90625,0.296875
51.968,-0.390625,-0.921875,0.3125
52.000,-0.375,-0.90625,0.3125
52.031,-0.390625,-0.921875,0.265625
52.062,-0.421875,-0.890625,0.28125
52.093,-0.375,-0.859375,0.328125
52.125,-0.390625,-0.859375,0.296875
52.156,-0.421875,-0.859375,0.296875
52.187,-0.40625,-0.828125,0.34375
52.218,-0.4375,-0.828125,0.328125
52.250,-0.4375,-0.828125,0.328125
52.281,-0.4375,-0.796875,0.359375
52.312,-0.46875,-0.78125,0.328125
52.343,-0.46875,-0.78125,0.328125
52.375,-0.453125,-0.765625,0.34375
52.406,-0.5,-0.765625,0.359375
52.437,-0.515625,-0.765625,0.34375
52.468,-0.5,-0.78125,0.375
52.500,-0.515625,-0.78125,0.375
52.531,-0.484375,-0.765625,0.375
52.562,-0.46875,-0.765625,0.375
52.593,-0.484375,-0.765625,0.390625
52.625,-0.5,-0.765625,0.390625
52.656,-0.46875,-0.78125,0.421875
52.687,-0.484375,-0.84375,0.390625
52.718,-0.4375,-0.84375,0.515625
52.750,-0.484375,-0.796875,0.515625
52.781,-0.484375,-0.8125,0.46875
52.812,-0.4375,-0.75,0.40625
52.843,-0.484375,-0.71875,0.3125
52.875,-0.5,-0.6875,0.296875
52.906,-0.5,-0.6875,0.21875
52.937,-0.515625,-0.6875,0.25
52.968,-0.5625,-0.703125,0.359375
53.000,-0.578125,-0.84375,0.15625
53.031,-0.546875,-0.90625,0.234375
53.062,-0.484375,-0.796875,0.578125
53.093,-0.484375,-0.796875,0.65625
53.125,-0.4375,-0.796875,0.640625
53.156,-0.453125,-0.859375,0.453125
53.187,-0.484375,-0.890625,0.390625
53.218,-0.5,-0.96875,0.28125
53.250,-0.40625,-1.015625,0.28125
53.281,-0.40625,-1.0,0.28125
53.312,-0.453125,-0.890625,0.34375
53.343,-0.5,-0.796875,0.421875
53.375,-0.484375,-0.78125,0.421875
53.406,-0.484375,-0.78125,0.328125
53.437,-0.46875,-0.703125,0.421875
53.468,-0.375,-0.625,0.5
53.500,-0.421875,-0.609375,0.46875
53.531,-0.359375,-0.609375,0.484375
53.562,-0.390625,-0.625,0.484375
53.593,-0.34375,-0.640625,0.515625
53.625,-0.3125,-0.640625,0.5625
53.656,-0.359375,-0.6875,0.546875
53.687,-0.375,-0.6875,0.578125
53.718,-0.328125,-0.71875,0.59375
53.750,-0.34375,-0.75,0.5625
53.781,-0.359375,-0.796875,0.46875
53.812,-0.234375,-0.8125,0.515625
53.843,-0.125,-0.8125,0.5625
53.875,-0.28125,-0.78125,0.53125
53.906,-0.328125,-0.796875,0.53125
53.937,-0.265625,-0.796875,0.578125
53.968,-0.234375,-0.796875,0.578125
54.000,-0.25,-0.8125,0.515625
54.031,-0.296875,-0.8125,0.5
54.062,-0.21875,-0.75,0.515625
54.093,-0.3125,-0.734375,0.5
54.125,-0.234375,-0.765625,0.328125
54.156,-0.203125,-0.796875,0.296875
54.187,-0.328125,-0.765625,0.375
54.218,-0.3125,-0.796875,0.34375
54.250,-0.390625,-0.828125,0.25
54.281,-0.34375,-0.84375,0.328125
54.312,-0.359375,-0.84375,0.328125
54.343,-0.390625,-0.890625,0.265625
54.375,-0.34375,-0.953125,0.28125
54.406,-0.375,-0.953125,0.28125
54.437,-0.390625,-0.96875,0.21875
54.468,-0.375,-0.984375,0.234375
54.500,-0.421875,-0.9375,0.25
54.531,-0.421875,-0.921875,0.203125
54.562,-0.375,-0.9375,0.203125
54.593,-0.375,-0.953125,0.234375
54.625,-0.40625,-0.984375,0.171875
54.656,-0.40625,-0.984375,0.140625
54.687,-0.40625,-0.96875,0.140625
54.718,-0.40625,-0.9375,0.15625
54.750,-0.4375,-0.90625,0.15625
54.781,-0.359375,-0.859375,0.21875
54.812,-0.40625,-0.828125,0.25
54.843,-0.46875,-0.84375,0.25
54.875,-0.46875,-0.84375,0.25
54.906,-0.453125,-0.828125,0.234375
54.937,-0.5,-0.828125,0.25
54.968,-0.453125,-0.796875,0.265625
55.000,-0.484375,-0.75,0.265625
55.031,-0.484375,-0.75,0.25
55.062,-0.46875,-0.765625,0.28125
55.093,-0.484375,-0.84375,0.28125
55.125,-0.484375,-0.859375,0.265625
55.156,-0.46875,-0.859375,0.25
55.187,-0.46875,-0.84375,0.21875
55.218,-0.46875,-0.828125,0.21875
55.250,-0.484375,-0.828125,0.203125
55.281,-0.484375,-0.828125,0.203125
55.312,-0.5,-0.796875,0.25
55.343,-0.546875,-0.796875,0.25
55.375,-0.53125,-0.8125,0.203125
55.406,-0.484375,-0.875,0.296875
55.437,-0.515625,-0.921875,0.390625
55.468,-0.484375,-0.90625,0.453125
55.500,-0.46875,-0.84375,0.453125
55.531,-0.484375,-0.859375,0.359375
55.562,-0.390625,-0.78125,0.34375
55.593,-0.46875,-0.765625,0.1875
55.625,-0.453125,-0.765625,0.1875
55.656,-0.484375,-0.734375,0.203125
55.687,-0.5,-0.75,0.1875
55.718,-0.5,-0.796875,0.125
55.750,-0.484375,-0.796875,0.1875
55.781,-0.53125,-0.8125,0.1875
55.812,-0.546875,-0.953125,0.09375
55.843,-0.453125,-0.96875,0.171875
55.875,-0.53125,-0.890625,0.359375
55.906,-0.453125,-0.84375,0.578125
55.937,-0.4375,-0.8125,0.546875
55.968,-0.34375,-0.84375,0.359375
56.000,-0.40625,-0.78125,0.28125
56.031,-0.484375,-0.78125,0.171875
56.062,-0.421875,-0.78125,0.140625
56.093,-0.40625,-0.796875,0.15625
56.125,-0.453125,-0.828125,0.140625
56.156,-0.421875,-0.875,0.234375
56.187,-0.40625,-0.890625,0.234375
56.218,-0.515625,-0.921875,0.28125
56.250,-0.5,-0.921875,0.3125
56.281,-0.296875,-0.90625,0.296875
56.312,-0.515625,-0.84375,0.390625
56.343,-0.46875,-0.890625,0.5
56.375,-0.265625,-1.0,0.375
56.406,-0.28125,-1.125,0.234375
56.437,-0.3125,-1.140625,0.203125
56.468,-0.34375,-1.125,0.15625
56.500,-0.34375,-1.078125,0.15625
56.531,-0.203125,-1.015625,0.265625
56.562,-0.21875,-0.921875,0.421875
56.593,-0.15625,-0.859375,0.546875
56.625,-0.0625,-0.78125,0.578125
56.656,-0.09375,-0.78125,0.5
56.687,-0.125,-0.703125,0.5
56.718,0.0625,-0.671875,0.46875
56.750,0.109375,-0.640625,0.546875
56.781,0.09375,-0.671875,0.5
56.812,0.09375,-0.6875,0.4375
56.843,0.15625,-0.71875,0.453125
56.875,0.328125,-0.796875,0.484375
56.906,0.359375,-0.828125,0.5
56.937,0.328125,-0.828125,0.453125
56.968,0.375,-0.859375,0.453125
57.000,0.390625,-0.84375,0.4375
57.031,0.390625,-0.890625,0.34375
57.062,0.40625,-0.875,0.421875
57.093,0.296875,-0.796875,0.46875
57.125,0.25,-0.8125,0.515625
57.156,0.3125,-0.78125,0.5625
57.187,0.234375,-0.765625,0.484375
57.218,0.234375,-0.78125,0.40625
57.250,0.28125,-0.75,0.53125
57.281,0.375,-0.75,0.5625
57.312,0.296875,-0.765625,0.53125
57.343,0.234375,-0.796875,0.5
57.375,0.234375,-0.765625,0.578125
57.406,0.234375,-0.78125,0.5625
57.437,0.203125,-0.78125,0.578125
57.468,0.1875,-0.75,0.625
57.500,0.171875,-0.765625,0.65625
57.531,0.15625,-0.75,0.625
57.562,0.140625,-0.75,0.625
57.593,0.109375,-0.71875,0.65625
57.625,0.09375,-0.75,0.625
57.656,0.09375,-0.765625,0.640625
57.687,0.0625,-0.75,0.703125
57.718,0.046875,-0.75,0.6875
57.750,0.0,-0.734375,0.671875
57.781,0.03125,-0.734375,0.65625
57.812,0.0625,-0.71875,0.640625
57.843,0.0,-0.671875,0.703125
57.875,-0.015625,-0.671875,0.6875
57.906,-0.140625,-0.609375,0.703125
57.937,-0.265625,-0.65625,0.625
57.968,-0.15625,-0.625,0.6875
58.000,-0.0625,-0.578125,0.71875
58.031,-0.109375,-0.546875,0.703125
58.062,-0.09375,-0.546875,0.6875
58.093,-0.0625,-0.578125,0.6875
58.125,-0.0625,-0.578125,0.671875
58.156,-0.15625,-0.625,0.6875
58.187,-0.203125,-0.640625,0.703125
58.218,-0.1875,-0.625,0.734375
58.250,-0.28125,-0.671875,0.671875
58.281,-0.25,-0.640625,0.703125
58.312,-0.1875,-0.640625,0.75
58.343,-0.140625,-0.609375,0.828125
58.375,-0.15625,-0.609375,0.765625
58.406,-0.140625,-0.65625,0.6875
58.437,-0.171875,-0.65625,0.671875
58.468,-0.1875,-0.6875,0.609375
58.500,-0.15625,-0.734375,0.578125
58.531,-0.1875,-0.765625,0.578125
58.562,-0.21875,-0.765625,0.578125
58.593,-0.234375,-0.765625,0.578125
58.625,-0.203125,-0.78125,0.59375
58.656,-0.1875,-0.8125,0.546875
58.687,-0.203125,-0.828125,0.515625
58.718,-0.171875,-0.828125,0.53125
58.750,-0.203125,-0.84375,0.46875
58.781,-0.21875,-0.828125,0.453125
58.812,-0.203125,-0.859375,0.4375
58.843,-0.203125,-0.859375,0.40625
58.875,-0.25,-0.890625,0.34375
58.906,-0.1875,-0.875,0.375
58.937,-0.21875,-0.890625,0.34375
58.968,-0.25,-0.890625,0.296875
59.000,-0.234375,-0.90625,0.28125
59.031,-0.25,-0.90625,0.265625
59.062,-0.265625,-0.921875,0.234375
59.093,-0.25,-0.921875,0.203125
59.125,-0.25,-0.921875,0.15625
59.156,-0.25,-0.921875,0.09375
59.187,-0.234375,-0.953125,0.0
59.218,-0.234375,-1.0,-0.09375
59.250,-0.21875,-1.015625,-0.140625
59.281,-0.1875,-1.078125,-0.28125
59.312,-0.140625,-1.109375,-0.375
59.343,-0.140625,-1.125,-0.421875
59.375,-0.21875,-1.15625,-0.34375
59.406,-0.296875,-1.140625,-0.28125
59.437,-0.453125,-1.125,-0.1875
59.468,-0.40625,-1.109375,-0.078125
59.500,-0.375,-1.09375,-0.03125
59.531,-0.359375,-1.03125,0.09375
59.562,-0.34375,-0.984375,0.171875
59.593,-0.234375,-0.90625,0.296875
59.625,-0.203125,-0.828125,0.40625
59.656,-0.203125,-0.78125,0.4375
59.687,-0.109375,-0.734375,0.53125
59.718,-0.15625,-0.6875,0.53125
59.750,-0.109375,-0.703125,0.53125
59.781,-0.0625,-0.703125,0.484375
59.812,0.0,-0.734375,0.4375
59.843,0.15625,-0.765625,0.46875
59.875,0.125,-0.796875,0.359375
59.906,0.1875,-0.8125,0.328125
59.937,0.265625,-0.8125,0.40625
59.968,0.265625,-0.875,0.359375
