timestamp,x,y,z
00.001,4.640105,3.3735332,-7.910684
00.029,4.6472874,3.3639562,-7.922655
00.061,4.63771,3.3519847,-7.920261
00.088,4.635316,3.3352249,-7.920261
00.120,4.661653,3.3639562,-7.9346266
00.163,4.6640472,3.3759274,-7.9322324
00.189,4.642499,3.3519847,-7.944204
00.221,4.63771,3.3591676,-7.953781
00.260,4.63771,3.3495905,-7.9322324
00.288,4.635316,3.3735332,-7.927444
00.330,4.6472874,3.3783216,-7.944204
00.359,4.644893,3.3783216,-7.9418097
00.400,4.6664414,3.3663504,-7.9346266
00.428,4.6544704,3.3567734,-7.9418097
00.459,4.6544704,3.3495905,-7.944204
00.499,4.652076,3.354379,-7.937021
00.530,4.644893,3.3591676,-7.9418097
00.560,4.6305275,3.3591676,-7.944204
00.601,4.6281333,3.3735332,-7.937021
00.628,4.6568646,3.3735332,-7.9346266
00.661,4.6640472,3.3759274,-7.9346266
00.702,4.625739,3.3735332,-7.9394155
00.730,4.6305275,3.3615618,-7.920261
00.762,4.644893,3.3495905,-7.9346266
00.804,4.652076,3.347196,-7.9346266
00.830,4.63771,3.3615618,-7.929838
00.861,4.661653,3.3759274,-7.9561753
00.901,4.644893,3.3759274,-7.9489923
00.929,4.644893,3.3902931,-7.9609637
00.960,4.635316,3.3831103,-7.9394155
01.000,4.644893,3.3831103,-7.937021
01.030,4.635316,3.3855045,-7.92505
01.063,4.6233444,3.354379,-7.929838
01.102,4.6305275,3.344802,-7.946598
01.131,4.6472874,3.3591676,-7.9394155
01.162,4.6472874,3.3759274,-7.944204
01.201,4.6472874,3.371139,-7.946598
01.229,4.6496816,3.3759274,-7.944204
01.268,4.63771,3.3687446,-7.92505
01.300,4.6281333,3.3615618,-7.910684
01.341,4.642499,3.3615618,-7.910684
01.368,4.63771,3.3495905,-7.9513865
01.399,4.652076,3.371139,-7.946598
01.439,4.640105,3.380716,-7.9561753
01.468,4.652076,3.3567734,-7.9513865
01.498,4.652076,3.3591676,-7.920261
01.540,4.6496816,3.3519847,-7.9178667
01.570,4.644893,3.3639562,-7.9346266
01.601,4.6305275,3.3567734,-7.9394155
01.640,4.644893,3.3591676,-7.944204
01.670,4.6544704,3.371139,-7.9322324
01.701,4.6472874,3.380716,-7.9418097
01.740,4.642499,3.371139,-7.946598
01.769,4.6496816,3.354379,-7.9322324
01.800,4.652076,3.337619,-7.9346266
01.840,4.6305275,3.371139,-7.944204
01.870,4.6496816,3.3591676,-7.946598
01.901,4.642499,3.3735332,-7.9346266
01.940,4.659259,3.387899,-7.9394155
01.969,4.6568646,3.3831103,-7.937021
02.009,4.6544704,3.347196,-7.9346266
02.040,4.6496816,3.3591676,-7.927444
02.069,4.640105,3.354379,-7.9346266
02.109,4.6472874,3.371139,-7.9418097
02.141,4.6472874,3.347196,-7.9561753
02.181,4.6568646,3.3687446,-7.9513865
02.210,4.644893,3.3783216,-7.9346266
02.243,4.642499,3.3735332,-7.929838
02.278,4.640105,3.371139,-7.9322324
02.308,4.6472874,3.354379,-7.9394155
02.341,4.644893,3.3663504,-7.9394155
02.382,4.62095,3.3615618,-7.9346266
02.408,4.6496816,3.354379,-7.944204
02.441,4.644893,3.354379,-7.9585695
02.479,4.642499,3.3519847,-7.9394155
02.508,4.63771,3.3591676,-7.9394155
02.543,4.644893,3.3639562,-7.9418097
02.582,4.6281333,3.3639562,-7.9346266
02.609,4.644893,3.3663504,-7.910684
02.641,4.6688356,3.3639562,-7.9346266
02.680,4.644893,3.3663504,-7.9394155
02.709,4.652076,3.3639562,-7.953781
02.742,4.678413,3.3400133,-7.9585695
02.781,4.642499,3.3663504,-7.922655
02.809,4.644893,3.3663504,-7.9489923
02.842,4.6688356,3.3663504,-7.9346266
02.881,4.652076,3.3615618,-7.9154725
02.909,4.6736245,3.3831103,-7.9178667
02.949,4.678413,3.3687446,-7.9154725
02.983,4.6760187,3.3639562,-7.9322324
03.030,4.6664414,3.354379,-7.929838
03.048,4.6544704,3.371139,-7.946598
03.079,4.661653,3.3591676,-7.929838
03.118,4.6760187,3.3687446,-7.9130783
03.148,4.6664414,3.3639562,-7.90829
03.179,4.659259,3.3759274,-7.9130783
03.223,4.6760187,3.380716,-7.92505
03.249,4.6712303,3.3831103,-7.922655
03.280,4.661653,3.387899,-7.9418097
03.323,4.659259,3.3424077,-7.920261
03.346,4.6712303,3.3735332,-7.937021
03.382,4.6736245,3.3519847,-7.9178667
03.421,4.6832013,3.3687446,-7.9130783
03.449,4.6640472,3.3639562,-7.9178667
03.481,4.6760187,3.3759274,-7.927444
03.517,4.680807,3.371139,-7.927444
03.549,4.6999617,3.3519847,-7.90829
03.590,4.697567,3.3424077,-7.927444
03.619,4.652076,3.3639562,-7.927444
03.650,4.6736245,3.3639562,-7.92505
03.689,4.7119327,3.3591676,-7.944204
03.723,4.6999617,3.3663504,-7.910684
03.750,4.702356,3.3735332,-7.881953
03.790,4.695173,3.3639562,-7.9178667
03.821,4.7095385,3.3902931,-7.8795586
03.861,4.7143273,3.3639562,-7.848433
03.889,4.7143273,3.3567734,-7.8699813
03.922,4.70475,3.3783216,-7.865193
03.951,4.6568646,3.3400133,-7.9130783
03.990,4.685596,3.3519847,-7.9130783
04.022,4.63771,3.3567734,-7.9944835
04.061,4.6041903,3.3615618,-7.9513865
04.090,4.68799,3.380716,-7.9513865
04.121,4.702356,3.380716,-7.9394155
04.162,4.678413,3.387899,-7.9154725
04.190,4.6999617,3.371139,-7.860404
04.225,4.6927786,3.3639562,-7.8388557
04.261,4.6999617,3.3424077,-7.877164
04.290,4.7095385,3.354379,-7.8987126
04.321,4.6927786,3.3519847,-7.9154725
04.361,4.6736245,3.3639562,-7.946598
04.389,4.6832013,3.3950818,-7.965752
04.421,4.68799,3.387899,-7.953781
04.460,4.6568646,3.3855045,-7.901107
04.489,4.640105,3.3759274,-7.929838
04.530,4.6832013,3.3615618,-7.8987126
04.561,4.7167215,3.3519847,-7.8915296
04.589,4.7119327,3.3615618,-7.8915296
04.629,4.640105,3.347196,-7.8915296
04.660,4.62095,3.3591676,-7.92505
04.700,4.6664414,3.328042,-7.9920893
04.736,4.6305275,3.301705,-7.9777236
04.761,4.6065845,3.3304362,-7.946598
04.800,4.599402,3.3256476,-8.011244
04.829,4.73827,3.301705,-8.059129
04.860,4.640105,3.3160706,-7.953781
04.901,4.6041903,3.2993107,-7.9585695
04.929,4.6688356,3.3160706,-7.9753294
04.962,4.6712303,3.328042,-7.963358
05.002,4.6137676,3.3232534,-7.9609637
05.030,4.661653,3.3256476,-7.922655
05.063,4.6472874,3.3136764,-7.9394155
05.103,4.6329217,3.318465,-7.953781
05.129,4.6233444,3.328042,-7.953781
05.161,4.62095,3.3256476,-7.9944835
05.203,4.6281333,3.3352249,-8.008849
05.232,4.6544704,3.3256476,-7.970541
05.261,4.635316,3.3208592,-7.9561753
05.302,4.63771,3.3328304,-7.9561753
05.329,4.661653,3.347196,-7.9489923
05.363,4.6736245,3.3615618,-7.927444
05.400,4.6544704,3.3495905,-7.944204
05.429,4.601796,3.3424077,-7.9513865
05.469,4.6568646,3.3519847,-7.929838
05.500,4.6568646,3.347196,-7.929838
05.530,4.62095,3.347196,-7.963358
05.564,4.644893,3.3400133,-7.9849067
05.601,4.659259,3.3615618,-7.9585695
05.641,4.6496816,3.3615618,-7.946598
05.671,4.6688356,3.354379,-7.920261
05.702,4.6664414,3.3567734,-7.8963184
05.742,4.680807,3.3735332,-7.922655
05.771,4.6927786,3.3591676,-7.944204
05.802,4.652076,3.3591676,-7.927444
05.843,4.6688356,3.3519847,-7.937021
05.870,4.6927786,3.3519847,-7.903501
05.901,4.659259,3.3519847,-7.9130783
05.942,4.6760187,3.354379,-7.944204
05.970,4.6664414,3.337619,-7.9418097
06.002,4.640105,3.354379,-7.987301
06.043,4.6472874,3.347196,-7.92505
06.071,4.642499,3.347196,-7.9394155
06.103,4.6832013,3.354379,-7.9394155
06.142,4.63771,3.3567734,-7.927444
06.170,4.6664414,3.344802,-7.937021
06.203,4.6568646,3.3400133,-7.927444
06.241,4.644893,3.347196,-7.944204
06.269,4.659259,3.3591676,-7.937021
06.310,4.6544704,3.3495905,-7.929838
06.341,4.652076,3.3352249,-7.9561753
06.382,4.644893,3.3591676,-7.944204
06.409,4.640105,3.3519847,-7.9418097
06.440,4.6688356,3.3424077,-7.929838
06.480,4.6640472,3.354379,-7.929838
06.509,4.6544704,3.3352249,-7.944204
06.543,4.640105,3.354379,-7.922655
06.584,4.640105,3.3352249,-7.9489923
06.612,4.640105,3.344802,-7.9561753
06.645,4.6496816,3.3519847,-7.9394155
06.680,4.652076,3.3495905,-7.946598
06.710,4.6496816,3.3304362,-7.92505
06.743,4.63771,3.347196,-7.9154725
06.782,4.642499,3.3400133,-7.9322324
06.810,4.6544704,3.3591676,-7.9561753
06.840,4.642499,3.3591676,-7.9489923
06.880,4.652076,3.3663504,-7.9609637
06.910,4.6329217,3.3615618,-7.9561753
06.941,4.6496816,3.3567734,-7.9489923
06.980,4.6496816,3.3567734,-7.9489923
07.009,4.6496816,3.347196,-7.927444
07.050,4.6496816,3.3495905,-7.9346266
07.081,4.6233444,3.3495905,-7.927444
07.109,4.6544704,3.3495905,-7.946598
07.150,4.6544704,3.3352249,-7.9394155
07.182,4.6472874,3.3424077,-7.944204
07.210,4.6568646,3.354379,-7.963358
07.250,4.652076,3.3687446,-7.946598
07.280,4.642499,3.3831103,-7.903501
07.321,4.6233444,3.3735332,-7.929838
07.350,4.63771,3.3424077,-7.9394155
07.380,4.6760187,3.3495905,-7.922655
07.420,4.661653,3.3591676,-7.929838
07.450,4.6472874,3.337619,-7.9513865
07.480,4.644893,3.337619,-7.980118
07.519,4.6472874,3.354379,-7.937021
07.550,4.640105,3.3687446,-7.9346266
07.581,4.6544704,3.347196,-7.944204
07.621,4.618556,3.3567734,-7.9394155
07.650,4.63771,3.337619,-7.9418097
07.683,4.635316,3.3663504,-7.963358
07.723,4.6496816,3.3639562,-7.946598
07.750,4.618556,3.347196,-7.9561753
07.782,4.642499,3.3328304,-7.9585695
07.823,4.640105,3.337619,-7.9394155
07.850,4.6281333,3.3400133,-7.946598
07.891,4.6281333,3.3424077,-7.9489923
07.921,4.625739,3.3424077,-7.9609637
07.951,4.6305275,3.3424077,-7.970541
07.990,4.6281333,3.3304362,-7.953781
08.023,4.644893,3.354379,-7.9489923
08.050,4.625739,3.3519847,-7.9561753
08.089,4.652076,3.3304362,-7.9585695
08.124,4.640105,3.328042,-7.9418097
08.164,4.644893,3.3304362,-7.946598
08.190,4.635316,3.3304362,-7.9394155
08.224,4.659259,3.3519847,-7.9513865
08.261,4.635316,3.3304362,-7.9609637
08.290,4.640105,3.3495905,-7.9561753
08.322,4.6472874,3.3352249,-7.9585695
08.361,4.635316,3.3328304,-7.9561753
08.389,4.6113734,3.3352249,-7.9585695
08.421,4.640105,3.3567734,-7.929838
08.461,4.652076,3.3615618,-7.9346266
08.489,4.6329217,3.3567734,-7.944204
08.521,4.6305275,3.3567734,-7.9585695
08.561,4.6305275,3.3304362,-7.953781
08.590,4.6305275,3.344802,-7.9513865
08.622,4.635316,3.3400133,-7.9489923
08.662,4.63771,3.3352249,-7.9513865
08.690,4.6496816,3.3495905,-7.9513865
08.722,4.642499,3.354379,-7.9513865
08.761,4.625739,3.3591676,-7.946598
08.791,4.6305275,3.344802,-7.9489923
08.830,4.625739,3.3567734,-7.953781
08.862,4.635316,3.3400133,-7.9585695
08.891,4.6305275,3.3519847,-7.965752
08.931,4.640105,3.3304362,-7.9585695
08.962,4.642499,3.328042,-7.9681463
09.001,4.62095,3.3400133,-7.937021
09.030,4.6305275,3.3495905,-7.963358
09.061,4.6329217,3.3400133,-7.9418097
09.101,4.6329217,3.344802,-7.9561753
09.131,4.608979,3.3519847,-7.946598
09.162,4.6281333,3.3304362,-7.9609637
09.202,4.642499,3.3304362,-7.9609637
09.231,4.62095,3.3400133,-7.9681463
09.263,4.6329217,3.354379,-7.972935
09.301,4.635316,3.328042,-7.9489923
09.329,4.616162,3.337619,-7.9513865
09.360,4.62095,3.3400133,-7.944204
09.401,4.6113734,3.337619,-7.953781
09.429,4.6233444,3.3208592,-7.9681463
09.469,4.6305275,3.347196,-7.9489923
09.500,4.644893,3.3400133,-7.937021
09.530,4.63771,3.3567734,-7.9585695
09.570,4.62095,3.3352249,-8.004061
09.601,4.63771,3.3352249,-7.970541
09.629,4.640105,3.3304362,-7.944204
09.670,4.6329217,3.3519847,-7.937021
09.702,4.640105,3.347196,-7.9513865
09.730,4.644893,3.337619,-7.9346266
09.771,4.6281333,3.337619,-7.953781
09.802,4.618556,3.3424077,-7.9585695
09.842,4.644893,3.3519847,-7.946598
09.870,4.618556,3.354379,-7.953781
09.902,4.642499,3.3519847,-7.953781
09.942,4.6137676,3.3352249,-7.946598
09.970,4.6305275,3.3615618,-7.9753294
10.002,4.661653,3.3495905,-7.946598
10.042,4.63771,3.3400133,-7.963358
10.070,4.6496816,3.354379,-7.953781
10.102,4.644893,3.3495905,-7.9777236
10.142,4.6281333,3.3519847,-7.9489923
10.170,4.618556,3.3304362,-7.9418097
10.204,4.6281333,3.3400133,-7.9418097
10.243,4.6233444,3.3591676,-7.946598
10.269,4.63771,3.354379,-7.9513865
10.301,4.644893,3.3352249,-7.953781
10.352,4.6281333,3.3495905,-7.9609637
10.369,4.625739,3.3400133,-7.965752
10.409,4.6281333,3.3328304,-7.9489923
10.440,4.6281333,3.347196,-7.944204
10.469,4.625739,3.3424077,-7.9489923
10.509,4.6137676,3.3424077,-7.937021
10.541,4.6305275,3.344802,-7.9513865
10.570,4.6329217,3.3352249,-7.972935
10.610,4.6329217,3.3256476,-7.9609637
10.641,4.6544704,3.3424077,-7.9849067
10.681,4.6281333,3.337619,-7.9489923
10.709,4.625739,3.3328304,-7.965752
10.741,4.6305275,3.3304362,-7.963358
10.781,4.6329217,3.3352249,-7.9585695
10.810,4.642499,3.3519847,-7.9561753
10.843,4.642499,3.354379,-7.944204
10.883,4.644893,3.3424077,-7.953781
10.910,4.62095,3.354379,-7.946598
10.941,4.618556,3.3400133,-7.963358
10.981,4.62095,3.3328304,-7.9489923
11.009,4.6233444,3.3424077,-7.965752
11.041,4.6281333,3.3400133,-7.9489923
11.081,4.640105,3.3495905,-7.9561753
11.110,4.6329217,3.3591676,-7.9418097
11.142,4.6329217,3.3208592,-7.9322324
11.181,4.652076,3.3352249,-7.963358
11.210,4.652076,3.354379,-7.953781
11.242,4.618556,3.347196,-7.9513865
11.282,4.635316,3.354379,-7.9585695
11.313,4.616162,3.344802,-7.9681463
11.349,4.642499,3.337619,-7.963358
11.381,4.6281333,3.354379,-7.965752
11.421,4.616162,3.3352249,-7.9585695
11.449,4.63771,3.3567734,-7.953781
11.480,4.6233444,3.3424077,-7.944204
11.519,4.6281333,3.3424077,-7.946598
11.548,4.618556,3.3567734,-7.953781
11.579,4.6281333,3.3400133,-7.9394155
11.621,4.6329217,3.3352249,-7.9561753
11.649,4.635316,3.337619,-7.9609637
11.681,4.62095,3.337619,-7.963358
11.721,4.618556,3.3400133,-7.965752
11.749,4.625739,3.3352249,-7.970541
11.782,4.6329217,3.337619,-7.9681463
11.821,4.6329217,3.3495905,-7.9585695
11.851,4.6329217,3.344802,-7.9513865
11.882,4.642499,3.3304362,-7.9681463
11.922,4.6233444,3.3328304,-7.9394155
11.951,4.6329217,3.3400133,-7.9585695
11.982,4.6233444,3.3304362,-7.9561753
12.021,4.635316,3.3232534,-7.9585695
12.050,4.642499,3.3591676,-7.946598
12.082,4.6305275,3.3424077,-7.9585695
12.121,4.635316,3.344802,-7.9394155
12.151,4.6472874,3.328042,-7.9489923
12.189,4.652076,3.3328304,-7.9513865
12.223,4.63771,3.3424077,-7.970541
12.253,4.6305275,3.3615618,-7.9585695
12.290,4.6113734,3.347196,-7.9561753
12.321,4.642499,3.3400133,-7.946598
12.361,4.640105,3.3328304,-7.9394155
12.389,4.6233444,3.3256476,-7.965752
12.420,4.6568646,3.3352249,-7.982512
12.460,4.6712303,3.3424077,-7.970541
12.489,4.618556,3.3424077,-7.9753294
12.522,4.608979,3.3328304,-7.963358
12.562,4.6305275,3.3639562,-7.9322324
12.591,4.6137676,3.337619,-7.9322324
12.621,4.616162,3.3567734,-7.9609637
12.661,4.6329217,3.347196,-7.9681463
12.690,4.661653,3.344802,-7.9681463
12.722,4.640105,3.3352249,-7.9585695
12.765,4.6472874,3.3495905,-7.937021
12.791,4.659259,3.344802,-7.944204
12.821,4.6472874,3.3400133,-7.9346266
12.865,4.6496816,3.3304362,-7.9394155
12.890,4.6305275,3.3400133,-7.937021
12.930,4.635316,3.3495905,-7.9394155
12.961,4.661653,3.354379,-7.963358
12.991,4.644893,3.3424077,-7.9489923
13.030,4.642499,3.354379,-7.9346266
13.061,4.6472874,3.344802,-7.9322324
13.090,4.6664414,3.3495905,-7.9322324
13.131,4.6688356,3.354379,-7.9322324
13.162,4.6640472,3.347196,-7.9322324
13.201,4.6544704,3.347196,-7.9394155
13.230,4.659259,3.3855045,-7.9585695
13.261,4.6544704,3.3519847,-7.9489923
13.302,4.652076,3.337619,-7.9561753
13.329,4.6712303,3.354379,-7.9322324
13.362,4.652076,3.344802,-7.9346266
13.402,4.6544704,3.3615618,-7.9322324
13.430,4.659259,3.3615618,-7.929838
13.461,4.678413,3.3591676,-7.944204
13.501,4.6736245,3.371139,-7.9418097
13.529,4.70475,3.3567734,-7.920261
13.563,4.6640472,3.3328304,-7.9346266
13.601,4.6712303,3.3328304,-7.920261
13.629,4.640105,3.3352249,-7.9154725
13.669,4.659259,3.3424077,-7.953781
13.702,4.6281333,3.3615618,-7.9346266
13.730,4.6664414,3.3687446,-7.9178667
13.762,4.659259,3.3735332,-7.922655
13.801,4.6640472,3.3567734,-7.9561753
13.830,4.6832013,3.3352249,-7.965752
13.870,4.6688356,3.318465,-7.9585695
13.902,4.685596,3.3352249,-7.927444
13.931,4.6496816,3.3591676,-7.92505
13.970,4.6640472,3.337619,-7.944204
14.002,4.6688356,3.3663504,-7.929838
14.041,4.635316,3.3591676,-7.8915296
14.070,4.6544704,3.3591676,-7.910684
14.102,4.6736245,3.380716,-7.90829
14.142,4.6903844,3.3615618,-7.9178667
14.170,4.6832013,3.344802,-7.944204
14.201,4.7286925,3.3424077,-7.9777236
14.241,4.6927786,3.3400133,-7.9322324
14.269,4.6832013,3.337619,-7.9561753
14.302,4.685596,3.3615618,-7.903501
14.345,4.6544704,3.3855045,-7.8915296
14.369,4.6544704,3.371139,-7.893924
14.400,4.6712303,3.371139,-7.8699813
14.440,4.659259,3.3663504,-7.8795586
14.469,4.6544704,3.337619,-7.9322324
14.509,4.6760187,3.3400133,-7.9394155
14.541,4.70475,3.3400133,-7.929838
14.570,4.6927786,3.3400133,-7.9777236
14.602,4.702356,3.3495905,-7.965752
14.640,4.6736245,3.3687446,-7.946598
14.670,4.685596,3.354379,-7.8987126
14.710,4.6760187,3.354379,-7.886741
14.742,4.680807,3.3639562,-7.8795586
14.770,4.652076,3.3663504,-7.90829
14.810,4.6760187,3.344802,-7.9346266
14.842,4.6736245,3.3328304,-7.9585695
14.880,4.697567,3.3567734,-7.965752
14.910,4.702356,3.347196,-7.9489923
14.941,4.68799,3.3663504,-7.922655
14.982,4.6640472,3.3615618,-7.9154725
15.010,4.6496816,3.3591676,-7.9178667
15.042,4.680807,3.3639562,-7.8795586
15.072,4.6903844,3.3687446,-7.8987126
15.111,4.6760187,3.3663504,-7.905895
15.141,4.68799,3.3615618,-7.92505
15.182,4.6832013,3.347196,-7.9394155
15.210,4.6688356,3.344802,-7.937021
15.241,4.661653,3.3567734,-7.9681463
15.281,4.6664414,3.3615618,-7.922655
15.309,4.6664414,3.354379,-7.9178667
15.344,4.644893,3.347196,-7.92505
15.381,4.70475,3.3855045,-7.886741
15.410,4.680807,3.3495905,-7.905895
15.449,4.6712303,3.380716,-7.920261
15.480,4.659259,3.337619,-7.9489923
15.521,4.6640472,3.3208592,-7.929838
15.549,4.6712303,3.3424077,-7.929838
15.582,4.678413,3.347196,-7.9346266
15.620,4.7071443,3.3519847,-7.9178667
15.644,4.7071443,3.3831103,-7.910684
15.685,4.6688356,3.4046588,-7.881953
15.723,4.6712303,3.407053,-7.910684
15.744,4.659259,3.4118416,-7.9154725
15.781,4.6903844,3.4309957,-7.884347
15.824,4.625739,3.407053,-7.8987126
15.849,4.6760187,3.407053,-7.9394155
15.881,4.6927786,3.3998702,-7.8963184
15.924,4.7286925,3.4286015,-7.8987126
15.950,4.702356,3.4573328,-7.8987126
15.982,4.6496816,3.4429672,-7.85801
16.023,4.6712303,3.459727,-7.90829
16.050,4.6927786,3.4525442,-7.910684
16.080,4.7286925,3.4477558,-7.8987126
16.122,4.6927786,3.4621215,-7.8987126
16.151,4.7119327,3.4549387,-7.877164
16.182,4.757424,3.459727,-7.877164
16.222,4.6688356,3.45015,-7.8723755
16.251,4.6712303,3.4381785,-7.860404
16.282,4.7071443,3.4453614,-7.8699813
16.326,4.7119327,3.4429672,-7.8340673
16.349,4.6999617,3.4477558,-7.860404
16.390,4.6927786,3.469304,-7.8316727
16.421,4.7119327,3.4645157,-7.8627987
16.450,4.6927786,3.46691,-7.903501
16.491,4.6832013,3.4238129,-7.884347
16.520,4.6736245,3.440573,-7.905895
16.551,4.7071443,3.4333901,-7.8987126
16.590,4.6999617,3.4094474,-7.867587
16.621,4.6927786,3.4333901,-7.85801
16.652,4.7167215,3.4357843,-7.848433
16.691,4.6832013,3.4525442,-7.8627987
16.723,4.702356,3.4429672,-7.884347
16.754,4.7095385,3.4477558,-7.85801
16.786,4.678413,3.4357843,-7.843644
16.824,4.685596,3.4238129,-7.886741
16.862,4.6760187,3.4022646,-7.905895
16.891,4.661653,3.4118416,-7.92505
16.924,4.6664414,3.3950818,-7.9178667
16.964,4.685596,3.3950818,-7.8915296
16.991,4.6664414,3.4046588,-7.8963184
17.022,4.6688356,3.4046588,-7.8699813
17.062,4.6712303,3.4142358,-7.8891354
17.091,4.6832013,3.3902931,-7.8891354
17.122,4.6832013,3.397476,-7.8747697
17.164,4.6760187,3.4046588,-7.8747697
17.191,4.6736245,3.397476,-7.9178667
17.232,4.6568646,3.387899,-7.910684
17.262,4.618556,3.3998702,-7.920261
17.291,4.6472874,3.3735332,-7.92505
17.324,4.640105,3.371139,-7.944204
17.362,4.680807,3.3783216,-7.970541
17.400,4.6688356,3.3783216,-7.9346266
17.430,4.659259,3.3735332,-7.9154725
17.461,4.644893,3.3591676,-7.920261
17.501,4.642499,3.3567734,-7.90829
17.530,4.6496816,3.3591676,-7.9154725
17.562,4.6496816,3.371139,-7.9418097
17.602,4.6281333,3.3783216,-7.970541
17.631,4.6496816,3.3950818,-7.9561753
17.663,4.6281333,3.3783216,-7.9609637
17.701,4.6137676,3.3783216,-7.9346266
17.731,4.62095,3.3783216,-7.920261
17.762,4.635316,3.380716,-7.92505
17.804,4.644893,3.3687446,-7.937021
17.831,4.6496816,3.3639562,-7.9561753
17.862,4.63771,3.3639562,-7.944204
17.903,4.640105,3.3902931,-7.953781
17.932,4.616162,3.354379,-7.922655
17.962,4.6496816,3.3615618,-7.963358
18.002,4.635316,3.371139,-7.9585695
18.031,4.625739,3.3687446,-7.944204
18.072,4.601796,3.3783216,-7.920261
18.099,4.618556,3.3855045,-7.9513865
18.130,4.635316,3.3735332,-7.944204
18.170,4.625739,3.3855045,-7.9561753
18.201,4.6233444,3.3783216,-7.9561753
18.241,4.635316,3.3687446,-7.9322324
18.270,4.6472874,3.371139,-7.953781
18.301,4.618556,3.3759274,-7.9489923
18.342,4.62095,3.3567734,-7.946598
18.372,4.640105,3.387899,-7.944204
18.402,4.618556,3.3687446,-7.9609637
18.441,4.6041903,3.3759274,-7.9489923
18.470,4.616162,3.3591676,-7.929838
18.502,4.642499,3.3639562,-7.9322324
18.541,4.642499,3.354379,-7.9513865
18.569,4.640105,3.3663504,-7.9489923
18.600,4.635316,3.3759274,-7.9418097
18.643,4.6113734,3.3663504,-7.9418097
18.670,4.642499,3.3591676,-7.9346266
18.703,4.62095,3.3759274,-7.9585695
18.743,4.618556,3.3615618,-7.922655
18.771,4.640105,3.3759274,-7.937021
18.805,4.6329217,3.3639562,-7.9394155
18.845,4.644893,3.3639562,-7.937021
18.872,4.62095,3.3831103,-7.965752
18.904,4.6305275,3.3615618,-7.9609637
18.944,4.640105,3.354379,-7.944204
18.972,4.63771,3.380716,-7.9418097
19.004,4.635316,3.3495905,-7.937021
19.045,4.62095,3.3615618,-7.9418097
19.072,4.6281333,3.387899,-7.9489923
19.104,4.625739,3.3831103,-7.980118
19.143,4.6305275,3.3615618,-7.944204
19.184,4.62095,3.3567734,-7.929838
19.213,4.6544704,3.3783216,-7.929838
19.242,4.640105,3.3591676,-7.9561753
19.282,4.625739,3.371139,-7.9489923
19.313,4.6281333,3.3759274,-7.9394155
19.392,4.6281333,3.354379,-7.946598
19.424,4.6305275,3.3639562,-7.946598
19.442,4.640105,3.3687446,-7.953781
19.483,4.6305275,3.3519847,-7.9394155
19.513,4.618556,3.3639562,-7.963358
19.542,4.6329217,3.3783216,-7.9489923
19.575,4.625739,3.3639562,-7.9561753
19.611,4.635316,3.3639562,-7.9394155
19.643,4.625739,3.3567734,-7.937021
19.683,4.63771,3.3591676,-7.9609637
19.713,4.618556,3.3519847,-7.946598
19.744,4.642499,3.3735332,-7.9418097
19.783,4.6329217,3.3783216,-7.946598
19.812,4.63771,3.3495905,-7.9394155
19.852,4.635316,3.3639562,-7.9489923
19.884,4.6305275,3.3639562,-7.9513865
19.912,4.618556,3.3639562,-7.9394155
19.951,4.640105,3.3639562,-7.9394155
19.982,4.625739,3.3639562,-7.9513865
20.012,4.640105,3.3591676,-7.9585695
20.051,4.625739,3.3639562,-7.9561753
20.084,4.642499,3.3615618,-7.946598
20.112,4.642499,3.371139,-7.946598
20.152,4.6137676,3.354379,-7.9561753
20.183,4.652076,3.3783216,-7.9489923
20.227,4.644893,3.3615618,-7.944204
20.251,4.62095,3.344802,-7.9489923
20.283,4.644893,3.3495905,-7.9513865
20.322,4.616162,3.3663504,-7.9585695
20.349,4.635316,3.3591676,-7.9418097
20.385,4.625739,3.3687446,-7.9394155
20.422,4.635316,3.3519847,-7.953781
20.451,4.625739,3.3759274,-7.9585695
20.482,4.62095,3.3663504,-7.965752
20.524,4.6329217,3.387899,-7.944204
20.551,4.6305275,3.3567734,-7.9609637
20.589,4.642499,3.3687446,-7.946598
20.625,4.6281333,3.3687446,-7.953781
20.652,4.635316,3.3663504,-7.9489923
20.686,4.6305275,3.3615618,-7.953781
20.726,4.618556,3.371139,-7.946598
20.752,4.635316,3.347196,-7.9513865
20.785,4.62095,3.3735332,-7.9513865
20.823,4.6496816,3.3663504,-7.9561753
20.853,4.63771,3.3519847,-7.9346266
20.892,4.616162,3.3831103,-7.9394155
20.925,4.652076,3.3519847,-7.9394155
20.952,4.625739,3.354379,-7.946598
20.992,4.6137676,3.3591676,-7.9489923
21.023,4.6305275,3.3567734,-7.9561753
21.064,4.6329217,3.3759274,-7.953781
21.092,4.63771,3.3759274,-7.9489923
21.124,4.63771,3.3615618,-7.937021
21.165,4.6281333,3.3567734,-7.937021
21.192,4.6281333,3.3591676,-7.953781
21.226,4.6305275,3.3663504,-7.963358
21.262,4.6233444,3.3567734,-7.953781
21.291,4.6137676,3.3615618,-7.944204
21.330,4.6281333,3.3615618,-7.9513865
21.363,4.6305275,3.3495905,-7.9513865
21.390,4.6329217,3.3591676,-7.9561753
21.431,4.6329217,3.3615618,-7.9609637
21.462,4.640105,3.3591676,-7.9489923
21.491,4.63771,3.3639562,-7.9585695
21.531,4.618556,3.3567734,-7.953781
21.563,4.6281333,3.3687446,-7.9346266
21.592,4.63771,3.3687446,-7.9418097
21.626,4.640105,3.3783216,-7.937021
21.663,4.625739,3.3639562,-7.9561753
21.692,4.6137676,3.3615618,-7.953781
21.731,4.616162,3.3615618,-7.953781
21.765,4.608979,3.354379,-7.944204
21.792,4.6329217,3.3687446,-7.944204
21.832,4.640105,3.3591676,-7.953781
21.864,4.62095,3.371139,-7.9585695
21.903,4.6305275,3.3567734,-7.963358
21.932,4.6329217,3.3663504,-7.9609637
21.963,4.6281333,3.3735332,-7.9489923
22.003,4.6233444,3.3663504,-7.9561753
22.032,4.6233444,3.3639562,-7.963358
22.064,4.640105,3.3519847,-7.963358
22.103,4.625739,3.3687446,-7.9513865
22.131,4.635316,3.3639562,-7.953781
22.163,4.625739,3.3639562,-7.946598
22.203,4.6281333,3.3495905,-7.9394155
22.232,4.635316,3.3519847,-7.9513865
22.271,4.6233444,3.3424077,-7.9489923
22.302,4.616162,3.3567734,-7.9418097
22.332,4.616162,3.3639562,-7.944204
22.371,4.616162,3.3567734,-7.944204
22.402,4.6281333,3.3615618,-7.9561753
22.431,4.635316,3.3591676,-7.953781
22.471,4.63771,3.3591676,-7.9513865
22.503,4.63771,3.3591676,-7.953781
22.532,4.640105,3.3591676,-7.9489923
22.572,4.62095,3.3495905,-7.953781
22.605,4.6113734,3.3663504,-7.9394155
22.632,4.6329217,3.347196,-7.963358
22.672,4.608979,3.3639562,-7.953781
22.703,4.616162,3.354379,-7.946598
22.733,4.6305275,3.3591676,-7.9394155
22.772,4.6329217,3.3615618,-7.9585695
22.804,4.6329217,3.3495905,-7.929838
22.844,4.6113734,3.3663504,-7.9561753
22.871,4.6233444,3.3735332,-7.944204
22.904,4.616162,3.3615618,-7.9346266
22.945,4.642499,3.3759274,-7.946598
22.972,4.62095,3.3735332,-7.9609637
23.004,4.618556,3.3735332,-7.9418097
23.044,4.6472874,3.3615618,-7.9513865
23.072,4.640105,3.3495905,-7.937021
23.103,4.635316,3.3591676,-7.9489923
23.144,4.6496816,3.371139,-7.9585695
23.172,4.640105,3.3519847,-7.937021
23.208,4.6305275,3.3615618,-7.9418097
23.257,4.635316,3.3495905,-7.946598
23.272,4.62095,3.354379,-7.9513865
23.312,4.6305275,3.3591676,-7.946598
23.343,4.6305275,3.3615618,-7.9346266
23.382,4.6305275,3.3591676,-7.9585695
23.411,4.6281333,3.3567734,-7.9418097
23.443,4.6329217,3.3519847,-7.9585695
23.483,4.625739,3.337619,-7.9513865
23.511,4.6305275,3.3663504,-7.9418097
23.543,4.6472874,3.3639562,-7.9394155
23.583,4.635316,3.3783216,-7.9489923
23.612,4.6281333,3.3567734,-7.946598
23.643,4.625739,3.3615618,-7.9513865
23.685,4.6233444,3.3495905,-7.965752
23.712,4.6305275,3.3615618,-7.965752
23.744,4.63771,3.3663504,-7.944204
23.783,4.63771,3.3735332,-7.9489923
23.812,4.63771,3.3591676,-7.9394155
23.845,4.642499,3.3519847,-7.9322324
23.882,4.625739,3.3639562,-7.9513865
23.911,4.6281333,3.380716,-7.9513865
23.943,4.6281333,3.3687446,-7.9489923
23.988,4.625739,3.3567734,-7.9489923
24.012,4.618556,3.3567734,-7.9394155
24.044,4.6305275,3.347196,-7.972935
24.084,4.62095,3.3519847,-7.9609637
24.112,4.6496816,3.3567734,-7.9418097
24.144,4.6496816,3.371139,-7.9561753
24.184,4.6281333,3.3495905,-7.9585695
24.212,4.635316,3.3567734,-7.953781
24.251,4.63771,3.371139,-7.9394155
24.283,4.62095,3.3639562,-7.953781
24.312,4.62095,3.3639562,-7.9418097
24.352,4.652076,3.344802,-7.946598
24.384,4.6281333,3.347196,-7.9561753
24.422,4.6329217,3.354379,-7.953781
24.451,4.616162,3.3735332,-7.9513865
24.482,4.644893,3.3639562,-7.982512
24.524,4.62095,3.3735332,-7.944204
24.551,4.635316,3.3615618,-7.970541
24.583,4.6281333,3.3519847,-7.944204
24.622,4.618556,3.344802,-7.9513865
24.651,4.635316,3.3567734,-7.9681463
24.683,4.625739,3.3663504,-7.9394155
24.723,4.63771,3.347196,-7.9418097
24.752,4.625739,3.3567734,-7.9513865
24.792,4.616162,3.3783216,-7.9609637
24.824,4.6305275,3.3639562,-7.963358
24.851,4.618556,3.3615618,-7.9394155
24.884,4.616162,3.371139,-7.937021
24.922,4.6281333,3.371139,-7.944204
24.957,4.642499,3.3663504,-7.9585695
24.990,4.6496816,3.3567734,-7.965752
25.021,4.640105,3.3591676,-7.953781
25.062,4.625739,3.347196,-7.953781
25.091,4.62095,3.354379,-7.965752
25.125,4.616162,3.3639562,-7.9513865
25.153,4.5970078,3.3519847,-7.9346266
25.193,4.6329217,3.3735332,-7.953781
25.223,4.616162,3.347196,-7.953781
25.264,4.6544704,3.347196,-7.9585695
25.291,4.63771,3.3615618,-7.9585695
25.322,4.616162,3.3495905,-7.9513865
25.361,4.6329217,3.3567734,-7.946598
25.390,4.62095,3.354379,-7.9394155
25.422,4.6329217,3.3591676,-7.9681463
25.462,4.6329217,3.3567734,-7.9561753
25.492,4.618556,3.354379,-7.9489923
25.522,4.625739,3.3591676,-7.9585695
25.563,4.6137676,3.3615618,-7.970541
25.592,4.6305275,3.354379,-7.9489923
25.632,4.6137676,3.3519847,-7.9346266
25.664,4.6233444,3.347196,-7.9489923
25.693,4.62095,3.3615618,-7.953781
25.724,4.6329217,3.3639562,-7.929838
25.763,4.6281333,3.3639562,-7.9322324
25.792,4.63771,3.3591676,-7.953781
25.824,4.625739,3.3495905,-7.953781
25.863,4.6305275,3.3567734,-7.953781
25.893,4.6305275,3.3519847,-7.9394155
25.932,4.625739,3.3687446,-7.946598
25.964,4.635316,3.3591676,-7.9561753
25.992,4.6281333,3.3615618,-7.9489923
26.032,4.608979,3.3759274,-7.9561753
26.063,4.63771,3.3567734,-7.965752
26.103,4.616162,3.371139,-7.9418097
26.132,4.635316,3.3639562,-7.9418097
26.164,4.635316,3.3424077,-7.9346266
26.204,4.6305275,3.3519847,-7.9609637
26.231,4.640105,3.3591676,-7.9609637
26.262,4.6329217,3.347196,-7.9609637
26.301,4.6233444,3.347196,-7.9418097
26.331,4.625739,3.3687446,-7.92505
26.363,4.6329217,3.3424077,-7.944204
26.401,4.6233444,3.3615618,-7.9681463
26.431,4.618556,3.3615618,-7.953781
26.471,4.6329217,3.347196,-7.9513865
26.502,4.618556,3.3663504,-7.9585695
26.531,4.640105,3.3567734,-7.9585695
26.564,4.625739,3.3639562,-7.946598
26.605,4.6305275,3.347196,-7.963358
26.631,4.644893,3.3591676,-7.9489923
26.671,4.6233444,3.3615618,-7.9609637
26.704,4.62095,3.3687446,-7.972935
26.732,4.6305275,3.3639562,-7.9513865
26.772,4.6329217,3.3495905,-7.953781
26.803,4.6305275,3.3567734,-7.9489923
26.832,4.642499,3.3687446,-7.972935
26.871,4.6281333,3.3352249,-7.9561753
26.905,4.6496816,3.347196,-7.9561753
26.942,4.6329217,3.3735332,-7.9489923
26.972,4.6041903,3.3567734,-7.9513865
27.003,4.6233444,3.3687446,-7.946598
27.043,4.63771,3.3615618,-7.9585695
27.072,4.6305275,3.3424077,-7.937021
27.104,4.625739,3.347196,-7.9609637
27.144,4.6281333,3.3591676,-7.953781
27.172,4.6329217,3.3687446,-7.963358
27.203,4.6496816,3.3591676,-7.944204
27.242,4.6233444,3.3567734,-7.953781
27.271,4.635316,3.3615618,-7.953781
27.303,4.6233444,3.3687446,-7.9513865
27.344,4.6329217,3.3495905,-7.9561753
27.373,4.62095,3.344802,-7.953781
27.411,4.6329217,3.3495905,-7.9489923
27.442,4.6329217,3.3615618,-7.9609637
27.481,4.6281333,3.371139,-7.9609637
27.511,4.6496816,3.3495905,-7.9489923
27.543,4.6305275,3.354379,-7.9489923
27.587,4.62095,3.3639562,-7.946598
27.612,4.62095,3.3567734,-7.9585695
27.644,4.6281333,3.354379,-7.9609637
27.672,4.635316,3.3495905,-7.9585695
27.712,4.6305275,3.344802,-7.9585695
27.744,4.6305275,3.3495905,-7.944204
27.784,4.6233444,3.3591676,-7.9489923
27.813,4.6329217,3.3519847,-7.9513865
27.845,4.6041903,3.371139,-7.9418097
27.885,4.608979,3.3663504,-7.9489923
27.913,4.62095,3.3639562,-7.9681463
27.945,4.6305275,3.354379,-7.9561753
27.986,4.6305275,3.3615618,-7.944204
28.013,4.6305275,3.371139,-7.9394155
28.043,4.6233444,3.3495905,-7.972935
28.084,4.62095,3.3519847,-7.9489923
28.113,4.6137676,3.3567734,-7.9585695
28.144,4.62095,3.3663504,-7.9513865
28.184,4.635316,3.3519847,-7.9394155
28.213,4.6305275,3.3615618,-7.9513865
28.251,4.63771,3.3591676,-7.9513865
28.282,4.6233444,3.3639562,-7.944204
28.311,4.6137676,3.354379,-7.9178667
28.353,4.618556,3.3735332,-7.944204
28.381,4.6305275,3.3424077,-7.9154725
28.423,4.6281333,3.347196,-7.9489923
28.450,4.6281333,3.354379,-7.9394155
28.482,4.6305275,3.3759274,-7.965752
28.523,4.62095,3.3591676,-7.9609637
28.553,4.6305275,3.3567734,-7.944204
28.583,4.6281333,3.3687446,-7.953781
28.624,4.6281333,3.3304362,-7.9585695
28.652,4.6113734,3.3567734,-7.9418097
28.683,4.625739,3.3567734,-7.9609637
28.724,4.640105,3.3735332,-7.9585695
28.752,4.642499,3.371139,-7.970541
28.784,4.6496816,3.3639562,-7.946598
28.823,4.6113734,3.3424077,-7.9418097
28.852,4.635316,3.3567734,-7.9322324
28.884,4.616162,3.371139,-7.9609637
28.923,4.6305275,3.3615618,-7.9585695
28.952,4.62095,3.3495905,-7.965752
28.983,4.6233444,3.3663504,-7.9681463
29.025,4.640105,3.347196,-7.970541
29.052,4.618556,3.3615618,-7.965752
29.091,4.6329217,3.3400133,-7.953781
29.123,4.6065845,3.344802,-7.9346266
29.152,4.6233444,3.3591676,-7.9561753
29.184,4.6281333,3.3591676,-7.965752
29.225,4.6305275,3.3567734,-7.9609637
29.262,4.6544704,3.3615618,-7.965752
29.291,4.618556,3.3495905,-7.9609637
29.325,4.616162,3.3639562,-7.946598
29.361,4.6281333,3.3591676,-7.9561753
29.391,4.625739,3.3639562,-7.953781
29.422,4.6137676,3.3687446,-7.9346266
29.461,4.6329217,3.3687446,-7.937021
29.490,4.6472874,3.3687446,-7.9585695
29.521,4.6329217,3.3615618,-7.9777236
29.563,4.6281333,3.3519847,-7.9609637
29.592,4.616162,3.3519847,-7.944204
29.623,4.6233444,3.3591676,-7.920261
29.665,4.6233444,3.371139,-7.9513865
29.692,4.6041903,3.3567734,-7.9681463
29.723,4.6233444,3.3663504,-7.9489923
29.765,4.6329217,3.3639562,-7.965752
29.791,4.625739,3.337619,-7.9609637
29.825,4.652076,3.3591676,-7.9609637
29.865,4.640105,3.3567734,-7.9394155
29.891,4.635316,3.3615618,-7.946598
29.925,4.625739,3.3591676,-7.953781
29.963,4.62095,3.3687446,-7.9418097
30.011,4.592219,3.354379,-7.9322324
30.034,4.616162,3.354379,-7.9513865
30.063,4.644893,3.3424077,-7.9585695
30.092,4.640105,3.337619,-7.9849067
30.133,4.644893,3.3495905,-7.965752
30.165,4.6640472,3.3663504,-7.9489923
30.193,4.642499,3.354379,-7.937021
30.232,4.644893,3.3735332,-7.953781
30.263,4.652076,3.371139,-7.9513865
30.293,4.635316,3.3663504,-7.953781
30.334,4.608979,3.3663504,-7.946598
30.364,4.6113734,3.3519847,-7.9489923
30.403,4.608979,3.347196,-7.9777236
30.431,4.6233444,3.3519847,-7.9753294
30.463,4.6472874,3.3615618,-7.982512
30.504,4.6281333,3.3663504,-7.937021
30.534,4.6281333,3.3639562,-7.92505
30.564,4.640105,3.3519847,-7.922655
30.605,4.6496816,3.354379,-7.937021
30.634,4.6496816,3.3591676,-7.922655
30.664,4.616162,3.371139,-7.946598
30.703,4.625739,3.347196,-7.9513865
30.733,4.616162,3.3615618,-7.9777236
30.765,4.6137676,3.3591676,-7.9681463
30.805,4.6305275,3.3352249,-7.970541
30.834,4.62095,3.3591676,-7.9394155
30.866,4.635316,3.3639562,-7.922655
30.904,4.6281333,3.3902931,-7.9394155
30.934,4.640105,3.3855045,-7.92505
30.965,4.652076,3.3735332,-7.92505
31.006,4.625739,3.3424077,-7.9561753
31.034,4.635316,3.3256476,-7.980118
31.066,4.6137676,3.3352249,-7.963358
31.104,4.6329217,3.3519847,-7.9489923
31.133,4.618556,3.3759274,-7.922655
31.173,4.616162,3.387899,-7.937021
31.204,4.6041903,3.3424077,-7.9489923
31.244,4.6137676,3.3759274,-7.927444
31.273,4.6305275,3.3759274,-7.927444
31.305,4.6233444,3.3400133,-7.963358
31.345,4.635316,3.3304362,-7.972935
31.372,4.6472874,3.3328304,-7.989695
31.403,4.644893,3.3352249,-7.9489923
31.443,4.625739,3.3735332,-7.9561753
31.471,4.608979,3.3663504,-7.9489923
31.503,4.635316,3.3639562,-7.965752
31.544,4.5970078,3.3639562,-7.929838
31.574,4.661653,3.3567734,-7.9178667
31.605,4.640105,3.347196,-7.989695
31.643,4.644893,3.3639562,-7.953781
31.671,4.6281333,3.3567734,-7.9777236
31.704,4.642499,3.3639562,-7.963358
31.742,4.618556,3.337619,-7.9346266
31.782,4.6281333,3.3495905,-7.946598
31.811,4.6281333,3.3639562,-7.929838
31.843,4.6281333,3.3495905,-7.946598
31.872,4.616162,3.3495905,-7.9513865
31.913,4.6041903,3.3663504,-7.9777236
31.945,4.6113734,3.347196,-7.946598
31.973,4.6233444,3.3567734,-7.927444
32.014,4.6281333,3.3495905,-7.946598
32.044,4.6305275,3.344802,-7.9418097
32.085,4.644893,3.3495905,-7.963358
32.114,4.63771,3.3615618,-7.937021
32.145,4.63771,3.3615618,-7.929838
32.184,4.6305275,3.3591676,-7.9585695
32.214,4.6233444,3.3519847,-7.9418097
32.243,4.6281333,3.3567734,-7.9489923
32.284,4.625739,3.3495905,-7.9585695
32.312,4.6233444,3.3687446,-7.9418097
32.343,4.6305275,3.3567734,-7.953781
32.383,4.6305275,3.3615618,-7.970541
32.412,4.635316,3.3591676,-7.946598
32.444,4.6329217,3.3615618,-7.9346266
32.484,4.635316,3.3495905,-7.946598
32.512,4.6281333,3.354379,-7.9418097
32.552,4.642499,3.3591676,-7.9489923
32.584,4.6233444,3.337619,-7.9394155
32.613,4.640105,3.3663504,-7.953781
32.645,4.618556,3.371139,-7.9609637
32.684,4.616162,3.3495905,-7.9489923
32.712,4.625739,3.354379,-7.9681463
32.753,4.6137676,3.3615618,-7.953781
32.784,4.635316,3.3424077,-7.965752
32.813,4.616162,3.3400133,-7.9681463
32.853,4.642499,3.3519847,-7.946598
32.885,4.6281333,3.347196,-7.9489923
32.928,4.6305275,3.3663504,-7.953781
32.953,4.618556,3.3495905,-7.965752
32.986,4.642499,3.371139,-7.9585695
33.025,4.618556,3.3663504,-7.9418097
33.053,4.635316,3.3615618,-7.9513865
33.085,4.618556,3.3400133,-7.953781
33.124,4.625739,3.3424077,-7.9489923
33.153,4.6233444,3.3567734,-7.9585695
33.185,4.625739,3.3735332,-7.9753294
33.226,4.625739,3.3831103,-7.9418097
33.253,4.63771,3.3639562,-7.9849067
33.291,4.62095,3.380716,-7.970541
33.325,4.635316,3.3328304,-7.9178667
33.353,4.6113734,3.545921,-8.025609
33.392,4.644893,3.222694,-7.8532214
33.422,4.6233444,3.2969165,-7.893924
33.452,4.63771,3.440573,-8.056735
33.492,4.659259,3.1245286,-7.9322324
33.525,4.652076,3.529161,-7.9489923
33.553,4.625739,3.459727,-8.145323
33.593,4.565882,3.318465,-7.788576
33.626,4.652076,3.4525442,-8.1549
33.665,4.6041903,3.1436827,-7.8268843
33.693,4.503631,3.3759274,-7.8987126
33.726,4.723904,3.3615618,-8.310528
33.765,4.5084195,3.4621215,-7.570697
33.793,4.7191157,3.2466366,-8.253065
33.826,4.6041903,3.2394538,-7.8963184
33.865,4.582642,3.3352249,-8.114198
33.893,4.740664,3.3208592,-7.8388557
33.926,4.577853,3.4788814,-7.8316727
33.966,4.6927786,3.354379,-7.893924
33.993,4.563488,3.189174,-7.82449
34.025,4.5946136,3.4118416,-8.011244
34.066,4.685596,3.3208592,-7.980118
34.093,4.6329217,3.2633965,-7.84125
34.125,4.635316,3.3950818,-7.965752
34.166,4.6568646,3.275368,-7.90829
34.192,4.5874305,3.328042,-7.8556156
34.224,4.6305275,3.4166303,-7.8915296
34.263,4.6472874,3.3495905,-7.9753294
34.293,4.5970078,3.3998702,-7.884347
34.333,4.6640472,3.3328304,-8.059129
34.363,4.644893,3.3040993,-7.9561753
34.403,4.6568646,3.3831103,-8.049552
34.432,4.599402,3.3567734,-7.9513865
34.463,4.592219,3.3735332,-7.8316727
34.503,4.652076,3.4022646,-8.023215
34.532,4.6281333,3.4238129,-7.893924
34.562,4.601796,3.371139,-7.877164
34.604,4.5850363,3.4429672,-7.8699813
34.633,4.618556,3.3735332,-7.860404
34.665,4.5515165,3.2705793,-7.9154725
34.704,4.573065,3.3304362,-7.9513865
34.733,4.6113734,3.1819913,-7.9968777
34.764,4.702356,3.3424077,-8.05434
34.805,4.608979,3.2705793,-7.9968777
34.832,4.7071443,3.3735332,-8.030397
34.865,4.6832013,3.4238129,-7.982512
34.906,4.6544704,3.3998702,-7.982512
34.933,4.661653,3.4453614,-7.867587
34.964,4.6544704,3.4166303,-7.884347
35.005,4.6640472,3.4333901,-7.865193
35.032,4.5419393,3.265791,-7.905895
35.064,4.5970078,3.2825508,-8.004061
35.104,4.5682764,3.275368,-7.9609637
35.134,4.6544704,3.3088877,-8.035186
35.167,4.62095,3.3998702,-7.9585695
35.207,4.6137676,3.3759274,-7.9681463
35.233,4.661653,3.476487,-7.9346266
35.272,4.6927786,3.5076127,-7.922655
35.305,4.6496816,3.3352249,-7.9418097
35.334,4.556305,3.222694,-8.042369
35.372,4.513208,3.2298768,-7.944204
35.402,4.6496816,3.3208592,-8.008849
35.443,4.635316,3.3591676,-8.059129
35.472,4.601796,3.3687446,-7.9561753
35.503,4.685596,3.4980354,-7.8699813
35.544,4.6233444,3.4788814,-7.860404
35.573,4.62095,3.354379,-7.90829
35.604,4.563488,3.2514253,-7.9489923
35.645,4.5682764,3.2250881,-7.944204
35.673,4.6712303,3.3256476,-8.0687065
35.704,4.6472874,3.3687446,-7.9513865
35.744,4.63771,3.407053,-7.9944835
35.773,4.63771,3.510007,-7.8532214
35.804,4.5946136,3.294522,-7.922655
35.843,4.661653,3.3495905,-7.905895
35.873,4.558699,3.2202997,-8.011244
35.905,4.640105,3.3567734,-8.078283
35.943,4.63771,3.3160706,-8.059129
35.973,4.6760187,3.4525442,-7.910684
36.007,4.659259,3.4573328,-7.8747697
36.044,4.6712303,3.4980354,-7.8556156
36.074,4.5706706,3.2777622,-7.886741
36.106,4.575459,3.2442424,-8.004061
36.145,4.5898247,3.265791,-7.965752
36.182,4.5347567,3.241848,-7.929838
36.213,4.640105,3.3687446,-8.08786
36.243,4.652076,3.3687446,-7.987301
36.283,4.6760187,3.3783216,-8.023215
36.312,4.6568646,3.4357843,-7.860404
36.345,4.6832013,3.3495905,-7.910684
36.383,4.6544704,3.3950818,-7.901107
36.411,4.5419393,3.258608,-7.929838
36.443,4.625739,3.337619,-8.0711
36.482,4.644893,3.3088877,-8.044764
36.511,4.6281333,3.4046588,-8.023215
36.543,4.62095,3.4238129,-7.8723755
36.584,4.6233444,3.4381785,-7.8915296
36.612,4.678413,3.3639562,-7.927444
36.644,4.537151,3.2298768,-7.905895
36.684,4.558699,3.2490308,-7.944204
36.712,4.6329217,3.301705,-8.066312
36.744,4.661653,3.3950818,-7.9968777
36.785,4.6544704,3.337619,-8.018426
36.813,4.6305275,3.4860642,-7.850827
36.846,4.6712303,3.4022646,-7.905895
36.885,4.661653,3.5004299,-7.8915296
36.913,4.5084195,3.213117,-7.9609637
36.953,4.5682764,3.2921278,-7.881953
36.985,4.5347567,3.241848,-8.05434
37.013,4.6664414,3.328042,-8.078283
37.052,4.6496816,3.2921278,-8.109408
37.085,4.640105,3.4309957,-8.001666
37.125,4.5898247,3.2825508,-8.035186
37.153,4.635316,3.3735332,-8.008849
37.186,4.5970078,3.6488748,-7.9513865
37.225,4.4413795,3.929005,-7.728719
37.253,4.37434,4.364763,-7.6736507
37.284,4.417437,4.3264546,-7.6616793
37.324,4.532362,4.625739,-7.7861814
37.352,4.453351,4.601796,-7.755056
37.392,4.3408203,4.98488,-7.472532
37.423,4.304906,4.7789726,-7.6305537
37.452,4.4485626,4.9154463,-7.666468
37.492,4.233078,5.0830455,-7.5084457
37.524,4.146884,5.1620564,-7.3815494
37.552,4.1971636,5.071074,-7.333664
37.584,4.2211065,4.9968514,-7.3145094
37.623,4.245049,4.9106574,-7.5515428
37.653,4.2546263,5.1859994,-7.415069
37.692,4.113364,4.9800916,-7.170853
37.724,4.271386,5.209942,-7.362395
37.753,4.2546263,5.29853,-7.2618356
37.792,3.6823947,4.73827,-6.9649453
37.824,4.1420956,5.482889,-7.2714124
37.853,4.11097,5.3966956,-7.2594414
37.887,4.2977233,5.487678,-7.345635
37.925,4.3264546,5.279376,-7.4988685
37.966,4.005622,5.2434616,-7.240287
37.993,4.1564612,5.521198,-7.2618356
38.026,4.0726614,4.946572,-7.292961
38.066,4.271386,5.025583,-7.5467544
38.093,4.122941,5.5020437,-7.4414062
38.123,4.022382,5.1213536,-7.3145094
38.166,4.1373067,5.111777,-7.3815494
38.193,4.3192716,5.375147,-7.405492
38.224,4.1181526,5.4517636,-7.448589
38.265,4.434197,5.0399485,-7.290567
38.293,4.40786,4.908263,-7.3839436
38.324,4.0989985,5.66246,-7.5395713
38.364,4.3432145,5.3966956,-7.312115
38.393,4.2570205,4.948966,-7.47732
38.432,4.103787,5.296136,-7.379155
38.462,4.0822387,5.705557,-7.407886
38.503,4.4461684,5.238673,-7.5084457
38.531,4.4892654,4.599402,-7.515629
38.563,4.120547,5.6768255,-7.683228
38.592,4.1420956,5.1261425,-7.556331
38.634,4.352792,6.0599093,-7.6712565
38.663,4.618556,5.355993,-7.223527
38.703,4.278569,5.3512044,-7.8292785
38.732,4.14449,5.609786,-7.2354984
38.763,3.816474,5.7103453,-6.960157
38.804,3.8140798,5.5283804,-7.0870533
38.833,4.2642035,5.827665,-6.7853746
38.865,4.024776,5.9713216,-6.8260775
38.904,4.041536,5.6169686,-7.228316
38.933,4.1253357,5.463735,-7.185219
38.965,4.122941,5.403878,-7.1325445
39.004,4.529968,5.3799353,-7.5587254
39.033,4.2115293,4.922629,-7.5587254
39.064,4.268992,4.80531,-7.5395713
39.106,4.1085753,4.95136,-7.5060515
39.133,4.1181526,4.9178405,-7.429435
39.165,4.103787,4.98488,-7.4605603
39.204,4.173221,5.33205,-7.273807
39.234,3.991256,5.1596622,-7.388732
39.272,4.209135,5.31529,-7.0870533
39.303,4.005622,5.2937417,-7.16367
39.332,4.0535073,5.260222,-7.2594414
39.373,4.4054656,4.8388295,-7.6257653
39.403,4.4485626,5.439792,-7.6185822
39.442,5.1644506,5.05192,-8.1549
39.471,4.819675,5.2219133,-7.860404
39.503,4.3456087,4.869955,-7.80773
39.533,4.1540666,4.8340406,-7.3647895
39.573,4.0822387,5.047131,-7.4102807
39.604,4.051113,4.7358756,-7.1732473
39.644,3.8859081,4.6999617,-7.273807
39.672,3.9194279,4.850801,-7.398309
39.704,4.3839173,4.6664414,-7.6521025
39.745,4.3911,4.747847,-7.4438004
39.772,4.2115293,4.4294086,-7.5443597
39.804,4.063084,4.5084195,-7.685622
39.845,4.149278,4.4988422,-7.881953
39.872,4.3432145,4.8555894,-7.405492
39.906,4.6065845,4.7071443,-7.74069
39.947,4.4030714,4.5682764,-7.5850625
39.972,4.37434,4.5347567,-7.7071705
40.005,4.434197,4.783761,-7.848433
40.045,4.4389853,4.965726,-7.249864
40.073,4.295329,4.7598186,-7.3600006
40.105,4.225895,5.138114,-7.352818
40.143,4.2139235,5.0567083,-7.7909703
40.172,4.12773,5.1452966,-7.412675
40.212,3.955342,5.2075477,-7.388732
40.244,4.051113,5.355993,-7.187613
40.272,3.842811,5.296136,-7.3863378
40.312,4.087027,5.1189594,-7.273807
40.346,4.3192716,5.087834,-7.47732
40.374,4.2977233,5.0998054,-7.6880164
40.413,4.460534,5.322473,-7.6904106
40.443,4.338426,5.1979704,-7.743085
40.483,4.2833576,4.8579836,-7.5299945
40.511,4.170827,5.4661293,-7.4892917
40.544,4.2139235,5.054314,-7.225921
40.585,4.170827,5.097411,-7.6736507
40.613,4.1420956,4.98488,-7.14691
40.643,3.9266107,5.1692395,-7.513234
40.683,4.1397014,5.078257,-7.3815494
40.713,4.2977233,4.9585433,-7.328875
40.744,4.149278,5.3871183,-7.5323887
40.785,4.338426,5.140508,-7.393521
40.811,4.113364,5.1429024,-7.2594414
40.846,4.0750556,5.1357193,-7.326481
40.884,4.189981,4.8723493,-7.649708
40.912,4.1612496,5.2410674,-7.4701376
40.944,4.1516724,4.9106574,-7.4533772
40.984,3.9457648,5.183605,-7.3671837
41.013,3.9433706,5.2410674,-7.49408
41.053,4.3887057,4.807704,-7.491686
41.085,4.0726614,4.8771377,-7.556331
41.113,4.3073006,5.0375543,-7.7311134
41.146,4.398283,5.090228,-7.7574506
41.185,4.206741,5.437398,-7.0104365
41.229,4.008016,5.288953,-7.659285
41.252,4.0918155,5.1716337,-7.352818
41.283,4.0822387,5.3368387,-7.580274
41.323,4.005622,4.925023,-7.379155
41.354,4.1013927,4.95136,-7.101419
41.383,3.806897,5.276982,-7.6353426
41.422,3.9936504,5.0830455,-7.371972
41.451,4.199558,5.38233,-7.491686
41.483,4.063084,5.111777,-7.405492
41.543,4.1612496,4.908263,-7.2450757
41.564,4.199558,5.1596622,-7.2354984
41.584,4.0559015,4.905869,-7.920261
41.625,4.4294086,5.0207944,-7.759845
41.664,4.0822387,4.6544704,-7.127756
41.687,3.6967604,4.7957325,-7.692805
41.724,3.991256,4.975303,-7.5084457
41.765,3.7757714,4.6544704,-7.534783
41.785,3.8021083,4.0750556,-8.169266
41.823,4.2378664,4.336032,-7.745479
41.864,4.168432,4.5012364,-7.738296
41.904,4.249838,4.62095,-7.805336
41.924,4.381523,4.616162,-7.467743
41.965,4.364763,5.00164,-7.680834
41.989,4.206741,4.7119327,-7.778999
42.024,4.288146,4.908263,-7.326481
42.064,4.3073006,4.8292522,-8.095043
42.105,4.450957,4.453351,-7.415069
42.125,4.163644,4.850801,-7.9992723
42.166,4.1420956,4.9274178,-7.439012
42.207,4.577853,4.9537544,-7.4438004
42.228,4.338426,4.8723493,-7.5683026
42.263,4.292935,5.2243075,-7.1373334
42.303,4.041536,4.824464,-7.573091
42.323,3.9840732,4.7741838,-7.666468
42.363,4.182798,4.434197,-7.3384523
42.403,4.2809634,4.7933383,-7.637737
42.442,4.417437,4.6113734,-7.8747697
42.464,4.40786,4.5874305,-8.001666
42.503,4.0918155,5.06868,-8.118986
42.525,4.189981,4.7143273,-7.8364615
42.564,3.9098508,4.680807,-7.9513865
42.605,4.532362,4.7334814,-7.927444
42.624,4.685596,4.434197,-7.455772
42.665,4.206741,4.9441776,-8.159689
42.704,4.295329,4.537151,-7.640131
42.744,4.577853,5.0638914,-7.9920893
42.765,4.608979,4.9274178,-7.515629
42.804,3.9936504,4.3599744,-7.963358
42.826,4.0199876,5.0758624,-8.226728
42.863,4.113364,4.5850363,-8.008849
42.904,4.249838,4.400677,-7.4366174
42.945,4.3456087,4.8316464,-7.922655
42.964,4.067873,4.6903844,-7.290567
43.005,4.635316,4.580248,-7.5826683
43.044,4.1420956,4.537151,-7.685622
43.065,4.8819265,4.5946136,-7.7335076
43.106,4.417437,4.9417834,-7.9322324
43.146,4.314483,4.1253357,-7.2809896
43.164,4.0535073,4.6903844,-7.333664
43.205,3.7757714,4.328849,-6.960157
43.243,3.4716985,4.434197,-7.2163444
43.264,3.4142358,4.62095,-7.47732
43.303,4.3001175,4.3671575,-7.190007
43.343,3.964919,4.455745,-7.7143536
43.364,4.381523,4.7885494,-7.1995845
43.403,4.35758,4.7526355,-7.5419655
43.442,4.230684,4.4270144,-7.326481
43.482,3.9697077,4.4677167,-7.328875
43.502,4.000833,4.2594147,-7.4366174
43.544,4.065479,4.640105,-7.4533772
43.585,4.249838,4.352792,-7.805336
43.604,4.2737803,4.661653,-7.431829
43.645,4.817281,4.932206,-8.152506
43.684,4.4653225,4.6927786,-8.274613
43.703,4.80531,5.0591025,-8.0687065
43.744,4.903475,4.886715,-8.1549
43.785,4.592219,4.695173,-7.5659084
43.804,4.4988422,4.802915,-7.5395713
43.845,4.5060253,4.7693954,-7.7861814
43.883,4.417437,4.5898247,-7.5754857
43.905,4.8316464,5.032766,-8.779806
43.944,4.3767343,4.40786,-7.005648
43.984,4.304906,4.532362,-7.659285
44.005,4.1540666,4.460534,-7.065505
44.045,3.9840732,4.14449,-6.9003
44.084,4.0750556,4.70475,-6.8500204
44.105,3.9170337,4.304906,-7.257047
44.144,4.7885494,4.3791285,-7.5850625
44.186,3.5219781,4.62095,-6.447782
44.204,5.116565,4.393494,-7.8197017
44.243,4.3192716,4.4246197,-6.996071
44.283,4.3863115,4.333637,-7.434223
44.324,4.5060253,3.991256,-7.743085
44.344,4.9369946,4.245049,-7.563514
44.383,5.0638914,4.4030714,-8.439818
44.423,4.592219,3.8284454,-6.8428373
44.443,4.9633317,4.1588554,-7.649708
44.483,5.1021996,4.1253357,-7.6113997
44.523,4.786155,4.695173,-7.632948
44.544,5.00164,4.3887057,-8.178843
44.583,4.565882,4.381523,-7.6353426
44.625,4.5970078,4.5012364,-7.8532214
44.645,4.6113734,4.4461684,-7.5419655
44.684,4.3264546,4.565882,-7.3145094
44.723,4.331243,4.3623686,-7.5036573
44.744,4.5539107,4.826858,-7.745479
44.784,4.292935,4.331243,-7.556331
44.823,4.400677,4.182798,-7.927444
44.844,4.6281333,4.400677,-7.616188
44.883,4.3168774,4.07745,-7.553937
44.925,4.3958883,4.338426,-7.7837873
44.944,4.4246197,4.3192716,-7.556331
44.985,4.6305275,4.3456087,-7.680834
45.024,4.529968,4.4461684,-7.6616793
45.044,4.5108137,4.503631,-7.719142
45.086,4.5012364,4.616162,-7.5898514
45.124,4.4461684,4.616162,-7.7670274
45.144,4.4844766,4.599402,-7.6712565
45.184,4.314483,4.249838,-7.6449194
45.226,4.11097,4.084633,-7.6904106
45.263,4.000833,4.2833576,-7.7119594
45.283,4.1588554,4.304906,-7.6353426
45.323,4.2043467,4.625739,-7.7718163
45.362,4.348003,4.3671575,-7.623371
45.382,4.635316,4.40786,-7.613794
45.423,4.494054,4.333637,-7.5252056
45.461,4.517997,4.252232,-7.7526617
45.482,4.802915,4.853195,-7.8723755
45.523,4.616162,4.312089,-7.963358
45.563,4.2570205,4.513208,-7.659285
45.587,4.2642035,4.5491223,-7.74069
45.624,4.233078,4.333637,-7.620977
45.665,4.314483,4.5467277,-7.8173075
45.686,4.496448,4.575459,-7.7694216
45.725,4.659259,4.644893,-7.5228114
45.765,4.268992,4.843618,-7.6305537
45.785,4.0989985,4.470111,-7.570697
45.825,4.0032277,4.5491223,-7.9681463
45.866,4.539545,4.740664,-7.8388557
45.888,4.537151,4.529968,-7.762239
45.924,4.479688,4.3025117,-7.922655
45.965,4.309695,4.644893,-7.929838
45.988,4.37434,4.6736245,-7.719142
46.022,4.3791285,4.3240604,-7.3671837
46.063,4.7071443,4.3408203,-7.745479
46.104,4.5443335,4.230684,-7.7502675
46.124,4.146884,4.618556,-7.74069
46.163,4.0535073,4.314483,-7.7742105
46.202,4.415043,4.635316,-7.455772
46.225,4.434197,4.443774,-7.448589
46.262,4.1612496,4.12773,-7.391126
46.303,4.230684,4.3671575,-7.788576
46.323,4.2235007,4.417437,-7.685622
46.363,4.400677,4.309695,-7.5276
46.402,4.242655,4.3432145,-7.597034
46.422,4.331243,4.3958883,-7.4988685
46.462,4.35758,4.529968,-7.4821086
46.502,4.556305,4.333637,-7.7742105
46.524,4.268992,4.312089,-7.659285
46.563,4.0918155,4.443774,-7.613794
46.604,4.417437,4.45814,-7.8556156
46.624,4.2474437,4.580248,-7.7957587
46.665,4.1612496,4.7262983,-7.9418097
46.703,4.4629283,4.522785,-7.9394155
46.725,4.352792,4.4413795,-7.927444
46.764,4.0559015,4.3958883,-7.5850625
46.804,3.9697077,4.537151,-7.5419655
46.824,4.477294,4.3767343,-7.721536
46.864,4.4030714,4.532362,-7.745479
46.904,4.4916596,4.3695517,-7.6616793
46.943,4.252232,4.276175,-7.5587254
46.965,4.2833576,4.3623686,-7.534783
47.004,4.3911,4.3791285,-7.21395
47.045,4.199558,4.381523,-7.642525
47.065,4.6233444,4.496448,-7.5850625
47.104,4.436591,4.4318027,-7.56112
47.143,4.163644,4.170827,-7.735902
47.164,4.503631,4.4126487,-7.692805
47.205,4.4916596,4.2642035,-7.5395713
47.244,4.350397,4.103787,-7.6640735
47.263,4.565882,4.5012364,-7.848433
47.303,4.4294086,4.103787,-7.56112
47.343,4.4318027,4.6544704,-7.728719
47.362,4.503631,4.398283,-7.580274
47.402,4.336032,4.245049,-7.788576
47.443,4.556305,4.4653225,-7.6712565
47.483,4.4677167,4.2043467,-7.518023
47.503,4.209135,4.532362,-7.534783
47.544,4.515602,4.192375,-7.5587254
47.564,4.304906,4.1085753,-7.472532
47.604,3.962525,4.479688,-7.4198575
47.644,4.2187123,4.2570205,-7.8292785
47.664,4.1851926,4.635316,-7.6257653
47.704,4.192375,4.5251794,-7.6281595
47.744,4.2187123,4.5347567,-7.7694216
47.784,4.398283,4.1181526,-7.695199
47.804,3.7949257,4.3767343,-7.929838
47.843,4.268992,4.225895,-7.886741
47.883,4.170827,4.3839173,-7.860404
47.903,4.11097,4.5706706,-7.6904106
47.943,4.173221,4.3958883,-7.8963184
47.985,4.616162,4.4892654,-7.8101244
48.005,4.355186,4.3863115,-8.150111
48.045,4.37434,4.3240604,-7.4845033
48.084,4.187587,4.6712303,-8.020821
48.105,4.2211065,4.6041903,-7.556331
48.144,4.3168774,4.3958883,-7.5587254
48.184,4.503631,4.1325183,-7.5874567
48.205,4.285752,4.4389853,-7.642525
48.243,4.3863115,4.3073006,-7.728719
48.284,4.331243,4.563488,-7.6616793
48.303,4.786155,4.5108137,-7.4797144
48.348,4.1373067,4.3695517,-7.5084457
48.383,4.4389853,4.3264546,-7.927444
48.422,4.5610933,4.398283,-7.333664
48.443,4.5251794,4.3911,-7.573091
48.482,4.6329217,4.3767343,-7.721536
48.524,4.1780095,4.364763,-7.5850625
48.543,4.436591,4.314483,-7.5922456
48.585,4.333637,4.537151,-7.649708
48.625,4.295329,4.1349125,-7.728719
48.645,4.565882,4.8723493,-7.6042166
48.685,4.338426,4.1756153,-7.6305537
48.724,4.4677167,4.017593,-7.7574506
48.744,4.513208,4.5084195,-7.3576064
48.784,4.6999617,4.11097,-7.5419655
48.824,4.616162,4.228289,-7.4461946
48.844,4.678413,3.8092911,-7.170853
48.884,4.7765784,3.8811195,-7.352818
48.924,4.6137676,4.0726614,-7.125362
48.943,4.5275736,3.9361877,-7.5826683
48.984,4.8364353,3.8954852,-7.161276
49.024,4.5491223,4.278569,-7.3767605
49.044,4.4844766,3.7398572,-7.371972
49.085,4.3791285,4.3432145,-7.326481
49.125,4.5946136,3.8787253,-7.467743
49.145,4.4126487,3.972102,-7.6688623
49.189,4.460534,3.869148,-7.6257653
49.224,4.7885494,4.3025117,-7.719142
49.245,4.616162,4.1325183,-7.4845033
49.284,4.616162,3.9984388,-7.9130783
49.324,4.496448,4.000833,-7.8292785
49.363,4.7071443,4.235472,-8.018426
49.383,4.7095385,4.06069,-7.989695
49.423,4.7502413,4.1804037,-8.08786
49.462,5.0662856,4.1181526,-8.011244
49.483,5.0614967,4.249838,-7.7167478
49.522,4.494054,3.9313993,-7.597034
49.565,4.580248,4.11097,-7.9681463
49.585,4.3911,4.1085753,-7.6521025
49.625,4.537151,3.8523881,-7.6640735
49.665,4.747847,3.8475995,-7.5659084
49.684,4.5970078,3.6369035,-7.6185822
49.725,4.4413795,3.8643596,-7.6090055
49.764,4.9705143,4.084633,-7.7095647
49.785,4.7334814,3.7829542,-7.8292785
49.824,4.348003,3.5147953,-7.6185822
49.863,4.4413795,3.9697077,-7.9513865
49.884,4.40786,3.962525,-7.965752
49.924,4.3456087,3.799714,-8.080677
49.965,4.4725056,3.9050622,-7.9585695
49.984,4.529968,3.9697077,-7.7909703
50.024,4.680807,4.1540666,-8.344048
50.064,4.494054,3.9050622,-8.396722
50.085,4.618556,3.9481592,-8.006455
50.125,4.249838,4.0032277,-7.685622
50.165,4.1157584,3.9529476,-7.860404
50.185,3.9313993,3.7135203,-7.6281595
50.225,4.0582957,3.7949257,-7.8173075
50.263,4.2905407,3.684789,-7.692805
50.305,4.4844766,4.1157584,-7.867587
50.323,4.2378664,3.6584518,-7.3863378
50.363,4.0535073,3.4046588,-7.6975937
50.404,3.8021083,3.7398572,-7.51084
50.424,4.0128045,4.000833,-7.738296
50.464,3.9457648,3.8045027,-8.193209
50.502,4.4461684,3.7446458,-7.537177
50.522,4.5970078,4.2211065,-7.642525
50.566,4.7741838,4.1013927,-8.05434
50.604,4.4820824,4.0750556,-8.212362
50.623,4.5443335,4.1780095,-8.353624
50.663,4.6832013,4.0367475,-7.8795586
50.702,4.9346004,4.0582957,-7.764633
50.723,4.582642,4.065479,-7.877164
50.762,4.577853,4.1588554,-7.623371
50.804,4.494054,3.9577363,-7.9585695
50.824,4.4677167,3.9266107,-7.865193
50.863,4.233078,4.048719,-7.7478733
50.903,4.5108137,3.833234,-7.8292785
50.924,4.644893,4.008016,-7.7526617
50.963,4.850801,4.2833576,-7.743085
51.004,4.659259,3.8452053,-7.85801
51.024,4.5012364,3.9673133,-8.171659
51.064,4.4294086,3.74704,-7.632948
51.105,4.5610933,4.067873,-7.9753294
51.144,4.7167215,3.8380225,-7.5060515
51.165,4.678413,3.9457648,-7.5874567
51.205,4.278569,4.192375,-7.8292785
51.243,4.249838,3.9266107,-7.778999
51.262,4.3671575,4.0750556,-7.6880164
51.303,4.4485626,3.902668,-7.680834
51.343,3.9768906,3.9361877,-7.9346266
51.363,3.8739367,4.113364,-7.884347
51.402,3.8140798,3.8356283,-8.128563
51.442,4.0463243,3.8116856,-7.7957587
51.462,3.9768906,3.8092911,-7.9753294
51.502,3.8212626,3.7829542,-8.152506
51.543,3.6105664,4.000833,-8.169266
51.564,3.6919718,4.1420956,-8.504464
51.604,4.0319586,4.0582957,-8.43503
51.645,4.225895,4.09421,-8.212362
51.664,4.173221,3.9146392,-8.135746
51.704,4.0128045,4.146884,-7.886741
51.746,4.312089,4.350397,-8.085466
51.764,4.2594147,4.455745,-8.25546
51.805,4.4916596,4.0199876,-8.20518
51.844,3.9433706,4.3695517,-7.963358
51.864,4.1564612,4.331243,-8.107015
51.905,4.2833576,4.1588554,-8.063917
51.946,4.04393,4.1253357,-7.666468
51.965,4.1325183,4.6113734,-7.867587
52.004,3.7111259,4.0750556,-7.82449
52.044,4.0966043,4.470111,-7.450983
52.085,3.9888618,4.3791285,-7.395915
52.104,3.6297207,4.09421,-7.450983
52.144,3.581835,4.539545,-7.6616793
52.185,3.581835,4.635316,-7.9418097
52.204,3.912245,3.8571768,-7.719142
52.244,3.806897,4.417437,-8.243488
52.283,3.7494342,4.146884,-7.721536
52.303,3.8380225,4.11097,-7.472532
52.343,3.962525,3.7614057,-7.9849067
52.382,4.14449,4.3240604,-8.169266
52.403,4.146884,4.4820824,-8.186026
52.442,4.4246197,3.9792848,-8.214757
52.483,4.3887057,4.5347567,-8.190814
52.522,4.6305275,4.398283,-7.6305537
52.543,4.6927786,4.415043,-8.174054
52.584,4.62095,4.496448,-7.9944835
52.605,4.410254,4.3767343,-8.358414
52.645,4.271386,4.1780095,-8.645726
52.683,4.312089,4.4318027,-8.032792
52.705,4.206741,4.0104103,-8.001666
52.743,4.3456087,3.8930907,-7.7694216
52.789,4.3168774,4.233078,-7.798153
52.825,4.2809634,3.6464806,-7.5395713
52.845,4.2043467,3.921822,-8.277008
52.885,4.2139235,4.07745,-7.6688623
52.906,4.2737803,4.0104103,-8.152506
52.944,4.582642,3.964919,-7.910684
52.983,4.417437,3.8978794,-7.920261
53.024,4.618556,4.000833,-7.745479
53.043,4.5108137,3.6081722,-8.174054
53.085,4.4749,4.0319586,-7.345635
53.124,4.168432,3.4477558,-7.326481
53.146,4.2139235,3.5914123,-8.130958
53.185,4.084633,3.675212,-7.4964743
53.224,4.6233444,3.2274826,-7.515629
53.244,4.455745,3.0742488,-7.1995845
53.283,4.06069,3.2538195,-7.49408
53.324,4.3767343,3.1077688,-6.8260775
53.343,4.5970078,3.0455174,-7.099025
53.382,4.5850363,2.8491871,-7.6640735
53.422,4.5515165,3.1173458,-7.4461946
53.462,5.047131,3.0814316,-7.8125186
53.482,5.0040345,3.2083282,-7.537177
53.524,4.661653,3.4166303,-7.877164
53.544,4.783761,3.2370596,-8.12138
53.584,4.7095385,3.2298768,-7.9394155
53.625,5.360781,3.4980354,-8.487704
53.665,5.334444,3.4525442,-8.286585
53.685,4.992063,3.4549387,-8.2387
53.723,4.640105,3.4908526,-8.286585
53.762,4.678413,3.5052183,-8.581081
53.783,4.9537544,3.4214187,-8.1549
53.822,4.7622128,3.2705793,-7.9346266
53.863,4.8220696,3.1029801,-7.9944835
53.884,4.4988422,3.1748085,-7.735902
53.925,4.850801,3.2538195,-7.7718163
53.964,5.1859994,3.2705793,-7.702382
53.985,4.7981267,2.928198,-7.59464
54.024,4.6329217,3.2801564,-8.039975
54.064,4.826858,3.0622776,-7.9944835
54.084,5.032766,3.3855045,-7.8747697
54.125,5.130931,3.0862203,-7.57788
54.164,5.2219133,3.294522,-8.039975
54.184,4.9944572,3.15326,-7.814913
54.226,5.073468,3.397476,-8.298556
54.263,4.8148866,3.1077688,-8.013638
54.303,5.190788,3.354379,-8.107015
54.325,5.276982,3.1125572,-7.8101244
54.364,5.1596622,3.11974,-7.2809896
54.403,4.929812,3.0957973,-8.107015
54.423,5.00164,3.2179053,-7.8699813
54.462,4.697567,3.0550947,-7.867587
54.504,4.73827,3.1053743,-8.269825
54.523,4.9393888,3.4309957,-8.212362
54.564,4.9010806,2.473286,-7.735902
54.605,4.9872746,2.5929997,-7.8723755
54.624,5.03516,2.2961094,-7.946598
54.666,5.193182,2.1476645,-8.219545
54.706,4.932206,2.3870919,-8.20518
54.725,4.9417834,2.3535721,-7.649708
54.765,5.1021996,2.4349775,-8.437425
54.805,5.0998054,1.951334,-7.972935
54.826,5.1285367,1.838803,-8.145323
54.864,5.152479,1.6257126,-8.427847
54.904,5.200365,1.8842943,-8.10462
54.924,5.090228,1.541913,-7.8747697
54.964,5.7534423,2.281744,-8.506859
55.005,5.3081074,1.977671,-8.526012
55.024,5.360781,2.0327394,-8.332076
55.064,5.3871183,1.7143008,-8.372779
55.105,5.499649,1.9178141,-8.38475
55.126,5.5092263,1.359948,-8.0926485
55.165,5.152479,1.7023294,-7.9849067
55.204,5.334444,1.8483802,-7.6904106
55.224,5.150085,1.515576,-7.6975937
55.263,5.2482505,1.3719195,-8.382356
55.302,5.5188036,1.1636176,-7.74069
55.344,5.439792,1.8268317,-8.063917
55.365,5.478101,1.4820561,-8.382356
55.402,5.6792197,1.4652961,-8.387145
55.443,5.6313343,1.0941836,-8.466156
55.462,5.607392,1.5083932,-8.516436
55.502,5.6169686,1.5395187,-8.684034
55.545,5.5523233,1.2785428,-8.61939
55.563,5.7534423,1.8004947,-8.947405
55.604,5.9449844,1.3407938,-8.490098
55.644,5.7630196,0.91461295,-8.40151
55.665,5.6768255,0.9768641,-8.844451
55.704,5.403878,1.2881198,-8.28898
55.744,5.4230323,0.90503585,-8.2387
55.764,5.837242,1.0247496,-8.514041
55.804,5.3440213,0.6751855,-8.360807
55.845,5.260222,0.67279124,-8.365596
55.864,5.3703585,0.36632404,-8.43503
55.904,5.4661293,0.89067024,-8.305739
55.944,5.487678,0.2777359,-8.5882635
55.965,5.6792197,0.7589851,-8.559532
56.005,5.7103453,0.40463245,-8.640938
56.045,5.377541,0.25379312,-8.516436
56.080,5.463735,0.818842,-8.279403
56.104,5.7965393,0.43096948,-8.858817
56.144,5.487678,0.14126222,-8.162083
56.185,6.055121,0.5865973,-8.40151
56.204,5.427821,0.37829542,-8.605023
56.243,5.358387,0.25858167,-8.885154
56.283,5.4852834,0.9194015,-8.61939
56.303,5.1883936,0.54350036,-9.126976
56.345,5.3464155,0.27055305,-8.286585
56.389,5.521198,0.93616146,-8.846846
56.404,5.0567083,0.17957062,-8.885154
56.445,5.2674046,0.9217958,-8.992896
56.482,5.480495,0.2681588,-8.81572
56.505,5.1788163,0.4764607,-8.844451
56.543,5.2506447,0.65124273,-8.55235
56.584,5.2674046,0.48124924,-8.5331955
56.604,5.3105016,0.39505535,-8.724737
56.644,5.28177,0.67757976,-8.839663
56.685,5.238673,0.7948992,-8.593052
56.705,5.4589467,0.8834874,-9.004868
56.744,5.3009243,0.14844504,-8.497281
56.785,5.341627,0.7901107,-8.638543
56.804,5.212336,0.50040346,-8.700794
56.844,5.2290964,0.4189981,-8.545167
56.883,4.879532,0.50758624,-8.73192
56.906,5.3679643,0.89067024,-9.052753
56.944,5.2913475,0.4070267,-9.332883
56.985,5.111777,0.723071,-9.306546
57.024,5.317684,0.59378016,-8.818114
57.045,5.2434616,0.49082634,-8.573898
57.084,5.106988,0.84278476,-8.724737
57.124,4.922629,0.32801566,-8.760652
57.144,5.5092263,0.3974496,-8.758257
57.183,5.0184,0.67757976,-8.784595
57.224,5.276982,0.4166038,-8.741497
57.244,5.114171,0.42618093,-8.688824
57.283,5.2314906,0.66321415,-9.29218
57.323,5.4230323,0.10774237,-8.458973
57.345,5.576266,0.43096948,-8.894731
57.382,4.932206,0.4740664,-8.679246
57.423,5.1429024,0.59378016,-8.624178
57.442,5.2865586,0.6273,-8.8324795
57.482,5.322473,0.55786604,-8.4781275
57.524,4.9178405,0.25139886,-8.621783
57.544,5.1596622,0.45730647,-8.375174
57.584,5.3631754,0.679974,-8.537984
57.623,5.2147307,0.3519584,-8.940222
57.645,5.174028,0.67279124,-8.9976845
57.684,5.030371,0.62251145,-8.705584
57.724,5.095017,0.6560313,-8.976136
57.764,4.9202347,0.45012367,-8.463761
57.784,5.0591025,0.60335726,-8.9186735
57.824,5.2051535,0.43575802,-9.019233
57.864,5.3488097,0.28731298,-8.463761
57.885,5.724711,0.76616794,-9.203592
57.925,5.28177,0.30646718,-8.700794
57.966,5.1285367,0.50758624,-8.736709
57.985,5.418244,0.74222517,-9.244295
58.024,5.05192,0.08858817,-9.064724
58.065,5.2290964,0.19393626,-8.844451
58.083,5.157268,0.28731298,-8.880365
58.124,5.193182,0.22985038,-8.985713
58.165,5.7893567,0.28013015,-9.016839
58.184,5.715134,0.4740664,-9.019233
58.226,5.478101,0.21069619,-8.605023
58.263,5.305713,0.35435268,-8.605023
58.283,5.312896,0.2681588,-8.751075
58.324,5.384724,0.48843205,-8.806143
58.364,5.521198,0.7996878,-8.952193
58.403,5.2219133,0.9074302,-8.4781275
58.422,5.2841644,1.0175668,-8.4781275
58.462,5.027977,1.7382435,-8.487704
58.502,5.2314906,1.664021,-8.348836
58.523,5.384724,2.1500587,-8.403905
58.562,5.1979704,1.9178141,-8.387145
58.584,5.3105016,2.4062462,-8.427847
58.624,5.114171,2.3823035,-7.903501
58.665,5.1596622,2.7558103,-8.114198
58.703,4.743058,2.9665065,-8.018426
58.724,4.6736245,2.8898897,-7.721536
58.764,5.0614967,3.0263634,-7.927444
58.803,4.723904,3.241848,-7.8795586
58.824,4.946572,3.0335462,-7.743085
58.865,5.1189594,3.4214187,-7.905895
58.904,5.071074,3.3615618,-7.989695
58.925,5.0758624,3.440573,-7.393521
58.964,5.2650104,3.512401,-7.429435
59.004,5.2027593,3.5363438,-7.3169036
59.025,5.0567083,3.4118416,-7.56112
59.064,5.4326096,3.5507095,-7.4438004
59.103,5.39909,3.4477558,-7.4102807
59.124,4.989669,3.615355,-7.391126
59.165,5.05192,3.632115,-7.4892917
59.204,5.0758624,3.2897336,-7.90829
59.223,5.174028,3.4621215,-7.980118
59.263,5.3248672,3.7542229,-7.802942
59.303,5.008823,3.7422516,-7.678439
59.324,5.174028,3.677606,-8.008849
59.363,5.272193,3.6225379,-7.616188
59.403,5.2482505,3.6201434,-7.7047763
59.442,5.157268,3.7949257,-7.395915
59.462,5.0495257,3.459727,-7.362395
59.503,5.209942,4.228289,-7.125362
59.544,4.946572,3.6823947,-7.2762012
59.565,4.8340406,4.0966043,-7.2019787
59.605,4.73827,4.187587,-7.4461946
59.643,4.8579836,3.7087317,-7.5276
59.665,4.843618,3.7853484,-7.656891
59.704,5.0830455,3.407053,-7.59464
59.744,4.9609375,3.493247,-7.929838
59.783,4.9776974,3.634509,-7.965752
59.803,5.025583,2.9473522,-7.905895
59.844,5.1644506,2.4110348,-7.9585695
59.864,5.190788,2.8467927,-8.111803
59.904,4.8484063,2.308081,-7.8197017
59.945,5.00164,2.221887,-7.82449
59.964,4.9776974,2.19555,-8.066312
