timestamp,x,y,z
00.011,-34.38,-47.399998,-42.059998
00.031,-33.84,-47.879997,-42.42
00.072,-34.98,-47.219997,-41.52
00.093,-34.32,-46.92,-41.7
00.130,-34.98,-47.219997,-41.579998
00.171,-35.219997,-47.039997,-42.6
00.192,-34.98,-46.379997,-42.42
00.230,-35.7,-48.12,-42.84
00.269,-35.16,-47.34,-42.0
00.310,-36.0,-47.52,-41.82
00.329,-35.88,-47.219997,-42.42
00.370,-36.239998,-47.039997,-42.78
00.409,-37.14,-47.76,-42.6
00.429,-37.02,-46.739998,-42.899998
00.471,-38.399998,-45.539997,-42.42
00.508,-37.98,-45.84,-43.079998
00.529,-37.38,-46.26,-42.96
00.570,-38.7,-46.559998,-43.32
00.609,-37.739998,-46.14,-43.14
00.629,-38.64,-46.86,-43.92
00.669,-38.579998,-45.66,-43.44
00.710,-39.239998,-46.079998,-43.739998
00.731,-39.42,-46.14,-44.219997
00.772,-38.34,-46.32,-44.52
00.812,-40.559998,-45.66,-44.579998
00.850,-40.5,-46.02,-44.579998
00.869,-40.92,-45.96,-44.28
00.911,-42.0,-45.42,-45.42
00.933,-41.879997,-45.239998,-44.76
00.970,-43.02,-44.579998,-45.48
01.013,-44.879997,-44.46,-45.3
01.050,-45.36,-43.739998,-45.6
01.072,-45.66,-43.44,-45.3
01.110,-46.379997,-42.18,-44.64
01.133,-46.98,-42.48,-44.04
01.173,-47.94,-42.239998,-42.66
01.210,-48.84,-42.42,-42.66
01.250,-49.98,-42.66,-40.079998
01.269,-49.98,-43.02,-39.84
01.309,-50.7,-43.379997,-38.82
01.336,-51.059998,-43.14,-38.64
01.374,-50.34,-44.76,-37.98
01.409,-50.879997,-45.059998,-37.2
01.449,-50.46,-44.64,-38.219997
01.469,-49.98,-45.0,-37.079998
01.509,-50.16,-44.879997,-38.46
01.551,-48.6,-45.0,-38.1
01.572,-48.3,-45.239998,-37.26
01.611,-49.14,-45.12,-37.14
01.651,-48.059998,-45.899998,-36.059998
01.672,-48.0,-46.98,-34.739998
01.711,-47.28,-47.219997,-34.739998
01.751,-47.219997,-48.539997,-33.36
01.792,-46.8,-50.399998,-32.219997
01.811,-46.68,-50.879997,-32.64
01.852,-44.94,-50.7,-33.239998
01.873,-45.539997,-51.059998,-34.32
01.912,-45.36,-50.94,-34.739998
01.950,-44.52,-50.64,-35.76
01.990,-45.12,-50.52,-37.8
02.011,-45.48,-50.1,-37.98
02.050,-45.899998,-49.98,-38.879997
02.091,-46.62,-48.3,-39.48
02.112,-46.44,-48.18,-39.899998
02.150,-46.2,-48.12,-39.78
02.191,-46.32,-47.64,-41.1
02.211,-46.92,-47.1,-40.92
02.255,-46.98,-47.399998,-41.82
02.289,-47.64,-47.039997,-41.46
02.312,-47.7,-46.44,-41.219997
02.367,-47.399998,-45.48,-41.34
02.391,-47.94,-45.66,-41.219997
02.411,-47.76,-45.36,-41.64
02.450,-47.1,-45.18,-41.94
02.489,-48.239998,-44.82,-41.64
02.511,-48.239998,-44.879997,-41.94
02.552,-48.84,-44.76,-41.52
02.592,-49.2,-44.52,-41.52
02.613,-49.26,-43.8,-41.579998
02.652,-49.559998,-44.16,-40.739998
02.692,-50.28,-43.26,-41.16
02.712,-50.28,-43.739998,-41.46
02.753,-49.8,-43.8,-40.739998
02.793,-50.1,-43.5,-41.16
02.813,-50.039997,-43.079998,-41.579998
02.852,-51.0,-43.32,-41.28
02.892,-49.86,-42.48,-39.54
02.932,-50.82,-43.14,-40.8
02.951,-51.059998,-42.12,-40.379997
02.992,-51.6,-43.26,-40.02
03.031,-51.12,-42.719997,-40.5
03.052,-51.6,-42.899998,-39.54
03.090,-51.66,-42.0,-39.54
03.131,-51.78,-42.18,-40.5
03.152,-51.66,-42.18,-40.62
03.191,-51.6,-41.399998,-40.559998
03.237,-52.32,-41.879997,-40.5
03.250,-52.32,-41.64,-40.26
03.292,-51.899998,-41.16,-40.079998
03.334,-53.039997,-41.879997,-39.84
03.352,-53.52,-42.0,-39.3
03.391,-53.76,-40.2,-39.36
03.431,-52.92,-40.739998,-39.54
03.471,-53.94,-40.68,-39.36
03.493,-53.34,-40.44,-39.18
03.532,-53.82,-39.899998,-39.0
03.571,-54.42,-39.719997,-39.84
03.592,-54.42,-39.6,-39.899998
03.634,-53.52,-39.18,-39.239998
03.673,-54.0,-38.879997,-38.7
03.694,-53.94,-39.0,-37.86
03.734,-53.82,-38.46,-38.52
03.773,-54.0,-38.219997,-38.64
03.794,-54.539997,-38.64,-38.34
03.834,-55.199997,-39.12,-38.04
03.874,-54.239998,-38.28,-38.46
03.894,-53.879997,-37.92,-39.059998
03.933,-54.239998,-38.28,-37.86
03.975,-55.14,-37.559998,-38.46
03.994,-55.199997,-37.2,-38.28
04.033,-55.8,-37.079998,-38.04
04.074,-55.559998,-36.84,-37.98
04.093,-55.62,-36.3,-37.5
04.132,-55.86,-37.02,-37.62
04.174,-55.32,-36.059998,-37.44
04.194,-55.559998,-35.399998,-37.92
04.233,-55.199997,-36.6,-37.44
04.272,-55.62,-35.7,-37.079998
04.293,-55.68,-36.18,-37.559998
04.332,-56.34,-35.04,-36.78
04.373,-56.94,-34.92,-36.54
04.412,-55.98,-35.1,-36.12
04.432,-56.399998,-34.62,-35.88
04.471,-56.16,-35.16,-37.02
04.511,-56.1,-34.98,-36.42
04.534,-56.399998,-34.86,-36.18
04.576,-55.739998,-35.46,-36.96
04.594,-54.899998,-35.46,-36.239998
04.632,-55.379997,-35.399998,-36.12
04.674,-55.92,-35.76,-36.3
04.713,-55.68,-35.88,-36.3
04.732,-55.199997,-35.88,-36.48
04.777,-56.1,-35.1,-36.239998
04.813,-57.3,-35.399998,-37.38
04.831,-57.0,-35.04,-36.96
04.872,-56.579998,-34.739998,-38.16
04.913,-57.0,-34.559998,-37.8
04.935,-57.539997,-34.559998,-37.8
04.978,-57.3,-34.86,-38.82
05.012,-57.6,-33.239998,-38.579998
05.034,-57.36,-33.42,-37.8
05.072,-57.48,-32.82,-37.02
05.113,-57.899998,-32.88,-37.68
05.134,-58.14,-32.82,-37.62
05.173,-57.66,-33.18,-37.44
05.214,-56.879997,-33.899998,-36.66
05.233,-56.94,-33.18,-36.36
05.271,-57.6,-34.5,-36.66
05.313,-57.6,-34.02,-36.78
05.334,-57.78,-33.78,-36.239998
05.372,-57.12,-33.96,-36.96
05.411,-57.12,-33.66,-37.8
05.472,-57.36,-33.78,-38.76
05.511,-56.94,-32.94,-38.879997
05.551,-57.899998,-32.16,-38.16
05.572,-58.199997,-32.64,-37.86
05.612,-56.34,-32.7,-38.579998
05.653,-56.94,-32.16,-39.0
05.673,-56.879997,-32.46,-38.399998
05.713,-57.18,-33.0,-37.739998
05.754,-57.539997,-33.42,-36.66
05.773,-57.78,-33.48,-36.12
05.812,-57.48,-33.6,-36.96
05.854,-58.559998,-33.239998,-36.36
05.873,-58.92,-33.719997,-36.6
05.913,-58.14,-35.1,-36.54
05.953,-58.559998,-35.94,-36.54
05.973,-59.52,-36.719997,-36.6
06.012,-60.48,-37.2,-37.739998
06.054,-60.539997,-37.8,-39.6
06.074,-60.42,-38.52,-39.059998
06.112,-59.52,-39.0,-40.32
06.151,-60.84,-39.12,-43.14
06.193,-60.059998,-38.94,-44.7
06.214,-60.42,-39.0,-45.239998
06.253,-60.3,-38.219997,-45.539997
06.292,-60.12,-38.52,-46.5
06.311,-60.78,-38.1,-46.14
06.352,-60.059998,-38.34,-45.539997
06.391,-60.899998,-38.579998,-45.719997
06.411,-61.379997,-37.32,-46.98
06.451,-62.94,-36.6,-50.82
06.491,-63.42,-36.239998,-52.559998
06.511,-63.6,-37.26,-52.92
06.553,-64.74,-36.66,-52.92
06.593,-62.94,-36.78,-52.92
06.613,-63.0,-36.48,-54.239998
06.653,-64.2,-36.12,-57.0
06.693,-64.74,-35.219997,-57.48
06.713,-64.26,-35.52,-57.42
06.754,-65.28,-36.18,-59.28
06.793,-66.119995,-34.2,-61.559998
06.814,-66.18,-33.3,-60.66
06.851,-66.659996,-32.28,-62.28
06.892,-66.42,-31.08,-62.76
06.913,-66.0,-30.359999,-62.82
06.954,-65.52,-27.359999,-61.14
06.993,-60.719997,-24.0,-56.46
07.013,-57.6,-23.46,-53.52
07.053,-57.6,-22.199999,-47.16
07.093,-60.96,-21.48,-41.219997
07.132,-65.4,-21.42,-35.82
07.152,-67.56,-21.42,-33.0
07.193,-73.619995,-22.02,-27.119999
07.232,-81.96,-25.98,-23.58
07.252,-86.46,-28.859999,-21.6
07.292,-91.02,-37.38,-23.34
07.331,-95.82,-43.92,-20.88
07.352,-96.72,-47.1,-18.84
07.391,-97.92,-52.8,-16.8
07.431,-95.64,-56.699997,-12.24
07.451,-95.88,-57.899998,-9.12
07.492,-94.439995,-61.02,-6.0
07.531,-91.92,-64.08,-3.48
07.551,-91.439995,-65.28,-3.54
07.592,-89.52,-67.86,-6.96
07.632,-86.7,-73.08,-11.88
07.653,-84.6,-75.54,-14.46
07.692,-83.34,-82.799995,-17.52
07.734,-85.38,-84.72,-18.779999
07.753,-86.34,-85.619995,-18.779999
07.792,-86.34,-86.34,-19.74
07.837,-87.24,-82.68,-19.199999
07.872,-85.08,-80.52,-19.619999
07.896,-85.86,-80.04,-20.279999
07.953,-80.46,-79.259995,-22.14
07.970,-71.64,-76.08,-22.38
08.012,-66.42,-72.0,-20.1
08.030,-55.5,-64.86,-12.3
08.070,-48.6,-61.559998,-3.3
08.091,-46.559998,-61.199997,-0.71999997
08.131,-42.6,-62.219997,2.9399998
08.171,-39.54,-64.74,6.12
08.191,-38.64,-66.42,8.94
08.231,-36.54,-68.7,13.98
08.272,-35.64,-71.52,15.299999
08.291,-36.42,-71.76,15.42
08.331,-38.1,-70.5,15.719999
08.370,-36.54,-72.78,18.42
08.392,-36.239998,-74.28,20.22
08.446,-37.5,-75.9,23.22
08.471,-38.46,-76.14,24.96
08.492,-38.579998,-76.5,24.6
08.530,-39.059998,-75.78,23.46
08.580,-40.26,-74.34,23.82
08.597,-40.86,-74.76,24.6
08.634,-39.66,-74.88,22.98
08.674,-40.2,-75.24,22.92
08.693,-40.86,-76.08,22.859999
08.732,-41.579998,-77.159996,23.88
08.770,-41.04,-77.759995,23.939999
08.811,-40.8,-77.28,24.0
08.830,-40.98,-78.119995,24.24
08.872,-41.7,-78.54,23.82
08.911,-42.3,-78.18,24.779999
08.932,-42.54,-78.119995,25.8
08.972,-43.5,-78.54,26.279999
09.013,-42.96,-78.0,25.14
09.033,-42.54,-78.54,25.74
09.075,-42.6,-79.38,26.22
09.113,-42.54,-78.659996,24.6
09.134,-43.02,-78.96,24.3
09.176,-42.42,-78.72,23.82
09.214,-41.879997,-78.96,24.96
09.234,-42.36,-78.9,24.66
09.275,-43.02,-78.42,23.88
09.318,-41.879997,-79.32,23.939999
09.333,-41.94,-79.439995,23.58
09.373,-41.52,-79.86,22.32
09.415,-40.86,-78.84,21.6
09.433,-40.98,-79.5,21.66
09.473,-40.739998,-78.42,20.939999
09.514,-41.52,-78.78,21.06
09.539,-42.059998,-78.84,20.88
09.572,-41.7,-78.6,22.26
09.612,-42.12,-78.84,21.72
09.653,-42.059998,-78.78,21.6
09.672,-43.26,-78.36,21.779999
09.714,-42.899998,-77.88,21.539999
09.762,-44.04,-78.78,21.359999
09.775,-43.559998,-78.479996,21.539999
09.810,-42.66,-78.42,22.98
09.850,-43.68,-78.659996,23.1
09.870,-43.26,-78.659996,21.6
09.910,-43.26,-79.68,21.0
09.952,-42.899998,-79.14,21.24
09.970,-43.62,-78.72,22.08
10.012,-43.379997,-77.939995,22.26
10.050,-44.04,-77.28,22.8
10.073,-43.98,-77.939995,22.68
10.110,-45.42,-77.58,23.58
10.150,-45.84,-78.24,22.56
10.172,-44.94,-78.96,23.4
10.211,-45.719997,-78.24,24.06
10.253,-46.44,-78.479996,24.06
10.291,-45.66,-79.32,23.46
10.314,-45.6,-79.439995,23.34
10.354,-45.6,-79.439995,23.58
10.373,-44.94,-79.439995,23.4
10.413,-45.6,-80.159996,23.039999
10.453,-45.48,-81.42,22.619999
10.493,-46.02,-80.82,22.32
10.513,-45.84,-81.119995,22.32
10.554,-45.48,-80.22,21.119999
10.593,-45.899998,-81.479996,22.32
10.613,-45.719997,-81.24,22.5
10.653,-45.84,-80.939995,21.72
10.693,-46.14,-81.24,21.96
10.714,-45.48,-81.24,21.119999
10.754,-45.239998,-82.56,20.939999
10.794,-45.78,-81.119995,19.859999
10.813,-45.66,-80.88,19.98
10.854,-45.539997,-81.54,20.52
10.894,-44.94,-81.06,20.22
10.914,-45.48,-81.78,21.0
10.955,-44.76,-81.24,21.119999
10.995,-44.64,-81.78,21.359999
11.015,-44.04,-81.54,21.84
11.053,-45.6,-80.28,22.439999
11.593,-46.26,-80.28,22.02
11.635,-46.2,-77.88,23.88
11.654,-46.02,-78.06,24.18
11.693,-45.719997,-78.299995,24.3
11.733,-45.3,-78.06,24.119999
11.754,-44.879997,-78.9,23.82
11.794,-45.12,-77.82,24.42
11.833,-46.14,-78.6,24.6
11.853,-45.42,-78.06,24.3
11.893,-45.18,-78.36,25.08
11.933,-45.0,-77.64,24.42
11.953,-44.7,-77.4,24.48
11.994,-45.3,-77.759995,24.96
12.033,-45.3,-78.119995,24.72
12.055,-44.76,-77.4,24.779999
12.093,-44.34,-77.64,25.8
12.134,-43.92,-77.939995,25.14
12.154,-43.02,-77.58,25.38
12.194,-42.84,-77.7,25.019999
12.234,-43.92,-77.82,24.539999
12.273,-43.379997,-78.6,24.06
12.300,-44.219997,-78.06,24.0
12.334,-43.98,-78.119995,24.84
12.373,-43.5,-77.88,23.76
12.393,-43.62,-78.36,23.82
12.433,-44.579998,-77.28,26.4
12.474,-44.16,-76.56,25.68
12.493,-44.399998,-76.979996,25.68
12.533,-43.44,-77.34,25.26
12.575,-43.32,-76.2,25.26
12.594,-43.68,-76.86,25.08
12.633,-43.379997,-76.619995,24.66
12.674,-43.98,-76.2,24.84
12.694,-44.04,-76.56,25.08
12.734,-43.68,-76.259995,24.42
12.775,-43.559998,-76.86,24.3
12.794,-42.899998,-76.619995,24.6
12.835,-42.54,-75.54,24.24
12.874,-42.54,-75.0,24.3
12.894,-42.239998,-75.24,23.88
12.934,-42.84,-75.119995,23.64
12.974,-43.079998,-75.6,23.46
12.994,-43.5,-75.299995,24.18
13.033,-43.26,-75.6,23.279999
13.075,-43.32,-74.52,23.58
13.114,-44.46,-75.06,23.279999
13.134,-43.26,-74.159996,23.16
13.173,-42.96,-72.72,22.74
13.213,-43.32,-73.2,22.68
13.234,-43.8,-73.5,22.56
13.273,-43.14,-72.24,23.76
13.314,-42.48,-72.96,22.14
13.333,-43.26,-72.299995,23.1
13.374,-43.68,-72.72,23.699999
13.414,-43.2,-73.799995,22.98
13.434,-43.62,-73.439995,22.199999
13.474,-44.28,-73.26,21.9
13.514,-43.02,-73.619995,22.5
13.534,-43.2,-73.799995,22.68
13.574,-44.04,-73.619995,21.96
13.614,-42.719997,-71.7,22.74
13.633,-43.98,-72.72,22.74
13.674,-44.34,-73.14,22.98
13.713,-44.219997,-72.96,21.84
13.734,-44.46,-72.96,22.439999
13.774,-44.04,-72.54,22.32
13.813,-44.219997,-73.74,22.199999
13.855,-42.719997,-73.68,21.0
13.874,-43.02,-73.2,21.72
13.914,-44.1,-72.96,21.779999
13.954,-44.579998,-72.659996,22.68
13.973,-44.34,-72.42,22.14
14.013,-44.879997,-71.4,21.72
14.054,-44.46,-71.22,21.6
14.074,-44.52,-71.28,22.32
14.114,-44.34,-71.04,21.42
14.154,-45.059998,-71.58,21.779999
14.173,-44.879997,-72.119995,21.6
14.213,-44.1,-71.1,20.76
14.253,-43.98,-71.7,20.939999
14.274,-44.16,-72.0,21.84
14.314,-45.0,-71.159996,22.02
14.353,-44.16,-71.28,22.02
14.373,-44.94,-70.979996,21.6
14.414,-43.739998,-71.52,22.26
14.454,-42.719997,-71.58,20.64
14.473,-43.02,-72.24,21.119999
14.514,-44.1,-71.159996,20.279999
14.554,-43.86,-72.24,19.8
14.575,-43.62,-72.0,19.619999
14.614,-42.899998,-72.119995,20.16
14.653,-43.379997,-71.22,20.16
14.674,-44.16,-70.38,19.98
14.714,-42.84,-72.6,20.4
14.754,-44.94,-70.92,21.119999
14.793,-44.76,-69.96,21.9
14.813,-44.52,-69.96,22.32
14.853,-44.579998,-71.22,21.48
14.893,-44.879997,-70.439995,21.48
14.914,-45.0,-70.439995,21.96
14.953,-44.46,-70.08,22.02
14.994,-43.5,-70.14,22.14
15.013,-44.16,-70.38,21.72
15.054,-44.34,-69.96,22.02
15.095,-44.46,-69.78,22.859999
15.117,-44.16,-69.24,22.859999
15.154,-44.399998,-70.26,21.539999
15.194,-44.879997,-70.08,22.08
15.214,-44.879997,-70.32,21.66
15.254,-44.46,-69.119995,21.359999
15.294,-43.32,-70.2,21.72
15.313,-42.84,-69.78,21.24
15.359,-43.739998,-70.26,21.119999
15.394,-43.44,-69.479996,20.52
15.414,-43.8,-69.659996,20.76
15.454,-44.579998,-69.299995,22.619999
15.494,-44.46,-68.82,21.779999
15.514,-43.98,-69.299995,21.359999
15.554,-43.62,-69.479996,21.84
15.595,-44.28,-69.06,21.9
15.634,-43.62,-69.6,21.84
15.654,-42.6,-68.88,22.32
15.693,-43.32,-69.06,22.32
15.733,-43.8,-68.82,22.14
15.754,-43.26,-68.52,22.74
15.794,-43.26,-70.26,21.84
15.834,-43.14,-69.18,22.02
15.853,-42.18,-68.939995,22.74
15.894,-42.0,-69.24,22.619999
15.934,-41.94,-69.9,22.199999
15.954,-42.84,-69.42,22.26
15.995,-42.48,-69.299995,22.56
16.034,-41.76,-70.439995,21.779999
16.055,-42.059998,-70.08,22.08
16.094,-42.12,-70.56,22.439999
16.134,-42.12,-70.439995,22.8
16.153,-42.239998,-69.96,23.4
16.194,-42.66,-70.02,23.279999
16.233,-42.42,-70.5,23.82
16.253,-42.6,-71.58,23.939999
16.294,-43.559998,-71.88,23.1
16.333,-42.66,-72.479996,22.199999
16.373,-42.66,-72.119995,23.46
16.393,-42.96,-72.6,23.16
16.434,-42.3,-73.439995,22.74
16.474,-42.42,-74.1,22.14
16.494,-42.719997,-74.1,22.32
16.533,-42.48,-74.82,21.359999
16.574,-42.96,-75.659996,21.779999
16.594,-42.84,-75.24,21.6
16.634,-42.719997,-75.06,22.439999
16.675,-42.239998,-75.78,22.02
16.695,-42.239998,-76.08,22.02
16.736,-42.18,-76.5,22.14
16.775,-42.54,-76.86,22.74
16.795,-41.579998,-77.88,23.039999
16.835,-40.739998,-77.88,23.039999
16.876,-41.7,-78.96,22.08
16.915,-40.86,-79.259995,23.519999
16.935,-41.579998,-79.56,24.0
16.976,-41.7,-79.14,24.119999
16.997,-41.879997,-79.02,25.32
17.037,-41.579998,-77.4,24.18
17.075,-41.1,-77.1,24.24
17.096,-40.86,-76.92,23.22
17.136,-40.739998,-76.2,23.82
17.176,-41.82,-75.84,25.14
17.198,-41.64,-76.2,25.56
17.234,-40.739998,-75.479996,24.18
17.275,-41.76,-76.439995,23.279999
17.315,-42.42,-75.72,23.22
17.335,-41.76,-75.119995,23.64
17.373,-42.6,-74.939995,24.779999
17.414,-42.84,-74.64,24.779999
17.434,-43.26,-74.52,25.14
17.474,-42.6,-75.24,25.68
17.514,-43.079998,-75.299995,25.5
17.534,-42.96,-74.82,26.16
17.574,-42.18,-74.88,24.66
17.614,-42.84,-75.119995,24.359999
17.634,-43.2,-74.939995,25.019999
17.673,-43.32,-74.64,25.08
17.714,-43.02,-73.86,23.82
17.736,-42.48,-74.04,23.519999
17.773,-43.26,-74.22,24.3
17.814,-42.54,-73.08,24.18
17.835,-42.42,-72.84,23.76
17.875,-43.14,-73.619995,24.18
17.913,-41.64,-73.619995,23.279999
17.935,-41.64,-74.28,23.699999
17.975,-41.82,-74.22,24.539999
18.014,-42.18,-74.34,23.76
18.035,-42.899998,-73.86,24.0
18.076,-41.76,-73.619995,23.519999
18.116,-41.52,-74.1,23.16
18.156,-42.059998,-73.38,22.14
18.176,-41.76,-73.32,22.26
18.213,-40.98,-73.38,21.42
18.255,-42.12,-72.96,19.8
18.275,-41.76,-72.299995,20.58
18.315,-42.66,-71.46,19.32
18.337,-42.36,-71.58,19.199999
18.373,-42.3,-71.52,18.9
18.413,-42.48,-71.82,20.58
18.454,-43.14,-71.82,20.52
18.474,-43.5,-71.64,20.939999
18.515,-43.26,-71.1,20.82
18.554,-43.32,-71.82,20.52
18.575,-43.26,-71.88,20.46
18.615,-43.739998,-71.52,21.18
18.656,-44.1,-71.939995,21.119999
18.674,-44.579998,-71.52,21.0
18.717,-45.48,-71.22,22.14
18.757,-45.66,-71.4,22.98
18.776,-45.899998,-71.58,23.22
18.815,-45.899998,-71.52,23.34
18.856,-45.539997,-70.38,23.1
18.876,-44.64,-70.26,23.88
18.917,-45.239998,-70.32,23.82
18.956,-43.379997,-67.619995,23.939999
18.976,-44.7,-68.04,23.1
19.015,-42.719997,-68.58,23.82
19.057,-43.86,-67.979996,22.98
19.076,-43.92,-68.34,22.32
19.114,-44.16,-68.34,21.779999
19.154,-44.879997,-68.22,22.02
19.194,-45.36,-67.5,21.48
19.214,-45.719997,-67.979996,21.48
19.254,-44.76,-67.979996,21.48
19.293,-45.239998,-67.74,21.48
19.314,-45.6,-67.14,21.96
19.353,-44.399998,-68.64,20.88
19.394,-44.1,-69.54,19.859999
19.414,-43.26,-69.72,19.92
19.454,-42.78,-69.96,19.74
19.495,-44.16,-69.479996,21.3
19.515,-44.16,-68.22,20.939999
19.555,-42.96,-68.34,21.06
19.594,-43.2,-69.18,20.46
19.614,-42.96,-68.58,19.5
19.656,-42.66,-68.28,20.16
19.695,-43.14,-68.4,19.439999
19.716,-43.559998,-68.939995,19.439999
19.759,-44.219997,-69.6,18.72
19.797,-44.28,-71.52,18.539999
19.815,-43.079998,-72.0,19.199999
19.857,-42.6,-72.42,18.72
19.896,-42.059998,-74.28,17.46
19.916,-41.76,-74.7,17.34
19.957,-41.76,-76.86,18.24
19.997,-42.48,-78.42,17.94
20.037,-42.3,-80.7,17.88
20.055,-42.54,-81.6,18.3
20.097,-43.44,-82.14,19.56
20.137,-43.32,-82.86,22.08
20.157,-43.68,-82.56,22.14
20.195,-42.899998,-82.5,21.6
20.218,-43.2,-82.68,21.0
20.254,-42.84,-82.32,20.88
20.294,-43.079998,-82.439995,21.119999
20.335,-43.8,-83.1,21.24
20.354,-44.219997,-82.979996,21.84
20.394,-44.1,-81.72,21.42
20.434,-43.739998,-82.259995,21.18
20.454,-42.66,-82.02,21.42
20.494,-42.84,-81.0,22.68
20.535,-42.78,-81.36,21.18
20.555,-43.68,-81.72,21.66
20.595,-43.739998,-82.5,22.38
20.636,-43.739998,-82.68,22.14
20.674,-43.8,-82.14,22.56
20.696,-44.52,-81.54,23.039999
20.735,-44.46,-82.259995,22.859999
20.756,-43.68,-82.5,22.859999
20.796,-44.76,-82.32,23.34
20.834,-44.28,-81.42,22.02
20.856,-44.16,-81.96,22.08
20.895,-44.52,-82.38,21.779999
20.938,-44.34,-81.72,21.9
20.976,-45.059998,-81.299995,22.439999
20.996,-45.18,-81.479996,22.5
21.036,-44.579998,-80.88,22.199999
21.077,-44.399998,-80.52,22.14
21.096,-44.399998,-80.04,21.539999
21.136,-44.76,-79.38,21.48
21.175,-44.579998,-78.78,21.3
21.194,-43.86,-79.02,21.18
21.237,-43.98,-79.5,21.6
21.274,-44.219997,-78.96,21.24
21.294,-43.98,-79.14,21.9
21.334,-43.739998,-79.5,21.359999
21.374,-43.8,-80.1,21.3
21.394,-43.98,-80.82,21.779999
21.434,-44.16,-80.28,21.3
21.474,-43.379997,-81.119995,21.24
21.515,-44.04,-82.32,21.66
21.536,-43.92,-82.14,22.14
21.576,-43.5,-82.14,22.74
21.597,-44.16,-82.799995,22.92
21.635,-43.8,-83.159996,21.72
21.675,-44.28,-83.46,21.66
21.696,-44.1,-83.04,21.96
21.735,-43.8,-83.52,22.26
21.777,-42.48,-83.82,21.72
21.814,-44.16,-83.64,21.3
21.835,-43.98,-83.88,20.939999
21.880,-43.44,-83.58,21.539999
21.917,-43.62,-84.18,21.06
21.936,-43.559998,-83.759995,21.66
21.975,-42.899998,-83.4,20.88
22.017,-44.04,-83.28,20.46
22.035,-43.079998,-83.28,20.34
22.077,-43.44,-82.74,21.3
22.117,-43.02,-82.74,21.6
22.136,-43.02,-82.74,21.66
22.176,-42.54,-81.96,20.58
22.216,-42.78,-82.259995,20.939999
22.238,-42.239998,-82.32,20.699999
22.275,-42.18,-81.36,20.82
22.315,-41.76,-81.06,20.82
22.356,-41.879997,-80.939995,21.24
22.375,-43.079998,-80.4,21.24
22.414,-41.34,-80.7,20.699999
22.454,-42.18,-80.34,21.66
22.474,-42.059998,-80.759995,21.359999
22.515,-42.12,-80.82,21.42
22.536,-42.3,-80.939995,20.22
22.576,-42.18,-80.159996,20.939999
22.617,-42.42,-79.2,21.66
22.655,-42.18,-81.18,21.18
22.676,-41.76,-80.939995,21.06
22.717,-42.059998,-80.52,21.66
22.755,-41.16,-80.46,21.539999
22.776,-42.239998,-80.4,21.96
22.817,-42.48,-80.28,21.359999
22.856,-42.42,-79.56,22.14
22.876,-42.66,-80.64,22.08
22.916,-42.6,-80.34,21.96
22.957,-42.96,-79.619995,21.96
22.978,-42.54,-79.92,22.199999
23.017,-42.36,-79.32,22.5
23.054,-42.059998,-80.4,21.779999
23.076,-42.48,-80.4,21.96
23.116,-42.84,-80.58,21.779999
23.157,-43.5,-81.42,21.72
23.176,-43.2,-80.88,21.6
23.216,-43.2,-80.939995,21.96
23.255,-43.44,-80.88,22.32
23.294,-44.46,-80.64,22.32
23.316,-44.34,-81.119995,21.6
23.356,-45.18,-80.4,22.439999
23.396,-44.52,-80.4,23.22
23.414,-44.219997,-80.58,23.1
23.454,-44.16,-80.34,21.84
23.494,-44.52,-80.52,21.539999
23.515,-44.34,-80.64,21.48
23.554,-43.92,-81.06,21.24
23.595,-45.239998,-81.9,21.779999
23.615,-44.64,-82.02,21.84
23.655,-44.579998,-80.88,21.42
23.696,-45.3,-81.78,21.539999
23.715,-44.399998,-81.54,21.9
23.756,-45.66,-81.6,22.74
23.797,-45.48,-81.659996,21.24
23.817,-45.239998,-81.42,21.0
23.856,-45.78,-82.92,20.58
23.896,-45.48,-83.34,21.42
23.916,-45.539997,-83.46,20.88
23.956,-46.2,-83.04,21.0
23.997,-44.52,-83.7,19.92
24.016,-45.059998,-83.52,20.34
24.056,-44.94,-83.939995,20.46
24.097,-44.879997,-84.479996,19.98
24.117,-45.239998,-84.119995,20.88
24.157,-44.82,-84.9,21.42
24.198,-44.52,-84.72,21.66
24.235,-44.64,-85.08,22.5
24.254,-44.579998,-85.68,22.14
24.294,-44.219997,-86.28,22.619999
24.334,-44.399998,-85.92,21.6
24.355,-44.219997,-85.619995,22.199999
24.394,-44.579998,-86.34,22.8
24.436,-45.12,-86.159996,22.02
24.454,-45.059998,-86.28,23.279999
24.494,-44.7,-85.259995,24.0
24.537,-43.98,-85.2,23.34
24.556,-44.399998,-85.439995,22.8
24.597,-45.42,-86.159996,23.34
24.644,-45.96,-84.9,23.64
24.658,-45.66,-85.5,23.58
24.697,-45.12,-86.28,24.72
24.737,-45.539997,-85.439995,22.859999
24.756,-45.48,-85.2,22.92
24.797,-46.379997,-85.439995,24.119999
24.835,-45.96,-86.04,23.4
24.856,-46.2,-86.1,23.34
24.896,-44.94,-85.799995,22.98
24.936,-45.36,-85.799995,23.34
24.957,-45.12,-85.14,22.8
24.996,-44.82,-85.619995,22.14
25.035,-44.879997,-85.68,21.66
25.056,-44.879997,-85.619995,21.84
25.097,-44.7,-86.04,22.619999
25.138,-45.059998,-86.1,23.16
25.157,-44.879997,-84.84,22.32
25.199,-44.94,-85.74,23.039999
25.236,-44.52,-86.1,23.1
25.277,-44.64,-86.34,22.619999
25.294,-44.64,-86.28,23.1
25.335,-45.899998,-86.4,24.42
25.376,-44.879997,-86.46,23.22
25.409,-45.3,-85.5,23.82
25.436,-45.12,-85.92,23.76
25.475,-45.719997,-86.7,23.76
25.498,-45.3,-86.52,23.16
25.537,-45.84,-85.02,23.939999
25.577,-44.34,-85.32,23.88
25.597,-46.14,-85.38,23.88
25.635,-45.3,-85.68,22.32
25.678,-47.1,-84.659996,22.98
25.698,-46.86,-85.2,22.74
25.738,-45.059998,-84.119995,23.1
25.777,-45.12,-84.6,22.92
25.796,-45.719997,-84.659996,22.5
25.837,-45.96,-83.7,22.14
25.878,-46.14,-83.939995,21.9
25.898,-46.5,-84.42,21.359999
25.937,-46.2,-85.38,22.08
25.978,-45.48,-84.659996,21.24
25.998,-44.94,-84.96,20.279999
26.037,-44.52,-85.08,19.199999
26.077,-44.76,-85.32,19.439999
26.118,-45.48,-85.5,19.32
26.137,-45.539997,-85.619995,19.5
26.176,-44.94,-86.1,19.26
26.216,-44.34,-86.82,19.26
26.242,-43.8,-86.82,18.84
26.276,-44.94,-87.659996,20.46
26.317,-45.36,-87.24,19.8
26.337,-44.64,-86.759995,20.22
26.375,-45.059998,-85.92,20.1
26.417,-45.66,-85.439995,19.5
26.435,-46.26,-85.92,20.34
26.475,-46.379997,-86.34,20.64
26.517,-46.5,-85.92,21.24
26.536,-46.8,-85.68,21.24
26.577,-46.44,-85.439995,21.779999
26.616,-47.219997,-85.86,21.84
26.638,-47.219997,-85.5,21.539999
26.676,-47.16,-85.799995,21.18
26.717,-47.039997,-85.56,21.6
26.738,-48.0,-86.04,21.18
26.778,-47.579998,-85.86,22.14
26.818,-47.039997,-85.14,21.96
26.857,-47.52,-85.86,23.039999
26.877,-47.52,-85.86,23.1
26.917,-47.94,-85.259995,22.14
26.938,-48.12,-84.659996,21.539999
26.978,-47.52,-85.259995,22.08
27.016,-48.12,-84.78,21.779999
27.040,-47.46,-84.6,21.779999
27.079,-47.76,-84.119995,22.38
27.118,-48.0,-83.88,21.72
27.156,-48.48,-83.4,21.84
27.178,-48.239998,-83.7,21.539999
27.216,-48.3,-83.7,22.32
27.255,-48.12,-83.58,21.18
27.276,-47.94,-83.46,22.199999
27.316,-47.399998,-83.759995,20.939999
27.357,-47.399998,-82.979996,21.66
27.375,-48.3,-82.5,21.779999
27.416,-48.0,-82.08,21.06
27.454,-47.64,-82.14,21.66
27.495,-47.64,-81.84,21.3
27.515,-47.52,-82.14,20.64
27.556,-46.86,-81.78,20.76
27.597,-47.219997,-81.36,20.46
27.616,-47.46,-81.119995,21.359999
27.656,-46.86,-80.58,21.18
27.695,-46.86,-80.159996,20.52
27.715,-47.46,-79.979996,20.939999
27.756,-46.98,-79.38,20.16
27.796,-47.219997,-78.78,22.08
27.814,-47.039997,-78.6,21.359999
27.856,-47.52,-78.54,20.58
27.895,-48.36,-77.46,21.18
27.915,-48.0,-76.5,20.64
27.955,-47.94,-76.74,21.84
27.995,-48.059998,-77.04,21.3
28.017,-47.34,-77.22,21.119999
28.057,-48.36,-77.159996,20.939999
28.097,-47.52,-76.799995,21.24
28.118,-47.7,-77.759995,20.64
28.158,-47.34,-77.28,21.42
28.197,-47.28,-77.759995,20.939999
28.217,-47.52,-77.52,21.119999
28.259,-47.7,-77.52,20.58
28.297,-47.94,-77.28,20.22
28.319,-47.76,-77.88,20.58
28.358,-47.76,-78.36,20.64
28.393,-47.94,-78.36,20.52
28.416,-48.6,-76.92,21.24
28.455,-47.82,-77.46,20.46
28.505,-48.42,-77.28,20.64
28.536,-49.14,-78.54,20.1
28.555,-48.539997,-77.58,20.4
28.595,-48.36,-77.759995,20.46
28.638,-48.42,-77.4,20.1
28.656,-48.3,-77.88,20.039999
28.696,-48.96,-77.34,20.52
28.737,-48.12,-78.479996,20.22
28.757,-48.3,-77.939995,20.22
28.798,-48.48,-78.299995,21.0
28.836,-48.6,-78.18,20.82
28.855,-47.64,-78.24,20.52
28.896,-49.02,-78.36,20.699999
28.935,-48.18,-79.08,20.4
28.956,-48.66,-78.659996,19.8
28.996,-48.719997,-77.759995,20.279999
29.031,-49.44,-77.939995,20.52
29.056,-49.92,-78.6,19.98
29.096,-49.44,-77.759995,19.92
29.135,-49.379997,-78.42,20.16
29.176,-49.379997,-77.46,19.199999
29.195,-48.78,-76.799995,20.279999
29.234,-49.98,-77.22,19.14
29.275,-49.8,-77.82,19.02
29.295,-50.16,-76.86,19.32
29.336,-49.86,-77.4,19.26
29.375,-50.82,-77.34,20.16
29.395,-51.12,-76.799995,19.92
29.435,-50.94,-76.68,19.5
29.474,-51.84,-76.439995,20.1
29.495,-51.719997,-75.9,20.34
29.535,-52.02,-75.72,20.34
29.575,-53.16,-74.22,21.3
29.595,-53.94,-73.979996,21.48
29.637,-52.86,-74.4,20.939999
29.674,-52.8,-73.86,21.24
29.697,-51.96,-74.88,21.119999
29.739,-52.68,-75.9,20.82
29.775,-51.96,-75.42,21.42
29.796,-51.899998,-75.119995,21.66
29.835,-52.26,-75.659996,21.06
29.876,-51.36,-75.18,21.48
29.896,-51.78,-75.6,21.119999
29.936,-51.6,-76.439995,20.88
29.975,-50.879997,-76.2,21.24
29.997,-51.18,-76.2,21.48
30.035,-50.7,-76.979996,21.119999
30.076,-50.46,-76.38,21.06
30.115,-50.039997,-77.58,21.84
30.135,-49.98,-77.34,22.68
30.176,-49.44,-77.939995,21.9
30.215,-49.86,-79.619995,21.96
30.236,-49.86,-78.96,21.66
30.276,-48.719997,-79.259995,23.039999
30.316,-48.18,-79.38,22.14
30.336,-48.36,-79.799995,21.96
30.376,-47.879997,-79.2,22.199999
30.416,-47.7,-79.08,20.88
30.435,-46.559998,-79.02,20.939999
30.477,-47.219997,-78.84,21.84
30.516,-46.86,-77.759995,21.3
30.538,-47.16,-78.299995,20.76
30.576,-46.379997,-78.119995,21.359999
30.616,-46.5,-77.28,21.06
30.637,-46.739998,-77.7,21.3
30.677,-47.28,-77.759995,22.08
30.717,-46.32,-78.299995,22.02
30.736,-46.32,-77.22,21.48
30.778,-46.86,-76.68,21.359999
30.816,-45.84,-75.72,21.119999
30.836,-46.379997,-76.08,20.76
30.875,-46.68,-76.38,20.46
30.915,-45.6,-75.42,20.4
30.957,-46.739998,-76.14,20.22
30.976,-46.559998,-76.439995,20.699999
31.019,-47.34,-76.619995,19.5
31.056,-46.5,-74.939995,19.08
31.075,-46.739998,-75.299995,19.98
31.114,-45.78,-74.7,18.9
31.155,-46.98,-75.119995,20.34
31.174,-47.16,-75.42,20.52
31.214,-46.079998,-75.54,19.98
31.256,-46.079998,-74.88,19.38
31.276,-46.26,-75.0,19.199999
31.316,-46.8,-75.6,19.68
31.355,-46.739998,-75.06,18.24
31.376,-46.079998,-75.0,17.699999
31.415,-46.68,-75.299995,18.24
31.455,-47.34,-74.28,18.539999
31.474,-47.219997,-74.34,17.52
31.517,-46.44,-75.36,18.3
31.556,-46.5,-75.18,17.699999
31.575,-46.92,-74.64,17.88
31.617,-47.64,-74.76,18.779999
31.655,-48.12,-76.2,19.98
31.695,-47.16,-75.24,19.68
31.715,-46.379997,-75.9,19.98
31.754,-45.96,-75.54,21.18
31.778,-45.96,-75.479996,21.119999
31.817,-44.7,-76.5,20.52
31.858,-44.16,-75.36,20.22
31.877,-44.52,-75.0,19.8
31.915,-45.539997,-75.0,20.1
31.955,-45.0,-75.36,21.06
31.997,-46.02,-75.78,19.439999
32.016,-46.02,-76.02,20.52
32.056,-46.5,-75.78,19.8
32.095,-45.6,-75.299995,19.02
32.114,-46.14,-75.54,20.34
32.156,-46.379997,-75.6,20.76
32.195,-45.78,-76.68,20.699999
32.216,-45.42,-76.02,21.6
32.256,-46.62,-75.659996,20.58
32.295,-45.84,-75.659996,21.18
32.320,-46.92,-75.54,21.539999
32.355,-46.559998,-75.78,21.66
32.395,-46.44,-75.119995,21.66
32.434,-46.62,-76.32,21.06
32.455,-46.739998,-75.96,20.58
32.496,-45.96,-75.54,20.46
32.516,-45.539997,-75.299995,20.699999
32.555,-45.48,-75.659996,20.039999
32.595,-45.66,-75.54,20.939999
32.616,-45.48,-75.9,20.64
32.654,-45.12,-75.84,19.56
32.695,-44.82,-74.82,20.64
32.739,-45.719997,-75.24,20.22
32.756,-45.48,-75.299995,20.279999
32.796,-45.66,-74.76,20.4
32.837,-46.26,-76.02,20.88
32.856,-45.899998,-76.14,20.34
32.895,-46.379997,-74.76,19.199999
32.936,-47.16,-75.24,19.619999
32.957,-47.16,-75.6,20.699999
32.997,-46.86,-75.0,19.98
33.037,-46.68,-75.659996,19.26
33.055,-46.8,-75.42,19.68
33.096,-46.86,-75.9,18.96
33.137,-46.379997,-76.02,19.26
33.157,-47.16,-76.56,19.38
33.196,-47.399998,-76.619995,20.4
33.237,-46.92,-76.38,20.4
33.257,-47.399998,-76.439995,20.34
33.296,-47.1,-76.259995,19.26
33.336,-47.399998,-76.619995,20.16
33.356,-46.86,-76.5,19.619999
33.395,-47.7,-76.32,20.34
33.437,-47.1,-77.159996,20.1
33.456,-47.399998,-76.74,20.46
33.499,-47.879997,-77.04,21.0
33.536,-46.32,-78.42,20.4
33.576,-45.66,-80.04,20.34
33.596,-45.48,-78.9,19.859999
33.636,-46.079998,-78.42,20.039999
33.677,-46.26,-79.56,20.76
33.698,-45.66,-79.08,20.039999
33.737,-46.26,-78.72,20.82
33.778,-45.18,-78.42,21.24
33.796,-45.12,-78.9,20.76
33.837,-45.539997,-78.9,21.119999
33.877,-45.78,-79.56,20.16
33.896,-45.0,-78.0,20.34
33.936,-45.18,-79.32,20.82
33.977,-44.94,-79.74,21.48
33.996,-45.66,-79.5,21.119999
34.036,-44.52,-79.439995,21.3
34.076,-44.76,-78.36,20.52
34.095,-44.82,-78.42,20.46
34.136,-44.82,-79.68,21.24
34.175,-44.52,-79.74,21.18
34.216,-44.219997,-80.22,22.08
34.235,-45.059998,-79.5,21.779999
34.274,-44.399998,-78.9,20.58
34.316,-44.579998,-78.54,21.9
34.336,-44.7,-77.939995,22.5
34.379,-44.579998,-78.18,21.72
34.414,-44.46,-77.46,20.88
34.435,-44.219997,-77.7,21.119999
34.475,-45.12,-76.5,20.039999
34.514,-45.059998,-77.82,21.119999
34.534,-45.84,-77.34,20.22
34.574,-46.2,-76.259995,19.56
34.615,-46.2,-77.159996,20.16
34.635,-46.98,-77.1,19.859999
34.676,-46.559998,-76.5,19.38
34.715,-48.059998,-77.34,19.98
34.735,-48.059998,-77.52,19.8
34.775,-47.52,-77.34,19.38
34.816,-48.0,-76.799995,18.96
34.835,-47.879997,-77.64,19.5
34.874,-48.239998,-76.74,20.1
34.916,-46.8,-77.88,19.92
34.955,-47.16,-77.34,20.76
34.974,-47.879997,-76.86,20.939999
35.016,-48.0,-77.22,20.76
35.054,-47.399998,-77.58,20.88
35.074,-47.52,-77.82,20.88
35.118,-47.46,-78.299995,20.88
35.156,-48.0,-76.38,21.6
35.174,-48.3,-76.38,21.48
35.215,-47.64,-77.22,21.3
35.254,-47.1,-77.4,20.939999
35.275,-47.94,-77.52,21.3
35.316,-47.28,-77.939995,21.779999
35.355,-48.0,-77.939995,21.48
35.374,-48.12,-77.58,21.24
35.414,-46.62,-78.299995,20.76
35.455,-47.219997,-77.82,20.88
35.475,-47.16,-77.7,21.3
35.516,-46.559998,-78.119995,21.6
35.555,-46.68,-77.759995,21.119999
35.576,-46.68,-78.36,21.3
35.615,-46.14,-79.08,20.939999
35.656,-47.16,-78.659996,21.0
35.675,-46.98,-78.54,21.539999
35.715,-45.899998,-79.5,20.52
35.756,-45.36,-78.659996,20.34
35.775,-45.3,-78.479996,20.22
35.817,-46.32,-78.24,20.46
35.856,-46.5,-79.68,20.279999
35.877,-45.96,-79.5,19.8
35.916,-45.239998,-79.259995,20.46
35.956,-46.079998,-79.38,21.0
35.976,-46.26,-78.42,20.64
36.016,-45.3,-79.74,21.119999
36.057,-46.02,-79.32,20.52
36.098,-44.82,-79.439995,20.4
36.116,-44.76,-79.38,21.119999
36.156,-45.6,-79.08,20.76
36.197,-45.84,-78.6,20.46
36.224,-45.18,-78.96,21.119999
36.252,-45.059998,-78.78,20.939999
36.297,-46.2,-77.34,21.24
36.315,-45.42,-78.0,21.3
36.356,-45.78,-77.52,22.68
36.395,-45.719997,-77.939995,22.26
36.416,-45.6,-78.36,21.539999
36.456,-44.82,-77.46,21.48
36.495,-45.239998,-76.799995,21.96
36.515,-45.6,-76.86,21.6
36.554,-45.96,-77.34,21.42
36.597,-46.739998,-77.58,20.64
36.616,-46.92,-77.82,20.58
36.656,-47.579998,-77.52,21.539999
36.696,-48.239998,-77.28,21.72
36.735,-48.6,-77.58,21.3
36.755,-48.6,-77.7,21.119999
36.795,-48.48,-77.46,21.48
36.835,-47.579998,-77.88,22.38
36.856,-46.98,-78.119995,22.02
36.895,-48.059998,-78.659996,22.56
36.935,-46.739998,-78.6,22.38
36.955,-46.26,-78.479996,22.02
36.995,-46.2,-78.54,23.46
37.034,-46.739998,-78.6,22.02
37.055,-46.379997,-78.78,21.84
37.094,-46.379997,-78.42,22.199999
37.135,-47.46,-77.7,23.039999
37.154,-46.98,-77.88,22.8
37.195,-46.739998,-77.759995,22.199999
37.234,-46.5,-78.96,22.26
37.255,-46.32,-78.659996,21.96
37.294,-46.68,-77.64,21.72
37.335,-46.86,-78.119995,21.9
37.355,-47.039997,-78.18,22.199999
37.394,-47.34,-77.28,23.039999
37.435,-46.26,-77.1,22.199999
37.475,-46.44,-77.88,21.84
37.495,-46.02,-78.299995,21.119999
37.535,-46.5,-77.1,21.48
37.575,-46.079998,-78.18,21.24
37.595,-45.96,-77.82,20.76
37.634,-45.48,-78.06,21.18
37.675,-46.86,-77.52,21.06
37.695,-46.8,-77.64,21.72
37.735,-47.46,-78.0,21.119999
37.775,-46.379997,-77.88,21.359999
37.795,-46.5,-78.18,20.58
37.834,-46.32,-77.759995,21.84
37.875,-47.1,-78.42,21.48
37.895,-46.2,-78.24,21.539999
37.935,-46.739998,-77.82,21.0
37.978,-46.5,-78.479996,20.279999
37.995,-46.5,-78.42,20.4
38.036,-47.039997,-76.979996,21.3
38.076,-47.64,-77.4,20.4
38.096,-47.34,-77.159996,20.58
38.134,-45.3,-76.259995,20.46
38.175,-46.14,-76.32,19.439999
38.197,-46.02,-75.96,20.46
38.235,-46.86,-75.72,19.56
38.275,-46.2,-76.619995,19.859999
38.296,-46.379997,-76.439995,20.16
38.340,-45.899998,-75.84,19.74
38.376,-46.86,-74.64,20.1
38.396,-46.739998,-75.42,20.1
38.436,-47.579998,-75.72,20.34
38.476,-47.52,-74.52,19.74
38.496,-47.7,-74.46,20.52
38.538,-47.579998,-74.939995,20.939999
38.579,-47.219997,-74.22,21.3
38.598,-47.34,-74.52,20.88
38.639,-48.78,-74.88,21.42
38.678,-48.12,-75.0,21.66
38.699,-49.379997,-75.6,21.84
38.739,-48.78,-74.28,21.359999
38.778,-49.02,-76.14,21.539999
38.799,-48.84,-75.54,21.42
38.838,-48.3,-75.72,22.439999
38.876,-48.539997,-75.479996,22.38
38.916,-48.48,-75.36,21.779999
38.937,-48.6,-75.06,22.439999
38.977,-48.66,-75.18,22.14
39.016,-49.32,-75.36,21.24
39.036,-48.6,-75.78,22.08
39.076,-48.899998,-75.9,21.42
39.117,-48.66,-75.659996,21.48
39.136,-49.44,-75.479996,21.06
39.176,-50.039997,-75.119995,22.32
39.216,-49.14,-75.96,23.039999
39.237,-48.96,-76.439995,22.68
39.275,-48.539997,-76.02,22.619999
39.315,-49.68,-76.259995,23.4
39.337,-49.26,-76.799995,23.279999
39.375,-48.719997,-76.979996,22.38
39.415,-48.96,-77.34,21.66
39.456,-48.36,-77.58,21.84
39.477,-48.18,-77.46,21.72
39.517,-48.899998,-77.1,20.88
39.556,-48.18,-77.46,21.96
39.576,-48.48,-77.64,22.08
39.617,-48.3,-77.759995,21.96
39.657,-46.8,-78.0,20.76
39.676,-47.7,-78.299995,20.46
39.716,-48.3,-77.939995,20.34
39.756,-47.76,-78.42,20.88
39.777,-47.579998,-78.9,20.52
39.816,-47.16,-77.759995,20.699999
39.856,-48.3,-79.56,20.1
39.876,-48.42,-78.96,20.76
39.916,-48.42,-78.42,21.66
39.956,-47.16,-79.32,20.82
39.977,-47.7,-78.0,21.3
40.016,-47.879997,-78.659996,20.82
40.056,-48.42,-78.96,20.76
40.077,-47.399998,-78.84,21.06
40.116,-48.899998,-78.9,22.68
40.156,-48.059998,-78.54,21.66
40.179,-48.48,-78.0,21.6
40.216,-48.84,-78.479996,21.96
40.256,-48.42,-78.54,22.199999
40.296,-47.46,-78.96,21.6
40.317,-48.539997,-78.9,21.18
40.357,-47.82,-78.479996,21.48
40.395,-47.46,-78.72,20.88
40.416,-48.3,-79.08,20.88
40.456,-47.399998,-78.96,20.34
40.497,-47.219997,-78.78,20.88
40.517,-46.739998,-79.38,21.18
40.557,-47.46,-79.02,20.699999
40.598,-47.1,-79.619995,20.76
40.617,-47.1,-79.259995,20.76
40.659,-47.219997,-79.56,21.779999
40.698,-46.14,-79.259995,21.42
40.718,-47.039997,-79.74,21.359999
40.758,-46.62,-79.02,21.6
40.798,-46.86,-79.74,21.6
40.817,-46.86,-80.1,21.6
40.858,-45.899998,-79.259995,21.779999
40.897,-46.26,-79.38,22.02
40.919,-46.379997,-79.86,22.26
40.959,-45.36,-79.799995,20.939999
40.998,-45.059998,-79.74,20.82
41.018,-45.12,-79.08,20.82
41.057,-44.52,-79.799995,20.22
41.097,-45.12,-78.9,21.24
41.118,-46.02,-79.799995,21.0
41.159,-45.3,-79.979996,20.82
41.197,-44.7,-78.72,19.74
41.218,-44.76,-78.9,19.8
41.257,-45.899998,-79.259995,19.74
41.296,-45.719997,-77.82,20.52
41.336,-47.879997,-77.939995,18.84
41.357,-47.46,-78.0,18.66
41.396,-47.219997,-78.36,18.9
41.436,-47.76,-78.299995,20.34
41.456,-47.64,-77.4,19.98
41.496,-48.0,-78.659996,20.22
41.538,-47.7,-78.659996,20.22
41.559,-48.42,-78.96,20.4
41.596,-48.36,-78.72,20.82
41.638,-48.3,-80.159996,20.22
41.658,-48.12,-79.2,20.22
41.702,-47.879997,-79.799995,20.279999
41.737,-48.539997,-79.5,20.88
41.758,-47.82,-80.04,21.0
41.798,-46.8,-81.479996,20.88
41.837,-45.3,-81.06,20.4
41.859,-45.66,-81.659996,20.82
41.898,-46.079998,-81.78,21.48
41.940,-46.379997,-81.84,21.0
41.958,-46.86,-82.619995,21.3
41.998,-45.66,-81.96,21.6
42.038,-46.02,-81.78,22.02
42.058,-45.6,-81.18,21.66
42.097,-46.26,-81.96,21.42
42.138,-45.899998,-81.54,21.359999
42.178,-46.32,-82.32,21.0
42.198,-45.96,-82.32,20.52
42.237,-46.44,-81.06,21.48
42.277,-45.6,-81.36,21.42
42.296,-45.12,-81.659996,20.58
42.337,-45.48,-81.119995,21.66
42.377,-45.3,-80.82,21.539999
42.398,-45.84,-80.64,21.72
42.436,-45.84,-81.6,21.42
42.476,-45.66,-81.479996,21.779999
42.495,-45.78,-81.479996,21.84
42.537,-45.84,-81.479996,21.3
42.577,-44.879997,-81.299995,21.24
42.598,-45.0,-82.08,21.96
42.637,-46.26,-81.42,22.14
42.676,-45.36,-80.759995,21.3
42.698,-45.66,-81.18,21.359999
42.738,-45.3,-80.22,22.14
42.778,-45.539997,-80.159996,21.9
42.797,-44.94,-79.92,22.38
42.837,-45.36,-79.439995,22.859999
42.877,-44.64,-79.08,22.439999
42.918,-44.7,-79.38,22.98
42.938,-45.6,-79.56,21.66
42.980,-44.82,-78.6,22.14
43.016,-45.78,-78.06,21.119999
43.038,-45.18,-77.58,20.52
43.078,-44.82,-77.58,21.359999
43.118,-45.539997,-76.02,20.88
43.135,-45.78,-76.619995,21.359999
43.175,-46.98,-76.979996,20.279999
43.215,-47.76,-77.34,19.98
43.235,-47.1,-77.34,19.859999
43.275,-47.579998,-76.92,19.98
43.316,-48.12,-78.479996,19.98
43.336,-48.12,-78.479996,20.46
43.375,-49.14,-78.6,19.98
43.415,-49.98,-78.24,21.42
43.436,-49.2,-78.84,21.48
43.475,-48.6,-78.18,20.4
43.516,-48.239998,-77.759995,21.119999
43.537,-48.539997,-79.02,20.88
43.576,-48.719997,-78.84,20.88
43.616,-48.059998,-78.42,21.779999
43.657,-48.12,-78.78,22.08
43.678,-48.3,-79.08,22.199999
43.717,-47.579998,-79.14,21.3
43.739,-47.579998,-79.799995,21.779999
43.778,-46.92,-79.56,22.38
43.816,-47.52,-79.68,21.9
43.857,-46.98,-80.1,21.96
43.876,-47.76,-79.56,22.26
43.917,-47.16,-79.74,22.5
43.955,-47.34,-80.1,21.24
43.976,-47.52,-79.5,21.96
44.016,-46.8,-79.979996,22.08
44.056,-46.44,-79.56,22.02
44.075,-46.5,-79.32,22.14
44.116,-45.96,-78.78,21.779999
44.156,-45.6,-79.5,21.779999
44.176,-45.36,-79.2,21.539999
44.217,-45.899998,-78.72,21.48
44.256,-46.26,-78.54,22.02
44.276,-46.68,-79.2,21.48
44.316,-45.78,-78.659996,21.72
44.356,-46.68,-78.36,19.56
44.376,-46.44,-78.479996,20.46
44.415,-46.2,-78.24,21.6
44.456,-46.5,-78.36,20.76
44.496,-47.219997,-77.82,20.699999
44.516,-46.98,-77.52,20.039999
44.557,-47.52,-78.6,20.58
44.595,-47.579998,-78.84,20.939999
44.615,-48.42,-78.659996,21.3
44.655,-48.0,-78.18,20.699999
44.696,-48.239998,-78.6,21.539999
44.716,-48.78,-78.36,21.42
44.756,-48.239998,-78.119995,21.72
44.796,-49.26,-80.04,21.779999
44.816,-49.32,-79.74,21.96
44.855,-48.18,-79.38,21.9
44.895,-47.879997,-78.299995,21.779999
44.916,-47.76,-78.54,21.72
44.956,-48.059998,-79.08,22.5
44.996,-48.12,-78.6,21.18
45.016,-48.12,-78.18,21.84
45.056,-47.82,-78.0,22.02
45.096,-47.46,-78.84,21.539999
45.119,-47.879997,-79.2,21.359999
45.157,-47.399998,-78.72,20.88
45.198,-47.1,-78.6,20.699999
45.216,-47.64,-78.96,20.939999
45.255,-47.7,-79.259995,22.08
45.296,-48.3,-79.32,21.48
45.336,-47.219997,-78.659996,21.119999
45.356,-47.7,-78.72,21.66
45.395,-48.66,-78.24,22.5
45.436,-48.0,-78.96,23.1
45.456,-48.12,-79.38,21.9
45.495,-46.62,-79.619995,21.72
45.536,-48.48,-78.9,21.119999
45.556,-48.539997,-78.6,21.66
45.596,-48.3,-78.9,20.52
45.636,-47.16,-79.08,21.66
45.656,-47.399998,-79.02,20.76
45.696,-47.52,-79.14,21.72
45.736,-48.0,-78.659996,21.72
45.756,-48.12,-78.659996,21.6
45.795,-48.66,-79.02,21.3
45.836,-47.579998,-78.6,21.66
45.856,-46.92,-78.72,21.9
45.896,-47.16,-78.96,21.779999
45.936,-47.7,-78.54,21.359999
45.957,-47.64,-79.14,22.02
45.997,-46.739998,-79.08,20.58
46.037,-47.28,-78.42,21.359999
46.056,-46.86,-79.14,21.3
46.096,-47.399998,-79.439995,21.48
46.137,-47.16,-79.2,21.24
46.157,-47.28,-79.2,21.06
46.196,-47.46,-79.56,20.76
46.238,-47.1,-79.259995,21.48
46.277,-47.579998,-79.259995,21.84
46.295,-47.52,-79.439995,21.539999
46.335,-46.739998,-79.259995,21.18
46.376,-47.16,-78.78,20.939999
46.396,-47.219997,-78.659996,21.119999
46.439,-47.399998,-79.32,21.119999
46.477,-46.86,-79.68,21.779999
46.497,-47.76,-79.799995,21.06
46.537,-47.16,-79.5,21.6
46.576,-47.46,-78.96,21.119999
46.596,-47.219997,-78.659996,21.359999
46.636,-48.12,-78.9,21.24
46.676,-47.399998,-79.439995,21.66
46.696,-46.739998,-79.08,21.6
46.737,-46.739998,-79.74,21.66
46.775,-47.399998,-78.96,21.539999
46.796,-48.0,-79.32,20.64
46.836,-47.34,-79.86,22.199999
46.876,-48.18,-78.96,20.699999
46.896,-47.579998,-78.9,20.64
46.936,-48.12,-79.74,21.539999
46.976,-47.399998,-78.479996,22.439999
47.016,-46.86,-79.02,21.6
47.036,-46.739998,-79.56,21.779999
47.076,-47.7,-78.36,22.199999
47.116,-47.34,-79.439995,21.72
47.137,-47.94,-79.439995,21.119999
47.176,-47.219997,-78.659996,21.24
47.217,-47.46,-79.259995,21.779999
47.236,-47.94,-78.9,21.6
47.276,-47.399998,-78.96,20.88
47.318,-46.86,-79.02,21.6
47.336,-47.64,-78.6,21.66
47.375,-47.879997,-79.56,22.08
47.416,-47.039997,-78.6,21.72
47.436,-46.98,-78.24,21.84
47.476,-48.42,-79.14,20.76
47.516,-48.48,-78.6,21.9
47.536,-48.059998,-78.84,21.6
47.576,-47.399998,-78.299995,20.699999
47.616,-48.12,-79.02,22.26
47.636,-47.879997,-78.78,21.9
47.676,-47.34,-78.24,20.939999
47.716,-47.34,-78.659996,21.359999
47.736,-47.34,-78.6,20.699999
47.775,-47.64,-78.78,20.88
47.816,-47.039997,-78.54,20.82
47.857,-46.5,-78.24,21.6
47.876,-46.98,-78.42,21.18
47.916,-47.1,-78.6,21.42
47.959,-46.98,-78.72,20.939999
47.978,-47.219997,-78.18,21.359999
48.016,-47.16,-78.72,21.96
48.056,-47.76,-78.119995,21.96
48.076,-47.219997,-78.6,21.779999
48.122,-47.76,-78.659996,21.96
48.156,-47.1,-79.2,21.3
48.176,-47.399998,-79.02,21.539999
48.215,-46.92,-78.24,21.42
48.255,-47.879997,-78.96,22.199999
48.276,-47.879997,-78.6,21.84
48.317,-46.379997,-80.159996,22.5
48.357,-46.44,-80.52,21.359999
48.376,-46.739998,-80.04,21.539999
48.417,-45.719997,-80.4,21.3
48.457,-45.36,-80.46,21.18
48.478,-46.079998,-80.04,22.02
48.518,-45.719997,-81.18,20.88
48.557,-46.739998,-80.759995,20.52
48.577,-46.68,-80.88,20.58
48.617,-46.14,-80.1,21.84
48.657,-46.02,-80.4,21.24
48.677,-46.32,-80.04,21.66
48.718,-46.44,-80.52,20.88
48.757,-47.1,-79.74,21.18
48.778,-47.16,-80.58,21.18
48.817,-46.739998,-80.04,21.48
48.858,-45.66,-80.22,21.48
48.898,-46.079998,-81.24,21.48
48.916,-45.84,-80.4,20.88
48.957,-45.84,-80.159996,20.82
48.997,-46.62,-80.159996,21.779999
49.018,-45.96,-80.28,21.24
49.057,-46.26,-79.92,21.119999
49.097,-46.26,-79.68,20.4
49.117,-46.68,-79.68,20.699999
49.157,-46.44,-79.799995,20.279999
49.197,-46.5,-79.979996,20.64
49.217,-47.64,-80.1,20.4
49.259,-48.36,-79.5,21.84
49.296,-47.64,-78.659996,22.08
49.320,-46.92,-79.38,21.84
49.357,-48.6,-79.259995,22.02
49.397,-48.12,-78.24,21.48
49.417,-47.7,-78.299995,21.42
49.457,-47.219997,-78.72,22.08
49.505,-47.7,-78.72,22.56
49.517,-47.879997,-78.78,21.72
49.557,-47.76,-77.88,22.5
49.596,-48.239998,-79.259995,22.26
49.637,-47.28,-79.14,22.619999
49.656,-47.46,-79.439995,22.92
49.697,-46.379997,-78.0,22.5
49.737,-46.26,-78.72,21.66
49.757,-46.26,-79.2,22.199999
49.798,-46.2,-79.02,21.84
49.837,-46.2,-78.9,21.66
49.857,-47.039997,-78.479996,21.72
49.897,-46.02,-79.2,21.18
49.937,-46.5,-78.479996,20.88
49.957,-46.559998,-78.36,21.06
49.997,-47.16,-78.479996,21.66
50.037,-46.5,-78.0,20.76
50.057,-46.62,-78.42,21.539999
50.097,-47.579998,-78.54,20.46
50.137,-47.82,-78.9,20.64
50.157,-47.46,-78.96,20.699999
50.197,-47.219997,-78.479996,21.539999
50.237,-47.28,-79.38,21.66
50.257,-47.399998,-79.08,21.119999
50.297,-47.399998,-79.2,21.119999
50.337,-47.579998,-79.08,21.24
50.376,-47.28,-78.78,20.88
50.396,-48.059998,-78.78,21.359999
50.437,-47.34,-78.0,20.34
50.477,-47.399998,-79.02,20.76
50.497,-46.5,-79.02,20.64
50.537,-47.82,-78.72,21.06
50.577,-46.92,-79.439995,20.279999
50.597,-46.98,-79.08,20.22
50.637,-47.34,-78.96,21.42
50.676,-47.16,-79.02,21.06
50.699,-47.039997,-79.08,20.279999
50.737,-46.86,-78.479996,20.58
50.777,-46.739998,-79.92,20.58
50.797,-47.28,-79.86,20.34
50.841,-45.48,-78.9,20.34
50.878,-46.86,-79.02,20.46
50.897,-46.68,-78.659996,20.88
50.938,-47.28,-78.42,20.699999
50.977,-47.46,-78.54,20.82
50.997,-47.46,-78.78,20.22
51.037,-47.34,-79.08,20.34
51.078,-47.879997,-78.9,21.119999
51.097,-48.059998,-78.9,20.88
51.138,-48.12,-79.259995,20.699999
51.179,-47.46,-78.84,21.119999
51.198,-47.28,-78.9,21.119999
51.238,-47.52,-79.5,20.88
51.277,-47.82,-79.259995,21.3
51.317,-47.52,-78.78,20.88
51.337,-47.16,-79.08,20.82
51.376,-48.42,-79.38,21.3
51.417,-47.1,-78.78,21.18
51.436,-47.46,-77.64,21.3
51.476,-46.98,-78.0,21.72
51.516,-48.059998,-78.84,21.18
51.537,-48.42,-78.9,20.76
51.576,-46.739998,-78.299995,21.42
51.617,-47.1,-78.42,21.3
51.637,-47.16,-78.9,21.0
51.677,-46.739998,-78.18,20.64
51.718,-47.34,-78.42,20.58
51.736,-47.16,-78.6,20.82
51.777,-47.039997,-78.42,21.42
51.817,-46.62,-78.54,21.119999
51.838,-47.219997,-77.939995,21.359999
51.877,-48.66,-78.18,20.76
51.917,-47.1,-78.84,21.18
51.937,-46.92,-78.36,21.66
51.977,-47.1,-78.72,22.02
52.017,-47.579998,-78.54,21.539999
52.038,-46.92,-78.119995,20.699999
52.079,-47.219997,-78.119995,20.1
52.119,-46.98,-78.84,21.18
52.140,-46.98,-78.78,21.24
52.179,-48.3,-78.6,19.92
52.217,-47.82,-79.259995,21.42
52.258,-47.34,-78.96,21.539999
52.279,-47.219997,-78.54,22.02
52.317,-47.94,-79.259995,21.359999
52.356,-48.0,-78.42,21.18
52.376,-47.64,-78.78,21.84
52.416,-46.86,-78.479996,22.68
52.457,-47.82,-78.299995,21.6
52.477,-48.239998,-79.08,21.24
52.517,-46.5,-78.9,21.24
52.557,-47.039997,-78.24,21.66
52.577,-46.62,-78.659996,21.66
52.617,-47.34,-78.659996,21.72
52.657,-47.64,-78.119995,21.3
52.677,-47.28,-78.42,21.539999
52.717,-47.219997,-78.72,21.779999
52.757,-46.92,-78.72,21.6
52.777,-46.379997,-78.9,21.48
52.816,-47.64,-78.72,21.119999
52.857,-48.18,-78.84,20.939999
52.877,-47.1,-78.299995,20.34
52.917,-47.579998,-79.2,21.24
52.957,-47.219997,-78.54,20.76
52.997,-47.34,-78.0,21.9
53.017,-47.039997,-78.659996,21.06
53.056,-47.1,-78.54,21.72
53.097,-46.86,-78.78,20.58
53.116,-46.2,-78.6,21.06
53.157,-47.1,-78.299995,20.4
53.198,-47.34,-77.46,20.939999
53.217,-46.92,-78.119995,20.64
53.258,-47.46,-79.259995,21.42
53.297,-47.76,-78.479996,21.6
53.317,-47.879997,-78.42,21.9
53.358,-47.94,-77.939995,22.199999
53.397,-47.76,-78.9,21.539999
53.417,-47.16,-78.42,21.84
53.457,-47.219997,-78.78,21.84
53.498,-47.7,-79.32,21.42
53.518,-47.46,-78.84,21.6
53.558,-47.94,-78.6,21.0
53.597,-47.52,-78.42,21.9
53.618,-47.7,-78.42,21.18
53.658,-46.8,-78.119995,21.18
53.698,-47.1,-78.24,20.76
53.718,-47.1,-78.78,20.76
53.758,-47.7,-78.0,20.88
53.798,-47.219997,-79.14,21.779999
53.819,-47.1,-79.38,21.42
53.858,-47.28,-78.659996,21.779999
53.898,-47.76,-78.96,20.279999
53.919,-47.64,-78.36,21.0
53.958,-48.059998,-78.299995,21.48
53.998,-47.039997,-78.36,22.08
54.038,-46.98,-77.58,21.48
54.058,-47.579998,-77.939995,20.88
54.097,-47.1,-78.9,21.06
54.138,-47.16,-78.6,21.0
54.158,-47.64,-78.42,21.42
54.197,-47.52,-78.0,21.18
54.238,-47.64,-79.08,21.779999
54.257,-47.16,-79.439995,22.199999
54.298,-46.68,-77.46,21.779999
54.368,-47.7,-78.479996,21.119999
54.398,-47.579998,-78.36,22.02
54.438,-48.059998,-77.82,22.439999
54.458,-47.82,-77.58,21.72
54.498,-48.0,-76.86,21.96
54.538,-47.1,-78.72,21.9
54.557,-47.039997,-78.06,21.72
54.603,-48.12,-78.6,21.24
54.638,-47.039997,-78.78,21.48
54.658,-47.28,-78.18,22.02
54.697,-47.94,-78.24,22.02
54.737,-47.34,-79.14,21.96
54.778,-46.739998,-79.259995,21.42
54.797,-46.5,-79.979996,21.6
54.838,-45.899998,-80.04,21.48
54.878,-46.62,-79.92,21.119999
54.898,-46.5,-80.1,20.64
54.938,-45.719997,-80.22,21.18
54.978,-46.44,-80.4,21.3
54.998,-46.26,-80.46,20.699999
55.040,-45.3,-80.1,21.18
55.080,-45.48,-80.04,21.6
55.098,-45.18,-80.1,20.58
55.138,-46.62,-80.46,21.0
55.178,-45.719997,-80.28,21.0
55.199,-46.379997,-79.74,20.939999
55.238,-46.02,-80.759995,21.48
55.278,-46.559998,-80.159996,20.52
55.298,-46.5,-80.34,20.88
55.337,-45.6,-79.92,20.82
55.378,-45.899998,-79.799995,22.26
55.397,-46.26,-78.84,22.26
55.438,-46.8,-79.32,21.539999
55.477,-46.62,-79.979996,21.66
55.498,-46.02,-79.38,21.0
55.538,-45.66,-78.36,22.14
55.578,-46.079998,-79.5,22.74
55.618,-46.14,-79.439995,21.779999
55.637,-46.14,-78.9,22.439999
55.677,-45.899998,-79.14,21.0
55.718,-45.84,-78.84,21.24
55.739,-46.2,-78.9,20.939999
55.777,-46.44,-79.02,20.88
55.818,-46.92,-79.08,20.939999
55.838,-46.98,-78.479996,21.42
55.879,-47.219997,-79.32,21.24
55.918,-47.46,-79.5,21.66
55.938,-47.52,-79.439995,22.02
55.978,-47.16,-78.84,21.6
56.018,-47.219997,-79.74,21.66
56.038,-47.579998,-79.439995,21.779999
56.078,-47.579998,-78.119995,21.72
56.117,-47.94,-78.96,21.3
56.137,-48.36,-78.72,21.359999
56.177,-47.879997,-78.479996,21.72
56.218,-48.66,-78.479996,21.24
56.239,-48.12,-78.96,20.58
56.280,-47.64,-78.18,21.779999
56.318,-47.46,-78.06,21.9
56.357,-47.879997,-78.9,21.539999
56.377,-48.48,-78.479996,21.66
56.418,-46.739998,-77.759995,21.18
56.458,-47.579998,-78.06,21.0
56.478,-47.94,-77.939995,21.9
56.518,-46.98,-78.06,21.24
56.557,-46.739998,-78.36,21.66
56.577,-47.76,-78.119995,21.539999
56.619,-47.039997,-77.82,21.119999
56.658,-46.8,-78.18,20.52
56.678,-46.8,-78.42,20.52
56.718,-47.28,-77.939995,21.119999
56.758,-47.64,-77.34,20.4
56.778,-47.64,-77.58,20.76
56.819,-47.399998,-77.1,21.0
56.858,-46.92,-77.88,20.82
56.877,-47.34,-77.759995,21.06
56.917,-48.899998,-77.58,21.539999
56.958,-48.36,-78.18,21.9
56.978,-48.539997,-77.64,20.76
57.018,-48.84,-77.04,21.18
57.058,-49.14,-78.24,21.66
57.079,-48.539997,-78.06,22.56
57.118,-48.239998,-78.18,22.32
57.158,-48.84,-78.72,23.279999
57.178,-48.84,-78.24,23.4
57.217,-47.52,-76.979996,23.88
57.258,-47.82,-77.159996,23.46
57.298,-46.5,-77.88,24.66
57.317,-46.86,-77.64,24.42
57.359,-45.42,-77.82,24.0
57.397,-44.879997,-77.1,24.119999
57.417,-44.879997,-77.4,23.46
57.457,-44.46,-77.1,22.5
57.498,-45.84,-77.159996,21.9
57.517,-45.48,-78.0,21.6
57.557,-45.84,-77.159996,22.26
57.598,-46.559998,-77.159996,21.6
57.618,-46.079998,-77.1,21.42
57.658,-46.32,-77.46,21.359999
57.697,-46.26,-76.92,21.9
57.718,-46.5,-77.1,21.84
57.758,-46.86,-78.0,23.039999
57.797,-46.079998,-77.64,23.22
57.818,-45.96,-77.58,23.82
57.858,-45.66,-78.119995,23.039999
57.898,-45.12,-78.36,22.14
57.917,-45.18,-77.7,22.56
57.958,-45.059998,-77.22,22.56
57.997,-46.02,-78.24,21.779999
58.019,-45.239998,-77.82,21.84
58.058,-45.36,-77.52,21.3
58.098,-46.62,-78.54,20.64
58.138,-47.039997,-78.18,20.22
58.159,-46.379997,-77.64,20.58
58.198,-46.92,-77.34,21.359999
58.238,-45.899998,-78.18,21.3
58.257,-46.379997,-78.119995,21.6
58.298,-46.079998,-78.24,21.42
58.337,-46.44,-77.4,21.18
58.357,-46.559998,-77.46,20.82
58.398,-46.5,-77.52,20.76
58.438,-47.46,-78.36,21.66
58.458,-47.16,-78.479996,21.24
58.498,-47.16,-78.06,20.939999
58.538,-47.28,-77.88,20.88
58.558,-47.1,-77.759995,21.24
58.598,-47.28,-78.96,21.06
58.639,-46.32,-78.479996,21.24
58.660,-46.5,-78.119995,21.3
58.699,-46.32,-78.479996,20.699999
58.738,-47.16,-78.36,20.88
58.758,-47.16,-78.84,21.18
58.798,-47.64,-78.36,21.18
58.838,-46.68,-78.54,21.6
58.858,-47.16,-78.659996,21.539999
58.898,-48.12,-78.42,22.619999
58.937,-48.12,-79.68,21.779999
58.978,-47.64,-78.54,22.08
58.998,-46.92,-78.42,21.72
59.038,-47.219997,-78.42,22.5
59.078,-47.579998,-78.18,22.08
59.099,-47.76,-78.119995,22.02
59.138,-47.219997,-78.42,21.66
59.178,-47.94,-79.38,21.539999
59.197,-48.0,-78.659996,22.14
59.237,-48.719997,-78.119995,22.38
59.278,-48.12,-78.18,22.92
59.297,-47.76,-78.06,22.199999
59.337,-47.64,-78.24,21.96
59.377,-46.739998,-78.54,22.26
59.397,-47.039997,-78.479996,22.26
59.438,-46.98,-77.88,22.38
59.480,-47.039997,-78.24,22.56
59.500,-46.5,-78.36,22.5
59.538,-45.899998,-78.06,22.38
59.578,-46.379997,-78.119995,22.199999
59.598,-45.899998,-77.52,22.8
59.639,-45.899998,-78.06,22.26
59.678,-46.8,-78.479996,21.72
59.698,-46.44,-77.82,21.779999
59.738,-46.379997,-78.9,21.66
59.778,-46.98,-78.72,21.359999
59.818,-46.44,-78.119995,21.66
59.837,-46.5,-78.06,21.3
59.878,-46.02,-78.24,20.939999
59.918,-46.739998,-78.54,21.18
59.938,-46.98,-79.02,21.18
59.977,-47.219997,-78.96,20.64
