timestamp,x,y,z
00.000,-0.78125,-0.234375,-0.578125
00.031,-0.78125,-0.25,-0.59375
00.062,-0.78125,-0.25,-0.578125
00.093,-0.765625,-0.25,-0.578125
00.125,-0.765625,-0.234375,-0.578125
00.156,-0.765625,-0.234375,-0.578125
00.187,-0.78125,-0.25,-0.59375
00.218,-0.765625,-0.25,-0.578125
00.250,-0.765625,-0.25,-0.578125
00.281,-0.78125,-0.25,-0.5625
00.312,-0.78125,-0.25,-0.546875
00.343,-0.78125,-0.25,-0.546875
00.375,-0.78125,-0.265625,-0.546875
00.406,-0.78125,-0.25,-0.5625
00.437,-0.765625,-0.25,-0.578125
00.468,-0.765625,-0.25,-0.578125
00.500,-0.78125,-0.25,-0.5625
00.531,-0.765625,-0.265625,-0.5625
00.562,-0.78125,-0.265625,-0.5625
00.593,-0.78125,-0.265625,-0.578125
00.625,-0.78125,-0.25,-0.578125
00.656,-0.78125,-0.25,-0.5625
00.687,-0.765625,-0.25,-0.5625
00.718,-0.765625,-0.265625,-0.5625
00.750,-0.78125,-0.265625,-0.5625
00.781,-0.765625,-0.265625,-0.578125
00.812,-0.765625,-0.265625,-0.578125
00.843,-0.78125,-0.265625,-0.578125
00.875,-0.765625,-0.265625,-0.578125
00.906,-0.78125,-0.265625,-0.578125
00.937,-0.765625,-0.25,-0.578125
00.968,-0.765625,-0.25,-0.578125
01.000,-0.765625,-0.25,-0.578125
01.031,-0.765625,-0.265625,-0.578125
01.062,-0.765625,-0.265625,-0.578125
01.093,-0.765625,-0.265625,-0.578125
01.125,-0.78125,-0.265625,-0.578125
01.156,-0.765625,-0.25,-0.578125
01.187,-0.765625,-0.25,-0.578125
01.218,-0.765625,-0.25,-0.5625
01.250,-0.78125,-0.265625,-0.578125
01.281,-0.78125,-0.265625,-0.578125
01.312,-0.765625,-0.265625,-0.578125
01.343,-0.765625,-0.265625,-0.578125
01.375,-0.78125,-0.265625,-0.578125
01.406,-0.765625,-0.265625,-0.578125
01.437,-0.765625,-0.265625,-0.578125
01.468,-0.78125,-0.25,-0.578125
01.500,-0.78125,-0.25,-0.5625
01.531,-0.78125,-0.25,-0.5625
01.562,-0.78125,-0.25,-0.5625
01.593,-0.78125,-0.25,-0.5625
01.625,-0.78125,-0.25,-0.5625
01.656,-0.78125,-0.265625,-0.5625
01.687,-0.78125,-0.265625,-0.578125
01.718,-0.78125,-0.25,-0.5625
01.750,-0.78125,-0.25,-0.5625
01.781,-0.78125,-0.25,-0.5625
01.812,-0.78125,-0.25,-0.5625
01.843,-0.78125,-0.25,-0.578125
01.875,-0.78125,-0.25,-0.5625
01.906,-0.78125,-0.25,-0.5625
01.937,-0.78125,-0.25,-0.5625
01.968,-0.796875,-0.25,-0.5625
02.000,-0.796875,-0.234375,-0.546875
02.031,-0.796875,-0.234375,-0.5625
02.062,-0.796875,-0.234375,-0.546875
02.093,-0.796875,-0.25,-0.546875
02.125,-0.796875,-0.234375,-0.546875
02.156,-0.796875,-0.234375,-0.546875
02.187,-0.796875,-0.234375,-0.546875
02.218,-0.796875,-0.234375,-0.546875
02.250,-0.796875,-0.234375,-0.546875
02.281,-0.796875,-0.21875,-0.546875
02.312,-0.796875,-0.234375,-0.53125
02.343,-0.796875,-0.234375,-0.546875
02.375,-0.796875,-0.234375,-0.546875
02.406,-0.796875,-0.234375,-0.546875
02.437,-0.8125,-0.234375,-0.53125
02.468,-0.8125,-0.234375,-0.53125
02.500,-0.8125,-0.234375,-0.53125
02.531,-0.8125,-0.234375,-0.546875
02.562,-0.796875,-0.234375,-0.546875
02.593,-0.8125,-0.234375,-0.546875
02.625,-0.8125,-0.21875,-0.546875
02.656,-0.796875,-0.21875,-0.546875
02.687,-0.8125,-0.21875,-0.53125
02.718,-0.796875,-0.21875,-0.53125
02.750,-0.8125,-0.21875,-0.53125
02.781,-0.8125,-0.21875,-0.546875
02.812,-0.796875,-0.21875,-0.546875
02.843,-0.8125,-0.234375,-0.546875
02.875,-0.8125,-0.234375,-0.546875
02.906,-0.796875,-0.234375,-0.546875
02.937,-0.8125,-0.234375,-0.53125
02.968,-0.8125,-0.234375,-0.546875
03.000,-0.796875,-0.234375,-0.53125
03.031,-0.8125,-0.21875,-0.546875
03.062,-0.8125,-0.21875,-0.546875
03.093,-0.8125,-0.21875,-0.53125
03.125,-0.8125,-0.21875,-0.53125
03.156,-0.8125,-0.234375,-0.53125
03.187,-0.8125,-0.234375,-0.546875
03.218,-0.8125,-0.234375,-0.546875
03.250,-0.8125,-0.234375,-0.53125
03.281,-0.8125,-0.234375,-0.546875
03.312,-0.8125,-0.21875,-0.53125
03.343,-0.8125,-0.203125,-0.5
03.375,-0.828125,-0.21875,-0.515625
03.406,-0.8125,-0.234375,-0.546875
03.437,-0.8125,-0.234375,-0.53125
03.468,-0.8125,-0.21875,-0.53125
03.500,-0.828125,-0.1875,-0.515625
03.531,-0.8125,-0.1875,-0.515625
03.562,-0.828125,-0.21875,-0.515625
03.593,-0.8125,-0.203125,-0.53125
03.625,-0.8125,-0.203125,-0.515625
03.656,-0.828125,-0.234375,-0.53125
03.687,-0.84375,-0.25,-0.53125
03.718,-0.8125,-0.265625,-0.546875
03.750,-0.828125,-0.234375,-0.515625
03.781,-0.84375,-0.21875,-0.515625
03.812,-0.84375,-0.203125,-0.53125
03.843,-0.84375,-0.1875,-0.53125
03.875,-0.859375,-0.203125,-0.5
03.906,-0.875,-0.25,-0.453125
03.937,-0.875,-0.28125,-0.4375
03.968,-0.859375,-0.296875,-0.359375
04.000,-0.90625,-0.28125,-0.328125
04.031,-0.890625,-0.25,-0.296875
04.062,-0.90625,-0.203125,-0.40625
04.093,-1.0,-0.203125,-0.5
04.125,-1.171875,-0.265625,-0.4375
04.156,-1.0625,-0.34375,-0.328125
04.187,-0.96875,-0.375,-0.296875
04.218,-0.859375,-0.4375,-0.03125
04.250,-0.796875,-0.453125,0.078125
04.281,-0.640625,-0.453125,0.296875
04.312,-0.625,-0.453125,0.5
04.343,-0.609375,-0.40625,0.5625
04.375,-0.46875,-0.328125,0.671875
04.406,-0.515625,-0.3125,0.78125
04.437,-0.453125,-0.28125,0.828125
04.468,-0.375,-0.265625,0.890625
04.500,-0.375,-0.28125,0.875
04.531,-0.375,-0.3125,0.859375
04.562,-0.359375,-0.34375,0.859375
04.593,-0.375,-0.34375,0.875
04.625,-0.375,-0.34375,0.875
04.656,-0.359375,-0.328125,0.875
04.687,-0.328125,-0.296875,0.90625
04.718,-0.28125,-0.296875,0.890625
04.750,-0.3125,-0.296875,0.875
04.781,-0.28125,-0.3125,0.859375
04.812,-0.3125,-0.328125,0.859375
04.843,-0.34375,-0.3125,0.875
04.875,-0.359375,-0.28125,0.890625
04.906,-0.34375,-0.265625,0.953125
04.937,-0.28125,-0.21875,0.984375
04.968,-0.25,-0.203125,0.921875
05.000,-0.203125,-0.21875,0.921875
05.031,-0.234375,-0.25,0.90625
05.062,-0.234375,-0.25,0.890625
05.093,-0.265625,-0.21875,0.890625
05.125,-0.28125,-0.1875,0.921875
05.156,-0.28125,-0.15625,0.90625
05.187,-0.21875,-0.125,0.9375
05.218,-0.203125,-0.171875,0.90625
05.250,-0.1875,-0.171875,0.921875
05.281,-0.1875,-0.1875,0.953125
05.312,-0.234375,-0.140625,0.953125
05.343,-0.1875,-0.125,0.953125
05.375,-0.203125,-0.09375,0.953125
05.406,-0.21875,-0.078125,0.96875
05.437,-0.21875,-0.0625,0.953125
05.468,-0.203125,-0.0625,0.953125
05.500,-0.203125,-0.046875,1.015625
05.531,-0.25,-0.046875,1.0
05.562,-0.25,-0.03125,1.03125
05.593,-0.234375,-0.046875,1.0
05.625,-0.234375,0.015625,1.046875
05.656,-0.453125,0.21875,1.1875
05.687,-0.28125,0.359375,1.203125
05.718,-0.34375,0.328125,1.140625
05.750,-0.59375,0.03125,0.84375
05.781,-0.5625,-0.203125,0.640625
05.812,-0.359375,-0.53125,0.609375
05.843,0.15625,-0.703125,0.484375
05.875,0.40625,-0.671875,0.515625
05.906,0.296875,-0.625,0.484375
05.937,-0.046875,-0.484375,0.578125
05.968,-0.5,-0.453125,0.59375
06.000,-0.78125,-0.3125,0.34375
06.031,-1.09375,-0.140625,0.171875
06.062,-1.09375,-0.015625,-0.109375
06.093,-0.75,0.28125,-0.625
06.125,-1.78125,0.46875,-1.078125
06.156,-1.46875,0.6875,-0.40625
06.187,-1.09375,0.3125,-0.171875
06.218,-1.0625,0.484375,0.109375
06.250,-0.75,0.171875,0.1875
06.281,-0.765625,0.265625,-0.0625
06.312,-1.046875,0.203125,-0.6875
06.343,-1.0625,0.140625,-0.59375
06.375,-0.875,0.125,-0.296875
06.406,-1.09375,0.1875,-0.484375
06.437,-1.125,0.15625,-0.34375
06.468,-0.96875,0.078125,-0.234375
06.500,-0.875,0.09375,-0.140625
06.531,-0.796875,0.15625,-0.09375
06.562,-0.984375,0.171875,-0.1875
06.593,-0.921875,0.234375,-0.09375
06.625,-0.734375,0.359375,0.21875
06.656,-0.953125,0.578125,0.265625
06.687,-1.09375,0.625,0.1875
06.718,-1.234375,0.515625,0.03125
06.750,-1.171875,0.421875,0.03125
06.781,-1.03125,0.359375,0.0625
06.812,-0.796875,0.265625,0.09375
06.843,-0.75,0.234375,0.0625
06.875,-0.78125,0.203125,0.015625
06.906,-0.890625,0.234375,-0.03125
06.937,-1.03125,0.1875,-0.03125
06.968,-1.078125,0.140625,-0.03125
07.000,-1.140625,0.1875,-0.046875
07.031,-1.328125,0.265625,-0.015625
07.062,-1.09375,0.203125,-0.015625
07.093,-0.828125,0.296875,0.0
07.125,-0.796875,0.453125,0.109375
07.156,-0.734375,0.515625,0.1875
07.187,-0.484375,0.71875,0.265625
07.218,-0.140625,0.5625,0.484375
07.250,-0.546875,0.546875,0.515625
07.281,-1.078125,1.046875,0.390625
07.312,-1.046875,0.75,0.234375
07.343,-0.84375,0.40625,0.21875
07.375,-0.890625,0.46875,0.265625
07.406,-0.875,0.484375,0.296875
07.437,-0.78125,0.515625,0.34375
07.468,-0.8125,0.484375,0.296875
07.500,-0.875,0.546875,0.1875
07.531,-0.796875,0.546875,0.171875
07.562,-0.75,0.578125,0.203125
07.593,-0.8125,0.625,0.265625
07.625,-0.828125,0.65625,0.234375
07.656,-0.828125,0.671875,0.265625
07.687,-1.0,0.640625,0.25
07.718,-0.953125,0.609375,0.234375
07.750,-0.796875,0.65625,0.328125
07.781,-0.703125,0.5625,0.453125
07.812,-0.625,0.5,0.53125
07.843,-0.59375,0.5625,0.515625
07.875,-0.34375,0.15625,0.46875
07.906,-0.6875,0.8125,0.5
07.937,-0.71875,0.65625,0.546875
07.968,-0.75,0.6875,0.5625
08.000,-0.78125,0.90625,0.625
08.031,-0.875,1.0,0.625
08.062,-0.8125,1.125,0.65625
08.093,-1.015625,0.671875,0.578125
08.125,-0.84375,0.53125,0.640625
08.156,-1.234375,0.46875,0.59375
08.187,-1.25,0.3125,0.59375
08.218,-1.484375,0.0625,0.4375
08.250,-0.96875,-0.140625,0.59375
08.281,-0.921875,-0.21875,0.53125
08.312,-0.59375,-0.234375,0.484375
08.343,-0.203125,-0.359375,0.484375
08.375,-0.15625,-0.5625,0.4375
08.406,-0.328125,-0.734375,0.546875
08.437,-0.265625,-0.765625,0.453125
08.468,0.015625,-0.640625,0.25
08.500,0.125,-0.671875,0.3125
08.531,0.25,-0.625,0.421875
08.562,0.203125,-0.609375,0.515625
08.593,0.21875,-0.609375,0.515625
08.625,0.203125,-0.609375,0.4375
08.656,0.28125,-0.59375,0.375
08.687,0.3125,-0.578125,0.296875
08.718,0.484375,-0.640625,0.34375
08.750,0.5625,-0.625,0.34375
08.781,0.625,-0.640625,0.234375
08.812,0.765625,-0.578125,0.265625
08.843,0.859375,-0.53125,0.28125
08.875,0.921875,-0.5,0.125
08.906,0.953125,-0.375,0.078125
08.937,0.84375,-0.375,0.046875
08.968,0.8125,-0.25,0.125
09.000,1.046875,-0.109375,0.40625
09.031,1.078125,-0.0625,0.421875
09.062,1.046875,-0.125,0.1875
09.093,0.796875,-0.140625,0.140625
09.125,0.828125,0.046875,0.75
09.156,0.9375,0.09375,0.6875
09.187,0.8125,-0.03125,0.5625
09.218,0.890625,-0.015625,0.609375
09.250,0.8125,0.03125,0.671875
09.281,0.390625,0.09375,0.625
09.312,0.21875,0.125,0.609375
09.343,0.28125,0.15625,0.703125
09.375,0.375,0.140625,0.8125
09.406,0.1875,0.140625,0.6875
09.437,0.484375,-0.015625,0.71875
09.468,0.625,0.046875,0.765625
09.500,0.609375,0.015625,0.734375
09.531,0.8125,0.0,0.796875
09.562,0.9375,-0.03125,0.921875
09.593,1.15625,0.203125,1.421875
09.625,0.578125,0.25,0.6875
09.656,0.234375,0.03125,0.625
09.687,0.140625,-0.078125,0.734375
09.718,-0.140625,-0.03125,0.53125
09.750,-0.28125,-0.296875,0.4375
09.781,-0.296875,-0.3125,0.484375
09.812,-0.4375,-0.34375,0.40625
09.843,-0.5625,-0.40625,0.546875
09.875,-0.453125,-0.640625,0.40625
09.906,-0.40625,-0.640625,0.328125
09.937,-0.546875,-0.421875,0.40625
09.968,-0.46875,-0.703125,0.1875
10.000,-0.578125,-0.609375,0.203125
10.031,-0.578125,-0.703125,-0.125
10.062,-0.671875,-0.921875,-0.3125
10.093,-0.734375,-0.828125,-0.234375
10.125,-0.625,-0.796875,-0.3125
10.156,-0.8125,-0.859375,-0.40625
10.187,-0.59375,-0.859375,-0.421875
10.218,-0.703125,-0.875,-0.46875
10.250,-0.8125,-1.03125,-0.671875
10.281,-0.796875,-1.046875,-0.65625
10.312,-0.75,-0.96875,-0.53125
10.343,-0.734375,-0.828125,-0.421875
10.375,-0.578125,-0.78125,-0.328125
10.406,-0.3125,-0.71875,-0.171875
10.437,-0.25,-0.703125,-0.1875
10.468,-0.265625,-0.6875,-0.15625
10.500,-0.3125,-0.625,-0.171875
10.531,-0.390625,-0.609375,-0.234375
10.562,-0.40625,-0.5625,-0.3125
10.593,-0.5,-0.609375,-0.359375
10.625,-0.390625,-0.578125,-0.34375
10.656,-0.34375,-0.640625,-0.46875
10.687,-0.390625,-0.703125,-0.5625
10.718,-0.453125,-0.8125,-0.78125
10.750,-0.609375,-0.921875,-0.984375
10.781,-0.703125,-0.90625,-1.015625
10.812,-0.890625,-0.796875,-1.046875
10.843,-0.984375,-0.703125,-1.03125
10.875,-0.875,-0.421875,-0.671875
10.906,-0.625,-0.171875,-0.171875
10.937,-0.640625,-0.03125,0.109375
10.968,-0.546875,0.265625,0.65625
11.000,-0.40625,0.125,0.765625
11.031,-0.5625,0.109375,0.640625
11.062,-1.0,0.140625,0.296875
11.093,-1.078125,0.171875,0.1875
11.125,-0.734375,0.25,0.3125
11.156,-0.5,0.4375,0.5625
11.187,-0.4375,0.484375,0.5625
11.218,-0.5625,0.59375,0.375
11.250,-0.59375,0.65625,0.3125
11.281,-0.34375,0.765625,0.4375
11.312,-1.625,1.328125,0.625
11.343,-1.5625,1.421875,0.421875
11.375,-0.5625,0.328125,0.28125
11.406,-0.75,0.25,0.125
11.437,-0.984375,0.484375,0.125
11.468,-1.046875,0.34375,0.125
11.500,-1.0,0.28125,0.0625
11.531,-1.0,0.328125,-0.015625
11.562,-0.953125,0.40625,-0.0625
11.593,-0.921875,0.40625,-0.078125
11.625,-0.9375,0.390625,-0.140625
11.656,-0.953125,0.390625,-0.15625
11.687,-0.921875,0.40625,-0.140625
11.718,-0.921875,0.375,-0.1875
11.750,-0.96875,0.375,-0.234375
11.781,-1.0,0.375,-0.296875
11.812,-0.953125,0.375,-0.265625
11.843,-0.890625,0.375,-0.21875
11.875,-0.875,0.375,-0.203125
11.906,-0.859375,0.375,-0.1875
11.937,-0.671875,0.34375,-0.15625
11.968,-0.765625,0.34375,-0.28125
12.000,-0.953125,0.34375,-0.46875
12.031,-1.03125,0.40625,-0.5
12.062,-0.953125,0.375,-0.484375
12.093,-0.859375,0.359375,-0.46875
12.125,-0.828125,0.359375,-0.46875
12.156,-0.828125,0.359375,-0.453125
12.187,-0.828125,0.359375,-0.421875
12.218,-0.828125,0.375,-0.421875
12.250,-0.84375,0.375,-0.421875
12.281,-0.84375,0.375,-0.421875
12.312,-0.84375,0.375,-0.40625
12.343,-0.84375,0.375,-0.40625
12.375,-0.84375,0.375,-0.40625
12.406,-0.84375,0.375,-0.40625
12.437,-0.84375,0.390625,-0.40625
12.468,-0.84375,0.375,-0.40625
12.500,-0.84375,0.375,-0.40625
12.531,-0.84375,0.375,-0.40625
12.562,-0.84375,0.375,-0.390625
12.593,-0.84375,0.390625,-0.390625
12.625,-0.84375,0.390625,-0.390625
12.656,-0.859375,0.390625,-0.390625
12.687,-0.84375,0.390625,-0.390625
12.718,-0.84375,0.390625,-0.390625
12.750,-0.84375,0.390625,-0.390625
12.781,-0.84375,0.390625,-0.390625
12.812,-0.84375,0.390625,-0.390625
12.843,-0.84375,0.390625,-0.390625
12.875,-0.84375,0.390625,-0.390625
12.906,-0.84375,0.390625,-0.390625
12.937,-0.84375,0.390625,-0.390625
12.968,-0.859375,0.390625,-0.390625
13.000,-0.84375,0.390625,-0.390625
13.031,-0.84375,0.390625,-0.390625
13.062,-0.859375,0.390625,-0.390625
13.093,-0.859375,0.390625,-0.390625
13.125,-0.84375,0.390625,-0.390625
13.156,-0.84375,0.390625,-0.390625
13.187,-0.84375,0.390625,-0.390625
13.218,-0.84375,0.390625,-0.390625
13.250,-0.84375,0.390625,-0.390625
13.281,-0.84375,0.390625,-0.390625
13.312,-0.859375,0.390625,-0.390625
13.343,-0.859375,0.390625,-0.390625
13.375,-0.84375,0.390625,-0.375
13.406,-0.84375,0.390625,-0.390625
13.437,-0.84375,0.390625,-0.390625
13.468,-0.84375,0.390625,-0.390625
13.500,-0.84375,0.40625,-0.390625
13.531,-0.84375,0.390625,-0.375
13.562,-0.859375,0.390625,-0.375
13.593,-0.84375,0.390625,-0.375
13.625,-0.859375,0.390625,-0.375
13.656,-0.859375,0.390625,-0.375
13.687,-0.84375,0.40625,-0.390625
13.718,-0.84375,0.390625,-0.390625
13.750,-0.84375,0.390625,-0.390625
13.781,-0.84375,0.40625,-0.375
13.812,-0.84375,0.40625,-0.390625
13.843,-0.84375,0.40625,-0.375
13.875,-0.84375,0.40625,-0.390625
13.906,-0.84375,0.40625,-0.390625
13.937,-0.859375,0.40625,-0.375
13.968,-0.84375,0.390625,-0.375
14.000,-0.84375,0.390625,-0.359375
14.031,-0.859375,0.390625,-0.359375
14.062,-0.859375,0.390625,-0.359375
14.093,-0.859375,0.390625,-0.375
14.125,-0.84375,0.390625,-0.390625
14.156,-0.84375,0.390625,-0.390625
14.187,-0.859375,0.390625,-0.375
14.218,-0.859375,0.390625,-0.375
14.250,-0.84375,0.390625,-0.375
14.281,-0.84375,0.390625,-0.375
14.312,-0.84375,0.390625,-0.375
14.343,-0.859375,0.390625,-0.375
14.375,-0.859375,0.390625,-0.390625
14.406,-0.84375,0.40625,-0.390625
14.437,-0.84375,0.40625,-0.375
14.468,-0.84375,0.40625,-0.375
14.500,-0.84375,0.40625,-0.390625
14.531,-0.84375,0.40625,-0.375
14.562,-0.84375,0.40625,-0.375
14.593,-0.859375,0.40625,-0.375
14.625,-0.859375,0.40625,-0.375
14.656,-0.84375,0.40625,-0.375
14.687,-0.859375,0.40625,-0.375
14.718,-0.859375,0.40625,-0.375
14.750,-0.84375,0.40625,-0.375
14.781,-0.84375,0.40625,-0.390625
14.812,-0.84375,0.40625,-0.390625
14.843,-0.84375,0.40625,-0.390625
14.875,-0.84375,0.40625,-0.390625
14.906,-0.84375,0.40625,-0.375
14.937,-0.859375,0.40625,-0.375
14.968,-0.84375,0.390625,-0.375
15.000,-0.875,0.375,-0.421875
15.031,-0.96875,0.359375,-0.484375
15.062,-1.375,0.40625,-0.6875
15.093,-1.21875,0.546875,-0.4375
15.125,-1.234375,0.703125,-0.328125
15.156,-1.375,0.75,-0.28125
15.187,-1.234375,0.703125,-0.171875
15.218,-1.09375,0.671875,0.109375
15.250,-0.953125,0.75,0.390625
15.281,-0.953125,0.53125,0.484375
15.312,-0.828125,0.421875,0.671875
15.343,-0.9375,0.265625,0.59375
15.375,-1.078125,-0.0625,0.3125
15.406,-1.046875,-0.3125,0.203125
15.437,-0.6875,-0.5,0.109375
15.468,-0.234375,-0.5625,0.203125
15.500,0.015625,-0.75,0.609375
15.531,-0.265625,-0.625,0.453125
15.562,-0.09375,-0.59375,0.375
15.593,-0.140625,-0.609375,0.46875
15.625,-0.140625,-0.640625,0.40625
15.656,0.109375,-0.5,0.171875
15.687,0.5,-0.53125,0.609375
15.718,0.5,-0.65625,0.78125
15.750,0.421875,-0.6875,0.828125
15.781,0.34375,-0.65625,0.40625
15.812,0.4375,-0.734375,0.4375
15.843,0.53125,-0.734375,0.46875
15.875,0.609375,-0.6875,0.46875
15.906,0.625,-0.65625,0.421875
15.937,0.640625,-0.640625,0.375
15.968,0.703125,-0.578125,0.265625
16.000,0.734375,-0.53125,0.1875
16.031,0.78125,-0.421875,0.0625
16.062,0.8125,-0.375,0.1875
16.093,0.828125,-0.328125,0.140625
16.125,1.03125,-0.203125,-0.03125
16.156,1.03125,-0.171875,-0.078125
16.187,0.96875,-0.046875,0.140625
16.218,0.90625,-0.03125,0.109375
16.250,0.8125,-0.03125,0.078125
16.281,0.9375,0.0625,0.109375
16.312,0.984375,0.140625,0.1875
16.343,0.984375,0.28125,0.40625
16.375,0.796875,0.265625,0.328125
16.406,0.765625,0.328125,0.328125
16.437,0.578125,0.359375,0.359375
16.468,0.65625,0.34375,0.390625
16.500,0.796875,0.296875,0.359375
16.531,0.640625,0.1875,0.125
16.562,0.828125,0.21875,0.15625
16.593,1.125,0.109375,0.296875
16.625,1.234375,0.109375,0.125
16.656,1.265625,0.109375,0.09375
16.687,1.1875,0.09375,0.09375
16.718,1.203125,0.015625,0.09375
16.750,1.234375,0.0,0.203125
16.781,1.234375,0.0625,0.4375
16.812,1.140625,0.078125,0.421875
16.843,0.53125,0.015625,0.484375
16.875,0.484375,-0.078125,0.671875
16.906,0.296875,-0.078125,0.859375
16.937,-0.078125,-0.125,0.796875
16.968,-0.125,-0.171875,0.78125
17.000,-0.28125,-0.171875,0.765625
17.031,-0.34375,-0.15625,0.75
17.062,-0.4375,-0.015625,0.6875
17.093,-0.34375,0.046875,0.8125
17.125,-0.40625,0.078125,0.859375
17.156,-0.4375,0.171875,0.9375
17.187,-0.40625,0.15625,0.953125
17.218,-0.5,0.203125,0.84375
17.250,-0.46875,0.140625,0.765625
17.281,-0.46875,0.125,0.78125
17.312,-0.3125,0.015625,0.734375
17.343,-0.125,-0.0625,0.671875
17.375,0.0,-0.15625,0.59375
17.406,-0.015625,-0.34375,0.5
17.437,-0.015625,-0.4375,0.59375
17.468,0.015625,-0.71875,0.328125
17.500,-0.03125,-0.796875,0.140625
17.531,-0.203125,-0.90625,0.0625
17.562,-0.625,-1.21875,-0.328125
17.593,-0.578125,-1.3125,-0.359375
17.625,-0.578125,-1.484375,-0.390625
17.656,-1.015625,-1.5,-0.546875
17.687,-0.953125,-1.484375,-0.453125
17.718,-0.734375,-1.34375,-0.328125
17.750,-0.546875,-1.171875,-0.265625
17.781,-0.484375,-1.0625,-0.125
17.812,-0.328125,-0.875,0.1875
17.843,-0.203125,-0.859375,0.421875
17.875,-0.21875,-0.828125,0.375
17.906,-0.75,-1.015625,0.140625
17.937,-0.484375,-0.953125,0.203125
17.968,-0.328125,-0.84375,0.25
18.000,-0.109375,-0.734375,0.28125
18.031,0.171875,-0.65625,0.421875
18.062,0.171875,-0.59375,0.59375
18.093,0.09375,-0.484375,0.59375
18.125,0.09375,-0.484375,0.59375
18.156,0.15625,-0.5,0.59375
18.187,0.265625,-0.65625,0.625
18.218,0.28125,-0.671875,0.71875
18.250,0.265625,-0.6875,0.734375
18.281,0.203125,-0.6875,0.640625
18.312,0.15625,-0.6875,0.5625
18.343,0.125,-0.6875,0.578125
18.375,0.28125,-0.734375,0.625
18.406,0.390625,-0.71875,0.625
18.437,0.328125,-0.71875,0.546875
18.468,0.28125,-0.734375,0.5
18.500,0.265625,-0.75,0.46875
18.531,0.3125,-0.84375,0.46875
18.562,0.3125,-0.875,0.484375
18.593,0.359375,-0.859375,0.515625
18.625,0.34375,-0.859375,0.5
18.656,0.359375,-0.859375,0.5
18.687,0.3125,-0.859375,0.46875
18.718,0.3125,-0.828125,0.453125
18.750,0.3125,-0.8125,0.453125
18.781,0.375,-0.78125,0.453125
18.812,0.390625,-0.734375,0.46875
18.843,0.390625,-0.71875,0.4375
18.875,0.34375,-0.6875,0.390625
18.906,0.34375,-0.71875,0.390625
18.937,0.296875,-0.703125,0.359375
18.968,0.34375,-0.6875,0.34375
19.000,0.53125,-0.640625,0.3125
19.031,0.609375,-0.59375,0.28125
19.062,0.625,-0.609375,0.296875
19.093,0.640625,-0.6875,0.34375
19.125,0.703125,-0.703125,0.40625
19.156,0.75,-0.6875,0.390625
19.187,0.734375,-0.640625,0.3125
19.218,0.71875,-0.640625,0.28125
19.250,0.671875,-0.65625,0.25
19.281,0.59375,-0.640625,0.171875
19.312,0.59375,-0.625,0.171875
19.343,0.671875,-0.609375,0.21875
19.375,0.6875,-0.625,0.25
19.406,0.65625,-0.609375,0.296875
19.437,0.671875,-0.6875,0.28125
19.468,0.671875,-0.6875,0.265625
19.500,0.640625,-0.703125,0.25
19.531,0.65625,-0.703125,0.265625
19.562,0.734375,-0.703125,0.28125
19.593,0.765625,-0.65625,0.21875
19.625,0.828125,-0.625,0.203125
19.656,0.78125,-0.546875,0.203125
19.687,0.78125,-0.5625,0.21875
19.718,0.71875,-0.515625,0.234375
19.750,0.671875,-0.484375,0.21875
19.781,0.65625,-0.484375,0.15625
19.812,0.578125,-0.515625,0.140625
19.843,0.5,-0.515625,0.109375
19.875,0.453125,-0.546875,0.078125
19.906,0.34375,-0.640625,0.078125
19.937,0.265625,-0.6875,0.109375
19.968,0.1875,-0.734375,0.203125
20.000,0.140625,-0.828125,0.390625
20.031,0.0625,-0.875,0.484375
20.062,-0.28125,-0.859375,0.609375
20.093,-0.46875,-0.796875,0.6875
20.125,-0.734375,-0.625,0.90625
20.156,-0.8125,-0.5,0.8125
20.187,-0.875,-0.453125,0.640625
20.218,-0.859375,-0.265625,0.53125
20.250,-0.84375,-0.203125,0.546875
20.281,-0.859375,-0.09375,0.46875
20.312,-0.9375,0.015625,0.421875
20.343,-0.84375,0.03125,0.546875
20.375,-1.0,0.078125,0.484375
20.406,-1.015625,0.125,0.421875
20.437,-1.046875,0.109375,0.34375
20.468,-1.140625,0.125,0.171875
20.500,-1.09375,0.140625,0.203125
20.531,-0.984375,0.140625,0.25
20.562,-1.0625,0.28125,0.140625
20.593,-1.015625,0.25,0.125
20.625,-1.046875,0.171875,0.125
20.656,-1.078125,0.1875,0.109375
20.687,-0.984375,0.15625,0.15625
20.718,-0.90625,0.171875,0.1875
20.750,-0.90625,0.15625,0.171875
20.781,-1.015625,0.234375,0.140625
20.812,-0.96875,0.21875,0.125
20.843,-0.953125,0.28125,0.078125
20.875,-0.921875,0.328125,0.125
20.906,-0.96875,0.390625,0.1875
20.937,-1.046875,0.4375,0.25
20.968,-1.109375,0.515625,0.09375
21.000,-1.03125,0.4375,0.046875
21.031,-1.0,0.25,-0.015625
21.062,-1.015625,0.1875,0.015625
21.093,-0.90625,0.25,0.1875
21.125,-0.828125,0.328125,0.34375
21.156,-0.703125,0.1875,0.328125
21.187,-0.734375,0.234375,0.109375
21.218,-0.75,0.359375,0.125
21.250,-0.828125,0.328125,0.015625
21.281,-0.765625,0.4375,0.0
21.312,-0.859375,0.484375,-0.0625
21.343,-0.96875,0.5625,0.03125
21.375,-1.25,0.578125,-0.015625
21.406,-1.203125,0.375,-0.234375
21.437,-1.15625,0.359375,-0.46875
21.468,-1.0,0.390625,-0.390625
21.500,-0.796875,0.40625,-0.125
21.531,-0.859375,0.484375,-0.109375
21.562,-0.90625,0.453125,-0.15625
21.593,-0.921875,0.40625,-0.21875
21.625,-0.921875,0.421875,-0.234375
21.656,-0.875,0.4375,-0.21875
21.687,-0.890625,0.46875,-0.234375
21.718,-0.890625,0.453125,-0.25
21.750,-0.90625,0.40625,-0.265625
21.781,-0.90625,0.40625,-0.25
21.812,-0.90625,0.40625,-0.21875
21.843,-0.921875,0.421875,-0.234375
21.875,-0.90625,0.40625,-0.234375
21.906,-0.890625,0.4375,-0.234375
21.937,-0.90625,0.421875,-0.234375
21.968,-0.90625,0.421875,-0.1875
22.000,-0.921875,0.421875,-0.203125
22.031,-0.90625,0.421875,-0.203125
22.062,-0.890625,0.421875,-0.21875
22.093,-0.90625,0.421875,-0.21875
22.125,-0.90625,0.421875,-0.203125
22.156,-0.90625,0.421875,-0.203125
22.187,-0.90625,0.421875,-0.203125
22.218,-0.890625,0.421875,-0.1875
22.250,-0.90625,0.421875,-0.1875
22.281,-0.90625,0.421875,-0.1875
22.312,-0.90625,0.4375,-0.1875
22.343,-0.90625,0.421875,-0.203125
22.375,-0.90625,0.421875,-0.203125
22.406,-0.90625,0.421875,-0.203125
22.437,-0.890625,0.421875,-0.1875
22.468,-0.890625,0.421875,-0.1875
22.500,-0.90625,0.421875,-0.203125
22.531,-0.9375,0.421875,-0.21875
22.562,-0.90625,0.421875,-0.203125
22.593,-0.90625,0.421875,-0.1875
22.625,-0.875,0.421875,-0.171875
22.656,-0.890625,0.4375,-0.171875
22.687,-0.890625,0.421875,-0.1875
22.718,-0.90625,0.4375,-0.203125
22.750,-0.90625,0.4375,-0.1875
22.781,-0.890625,0.4375,-0.1875
22.812,-0.90625,0.4375,-0.1875
22.843,-0.890625,0.4375,-0.1875
22.875,-0.90625,0.4375,-0.1875
22.906,-0.90625,0.4375,-0.171875
22.937,-0.890625,0.4375,-0.171875
22.968,-0.890625,0.4375,-0.171875
23.000,-0.890625,0.4375,-0.171875
23.031,-0.90625,0.4375,-0.171875
23.062,-0.890625,0.4375,-0.171875
23.093,-0.90625,0.4375,-0.171875
23.125,-0.90625,0.421875,-0.171875
23.156,-0.90625,0.421875,-0.171875
23.187,-0.90625,0.4375,-0.1875
23.218,-0.90625,0.4375,-0.171875
23.250,-0.890625,0.421875,-0.171875
23.281,-0.921875,0.421875,-0.15625
23.312,-0.90625,0.421875,-0.15625
23.343,-0.90625,0.421875,-0.15625
23.375,-0.90625,0.421875,-0.171875
23.406,-0.90625,0.4375,-0.171875
23.437,-0.921875,0.4375,-0.171875
23.468,-0.90625,0.421875,-0.171875
23.500,-0.90625,0.4375,-0.171875
23.531,-0.890625,0.4375,-0.171875
23.562,-0.890625,0.4375,-0.171875
23.593,-0.921875,0.4375,-0.171875
23.625,-0.90625,0.4375,-0.171875
23.656,-0.890625,0.4375,-0.171875
23.687,-0.90625,0.4375,-0.171875
23.718,-0.90625,0.4375,-0.171875
23.750,-0.90625,0.421875,-0.171875
23.781,-0.90625,0.4375,-0.171875
23.812,-0.90625,0.4375,-0.171875
23.843,-0.90625,0.4375,-0.171875
23.875,-0.90625,0.4375,-0.171875
23.906,-0.890625,0.453125,-0.171875
23.937,-0.890625,0.453125,-0.171875
23.968,-0.890625,0.453125,-0.171875
24.000,-0.90625,0.453125,-0.15625
24.031,-0.90625,0.453125,-0.15625
24.062,-0.90625,0.4375,-0.15625
24.093,-0.890625,0.453125,-0.171875
24.125,-0.890625,0.4375,-0.15625
24.156,-0.90625,0.4375,-0.171875
24.187,-0.90625,0.4375,-0.171875
24.218,-0.890625,0.4375,-0.15625
24.250,-0.90625,0.4375,-0.15625
24.281,-0.890625,0.4375,-0.15625
24.312,-0.90625,0.453125,-0.171875
24.343,-0.890625,0.453125,-0.171875
24.375,-0.890625,0.453125,-0.171875
24.406,-0.90625,0.453125,-0.15625
24.437,-0.90625,0.453125,-0.15625
24.468,-0.890625,0.4375,-0.15625
24.500,-0.90625,0.4375,-0.15625
24.531,-0.90625,0.4375,-0.15625
24.562,-0.890625,0.453125,-0.15625
24.593,-0.90625,0.4375,-0.171875
24.625,-0.90625,0.453125,-0.15625
24.656,-0.90625,0.453125,-0.15625
24.687,-0.90625,0.453125,-0.171875
24.718,-0.90625,0.453125,-0.15625
24.750,-0.890625,0.4375,-0.15625
24.781,-0.90625,0.4375,-0.15625
24.812,-0.890625,0.4375,-0.15625
24.843,-0.890625,0.4375,-0.15625
24.875,-0.890625,0.4375,-0.140625
24.906,-0.90625,0.4375,-0.140625
24.937,-0.90625,0.4375,-0.140625
24.968,-0.90625,0.4375,-0.15625
25.000,-0.90625,0.4375,-0.15625
25.031,-0.90625,0.4375,-0.15625
25.062,-0.90625,0.453125,-0.171875
25.093,-0.90625,0.453125,-0.171875
25.125,-0.890625,0.453125,-0.171875
25.156,-0.875,0.453125,-0.171875
25.187,-0.890625,0.453125,-0.171875
25.218,-0.90625,0.453125,-0.15625
25.250,-0.890625,0.453125,-0.15625
25.281,-0.890625,0.4375,-0.140625
25.312,-0.90625,0.421875,-0.125
25.343,-0.9375,0.421875,-0.109375
25.375,-0.921875,0.421875,-0.140625
25.406,-0.90625,0.4375,-0.15625
25.437,-0.90625,0.453125,-0.171875
25.468,-0.890625,0.453125,-0.1875
25.500,-0.875,0.453125,-0.1875
25.531,-0.890625,0.453125,-0.15625
25.562,-0.890625,0.453125,-0.15625
25.593,-0.90625,0.4375,-0.140625
25.625,-0.90625,0.4375,-0.140625
25.656,-0.90625,0.4375,-0.125
25.687,-0.90625,0.4375,-0.140625
25.718,-0.890625,0.4375,-0.15625
25.750,-0.890625,0.453125,-0.15625
25.781,-0.890625,0.46875,-0.171875
25.812,-0.90625,0.453125,-0.171875
25.843,-0.90625,0.453125,-0.171875
25.875,-0.890625,0.453125,-0.15625
25.906,-0.890625,0.453125,-0.15625
25.937,-0.90625,0.453125,-0.15625
25.968,-0.90625,0.453125,-0.140625
26.000,-0.90625,0.4375,-0.140625
26.031,-0.90625,0.4375,-0.15625
26.062,-0.90625,0.4375,-0.15625
26.093,-0.890625,0.453125,-0.15625
26.125,-0.90625,0.453125,-0.15625
26.156,-0.890625,0.453125,-0.15625
26.187,-0.90625,0.453125,-0.15625
26.218,-0.90625,0.453125,-0.15625
26.250,-0.890625,0.453125,-0.15625
26.281,-0.890625,0.453125,-0.15625
26.312,-0.90625,0.4375,-0.15625
26.343,-0.90625,0.453125,-0.15625
26.375,-0.890625,0.453125,-0.15625
26.406,-0.890625,0.453125,-0.15625
26.437,-0.90625,0.453125,-0.15625
26.468,-0.90625,0.453125,-0.15625
26.500,-0.90625,0.453125,-0.15625
26.531,-0.890625,0.453125,-0.15625
26.562,-0.890625,0.453125,-0.15625
26.593,-0.890625,0.453125,-0.15625
26.625,-0.90625,0.453125,-0.15625
26.656,-0.890625,0.453125,-0.15625
26.687,-0.890625,0.453125,-0.15625
26.718,-0.90625,0.453125,-0.15625
26.750,-0.90625,0.4375,-0.15625
26.781,-0.90625,0.4375,-0.15625
26.812,-0.90625,0.4375,-0.15625
26.843,-0.90625,0.4375,-0.15625
26.875,-0.90625,0.4375,-0.15625
26.906,-0.890625,0.4375,-0.15625
26.937,-0.90625,0.4375,-0.15625
26.968,-0.90625,0.4375,-0.15625
27.000,-0.90625,0.4375,-0.15625
27.031,-0.90625,0.4375,-0.15625
27.062,-0.90625,0.4375,-0.15625
27.093,-0.90625,0.4375,-0.15625
27.125,-0.90625,0.4375,-0.15625
27.156,-0.90625,0.4375,-0.15625
27.187,-0.90625,0.4375,-0.15625
27.218,-0.90625,0.4375,-0.15625
27.250,-0.890625,0.4375,-0.15625
27.281,-0.90625,0.4375,-0.15625
27.312,-0.890625,0.4375,-0.15625
27.343,-0.890625,0.4375,-0.15625
27.375,-0.90625,0.4375,-0.15625
27.406,-0.90625,0.4375,-0.15625
27.437,-0.890625,0.4375,-0.15625
27.468,-0.90625,0.4375,-0.15625
27.500,-0.90625,0.4375,-0.140625
27.531,-0.90625,0.4375,-0.15625
27.562,-0.890625,0.4375,-0.15625
27.593,-0.890625,0.4375,-0.171875
27.625,-0.90625,0.453125,-0.15625
27.656,-0.90625,0.4375,-0.15625
27.687,-0.90625,0.453125,-0.140625
27.718,-0.90625,0.453125,-0.15625
27.750,-0.890625,0.453125,-0.15625
27.781,-0.890625,0.453125,-0.140625
27.812,-0.890625,0.4375,-0.140625
27.843,-0.90625,0.421875,-0.140625
27.875,-0.90625,0.4375,-0.125
27.906,-0.90625,0.421875,-0.140625
27.937,-0.921875,0.4375,-0.15625
27.968,-0.90625,0.4375,-0.15625
28.000,-0.890625,0.4375,-0.15625
28.031,-0.90625,0.4375,-0.1875
28.062,-0.890625,0.4375,-0.1875
28.093,-0.90625,0.4375,-0.1875
28.125,-0.90625,0.4375,-0.1875
28.156,-0.90625,0.4375,-0.1875
28.187,-0.890625,0.4375,-0.171875
28.218,-0.90625,0.453125,-0.171875
28.250,-0.890625,0.453125,-0.15625
28.281,-0.890625,0.453125,-0.15625
28.312,-0.890625,0.453125,-0.15625
28.343,-0.921875,0.453125,-0.140625
28.375,-0.90625,0.4375,-0.140625
28.406,-0.90625,0.4375,-0.15625
28.437,-0.890625,0.4375,-0.171875
28.468,-0.890625,0.453125,-0.1875
28.500,-0.890625,0.46875,-0.203125
28.531,-0.875,0.453125,-0.203125
28.562,-0.90625,0.453125,-0.1875
28.593,-0.90625,0.453125,-0.171875
28.625,-0.890625,0.453125,-0.171875
28.656,-0.90625,0.4375,-0.15625
28.687,-0.90625,0.4375,-0.140625
28.718,-0.90625,0.453125,-0.15625
28.750,-0.890625,0.4375,-0.171875
28.781,-0.890625,0.4375,-0.1875
28.812,-0.890625,0.453125,-0.1875
28.843,-0.890625,0.453125,-0.1875
28.875,-0.890625,0.453125,-0.1875
28.906,-0.890625,0.453125,-0.171875
28.937,-0.890625,0.4375,-0.171875
28.968,-0.90625,0.4375,-0.171875
29.000,-0.90625,0.4375,-0.171875
29.031,-0.921875,0.4375,-0.171875
29.062,-0.890625,0.453125,-0.125
29.093,-0.84375,0.4375,-0.109375
29.125,-0.890625,0.453125,-0.171875
29.156,-0.90625,0.453125,-0.15625
29.187,-0.921875,0.4375,-0.140625
29.218,-0.90625,0.40625,-0.171875
29.250,-0.890625,0.421875,-0.171875
29.281,-0.90625,0.421875,-0.1875
29.312,-0.90625,0.421875,-0.1875
29.343,-0.90625,0.421875,-0.1875
29.375,-0.90625,0.4375,-0.1875
29.406,-0.90625,0.4375,-0.1875
29.437,-0.90625,0.4375,-0.1875
29.468,-0.90625,0.453125,-0.171875
29.500,-0.890625,0.453125,-0.1875
29.531,-0.890625,0.4375,-0.1875
29.562,-0.890625,0.4375,-0.171875
29.593,-0.890625,0.453125,-0.171875
29.625,-0.90625,0.4375,-0.15625
29.656,-0.90625,0.421875,-0.15625
29.687,-0.90625,0.421875,-0.15625
29.718,-0.90625,0.421875,-0.140625
29.750,-0.90625,0.421875,-0.140625
29.781,-0.90625,0.421875,-0.15625
29.812,-0.90625,0.4375,-0.15625
29.843,-0.890625,0.4375,-0.15625
29.875,-0.90625,0.4375,-0.171875
29.906,-0.90625,0.4375,-0.171875
29.937,-0.90625,0.4375,-0.171875
29.968,-0.90625,0.421875,-0.15625
30.000,-0.90625,0.421875,-0.15625
30.031,-0.921875,0.421875,-0.140625
30.062,-0.90625,0.421875,-0.140625
30.093,-0.90625,0.421875,-0.140625
30.125,-0.90625,0.421875,-0.15625
30.156,-0.90625,0.421875,-0.15625
30.187,-0.90625,0.421875,-0.171875
30.218,-0.90625,0.421875,-0.171875
30.250,-0.90625,0.421875,-0.15625
30.281,-0.90625,0.421875,-0.15625
30.312,-0.90625,0.421875,-0.15625
30.343,-0.90625,0.421875,-0.15625
30.375,-0.90625,0.4375,-0.15625
30.406,-0.90625,0.4375,-0.15625
30.437,-0.90625,0.4375,-0.15625
30.468,-0.90625,0.4375,-0.15625
30.500,-0.90625,0.4375,-0.15625
30.531,-0.90625,0.4375,-0.15625
30.562,-0.90625,0.4375,-0.15625
30.593,-0.90625,0.4375,-0.15625
30.625,-0.90625,0.4375,-0.15625
30.656,-0.90625,0.4375,-0.15625
30.687,-0.90625,0.4375,-0.15625
30.718,-0.90625,0.4375,-0.15625
30.750,-0.90625,0.4375,-0.15625
30.781,-0.90625,0.4375,-0.15625
30.812,-0.90625,0.4375,-0.15625
30.843,-0.890625,0.4375,-0.15625
30.875,-0.90625,0.4375,-0.15625
30.906,-0.90625,0.453125,-0.15625
30.937,-0.890625,0.4375,-0.15625
30.968,-0.90625,0.4375,-0.15625
31.000,-0.890625,0.4375,-0.15625
31.031,-0.890625,0.4375,-0.140625
31.062,-0.9375,0.4375,-0.171875
31.093,-0.90625,0.421875,-0.15625
31.125,-0.90625,0.40625,-0.15625
31.156,-0.890625,0.421875,-0.15625
31.187,-0.890625,0.453125,-0.15625
31.218,-0.921875,0.453125,-0.203125
31.250,-0.90625,0.453125,-0.203125
31.281,-0.90625,0.453125,-0.1875
31.312,-0.890625,0.453125,-0.171875
31.343,-0.875,0.46875,-0.140625
31.375,-0.875,0.46875,-0.125
31.406,-0.890625,0.453125,-0.15625
31.437,-0.90625,0.453125,-0.15625
31.468,-0.90625,0.4375,-0.171875
31.500,-0.921875,0.421875,-0.1875
31.531,-0.921875,0.4375,-0.1875
31.562,-0.90625,0.4375,-0.171875
31.593,-0.90625,0.4375,-0.171875
31.625,-0.90625,0.4375,-0.15625
31.656,-0.90625,0.421875,-0.15625
31.687,-0.890625,0.421875,-0.15625
31.718,-0.90625,0.4375,-0.171875
31.750,-0.90625,0.4375,-0.15625
31.781,-0.90625,0.4375,-0.15625
31.812,-0.90625,0.4375,-0.15625
31.843,-0.90625,0.4375,-0.171875
31.875,-0.890625,0.4375,-0.15625
31.906,-0.890625,0.4375,-0.15625
31.937,-0.90625,0.4375,-0.15625
31.968,-0.90625,0.4375,-0.15625
32.000,-0.90625,0.453125,-0.15625
32.031,-0.90625,0.453125,-0.15625
32.062,-0.90625,0.4375,-0.15625
32.093,-0.90625,0.4375,-0.15625
32.125,-0.90625,0.4375,-0.15625
32.156,-0.890625,0.4375,-0.15625
32.187,-0.90625,0.4375,-0.15625
32.218,-0.90625,0.4375,-0.171875
32.250,-0.890625,0.4375,-0.171875
32.281,-0.90625,0.4375,-0.15625
32.312,-0.90625,0.453125,-0.15625
32.343,-0.890625,0.4375,-0.15625
32.375,-0.890625,0.4375,-0.15625
32.406,-0.90625,0.4375,-0.171875
32.437,-0.90625,0.4375,-0.15625
32.468,-0.90625,0.4375,-0.15625
32.500,-0.90625,0.4375,-0.15625
32.531,-0.90625,0.4375,-0.15625
32.562,-0.90625,0.4375,-0.15625
32.593,-0.890625,0.4375,-0.15625
32.625,-0.90625,0.453125,-0.171875
32.656,-0.90625,0.453125,-0.15625
32.687,-0.890625,0.453125,-0.171875
32.718,-0.890625,0.453125,-0.15625
32.750,-0.890625,0.453125,-0.15625
32.781,-0.90625,0.4375,-0.15625
32.812,-0.90625,0.4375,-0.15625
32.843,-0.90625,0.453125,-0.15625
32.875,-0.90625,0.453125,-0.15625
32.906,-0.890625,0.4375,-0.15625
32.937,-0.890625,0.4375,-0.15625
32.968,-0.90625,0.453125,-0.15625
33.000,-0.90625,0.453125,-0.15625
33.031,-0.890625,0.453125,-0.171875
33.062,-0.890625,0.453125,-0.171875
33.093,-0.90625,0.453125,-0.15625
33.125,-0.90625,0.4375,-0.15625
33.156,-0.90625,0.453125,-0.15625
33.187,-0.890625,0.4375,-0.15625
33.218,-0.90625,0.4375,-0.140625
33.250,-0.890625,0.4375,-0.15625
33.281,-0.90625,0.453125,-0.15625
33.312,-0.875,0.453125,-0.15625
33.343,-0.890625,0.4375,-0.15625
33.375,-0.921875,0.4375,-0.15625
33.406,-0.921875,0.4375,-0.125
33.437,-0.921875,0.4375,-0.140625
33.468,-0.890625,0.453125,-0.15625
33.500,-0.890625,0.46875,-0.1875
33.531,-0.890625,0.46875,-0.1875
33.562,-0.859375,0.453125,-0.1875
33.593,-0.890625,0.453125,-0.171875
33.625,-0.90625,0.4375,-0.15625
33.656,-0.9375,0.421875,-0.109375
33.687,-0.9375,0.40625,-0.09375
33.718,-0.90625,0.421875,-0.125
33.750,-0.90625,0.453125,-0.171875
33.781,-0.890625,0.46875,-0.1875
33.812,-0.84375,0.484375,-0.203125
33.843,-0.84375,0.484375,-0.203125
33.875,-0.90625,0.46875,-0.171875
33.906,-0.90625,0.4375,-0.140625
33.937,-0.90625,0.4375,-0.140625
33.968,-0.890625,0.4375,-0.140625
34.000,-0.90625,0.453125,-0.140625
34.031,-0.90625,0.453125,-0.15625
34.062,-0.890625,0.46875,-0.171875
34.093,-0.890625,0.46875,-0.171875
34.125,-0.890625,0.453125,-0.15625
34.156,-0.890625,0.453125,-0.171875
34.187,-0.890625,0.453125,-0.171875
34.218,-0.890625,0.453125,-0.171875
34.250,-0.890625,0.453125,-0.171875
34.281,-0.90625,0.453125,-0.171875
34.312,-0.890625,0.453125,-0.15625
34.343,-0.890625,0.4375,-0.15625
34.375,-0.90625,0.453125,-0.15625
34.406,-0.890625,0.453125,-0.171875
34.437,-0.90625,0.46875,-0.15625
34.468,-0.890625,0.453125,-0.171875
34.500,-0.890625,0.453125,-0.171875
34.531,-0.90625,0.453125,-0.15625
34.562,-0.890625,0.453125,-0.15625
34.593,-0.90625,0.453125,-0.15625
34.625,-0.890625,0.453125,-0.15625
34.656,-0.890625,0.453125,-0.15625
34.687,-0.890625,0.453125,-0.15625
34.718,-0.890625,0.453125,-0.15625
34.750,-0.890625,0.453125,-0.15625
34.781,-0.890625,0.453125,-0.15625
34.812,-0.890625,0.453125,-0.171875
34.843,-0.90625,0.453125,-0.171875
34.875,-0.890625,0.453125,-0.15625
34.906,-0.890625,0.4375,-0.15625
34.937,-0.90625,0.453125,-0.15625
34.968,-0.890625,0.453125,-0.171875
35.000,-0.890625,0.453125,-0.171875
35.031,-0.90625,0.453125,-0.15625
35.062,-0.90625,0.453125,-0.15625
35.093,-0.890625,0.453125,-0.15625
35.125,-0.90625,0.453125,-0.171875
35.156,-0.890625,0.453125,-0.171875
35.187,-0.890625,0.453125,-0.171875
35.218,-0.890625,0.453125,-0.15625
35.250,-0.890625,0.453125,-0.15625
35.281,-0.890625,0.453125,-0.15625
35.312,-0.890625,0.453125,-0.15625
35.343,-0.90625,0.453125,-0.15625
35.375,-0.90625,0.453125,-0.15625
35.406,-0.890625,0.453125,-0.15625
35.437,-0.890625,0.453125,-0.15625
35.468,-0.890625,0.453125,-0.15625
35.500,-0.90625,0.453125,-0.15625
35.531,-0.90625,0.453125,-0.15625
35.562,-0.890625,0.453125,-0.171875
35.593,-0.875,0.453125,-0.171875
35.625,-0.890625,0.453125,-0.15625
35.656,-0.90625,0.453125,-0.171875
35.687,-0.90625,0.453125,-0.171875
35.718,-0.890625,0.453125,-0.171875
35.750,-0.890625,0.453125,-0.15625
35.781,-0.890625,0.453125,-0.15625
35.812,-0.890625,0.453125,-0.15625
35.843,-0.890625,0.453125,-0.15625
35.875,-0.890625,0.453125,-0.15625
35.906,-0.890625,0.453125,-0.171875
35.937,-0.890625,0.453125,-0.171875
35.968,-0.890625,0.453125,-0.171875
36.000,-0.890625,0.453125,-0.15625
36.031,-0.890625,0.453125,-0.15625
36.062,-0.890625,0.453125,-0.171875
36.093,-0.890625,0.453125,-0.171875
36.125,-0.90625,0.453125,-0.171875
36.156,-0.890625,0.453125,-0.15625
36.187,-0.890625,0.453125,-0.171875
36.218,-0.890625,0.453125,-0.171875
36.250,-0.890625,0.453125,-0.171875
36.281,-0.890625,0.453125,-0.171875
36.312,-0.890625,0.453125,-0.171875
36.343,-0.90625,0.453125,-0.171875
36.375,-0.890625,0.453125,-0.15625
36.406,-0.890625,0.453125,-0.171875
36.437,-0.890625,0.453125,-0.171875
36.468,-0.890625,0.453125,-0.171875
36.500,-0.890625,0.453125,-0.171875
36.531,-0.890625,0.453125,-0.171875
36.562,-0.890625,0.453125,-0.15625
36.593,-0.890625,0.453125,-0.15625
36.625,-0.890625,0.453125,-0.171875
36.656,-0.90625,0.453125,-0.15625
36.687,-0.90625,0.453125,-0.171875
36.718,-0.890625,0.453125,-0.15625
36.750,-0.890625,0.453125,-0.15625
36.781,-0.90625,0.453125,-0.171875
36.812,-0.890625,0.453125,-0.171875
36.843,-0.890625,0.453125,-0.171875
36.875,-0.890625,0.453125,-0.15625
36.906,-0.890625,0.453125,-0.15625
36.937,-0.890625,0.453125,-0.15625
36.968,-0.890625,0.453125,-0.15625
37.000,-0.890625,0.453125,-0.15625
37.031,-0.890625,0.453125,-0.15625
37.062,-0.890625,0.453125,-0.171875
37.093,-0.890625,0.453125,-0.171875
37.125,-0.890625,0.453125,-0.171875
37.156,-0.890625,0.453125,-0.171875
37.187,-0.90625,0.453125,-0.171875
37.218,-0.890625,0.453125,-0.171875
37.250,-0.890625,0.453125,-0.15625
37.281,-0.90625,0.453125,-0.15625
37.312,-0.90625,0.453125,-0.15625
37.343,-0.890625,0.453125,-0.15625
37.375,-0.890625,0.453125,-0.15625
37.406,-0.890625,0.453125,-0.15625
37.437,-0.890625,0.453125,-0.171875
37.468,-0.90625,0.453125,-0.171875
37.500,-0.890625,0.453125,-0.171875
37.531,-0.890625,0.453125,-0.171875
37.562,-0.890625,0.453125,-0.15625
37.593,-0.890625,0.453125,-0.15625
37.625,-0.890625,0.453125,-0.15625
37.656,-0.890625,0.453125,-0.15625
37.687,-0.90625,0.453125,-0.171875
37.718,-0.921875,0.46875,-0.203125
37.750,-1.234375,0.5,-0.375
37.781,-1.53125,0.515625,-0.546875
37.812,-1.890625,0.765625,-0.546875
37.843,-1.0625,0.65625,0.046875
37.875,-0.765625,0.4375,0.296875
37.906,-0.5625,0.59375,0.640625
37.937,-0.578125,0.28125,0.5625
37.968,-0.625,0.15625,0.46875
38.000,-0.390625,0.078125,0.546875
38.031,-0.34375,-0.140625,0.515625
38.062,-0.421875,-0.25,0.453125
38.093,-0.515625,-0.296875,0.4375
38.125,-0.5625,-0.296875,0.375
38.156,-0.5625,-0.375,0.34375
38.187,-0.609375,-0.34375,0.328125
38.218,-0.921875,-0.21875,0.234375
38.250,-0.96875,-0.203125,0.171875
38.281,-0.890625,-0.171875,0.140625
38.312,-1.0,-0.15625,0.171875
38.343,-1.078125,-0.171875,0.171875
38.375,-0.984375,-0.21875,0.21875
38.406,-0.953125,-0.234375,0.25
38.437,-0.984375,-0.234375,0.234375
38.468,-0.96875,-0.21875,0.1875
38.500,-0.953125,-0.25,0.203125
38.531,-0.96875,-0.265625,0.203125
38.562,-0.984375,-0.25,0.203125
38.593,-0.96875,-0.234375,0.1875
38.625,-0.96875,-0.234375,0.1875
38.656,-0.984375,-0.234375,0.203125
38.687,-0.96875,-0.234375,0.203125
38.718,-0.9375,-0.25,0.203125
38.750,-0.9375,-0.25,0.1875
38.781,-0.90625,-0.234375,0.1875
38.812,-0.90625,-0.234375,0.1875
38.843,-0.921875,-0.234375,0.203125
38.875,-0.96875,-0.234375,0.203125
38.906,-0.984375,-0.234375,0.1875
38.937,-1.0,-0.25,0.1875
38.968,-1.0,-0.265625,0.1875
39.000,-0.984375,-0.25,0.1875
39.031,-0.9375,-0.234375,0.1875
39.062,-0.9375,-0.234375,0.1875
39.093,-0.953125,-0.234375,0.1875
39.125,-0.953125,-0.21875,0.1875
39.156,-0.96875,-0.21875,0.171875
39.187,-0.96875,-0.21875,0.1875
39.218,-0.984375,-0.1875,0.1875
39.250,-0.96875,-0.1875,0.1875
39.281,-0.953125,-0.1875,0.171875
39.312,-0.953125,-0.1875,0.171875
39.343,-0.90625,-0.15625,0.15625
39.375,-0.875,-0.15625,0.15625
39.406,-0.859375,-0.15625,0.140625
39.437,-0.875,-0.140625,0.109375
39.468,-0.875,-0.125,0.109375
39.500,-0.890625,-0.078125,0.0625
39.531,-0.765625,-0.0625,0.109375
39.562,-0.65625,-0.078125,0.1875
39.593,-0.71875,0.046875,0.203125
39.625,-1.125,0.078125,-0.109375
39.656,-1.234375,0.09375,-0.234375
39.687,-1.359375,0.09375,-0.375
39.718,-1.171875,0.078125,-0.28125
39.750,-0.828125,0.125,-0.25
39.781,-0.8125,0.25,-0.1875
39.812,-0.875,0.328125,-0.21875
39.843,-0.890625,0.375,-0.234375
39.875,-0.96875,0.4375,-0.359375
39.906,-1.109375,0.65625,-0.296875
39.937,-1.4375,0.640625,-0.53125
39.968,-1.171875,0.40625,-0.578125
40.000,-0.765625,0.375,-0.3125
40.031,-0.796875,0.484375,-0.234375
40.062,-0.859375,0.484375,-0.21875
40.093,-0.921875,0.5,-0.265625
40.125,-0.90625,0.46875,-0.28125
40.156,-0.875,0.4375,-0.265625
40.187,-0.890625,0.453125,-0.234375
40.218,-0.875,0.453125,-0.234375
40.250,-0.890625,0.453125,-0.25
40.281,-0.890625,0.453125,-0.25
40.312,-0.890625,0.453125,-0.25
40.343,-0.890625,0.453125,-0.21875
40.375,-0.890625,0.453125,-0.21875
40.406,-0.890625,0.4375,-0.21875
40.437,-0.890625,0.453125,-0.21875
40.468,-0.890625,0.4375,-0.203125
40.500,-0.890625,0.4375,-0.203125
40.531,-0.890625,0.4375,-0.203125
40.562,-0.890625,0.4375,-0.21875
40.593,-0.875,0.453125,-0.21875
40.625,-0.875,0.453125,-0.21875
40.656,-0.890625,0.453125,-0.203125
40.687,-0.875,0.453125,-0.203125
40.718,-0.890625,0.453125,-0.203125
40.750,-0.890625,0.4375,-0.203125
40.781,-0.890625,0.453125,-0.203125
40.812,-0.890625,0.453125,-0.203125
40.843,-0.890625,0.453125,-0.21875
40.875,-0.875,0.453125,-0.203125
40.906,-0.890625,0.453125,-0.203125
40.937,-0.875,0.453125,-0.203125
40.968,-0.90625,0.4375,-0.203125
41.000,-0.890625,0.4375,-0.203125
41.031,-0.90625,0.4375,-0.203125
41.062,-0.890625,0.453125,-0.203125
41.093,-0.890625,0.453125,-0.203125
41.125,-0.921875,0.453125,-0.234375
41.156,-0.921875,0.421875,-0.21875
41.187,-0.9375,0.4375,-0.21875
41.218,-0.90625,0.453125,-0.234375
41.250,-0.90625,0.484375,-0.21875
41.281,-0.90625,0.453125,-0.21875
41.312,-0.890625,0.421875,-0.125
41.343,-0.84375,0.390625,-0.09375
41.375,-0.875,0.421875,-0.078125
41.406,-0.890625,0.40625,-0.09375
41.437,-0.96875,0.390625,-0.15625
41.468,-0.9375,0.390625,-0.15625
41.500,-0.9375,0.375,-0.140625
41.531,-0.90625,0.375,-0.140625
41.562,-0.921875,0.375,-0.140625
41.593,-0.890625,0.421875,-0.140625
41.625,-0.890625,0.421875,-0.15625
41.656,-0.90625,0.4375,-0.15625
41.687,-0.9375,0.421875,-0.15625
41.718,-0.9375,0.40625,-0.140625
41.750,-0.9375,0.390625,-0.125
41.781,-0.9375,0.375,-0.125
41.812,-0.921875,0.359375,-0.125
41.843,-0.9375,0.359375,-0.140625
41.875,-0.953125,0.359375,-0.15625
41.906,-0.953125,0.359375,-0.15625
41.937,-0.9375,0.359375,-0.15625
41.968,-0.921875,0.359375,-0.140625
42.000,-0.9375,0.359375,-0.140625
42.031,-0.953125,0.359375,-0.140625
42.062,-0.9375,0.359375,-0.125
42.093,-0.953125,0.359375,-0.125
42.125,-0.953125,0.359375,-0.125
42.156,-0.953125,0.359375,-0.125
42.187,-0.953125,0.34375,-0.109375
42.218,-0.9375,0.359375,-0.109375
42.250,-0.9375,0.359375,-0.09375
42.281,-0.921875,0.359375,-0.09375
42.312,-0.9375,0.359375,-0.09375
42.343,-0.9375,0.359375,-0.09375
42.375,-0.953125,0.359375,-0.09375
42.406,-0.9375,0.359375,-0.078125
42.437,-0.9375,0.359375,-0.09375
42.468,-0.953125,0.359375,-0.09375
42.500,-0.9375,0.359375,-0.09375
42.531,-0.953125,0.359375,-0.09375
42.562,-0.953125,0.359375,-0.09375
42.593,-0.953125,0.359375,-0.09375
42.625,-0.953125,0.359375,-0.09375
42.656,-0.9375,0.359375,-0.09375
42.687,-0.953125,0.359375,-0.09375
42.718,-0.9375,0.359375,-0.09375
42.750,-0.9375,0.359375,-0.09375
42.781,-0.953125,0.359375,-0.09375
42.812,-0.953125,0.359375,-0.078125
42.843,-0.9375,0.359375,-0.09375
42.875,-0.9375,0.359375,-0.09375
42.906,-0.953125,0.359375,-0.09375
42.937,-0.953125,0.359375,-0.09375
42.968,-0.953125,0.359375,-0.09375
43.000,-0.953125,0.359375,-0.09375
43.031,-0.953125,0.359375,-0.09375
43.062,-0.9375,0.359375,-0.09375
43.093,-0.9375,0.359375,-0.09375
43.125,-0.9375,0.359375,-0.09375
43.156,-0.953125,0.34375,-0.09375
43.187,-0.953125,0.34375,-0.09375
43.218,-0.953125,0.359375,-0.109375
43.250,-0.953125,0.359375,-0.109375
43.281,-0.953125,0.359375,-0.125
43.312,-0.953125,0.359375,-0.109375
43.343,-0.9375,0.359375,-0.109375
43.375,-0.953125,0.359375,-0.109375
43.406,-0.9375,0.359375,-0.109375
43.437,-0.9375,0.359375,-0.125
43.468,-0.9375,0.375,-0.125
43.500,-0.921875,0.375,-0.109375
43.531,-0.9375,0.390625,-0.109375
43.562,-0.9375,0.390625,-0.125
43.593,-0.921875,0.390625,-0.125
43.625,-0.90625,0.40625,-0.09375
43.656,-0.921875,0.40625,-0.078125
43.687,-0.921875,0.390625,-0.078125
43.718,-0.921875,0.375,-0.078125
43.750,-0.921875,0.375,-0.078125
43.781,-0.9375,0.390625,-0.09375
43.812,-0.9375,0.40625,-0.09375
43.843,-0.921875,0.40625,-0.078125
43.875,-0.90625,0.40625,-0.078125
43.906,-0.890625,0.40625,-0.0625
43.937,-0.921875,0.421875,-0.09375
43.968,-0.921875,0.421875,-0.09375
44.000,-0.921875,0.4375,-0.078125
44.031,-0.921875,0.453125,-0.078125
44.062,-0.953125,0.453125,-0.09375
44.093,-0.84375,0.453125,-0.046875
44.125,-0.9375,0.453125,-0.078125
44.156,-0.90625,0.453125,-0.078125
44.187,-0.90625,0.4375,-0.09375
44.218,-0.921875,0.4375,-0.09375
44.250,-0.921875,0.4375,-0.09375
44.281,-0.921875,0.4375,-0.09375
44.312,-0.90625,0.4375,-0.09375
44.343,-0.921875,0.453125,-0.078125
44.375,-0.921875,0.453125,-0.078125
44.406,-0.90625,0.453125,-0.078125
44.437,-0.90625,0.46875,-0.078125
44.468,-0.90625,0.453125,-0.078125
44.500,-0.90625,0.46875,-0.078125
44.531,-0.890625,0.46875,-0.078125
44.562,-0.890625,0.46875,-0.078125
44.593,-0.890625,0.484375,-0.0625
44.625,-0.890625,0.484375,-0.078125
44.656,-0.90625,0.46875,-0.078125
44.687,-0.90625,0.46875,-0.0625
44.718,-0.90625,0.46875,-0.078125
44.750,-0.90625,0.46875,-0.0625
44.781,-0.90625,0.46875,-0.0625
44.812,-0.890625,0.46875,-0.0625
44.843,-0.90625,0.46875,-0.0625
44.875,-0.90625,0.46875,-0.078125
44.906,-0.90625,0.46875,-0.078125
44.937,-0.890625,0.46875,-0.078125
44.968,-0.890625,0.46875,-0.0625
45.000,-0.90625,0.46875,-0.0625
45.031,-0.921875,0.484375,-0.0625
45.062,-0.90625,0.46875,-0.078125
45.093,-0.90625,0.46875,-0.078125
45.125,-0.90625,0.46875,-0.0625
45.156,-0.90625,0.46875,-0.0625
45.187,-0.90625,0.46875,-0.0625
45.218,-0.90625,0.46875,-0.0625
45.250,-0.90625,0.46875,-0.046875
45.281,-0.90625,0.46875,-0.0625
45.312,-0.890625,0.46875,-0.0625
45.343,-0.90625,0.46875,-0.0625
45.375,-0.90625,0.46875,-0.0625
45.406,-0.890625,0.46875,-0.0625
45.437,-0.890625,0.46875,-0.0625
45.468,-0.90625,0.46875,-0.046875
45.500,-0.90625,0.46875,-0.0625
45.531,-0.90625,0.46875,-0.0625
45.562,-0.90625,0.46875,-0.0625
45.593,-0.90625,0.46875,-0.0625
45.625,-0.90625,0.46875,-0.078125
45.656,-0.90625,0.484375,-0.0625
45.687,-0.890625,0.46875,-0.0625
45.718,-0.90625,0.46875,-0.046875
45.750,-0.90625,0.46875,-0.046875
45.781,-0.890625,0.46875,-0.046875
45.812,-0.890625,0.453125,-0.046875
45.843,-0.90625,0.453125,-0.03125
45.875,-0.90625,0.453125,-0.046875
45.906,-0.90625,0.453125,-0.0625
45.937,-0.90625,0.46875,-0.0625
45.968,-0.90625,0.46875,-0.0625
46.000,-0.921875,0.46875,-0.0625
46.031,-0.90625,0.46875,-0.0625
46.062,-0.90625,0.46875,-0.0625
46.093,-0.890625,0.484375,-0.046875
46.125,-0.890625,0.46875,-0.03125
46.156,-0.890625,0.46875,-0.03125
46.187,-0.90625,0.453125,-0.03125
46.218,-0.890625,0.453125,-0.046875
46.250,-0.90625,0.453125,-0.046875
46.281,-0.921875,0.46875,-0.0625
46.312,-0.921875,0.453125,-0.0625
46.343,-0.921875,0.453125,-0.0625
46.375,-0.90625,0.46875,-0.0625
46.406,-0.90625,0.46875,-0.046875
46.437,-0.90625,0.46875,-0.046875
46.468,-0.890625,0.46875,-0.03125
46.500,-0.890625,0.46875,-0.03125
46.531,-0.90625,0.453125,-0.03125
46.562,-0.90625,0.453125,-0.03125
46.593,-0.921875,0.453125,-0.0625
46.625,-0.921875,0.453125,-0.0625
46.656,-0.921875,0.46875,-0.0625
46.687,-0.90625,0.46875,-0.046875
46.718,-0.890625,0.46875,-0.046875
46.750,-0.90625,0.46875,-0.03125
46.781,-0.90625,0.46875,-0.03125
46.812,-0.90625,0.46875,-0.03125
46.843,-0.90625,0.453125,-0.046875
46.875,-0.90625,0.453125,-0.046875
46.906,-0.921875,0.46875,-0.0625
46.937,-0.90625,0.46875,-0.0625
46.968,-0.90625,0.46875,-0.046875
47.000,-0.890625,0.46875,-0.03125
47.031,-0.890625,0.46875,-0.03125
47.062,-0.90625,0.46875,-0.03125
47.093,-0.890625,0.46875,-0.03125
47.125,-0.90625,0.46875,-0.046875
47.156,-0.90625,0.46875,-0.0625
47.187,-0.90625,0.46875,-0.0625
47.218,-0.90625,0.46875,-0.0625
47.250,-0.90625,0.46875,-0.046875
47.281,-0.890625,0.46875,-0.046875
47.312,-0.890625,0.46875,-0.03125
47.343,-0.890625,0.46875,-0.03125
47.375,-0.890625,0.46875,-0.03125
47.406,-0.90625,0.453125,-0.046875
47.437,-0.921875,0.46875,-0.0625
47.468,-0.921875,0.453125,-0.046875
47.500,-0.90625,0.46875,-0.046875
47.531,-0.90625,0.46875,-0.046875
47.562,-0.890625,0.453125,-0.03125
47.593,-0.90625,0.453125,-0.03125
47.625,-0.90625,0.453125,-0.046875
47.656,-0.90625,0.46875,-0.0625
47.687,-0.90625,0.46875,-0.0625
47.718,-0.90625,0.46875,-0.0625
47.750,-0.90625,0.46875,-0.0625
47.781,-0.90625,0.46875,-0.046875
47.812,-0.90625,0.46875,-0.046875
47.843,-0.90625,0.46875,-0.03125
47.875,-0.90625,0.46875,-0.03125
47.906,-0.90625,0.46875,-0.046875
47.937,-0.90625,0.46875,-0.046875
47.968,-0.90625,0.46875,-0.046875
48.000,-0.90625,0.46875,-0.03125
48.031,-0.90625,0.46875,-0.046875
48.062,-0.90625,0.46875,-0.046875
48.093,-0.90625,0.46875,-0.046875
48.125,-0.90625,0.46875,-0.046875
48.156,-0.90625,0.46875,-0.046875
48.187,-0.890625,0.46875,-0.046875
48.218,-0.90625,0.46875,-0.046875
48.250,-0.90625,0.46875,-0.046875
48.281,-0.90625,0.46875,-0.046875
48.312,-0.90625,0.46875,-0.046875
48.343,-0.890625,0.453125,-0.046875
48.375,-0.921875,0.46875,-0.03125
48.406,-0.90625,0.46875,-0.03125
48.437,-0.890625,0.46875,-0.046875
48.468,-0.90625,0.46875,-0.046875
48.500,-0.90625,0.46875,-0.046875
48.531,-0.90625,0.46875,-0.0625
48.562,-0.90625,0.46875,-0.046875
48.593,-0.90625,0.46875,-0.046875
48.625,-0.890625,0.46875,-0.046875
48.656,-0.90625,0.46875,-0.046875
48.687,-0.90625,0.46875,-0.046875
48.718,-0.90625,0.46875,-0.046875
48.750,-0.90625,0.46875,-0.046875
48.781,-0.90625,0.46875,-0.046875
48.812,-0.90625,0.46875,-0.046875
48.843,-0.90625,0.46875,-0.046875
48.875,-0.890625,0.46875,-0.046875
48.906,-0.890625,0.46875,-0.046875
48.937,-0.90625,0.46875,-0.046875
48.968,-0.90625,0.46875,-0.046875
49.000,-0.890625,0.46875,-0.046875
49.031,-0.90625,0.46875,-0.046875
49.062,-0.890625,0.46875,-0.03125
49.093,-0.90625,0.46875,-0.046875
49.125,-0.90625,0.46875,-0.046875
49.156,-0.90625,0.453125,-0.0625
49.187,-0.90625,0.46875,-0.046875
49.218,-0.90625,0.453125,-0.046875
49.250,-0.90625,0.46875,-0.0625
49.281,-0.90625,0.46875,-0.046875
49.312,-0.890625,0.46875,-0.046875
49.343,-0.921875,0.453125,-0.0625
49.375,-0.9375,0.46875,-0.0625
49.406,-0.84375,0.46875,-0.015625
49.437,-0.875,0.484375,-0.046875
49.468,-0.921875,0.46875,-0.046875
49.500,-0.921875,0.453125,-0.0625
49.531,-0.90625,0.46875,-0.046875
49.562,-0.921875,0.46875,-0.046875
49.593,-0.890625,0.46875,-0.03125
49.625,-0.859375,0.484375,-0.046875
49.656,-0.90625,0.46875,-0.0625
49.687,-0.9375,0.453125,-0.0625
49.718,-0.90625,0.46875,-0.046875
49.750,-0.90625,0.46875,-0.046875
49.781,-0.9375,0.46875,-0.046875
49.812,-0.875,0.46875,-0.015625
49.843,-0.875,0.484375,-0.03125
49.875,-0.890625,0.484375,-0.046875
49.906,-0.890625,0.484375,-0.046875
49.937,-0.890625,0.484375,-0.046875
49.968,-0.890625,0.5,-0.078125
50.000,-0.890625,0.515625,-0.046875
50.031,-0.859375,0.515625,-0.046875
50.062,-0.859375,0.515625,-0.0625
50.093,-0.890625,0.5,-0.0625
50.125,-0.90625,0.46875,-0.046875
50.156,-0.890625,0.5,-0.03125
50.187,-0.890625,0.5,-0.046875
50.218,-0.90625,0.5,-0.03125
50.250,-0.84375,0.484375,-0.015625
50.281,-0.875,0.515625,-0.046875
50.312,-0.921875,0.484375,-0.078125
50.343,-0.90625,0.484375,-0.0625
50.375,-0.890625,0.484375,-0.046875
50.406,-0.90625,0.484375,-0.046875
50.437,-0.890625,0.46875,-0.015625
50.468,-0.875,0.5,-0.03125
50.500,-0.890625,0.484375,-0.046875
50.531,-0.921875,0.484375,-0.0625
50.562,-0.875,0.5,-0.046875
50.593,-0.875,0.5,-0.046875
50.625,-0.90625,0.484375,-0.03125
50.656,-0.859375,0.484375,-0.015625
50.687,-0.875,0.5,-0.046875
50.718,-0.921875,0.484375,-0.0625
50.750,-0.921875,0.484375,-0.046875
50.781,-0.890625,0.484375,-0.03125
50.812,-0.890625,0.484375,-0.046875
50.843,-0.921875,0.484375,-0.0625
50.875,-0.859375,0.484375,-0.015625
50.906,-0.859375,0.5,-0.03125
50.937,-0.90625,0.484375,-0.046875
50.968,-0.921875,0.46875,-0.046875
51.000,-0.90625,0.484375,-0.046875
51.031,-0.90625,0.484375,-0.046875
51.062,-0.921875,0.484375,-0.046875
51.093,-0.875,0.484375,-0.015625
51.125,-0.875,0.484375,-0.046875
51.156,-0.90625,0.484375,-0.046875
51.187,-0.90625,0.453125,-0.046875
51.218,-0.90625,0.453125,-0.046875
51.250,-0.90625,0.46875,-0.03125
51.281,-0.921875,0.46875,-0.03125
51.312,-0.90625,0.46875,-0.015625
51.343,-0.875,0.484375,-0.03125
51.375,-0.890625,0.484375,-0.046875
51.406,-0.921875,0.46875,-0.046875
51.437,-0.90625,0.46875,-0.03125
51.468,-0.890625,0.484375,-0.03125
51.500,-0.90625,0.46875,-0.03125
51.531,-0.9375,0.46875,-0.03125
51.562,-0.859375,0.46875,0.0
51.593,-0.890625,0.484375,-0.03125
51.625,-0.90625,0.484375,-0.03125
51.656,-0.921875,0.46875,-0.046875
51.687,-0.90625,0.484375,-0.03125
51.718,-0.90625,0.484375,-0.03125
51.750,-0.921875,0.46875,-0.03125
51.781,-0.90625,0.46875,-0.015625
51.812,-0.859375,0.484375,-0.015625
51.843,-0.890625,0.484375,-0.046875
51.875,-0.90625,0.46875,-0.046875
51.906,-0.921875,0.46875,-0.046875
51.937,-0.90625,0.46875,-0.03125
51.968,-0.890625,0.484375,-0.03125
52.000,-0.921875,0.46875,-0.03125
52.031,-0.875,0.484375,-0.015625
52.062,-0.875,0.5,-0.046875
52.093,-0.90625,0.484375,-0.046875
52.125,-0.921875,0.46875,-0.046875
52.156,-0.90625,0.484375,-0.03125
52.187,-0.890625,0.484375,-0.03125
52.218,-0.90625,0.46875,-0.046875
52.250,-0.890625,0.484375,-0.015625
52.281,-0.859375,0.484375,-0.015625
52.312,-0.890625,0.484375,-0.03125
52.343,-0.90625,0.46875,-0.046875
52.375,-0.921875,0.46875,-0.046875
52.406,-0.90625,0.484375,-0.046875
52.437,-0.90625,0.484375,-0.046875
52.468,-0.890625,0.484375,-0.03125
52.500,-0.859375,0.484375,-0.015625
52.531,-0.890625,0.484375,-0.03125
52.562,-0.921875,0.46875,-0.046875
52.593,-0.90625,0.46875,-0.046875
52.625,-0.90625,0.484375,-0.03125
52.656,-0.890625,0.484375,-0.046875
52.687,-0.921875,0.484375,-0.046875
52.718,-0.84375,0.484375,-0.015625
52.750,-0.875,0.5,-0.03125
52.781,-0.90625,0.46875,-0.046875
52.812,-0.921875,0.46875,-0.046875
52.843,-0.90625,0.484375,-0.03125
52.875,-0.90625,0.484375,-0.046875
52.906,-0.90625,0.484375,-0.046875
52.937,-0.921875,0.46875,-0.03125
52.968,-0.859375,0.484375,-0.015625
53.000,-0.859375,0.5,-0.03125
53.031,-0.90625,0.46875,-0.046875
53.062,-0.921875,0.453125,-0.046875
53.093,-0.921875,0.46875,-0.046875
53.125,-0.890625,0.484375,-0.046875
53.156,-0.90625,0.46875,-0.046875
53.187,-0.890625,0.484375,-0.015625
53.218,-0.828125,0.46875,0.0
53.250,-0.890625,0.484375,-0.03125
53.281,-0.921875,0.46875,-0.046875
53.312,-0.921875,0.46875,-0.046875
53.343,-0.90625,0.484375,-0.03125
53.375,-0.90625,0.46875,-0.046875
53.406,-0.90625,0.46875,-0.046875
53.437,-0.890625,0.484375,-0.015625
53.468,-0.859375,0.484375,-0.015625
53.500,-0.875,0.484375,-0.03125
53.531,-0.90625,0.46875,-0.046875
53.562,-0.921875,0.46875,-0.046875
53.593,-0.90625,0.46875,-0.03125
53.625,-0.90625,0.484375,-0.03125
53.656,-0.90625,0.46875,-0.03125
53.687,-0.859375,0.484375,0.0
53.718,-0.859375,0.484375,-0.015625
53.750,-0.890625,0.484375,-0.03125
53.781,-0.921875,0.46875,-0.046875
53.812,-0.921875,0.46875,-0.046875
53.843,-0.90625,0.46875,-0.03125
53.875,-0.90625,0.484375,-0.03125
53.906,-0.90625,0.46875,-0.03125
53.937,-0.875,0.46875,-0.015625
53.968,-0.875,0.484375,-0.015625
54.000,-0.890625,0.484375,-0.03125
54.031,-0.90625,0.46875,-0.046875
54.062,-0.921875,0.46875,-0.046875
54.093,-0.921875,0.46875,-0.03125
54.125,-0.90625,0.46875,-0.03125
54.156,-0.90625,0.46875,-0.03125
54.187,-0.90625,0.46875,-0.015625
54.218,-0.859375,0.484375,-0.015625
54.250,-0.90625,0.46875,-0.03125
54.281,-0.921875,0.453125,-0.046875
54.312,-0.921875,0.46875,-0.046875
54.343,-0.921875,0.46875,-0.03125
54.375,-0.90625,0.46875,-0.03125
54.406,-0.90625,0.46875,-0.03125
54.437,-0.890625,0.484375,-0.03125
54.468,-0.875,0.484375,-0.03125
54.500,-0.890625,0.46875,-0.03125
54.531,-0.90625,0.453125,-0.046875
54.562,-0.921875,0.46875,-0.03125
54.593,-0.921875,0.46875,-0.03125
54.625,-0.90625,0.46875,-0.03125
54.656,-0.90625,0.46875,-0.03125
54.687,-0.875,0.484375,0.0
54.718,-0.875,0.484375,-0.03125
54.750,-0.890625,0.484375,-0.03125
54.781,-0.921875,0.453125,-0.046875
54.812,-0.921875,0.46875,-0.03125
54.843,-0.90625,0.484375,-0.03125
54.875,-0.90625,0.46875,-0.046875
54.906,-0.90625,0.46875,-0.03125
54.937,-0.859375,0.484375,-0.015625
54.968,-0.890625,0.484375,-0.046875
55.000,-0.90625,0.46875,-0.046875
55.031,-0.921875,0.46875,-0.03125
55.062,-0.90625,0.46875,-0.03125
55.093,-0.90625,0.46875,-0.046875
55.125,-0.90625,0.46875,-0.03125
55.156,-0.90625,0.484375,-0.015625
55.187,-0.859375,0.484375,-0.015625
55.218,-0.90625,0.46875,-0.03125
55.250,-0.921875,0.453125,-0.03125
55.281,-0.9375,0.453125,-0.015625
55.312,-0.921875,0.46875,-0.03125
55.343,-0.90625,0.46875,-0.046875
55.375,-0.921875,0.46875,-0.03125
55.406,-0.90625,0.46875,-0.03125
55.437,-0.859375,0.484375,-0.015625
55.468,-0.875,0.484375,-0.03125
55.500,-0.921875,0.453125,-0.03125
55.531,-0.921875,0.453125,-0.015625
55.562,-0.921875,0.453125,-0.015625
55.593,-0.90625,0.46875,-0.03125
55.625,-0.921875,0.453125,-0.03125
55.656,-0.90625,0.46875,-0.015625
55.687,-0.875,0.46875,-0.015625
55.718,-0.875,0.484375,-0.015625
55.750,-0.90625,0.46875,-0.03125
55.781,-0.9375,0.46875,-0.03125
55.812,-0.921875,0.46875,-0.015625
55.843,-0.90625,0.46875,-0.03125
55.875,-0.890625,0.46875,-0.03125
55.906,-0.90625,0.46875,-0.03125
55.937,-0.9375,0.46875,0.0
55.968,-0.890625,0.46875,0.015625
56.000,-0.875,0.484375,-0.03125
56.031,-0.875,0.484375,-0.046875
56.062,-0.890625,0.46875,-0.0625
56.093,-0.921875,0.46875,-0.03125
56.125,-0.9375,0.46875,-0.015625
56.156,-0.921875,0.453125,0.0
56.187,-0.90625,0.46875,-0.015625
56.218,-0.90625,0.46875,-0.015625
56.250,-0.859375,0.46875,-0.015625
56.281,-0.875,0.46875,-0.046875
56.312,-0.921875,0.46875,-0.046875
56.343,-0.921875,0.46875,-0.03125
56.375,-0.90625,0.46875,-0.015625
56.406,-0.90625,0.453125,-0.015625
56.437,-0.90625,0.453125,-0.03125
56.468,-0.90625,0.46875,-0.03125
56.500,-0.90625,0.484375,-0.015625
56.531,-0.875,0.46875,-0.015625
56.562,-0.875,0.484375,-0.015625
56.593,-0.921875,0.453125,-0.03125
56.625,-0.921875,0.453125,-0.03125
56.656,-0.90625,0.46875,-0.03125
56.687,-0.90625,0.46875,-0.03125
56.718,-0.90625,0.46875,-0.03125
56.750,-0.90625,0.46875,-0.015625
56.781,-0.90625,0.46875,-0.015625
56.812,-0.875,0.46875,0.0
56.843,-0.875,0.484375,-0.015625
56.875,-0.90625,0.46875,-0.046875
56.906,-0.9375,0.453125,-0.03125
56.937,-0.9375,0.46875,-0.015625
56.968,-0.890625,0.46875,-0.03125
57.000,-0.90625,0.46875,-0.03125
57.031,-0.921875,0.46875,-0.03125
57.062,-0.890625,0.484375,-0.015625
57.093,-0.84375,0.484375,0.0
57.125,-0.890625,0.484375,-0.03125
57.156,-0.921875,0.453125,-0.03125
57.187,-0.9375,0.46875,-0.03125
57.218,-0.921875,0.484375,-0.03125
57.250,-0.890625,0.46875,-0.03125
57.281,-0.90625,0.46875,-0.03125
57.312,-0.890625,0.484375,0.0
57.343,-0.875,0.484375,-0.015625
57.375,-0.890625,0.46875,-0.03125
57.406,-0.90625,0.46875,-0.03125
57.437,-0.921875,0.46875,-0.03125
57.468,-0.90625,0.484375,-0.03125
57.500,-0.90625,0.46875,-0.03125
57.531,-0.890625,0.46875,-0.03125
57.562,-0.90625,0.46875,-0.03125
57.593,-0.890625,0.484375,-0.015625
57.625,-0.890625,0.484375,-0.015625
57.656,-0.90625,0.46875,-0.03125
57.687,-0.921875,0.46875,-0.046875
57.718,-0.921875,0.484375,-0.03125
57.750,-0.90625,0.484375,-0.03125
57.781,-0.890625,0.46875,-0.03125
57.812,-0.890625,0.46875,-0.03125
57.843,-0.921875,0.46875,-0.015625
57.875,-0.875,0.46875,-0.015625
57.906,-0.875,0.46875,-0.03125
57.937,-0.90625,0.46875,-0.03125
57.968,-0.921875,0.46875,-0.03125
58.000,-0.921875,0.46875,-0.03125
58.031,-0.890625,0.46875,-0.03125
58.062,-0.890625,0.46875,-0.03125
58.093,-0.90625,0.46875,-0.03125
58.125,-0.921875,0.46875,-0.015625
58.156,-0.875,0.46875,-0.015625
58.187,-0.890625,0.46875,-0.015625
58.218,-0.90625,0.46875,-0.03125
58.250,-0.9375,0.46875,-0.046875
58.281,-0.921875,0.46875,-0.03125
58.312,-0.890625,0.46875,-0.03125
58.343,-0.90625,0.46875,-0.03125
58.375,-0.921875,0.46875,-0.015625
58.406,-0.875,0.46875,-0.015625
58.437,-0.890625,0.46875,-0.03125
58.468,-0.90625,0.453125,-0.03125
58.500,-0.921875,0.453125,-0.03125
58.531,-0.921875,0.46875,-0.03125
58.562,-0.90625,0.46875,-0.015625
58.593,-0.90625,0.453125,-0.015625
58.625,-0.890625,0.46875,-0.015625
58.656,-0.890625,0.484375,-0.015625
58.687,-0.90625,0.46875,-0.03125
58.718,-0.921875,0.453125,-0.046875
58.750,-0.921875,0.46875,-0.03125
58.781,-0.90625,0.46875,-0.03125
58.812,-0.90625,0.46875,-0.046875
58.843,-0.90625,0.46875,-0.015625
58.875,-0.890625,0.46875,0.0
58.906,-0.90625,0.453125,-0.015625
58.937,-0.921875,0.4375,-0.046875
58.968,-0.921875,0.421875,-0.046875
59.000,-0.921875,0.4375,-0.015625
59.031,-0.921875,0.453125,-0.03125
59.062,-0.953125,0.46875,-0.0625
59.093,-0.953125,0.453125,-0.0625
59.125,-0.9375,0.453125,-0.03125
59.156,-0.90625,0.453125,0.015625
59.187,-0.890625,0.453125,0.03125
59.218,-0.921875,0.4375,0.015625
59.250,-0.859375,0.453125,0.03125
59.281,-0.890625,0.46875,0.015625
59.312,-0.90625,0.46875,0.0
59.343,-0.921875,0.4375,0.0
59.375,-0.890625,0.421875,0.015625
59.406,-0.921875,0.421875,0.015625
59.437,-0.921875,0.421875,0.0
59.468,-0.921875,0.390625,0.0
59.500,-0.96875,0.40625,-0.015625
59.531,-0.984375,0.390625,-0.03125
59.562,-0.953125,0.375,-0.046875
59.593,-0.96875,0.359375,-0.046875
59.625,-0.9375,0.375,-0.03125
59.656,-0.9375,0.375,-0.03125
59.687,-0.9375,0.359375,-0.046875
59.718,-0.96875,0.34375,-0.0625
59.750,-0.984375,0.34375,-0.0625
59.781,-0.953125,0.34375,-0.03125
59.812,-0.96875,0.34375,-0.03125
59.843,-0.9375,0.34375,-0.015625
59.875,-0.953125,0.34375,-0.03125
59.906,-0.953125,0.359375,-0.046875
59.937,-0.96875,0.359375,-0.0625
59.968,-0.953125,0.375,-0.0625
