timestamp,value
00.000,-46.23
00.015,-54.32
00.031,-62.9
00.046,-70.86
00.062,-76.74
00.078,-79.01
00.093,-76.46
00.109,-68.62
00.125,-55.87
00.140,-39.51
00.156,-21.39
00.171,-3.48
00.187,12.58
00.203,25.76
00.218,35.72
00.234,42.71
00.250,47.29
00.265,50.08
00.281,51.54
00.296,51.9
00.312,51.24
00.328,49.61
00.343,47.15
00.359,44.15
00.375,40.99
00.390,37.97
00.406,35.19
00.421,32.58
00.437,29.98
00.453,27.28
00.468,24.62
00.484,22.26
00.500,20.43
00.515,19.2
00.531,18.24
00.546,17.02
00.562,14.91
00.578,11.51
00.593,6.78
00.609,1.07
00.625,-5.05
00.640,-11.02
00.656,-16.47
00.671,-21.37
00.687,-25.97
00.703,-30.73
00.718,-36.23
00.734,-42.93
00.750,-51.02
00.765,-60.12
00.781,-69.17
00.796,-76.41
00.812,-79.88
00.828,-77.85
00.843,-69.66
00.859,-55.95
00.875,-38.66
00.890,-20.3
00.906,-3.27
00.921,10.88
00.937,21.64
00.953,29.28
00.968,34.44
00.984,37.7
01.000,39.4
01.015,39.69
01.031,38.82
01.046,37.15
01.062,35.15
01.078,33.18
01.093,31.37
01.109,29.62
01.125,27.64
01.140,25.28
01.156,22.62
01.171,20.01
01.187,17.87
01.203,16.48
01.218,15.79
01.234,15.44
01.250,14.85
01.265,13.53
01.281,11.12
01.296,7.54
01.312,2.9
01.328,-2.51
01.343,-8.35
01.359,-14.25
01.375,-19.97
01.390,-25.42
01.406,-30.79
01.421,-36.5
01.437,-42.96
01.453,-50.3
01.468,-58.02
01.484,-64.89
01.500,-69.22
01.515,-69.32
01.531,-64.11
01.546,-53.48
01.562,-38.44
01.578,-20.86
01.593,-2.89
01.609,13.59
01.625,27.37
01.640,38.04
01.656,45.79
01.671,51.12
01.687,54.55
01.703,56.51
01.718,57.31
01.734,57.15
01.750,56.23
01.765,54.72
01.781,52.71
01.796,50.26
01.812,47.37
01.828,44.06
01.843,40.5
01.859,36.98
01.875,33.87
01.890,31.42
01.906,29.66
01.921,28.4
01.937,27.18
01.953,25.52
01.968,22.97
01.984,19.29
02.000,14.46
02.015,8.69
02.031,2.42
02.046,-3.83
02.062,-9.58
02.078,-14.64
02.093,-19.18
02.109,-23.76
02.125,-29.07
02.140,-35.59
02.156,-43.26
02.171,-51.3
02.187,-58.28
02.203,-62.45
02.218,-62.24
02.234,-56.76
02.250,-46.1
02.265,-31.43
02.281,-14.72
02.296,1.81
02.312,16.28
02.328,27.56
02.343,35.44
02.359,40.37
02.375,43.09
02.390,44.26
02.406,44.27
02.421,43.34
02.437,41.68
02.453,39.58
02.468,37.48
02.484,35.73
02.500,34.49
02.515,33.61
02.531,32.71
02.546,31.39
02.562,29.41
02.578,26.83
02.593,24.0
02.609,21.39
02.625,19.34
02.640,17.94
02.656,16.9
02.671,15.68
02.687,13.69
02.703,10.54
02.718,6.19
02.734,0.96
02.750,-4.55
02.765,-9.77
02.781,-14.35
02.796,-18.37
02.812,-22.22
02.828,-26.46
02.843,-31.6
02.859,-37.88
02.875,-45.11
02.890,-52.65
02.906,-59.43
02.921,-64.07
02.937,-65.17
02.953,-61.69
02.968,-53.34
02.984,-40.87
03.000,-25.88
03.015,-10.49
03.031,3.4
03.046,14.59
03.062,22.83
03.078,28.52
03.093,32.34
03.109,34.81
03.125,36.1
03.140,36.19
03.156,35.01
03.171,32.74
03.187,29.81
03.203,26.81
03.218,24.26
03.234,22.47
03.250,21.44
03.265,20.94
03.281,20.64
03.296,20.26
03.312,19.65
03.328,18.83
03.343,17.92
03.359,16.93
03.375,15.77
03.390,14.15
03.406,11.76
03.421,8.38
03.437,4.05
03.453,-0.95
03.468,-6.13
03.484,-11.02
03.500,-15.35
03.515,-19.08
03.531,-22.47
03.546,-25.92
03.562,-29.85
03.578,-34.57
03.593,-40.2
03.609,-46.64
03.625,-53.44
03.640,-59.74
03.656,-64.25
03.671,-65.58
03.687,-62.54
03.703,-54.71
03.718,-42.65
03.734,-27.93
03.750,-12.63
03.765,1.33
03.781,12.71
03.796,21.14
03.812,26.88
03.828,30.44
03.843,32.27
03.859,32.61
03.875,31.67
03.890,29.79
03.906,27.52
03.921,25.35
03.937,23.64
03.953,22.37
03.968,21.26
03.984,19.9
04.000,18.09
04.015,15.94
04.031,13.78
04.046,12.01
04.062,10.83
04.078,10.19
04.093,9.8
04.109,9.24
04.125,8.08
04.140,6.04
04.156,3.01
04.171,-0.91
04.187,-5.45
04.203,-10.24
04.218,-14.84
04.234,-18.96
04.250,-22.53
04.265,-25.76
04.281,-29.14
04.296,-33.26
04.312,-38.57
04.328,-45.18
04.343,-52.63
04.359,-59.87
04.375,-65.39
04.390,-67.66
04.406,-65.5
04.421,-58.49
04.437,-47.22
04.453,-33.04
04.468,-17.81
04.484,-3.36
04.500,8.92
04.515,18.38
04.531,25.03
04.546,29.34
04.562,31.92
04.578,33.22
04.593,33.5
04.609,32.87
04.625,31.47
04.640,29.6
04.656,27.66
04.671,25.97
04.687,24.66
04.703,23.54
04.718,22.29
04.734,20.64
04.750,18.62
04.765,16.58
04.781,14.96
04.796,14.09
04.812,13.93
04.828,14.11
04.843,14.09
04.859,13.32
04.875,11.46
04.890,8.42
04.906,4.36
04.921,-0.4
04.937,-5.44
04.953,-10.3
04.968,-14.61
04.984,-18.16
05.000,-21.05
05.015,-23.6
05.031,-26.37
05.046,-29.93
05.062,-34.76
05.078,-40.97
05.093,-48.23
05.109,-55.76
05.125,-62.33
05.140,-66.51
05.156,-66.99
05.171,-62.94
05.187,-54.38
05.203,-42.13
05.218,-27.71
05.234,-12.92
05.250,0.58
05.265,11.71
05.281,20.02
05.296,25.67
05.312,29.15
05.328,31.08
05.343,31.96
05.359,32.15
05.375,31.85
05.390,31.18
05.406,30.22
05.421,29.0
05.437,27.57
05.453,25.99
05.468,24.32
05.484,22.7
05.500,21.27
05.515,20.14
05.531,19.36
05.546,18.8
05.562,18.24
05.578,17.39
05.593,16.09
05.609,14.28
05.625,12.07
05.640,9.57
05.656,6.82
05.671,3.76
05.687,0.22
05.703,-3.88
05.718,-8.51
05.734,-13.44
05.750,-18.35
05.765,-23.0
05.781,-27.33
05.796,-31.48
05.812,-35.68
05.828,-40.18
05.843,-45.15
05.859,-50.72
05.875,-56.91
05.890,-63.63
05.906,-70.42
05.921,-76.34
05.937,-80.08
05.953,-80.21
05.968,-75.78
05.984,-66.7
06.000,-54.0
06.015,-39.45
06.031,-25.02
06.046,-12.27
06.062,-2.0
06.078,5.69
06.093,11.14
06.109,14.69
06.125,16.6
06.140,17.07
06.156,16.36
06.171,14.91
06.187,13.29
06.203,12.02
06.218,11.38
06.234,11.37
06.250,11.72
06.265,12.18
06.281,12.6
06.296,13.11
06.312,13.98
06.328,15.39
06.343,17.33
06.359,19.47
06.375,21.3
06.390,22.34
06.406,22.34
06.421,21.34
06.437,19.58
06.453,17.38
06.468,14.86
06.484,12.01
06.500,8.67
06.515,4.77
06.531,0.44
06.546,-3.99
06.562,-8.13
06.578,-11.7
06.593,-14.67
06.609,-17.28
06.625,-20.01
06.640,-23.36
06.656,-27.74
06.671,-33.33
06.687,-39.92
06.703,-46.81
06.718,-52.84
06.734,-56.45
06.750,-56.17
06.765,-51.1
06.781,-41.3
06.796,-27.85
06.812,-12.64
06.828,2.23
06.843,15.11
06.859,25.08
06.875,32.02
06.890,36.34
06.906,38.63
06.921,39.33
06.937,38.75
06.953,37.07
06.968,34.53
06.984,31.45
07.000,28.22
07.015,25.15
07.031,22.44
07.046,20.13
07.062,18.18
07.078,16.58
07.093,15.32
07.109,14.43
07.125,13.86
07.140,13.54
07.156,13.36
07.171,13.17
07.187,12.82
07.203,12.14
07.218,10.96
07.234,9.11
07.250,6.53
07.265,3.25
07.281,-0.58
07.296,-4.74
07.312,-9.11
07.328,-13.56
07.343,-18.08
07.359,-22.67
07.375,-27.39
07.390,-32.33
07.406,-37.63
07.421,-43.46
07.437,-49.91
07.453,-56.77
07.468,-63.36
07.484,-68.55
07.500,-70.95
07.515,-69.32
07.531,-62.99
07.546,-52.21
07.562,-38.09
07.578,-22.36
07.593,-6.91
07.609,6.68
07.625,17.53
07.640,25.39
07.656,30.61
07.671,33.74
07.687,35.41
07.703,36.12
07.718,36.19
07.734,35.8
07.750,35.0
07.765,33.8
07.781,32.29
07.796,30.59
07.812,28.91
07.828,27.42
07.843,26.22
07.859,25.3
07.875,24.54
07.890,23.82
07.906,23.03
07.921,22.14
07.937,21.17
07.953,20.09
07.968,18.77
07.984,17.0
08.000,14.49
08.015,11.01
08.031,6.54
08.046,1.2
08.062,-4.69
08.078,-10.73
08.093,-16.52
08.109,-21.82
08.125,-26.54
08.140,-30.82
08.156,-35.0
08.171,-39.51
08.187,-44.82
08.203,-51.18
08.218,-58.45
08.234,-65.96
08.250,-72.51
08.265,-76.62
08.281,-76.84
08.296,-72.24
08.312,-62.67
08.328,-48.88
08.343,-32.38
08.359,-15.05
08.375,1.23
08.390,15.08
08.406,25.77
08.421,33.27
08.437,38.11
08.453,41.01
08.468,42.65
08.484,43.56
08.500,44.01
08.515,44.08
08.531,43.79
08.546,43.08
08.562,41.87
08.578,40.18
08.593,38.11
08.609,35.93
08.625,34.0
08.640,32.68
08.656,32.13
08.671,32.24
08.687,32.62
08.703,32.68
08.718,31.99
08.734,30.35
08.750,27.89
08.765,24.89
08.781,21.67
08.796,18.32
08.812,14.73
08.828,10.66
08.843,5.9
08.859,0.45
08.875,-5.49
08.890,-11.55
08.906,-17.38
08.921,-22.77
08.937,-27.68
08.953,-32.31
08.968,-37.01
08.984,-42.17
09.000,-48.12
09.015,-55.02
09.031,-62.65
09.046,-70.31
09.062,-76.76
09.078,-80.39
09.093,-79.66
09.109,-73.52
09.125,-61.94
09.140,-46.01
09.156,-27.69
09.171,-9.28
09.187,7.28
09.203,20.83
09.218,31.07
09.234,38.33
09.250,43.27
09.265,46.5
09.281,48.49
09.296,49.6
09.312,50.05
09.328,50.04
09.343,49.61
09.359,48.73
09.375,47.28
09.390,45.26
09.406,42.81
09.421,40.36
09.437,38.37
09.453,37.2
09.468,36.95
09.484,37.34
09.500,37.92
09.515,38.16
09.531,37.61
09.546,36.09
09.562,33.61
09.578,30.35
09.593,26.52
09.609,22.25
09.625,17.51
09.640,12.19
09.656,6.14
09.671,-0.68
09.687,-8.1
09.703,-15.69
09.718,-22.95
09.734,-29.38
09.750,-34.81
09.765,-39.47
09.781,-43.9
09.796,-48.78
09.812,-54.67
09.828,-61.77
09.843,-69.74
09.859,-77.68
09.875,-84.15
09.890,-87.42
09.906,-85.92
09.921,-78.66
09.937,-65.72
09.953,-48.35
09.968,-28.72
09.984,-9.3
10.000,7.87
10.015,21.68
10.031,31.99
10.046,39.34
10.062,44.42
10.078,47.75
10.093,49.55
10.109,49.97
10.125,49.23
10.140,47.71
10.156,45.9
10.171,44.22
10.187,42.78
10.203,41.55
10.218,40.31
10.234,38.96
10.250,37.59
10.265,36.44
10.281,35.75
10.296,35.58
10.312,35.74
10.328,35.8
10.343,35.36
10.359,34.08
10.375,31.92
10.390,29.0
10.406,25.44
10.421,21.3
10.437,16.49
10.453,10.96
10.468,4.82
10.484,-1.62
10.500,-7.96
10.515,-13.88
10.531,-19.34
10.546,-24.63
10.562,-30.22
10.578,-36.5
10.593,-43.63
10.609,-51.4
10.625,-59.19
10.640,-66.08
10.656,-70.83
10.671,-72.12
10.687,-68.84
10.703,-60.39
10.718,-47.06
10.734,-30.15
10.750,-11.74
10.765,5.92
10.781,21.07
10.796,32.76
10.812,41.04
10.828,46.56
10.843,50.08
10.859,52.16
10.875,53.05
10.890,52.87
10.906,51.81
10.921,50.2
10.937,48.41
10.953,46.7
10.968,45.1
10.984,43.48
11.000,41.71
11.015,39.7
11.031,37.51
11.046,35.24
11.062,32.91
11.078,30.45
11.093,27.8
11.109,24.91
11.125,21.85
11.140,18.64
11.156,15.27
11.171,11.59
11.187,7.44
11.203,2.74
11.218,-2.4
11.234,-7.74
11.250,-13.06
11.265,-18.16
11.281,-22.97
11.296,-27.51
11.312,-31.95
11.328,-36.58
11.343,-41.88
11.359,-48.29
11.375,-55.94
11.390,-64.37
11.406,-72.33
11.421,-77.94
11.437,-79.22
11.453,-74.79
11.468,-64.37
11.484,-48.91
11.500,-30.35
11.515,-10.97
11.531,7.19
11.546,22.76
11.562,35.12
11.578,44.2
11.593,50.36
11.609,54.07
11.625,55.9
11.640,56.41
11.656,56.06
11.671,55.22
11.687,54.03
11.703,52.51
11.718,50.59
11.734,48.34
11.750,45.92
11.765,43.64
11.781,41.78
11.796,40.44
11.812,39.54
11.828,38.75
11.843,37.68
11.859,36.06
11.875,33.81
11.890,31.0
11.906,27.72
11.921,24.0
11.937,19.77
11.953,14.95
11.968,9.57
11.984,3.81
12.000,-2.03
12.015,-7.69
12.031,-13.14
12.046,-18.49
12.062,-23.96
12.078,-29.75
12.093,-35.9
12.109,-42.45
12.125,-49.45
12.140,-57.05
12.156,-65.3
12.171,-73.85
12.187,-81.72
12.203,-87.28
12.218,-88.66
12.234,-84.38
12.250,-73.94
12.265,-58.2
12.281,-39.11
12.296,-19.2
12.312,-0.77
12.328,14.67
12.343,26.6
12.359,35.32
12.375,41.52
12.390,45.97
12.406,49.17
12.421,51.38
12.437,52.7
12.453,53.19
12.468,52.92
12.484,51.98
12.500,50.46
12.515,48.52
12.531,46.32
12.546,44.13
12.562,42.27
12.578,41.01
12.593,40.49
12.609,40.59
12.625,40.99
12.640,41.19
12.656,40.76
12.671,39.42
12.687,37.11
12.703,33.97
12.718,30.1
12.734,25.57
12.750,20.34
12.765,14.42
12.781,7.92
12.796,1.07
12.812,-5.76
12.828,-12.31
12.843,-18.41
12.859,-24.11
12.875,-29.59
12.890,-35.09
12.906,-40.89
12.921,-47.29
12.937,-54.5
12.953,-62.46
12.968,-70.56
12.984,-77.53
13.000,-81.59
13.015,-80.84
13.031,-74.13
13.046,-61.46
13.062,-44.27
13.078,-24.95
13.093,-6.13
13.109,10.15
13.125,22.91
13.140,32.19
13.156,38.6
13.171,42.82
13.187,45.35
13.203,46.4
13.218,46.15
13.234,44.88
13.250,43.01
13.265,40.98
13.281,39.02
13.296,37.12
13.312,35.13
13.328,32.92
13.343,30.54
13.359,28.23
13.375,26.28
13.390,24.88
13.406,23.99
13.421,23.35
13.437,22.6
13.453,21.41
13.468,19.62
13.484,17.28
13.500,14.51
13.515,11.46
13.531,8.13
13.546,4.44
13.562,0.25
13.578,-4.49
13.593,-9.63
13.609,-14.9
13.625,-20.0
13.640,-24.82
13.656,-29.51
13.671,-34.56
13.687,-40.51
13.703,-47.65
13.718,-55.83
13.734,-64.25
13.750,-71.59
13.765,-76.27
13.781,-76.83
13.796,-72.37
13.812,-62.82
13.828,-48.97
13.843,-32.4
13.859,-15.07
13.875,1.17
13.890,14.98
13.906,25.69
13.921,33.21
13.937,37.86
13.953,40.06
13.968,40.3
13.984,39.04
14.000,36.84
14.015,34.27
14.031,31.76
14.046,29.56
14.062,27.61
14.078,25.72
14.093,23.72
14.109,21.7
14.125,19.93
14.140,18.74
14.156,18.3
14.171,18.47
14.187,18.86
14.203,18.98
14.218,18.47
14.234,17.11
14.250,14.85
14.265,11.67
14.281,7.62
14.296,2.74
14.312,-2.84
14.328,-8.82
14.343,-14.84
14.359,-20.52
14.375,-25.66
14.390,-30.27
14.406,-34.64
14.421,-39.22
14.437,-44.5
14.453,-50.84
14.468,-58.19
14.484,-65.97
14.500,-72.94
14.515,-77.41
14.531,-77.69
14.546,-72.6
14.562,-62.03
14.578,-46.97
14.593,-29.44
14.609,-11.73
14.625,4.15
14.640,17.08
14.656,26.73
14.671,33.47
14.687,37.84
14.703,40.3
14.718,41.18
14.734,40.77
14.750,39.48
14.765,37.79
14.781,36.14
14.796,34.7
14.812,33.31
14.828,31.66
14.843,29.46
14.859,26.8
14.875,24.1
14.890,21.93
14.906,20.77
14.921,20.66
14.937,21.23
14.953,21.81
14.968,21.77
14.984,20.72
15.000,18.55
15.015,15.41
15.031,11.45
15.046,6.81
15.062,1.51
15.078,-4.43
15.093,-10.86
15.109,-17.5
15.125,-23.94
15.140,-29.8
15.156,-34.91
15.171,-39.46
15.187,-43.95
15.203,-49.04
15.218,-55.35
15.234,-62.98
15.250,-71.39
15.265,-79.29
15.281,-84.92
15.296,-86.47
15.312,-82.69
15.328,-73.27
15.343,-59.04
15.359,-41.69
15.375,-23.27
15.390,-5.81
15.406,9.16
15.421,20.76
15.437,28.69
15.453,33.24
15.468,35.1
15.484,35.14
15.500,34.26
15.515,33.14
15.531,32.11
15.546,31.14
15.562,29.99
15.578,28.38
15.593,26.21
15.609,23.58
15.625,20.78
15.640,18.22
15.656,16.25
15.671,15.14
15.687,14.97
15.703,15.62
15.718,16.76
15.734,17.9
15.750,18.53
15.765,18.28
15.781,16.98
15.796,14.7
15.812,11.67
15.828,8.12
15.843,4.22
15.859,0.02
15.875,-4.44
15.890,-9.13
15.906,-13.92
15.921,-18.67
15.937,-23.33
15.953,-27.9
15.968,-32.49
15.984,-37.33
16.000,-42.64
16.015,-48.67
16.031,-55.52
16.046,-62.94
16.062,-70.2
16.078,-75.97
16.093,-78.49
16.109,-76.1
16.125,-67.8
16.140,-53.76
16.156,-35.46
16.171,-15.31
16.187,4.1
16.203,20.72
16.218,33.53
16.234,42.61
16.250,48.74
16.265,52.89
16.281,55.85
16.296,58.01
16.312,59.44
16.328,60.05
16.343,59.75
16.359,58.57
16.375,56.62
16.390,54.06
16.406,51.1
16.421,47.94
16.437,44.85
16.453,42.23
16.468,40.41
16.484,39.54
16.500,39.4
16.515,39.46
16.531,39.02
16.546,37.49
16.562,34.66
16.578,30.72
16.593,26.2
16.609,21.58
16.625,17.17
16.640,12.92
16.656,8.6
16.671,3.93
16.687,-1.28
16.703,-7.05
16.718,-13.23
16.734,-19.52
16.750,-25.5
16.765,-30.78
16.781,-35.23
16.796,-39.05
16.812,-42.9
16.828,-47.59
16.843,-53.73
16.859,-61.3
16.875,-69.41
16.890,-76.45
16.906,-80.42
16.921,-79.63
16.937,-73.24
16.953,-61.58
16.968,-46.09
16.984,-28.86
17.000,-12.04
17.015,2.7
17.031,14.57
17.046,23.56
17.062,30.15
17.078,34.81
17.093,37.84
17.109,39.28
17.125,39.16
17.140,37.67
17.156,35.24
17.171,32.39
17.187,29.56
17.203,26.9
17.218,24.39
17.234,21.94
17.250,19.52
17.265,17.24
17.281,15.25
17.296,13.67
17.312,12.5
17.328,11.62
17.343,10.9
17.359,10.22
17.375,9.52
17.390,8.68
17.406,7.47
17.421,5.57
17.437,2.66
17.453,-1.42
17.468,-6.63
17.484,-12.63
17.500,-19.0
17.515,-25.37
17.531,-31.49
17.546,-37.26
17.562,-42.81
17.578,-48.32
17.593,-54.05
17.609,-60.24
17.625,-66.88
17.640,-73.59
17.656,-79.37
17.671,-82.76
17.687,-82.15
17.703,-76.37
17.718,-65.16
17.734,-49.44
17.750,-31.15
17.765,-12.7
17.781,3.73
17.796,16.74
17.812,25.9
17.828,31.6
17.843,34.72
17.859,36.14
17.875,36.51
17.890,36.16
17.906,35.17
17.921,33.54
17.937,31.33
17.953,28.73
17.968,26.02
17.984,23.45
18.000,21.2
18.015,19.33
18.031,17.82
18.046,16.67
18.062,15.92
18.078,15.62
18.093,15.77
18.109,16.24
18.125,16.7
18.140,16.66
18.156,15.65
18.171,13.28
18.187,9.43
18.203,4.25
18.218,-1.83
18.234,-8.26
18.250,-14.47
18.265,-20.09
18.281,-24.97
18.296,-29.25
18.312,-33.34
18.328,-37.82
18.343,-43.34
18.359,-50.37
18.375,-58.97
18.390,-68.59
18.406,-77.96
18.421,-85.28
18.437,-88.6
18.453,-86.43
18.468,-78.14
18.484,-64.23
18.500,-46.28
18.515,-26.41
18.531,-6.9
18.546,10.47
18.562,24.67
18.578,35.43
18.593,43.19
18.609,48.7
18.625,52.78
18.640,55.97
18.656,58.51
18.671,60.27
18.687,61.06
18.703,60.7
18.718,59.25
18.734,56.95
18.750,54.18
18.765,51.33
18.781,48.76
18.796,46.74
18.812,45.4
18.828,44.74
18.843,44.47
18.859,44.15
18.875,43.27
18.890,41.39
18.906,38.37
18.921,34.34
18.937,29.66
18.953,24.65
18.968,19.51
18.984,14.21
19.000,8.63
19.015,2.73
19.031,-3.45
19.046,-9.66
19.062,-15.73
19.078,-21.56
19.093,-27.19
19.109,-32.79
19.125,-38.57
19.140,-44.76
19.156,-51.56
19.171,-59.11
19.187,-67.3
19.203,-75.49
19.218,-82.46
19.234,-86.45
19.250,-85.65
19.265,-78.89
19.281,-66.16
19.296,-48.77
19.312,-28.99
19.328,-9.32
19.343,8.28
19.359,22.79
19.375,34.1
19.390,42.54
19.406,48.55
19.421,52.3
19.437,53.91
19.453,53.61
19.468,51.88
19.484,49.41
19.500,46.85
19.515,44.54
19.531,42.42
19.546,40.25
19.562,37.77
19.578,35.03
19.593,32.39
19.609,30.35
19.625,29.29
19.640,29.22
19.656,29.76
19.671,30.28
19.687,30.14
19.703,28.94
19.718,26.63
19.734,23.53
19.750,20.11
19.765,16.74
19.781,13.53
19.796,10.26
19.812,6.51
19.828,1.92
19.843,-3.58
19.859,-9.75
19.875,-16.11
19.890,-22.15
19.906,-27.56
19.921,-32.41
19.937,-37.07
19.953,-42.14
19.968,-48.13
19.984,-55.34
20.000,-63.68
20.015,-72.48
20.031,-80.53
20.046,-86.22
20.062,-87.88
20.078,-84.22
20.093,-74.74
20.109,-60.05
20.125,-41.68
20.140,-21.78
20.156,-2.51
20.171,14.39
20.187,27.97
20.203,37.98
20.218,44.81
20.234,49.1
20.250,51.56
20.265,52.81
20.281,53.29
20.296,53.26
20.312,52.84
20.328,52.1
20.343,51.07
20.359,49.72
20.375,48.09
20.390,46.23
20.406,44.22
20.421,42.23
20.437,40.43
20.453,39.02
20.468,38.08
20.484,37.56
20.500,37.16
20.515,36.43
20.531,34.89
20.546,32.24
20.562,28.48
20.578,23.9
20.593,19.0
20.609,14.25
20.625,9.85
20.640,5.72
20.656,1.55
20.671,-3.03
20.687,-8.2
20.703,-13.83
20.718,-19.59
20.734,-25.03
20.750,-29.87
20.765,-34.16
20.781,-38.25
20.796,-42.73
20.812,-48.16
20.828,-54.75
20.843,-62.17
20.859,-69.42
20.875,-74.98
20.890,-77.19
20.906,-74.65
20.921,-66.76
20.937,-53.9
20.953,-37.44
20.968,-19.34
20.984,-1.59
21.000,14.2
21.015,27.14
21.031,37.01
21.046,44.06
21.062,48.74
21.078,51.48
21.093,52.62
21.109,52.4
21.125,51.06
21.140,48.86
21.156,46.08
21.171,43.01
21.187,39.87
21.203,36.92
21.218,34.33
21.234,32.32
21.250,31.03
21.265,30.49
21.281,30.52
21.296,30.8
21.312,30.85
21.328,30.23
21.343,28.68
21.359,26.26
21.375,23.27
21.390,20.05
21.406,16.8
21.421,13.45
21.437,9.72
21.453,5.3
21.468,0.03
21.484,-5.98
21.500,-12.37
21.515,-18.64
21.531,-24.39
21.546,-29.43
21.562,-33.89
21.578,-38.18
21.593,-42.93
21.609,-48.69
21.625,-55.64
21.640,-63.33
21.656,-70.58
21.671,-75.72
21.687,-77.02
21.703,-73.15
21.718,-63.71
21.734,-49.36
21.750,-31.73
21.765,-13.04
21.781,4.5
21.796,19.21
21.812,30.25
21.828,37.68
21.843,42.21
21.859,44.78
21.875,46.15
21.890,46.7
21.906,46.51
21.921,45.51
21.937,43.74
21.953,41.39
21.968,38.82
21.984,36.33
22.000,34.13
22.015,32.31
22.031,30.79
22.046,29.46
22.062,28.09
22.078,26.52
22.093,24.68
22.109,22.68
22.125,20.69
22.140,18.85
22.156,17.12
22.171,15.15
22.187,12.47
22.203,8.68
22.218,3.75
22.234,-1.95
22.250,-7.84
22.265,-13.4
22.281,-18.42
22.296,-23.04
22.312,-27.64
22.328,-32.56
22.343,-38.03
22.359,-44.21
22.375,-51.21
22.390,-59.1
22.406,-67.69
22.421,-76.28
22.437,-83.52
22.453,-87.65
22.468,-86.96
22.484,-80.48
22.500,-68.4
22.515,-52.02
22.531,-33.46
22.546,-14.86
22.562,2.04
22.578,16.27
22.593,27.51
22.609,35.92
22.625,41.86
22.640,45.7
22.656,47.82
22.671,48.62
22.687,48.54
22.703,47.94
22.718,47.06
22.734,45.97
22.750,44.6
22.765,42.82
22.781,40.62
22.796,38.16
22.812,35.7
22.828,33.54
22.843,31.8
22.859,30.44
22.875,29.22
22.890,27.87
22.906,26.19
22.921,24.09
22.937,21.6
22.953,18.77
22.968,15.58
22.984,11.95
23.000,7.82
23.015,3.18
23.031,-1.79
23.046,-6.72
23.062,-11.19
23.078,-14.88
23.093,-17.63
23.109,-19.54
23.125,-20.95
23.140,-22.28
23.156,-23.93
23.171,-26.23
23.187,-29.25
23.203,-32.69
23.218,-35.86
23.234,-37.55
23.250,-36.35
23.265,-31.06
23.281,-21.07
23.296,-6.82
23.312,10.12
23.328,27.57
23.343,43.21
23.359,55.29
23.375,63.1
23.390,66.97
23.406,67.97
23.421,67.38
23.437,66.24
23.453,65.04
23.468,63.71
23.484,61.86
23.500,59.01
23.515,54.9
23.531,49.48
23.546,42.96
23.562,35.69
23.578,28.0
23.593,20.15
23.609,12.41
23.625,4.98
23.640,-1.82
23.656,-7.59
23.671,-11.99
23.687,-14.75
23.703,-15.86
23.718,-15.61
23.734,-14.47
23.750,-12.94
23.765,-11.46
23.781,-10.27
23.796,-9.49
23.812,-9.26
23.828,-9.7
23.843,-10.87
23.859,-12.72
23.875,-14.98
23.890,-17.32
23.906,-19.42
23.921,-21.24
23.937,-23.06
23.953,-25.35
23.968,-28.54
23.984,-32.78
24.000,-37.69
24.015,-42.31
24.031,-45.25
24.046,-45.08
24.062,-40.73
24.078,-31.79
24.093,-18.74
24.109,-2.79
24.125,14.38
24.140,31.02
24.156,45.65
24.171,57.23
24.187,65.23
24.203,69.63
24.218,70.87
24.234,69.66
24.250,66.8
24.265,63.0
24.281,58.73
24.296,54.22
24.312,49.55
24.328,44.75
24.343,39.81
24.359,34.83
24.375,29.83
24.390,24.85
24.406,19.96
24.421,15.29
24.437,11.01
24.453,7.23
24.468,3.87
24.484,0.52
24.500,-3.51
24.515,-9.01
24.531,-16.43
24.546,-25.69
24.562,-36.06
24.578,-46.42
24.593,-55.62
24.609,-62.8
24.625,-67.65
24.640,-70.44
24.656,-71.78
24.671,-72.51
24.687,-73.45
24.703,-75.4
24.718,-78.9
24.734,-84.16
24.750,-90.77
24.765,-97.71
24.781,-103.42
24.796,-106.26
24.812,-104.91
24.828,-98.76
24.843,-88.11
24.859,-73.93
24.875,-57.66
24.890,-40.77
24.906,-24.53
24.921,-9.84
24.937,2.88
24.953,13.56
24.968,22.43
24.984,29.78
25.000,35.83
25.015,40.58
25.031,43.87
25.046,45.55
25.062,45.65
25.078,44.49
25.093,42.58
25.109,40.41
25.125,38.26
25.140,36.16
25.156,33.93
25.171,31.4
25.187,28.59
25.203,25.62
25.218,22.67
25.234,19.78
25.250,16.78
25.265,13.37
25.281,9.24
25.296,4.15
25.312,-2.0
25.328,-9.12
25.343,-16.97
25.359,-25.12
25.375,-33.04
25.390,-40.19
25.406,-46.21
25.421,-51.16
25.437,-55.52
25.453,-60.07
25.468,-65.53
25.484,-72.15
25.500,-79.43
25.515,-86.11
25.531,-90.46
25.546,-90.77
25.562,-85.9
25.578,-75.7
25.593,-61.05
25.609,-43.66
25.625,-25.52
25.640,-8.44
25.656,6.37
25.671,18.3
25.687,27.19
25.703,33.09
25.718,36.1
25.734,36.41
25.750,34.38
25.765,30.6
25.781,25.82
25.796,20.84
25.812,16.29
25.828,12.58
25.843,9.94
25.859,8.48
25.875,8.27
25.890,9.3
25.906,11.44
25.921,14.32
25.937,17.38
25.953,19.97
25.968,21.55
25.984,21.9
26.000,21.09
26.015,19.47
26.031,17.37
26.046,15.04
26.062,12.45
26.078,9.45
26.093,5.89
26.109,1.75
26.125,-2.81
26.140,-7.55
26.156,-12.24
26.171,-16.82
26.187,-21.37
26.203,-26.16
26.218,-31.51
26.234,-37.71
26.250,-44.98
26.265,-53.27
26.281,-62.2
26.296,-70.83
26.312,-77.76
26.328,-81.29
26.343,-79.89
26.359,-72.83
26.375,-60.43
26.390,-44.25
26.406,-26.57
26.421,-9.67
26.437,4.76
26.453,15.94
26.468,23.83
26.484,28.72
26.500,30.89
26.515,30.59
26.531,28.19
26.546,24.46
26.562,20.54
26.578,17.61
26.593,16.47
26.609,17.24
26.625,19.39
26.640,22.07
26.656,24.6
26.671,26.68
26.687,28.41
26.703,30.11
26.718,31.98
26.734,33.9
26.750,35.47
26.765,36.17
26.781,35.53
26.796,33.46
26.812,30.19
26.828,26.27
26.843,22.29
26.859,18.58
26.875,15.16
26.890,11.63
26.906,7.45
26.921,2.22
26.937,-4.07
26.953,-10.95
26.968,-17.69
26.984,-23.51
27.000,-28.08
27.015,-31.63
27.031,-34.92
27.046,-39.0
27.062,-44.7
27.078,-52.24
27.093,-60.87
27.109,-68.95
27.125,-74.28
27.140,-74.81
27.156,-69.26
27.171,-57.53
27.187,-40.8
27.203,-21.05
27.218,-0.53
27.234,18.85
27.250,35.83
27.265,49.77
27.281,60.51
27.296,68.13
27.312,72.82
27.328,74.88
27.343,74.7
27.359,72.77
27.375,69.62
27.390,65.72
27.406,61.47
27.421,57.2
27.437,53.16
27.453,49.68
27.468,46.97
27.484,45.18
27.500,44.26
27.515,43.95
27.531,43.8
27.546,43.25
27.562,41.7
27.578,38.66
27.593,33.89
27.609,27.53
27.625,20.22
27.640,12.89
27.656,6.5
27.671,1.69
27.687,-1.52
27.703,-3.68
27.718,-5.69
27.734,-8.38
27.750,-12.17
27.765,-16.96
27.781,-22.3
27.796,-27.65
27.812,-32.63
27.828,-37.2
27.843,-41.59
27.859,-46.25
27.875,-51.61
27.890,-57.97
27.906,-65.19
27.921,-72.61
27.937,-78.91
27.953,-82.33
27.968,-81.04
27.984,-73.74
28.000,-60.32
28.015,-41.96
28.031,-21.0
28.046,-0.28
28.062,17.75
28.078,31.57
28.093,40.84
28.109,46.11
28.125,48.39
28.140,48.65
28.156,47.54
28.171,45.4
28.187,42.18
28.203,37.56
28.218,30.83
28.234,21.09
28.250,7.64
28.265,-9.4
28.281,-28.69
28.296,-47.74
28.312,-63.53
28.328,-73.45
28.343,-76.19
28.359,-72.1
28.375,-62.9
28.390,-50.91
28.406,-38.25
28.421,-26.36
28.437,-16.0
28.453,-7.5
28.468,-1.18
28.484,2.69
28.500,3.93
28.515,2.8
28.531,-0.07
28.546,-3.74
28.562,-7.44
28.578,-10.77
28.593,-13.89
28.609,-17.24
28.625,-21.41
28.640,-26.74
28.656,-33.35
28.671,-41.08
28.687,-49.62
28.703,-58.34
28.718,-66.24
28.734,-71.88
28.750,-73.59
28.765,-70.02
28.781,-60.58
28.796,-45.8
28.812,-27.23
28.828,-7.07
28.843,12.5
28.859,29.73
28.875,43.63
28.890,53.87
28.906,60.66
28.921,64.48
28.937,65.97
28.953,65.78
28.968,64.49
28.984,62.57
29.000,60.3
29.015,57.79
29.031,55.09
29.046,52.3
29.062,49.67
29.078,47.52
29.093,46.18
29.109,45.8
29.125,46.28
29.140,47.27
29.156,48.28
29.171,48.82
29.187,48.56
29.203,47.39
29.218,45.3
29.234,42.4
29.250,38.74
29.265,34.32
29.281,29.0
29.296,22.61
29.312,15.07
29.328,6.51
29.343,-2.69
29.359,-11.98
29.375,-20.76
29.390,-28.68
29.406,-35.66
29.421,-41.97
29.437,-48.2
29.453,-55.05
29.468,-63.09
29.484,-72.5
29.500,-82.69
29.515,-92.24
29.531,-99.02
29.546,-100.74
29.562,-95.74
29.578,-83.66
29.593,-65.69
29.609,-44.3
29.625,-22.37
29.640,-2.41
29.656,14.09
29.671,26.65
29.687,35.62
29.703,41.75
29.718,45.78
29.734,48.41
29.750,50.14
29.765,51.36
29.781,52.24
29.796,52.74
29.812,52.63
29.828,51.64
29.843,49.62
29.859,46.62
29.875,43.04
29.890,39.46
29.906,36.58
29.921,34.98
29.937,34.8
29.953,35.74
29.968,37.02
29.984,37.59
30.000,36.53
30.015,33.4
30.031,28.35
30.046,22.1
30.062,15.5
30.078,9.15
30.093,3.23
30.109,-2.59
30.125,-8.76
30.140,-15.59
30.156,-22.97
30.171,-30.52
30.187,-37.76
30.203,-44.46
30.218,-50.72
30.234,-56.97
30.250,-63.73
30.265,-71.29
30.281,-79.55
30.296,-87.76
30.312,-94.73
30.328,-98.87
30.343,-98.62
30.359,-92.83
30.375,-81.13
30.390,-64.15
30.406,-43.43
30.421,-21.1
30.437,0.52
30.453,19.44
30.468,34.29
30.484,44.51
30.500,50.39
30.515,52.93
30.531,53.5
30.546,53.42
30.562,53.57
30.578,54.15
30.593,54.87
30.609,55.25
30.625,54.96
30.640,53.99
30.656,52.53
30.671,50.81
30.687,48.91
30.703,46.79
30.718,44.42
30.734,41.92
30.750,39.57
30.765,37.63
30.781,36.24
30.796,35.29
30.812,34.46
30.828,33.34
30.843,31.53
30.859,28.68
30.875,24.61
30.890,19.19
30.906,12.39
30.921,4.34
30.937,-4.64
30.953,-14.0
30.968,-23.06
30.984,-31.12
31.000,-37.68
31.015,-42.59
31.031,-46.2
31.046,-49.36
31.062,-53.18
31.078,-58.62
31.093,-66.12
31.109,-75.17
31.125,-84.21
31.140,-90.92
31.156,-92.8
31.171,-88.03
31.187,-76.09
31.203,-58.08
31.218,-36.42
31.234,-14.12
31.250,6.16
31.265,22.75
31.281,35.2
31.296,44.03
31.312,50.16
31.328,54.33
31.343,56.94
31.359,58.04
31.375,57.55
31.390,55.59
31.406,52.52
31.421,48.87
31.437,45.24
31.453,42.18
31.468,40.02
31.484,38.82
31.500,38.27
31.515,37.51
31.531,35.31
31.546,30.38
31.562,21.82
31.578,9.67
31.593,-4.96
31.609,-20.08
31.625,-33.51
31.640,-43.61
31.656,-49.78
31.671,-52.53
31.687,-53.02
31.703,-52.64
31.718,-52.32
31.734,-52.47
31.750,-53.07
31.765,-54.02
31.781,-55.37
31.796,-57.47
31.812,-60.81
31.828,-65.8
31.843,-72.55
31.859,-80.68
31.875,-89.26
31.890,-96.88
31.906,-101.78
31.921,-102.17
31.937,-96.76
31.953,-85.1
31.968,-67.9
31.984,-46.93
32.000,-24.51
32.015,-2.99
32.031,15.86
32.046,31.03
32.062,42.3
32.078,49.93
32.093,54.44
32.109,56.36
32.125,56.2
32.140,54.5
32.156,51.84
32.171,48.8
32.187,45.88
32.203,43.36
32.218,41.28
32.234,39.44
32.250,37.6
32.265,35.63
32.281,33.64
32.296,32.01
32.312,31.09
32.328,30.99
32.343,31.44
32.359,31.8
32.375,31.38
32.390,29.7
32.406,26.54
32.421,22.07
32.437,16.65
32.453,10.71
32.468,4.64
32.484,-1.3
32.500,-6.99
32.515,-12.49
32.531,-18.02
32.546,-23.9
32.562,-30.53
32.578,-38.22
32.593,-47.15
32.609,-57.14
32.625,-67.49
32.640,-76.87
32.656,-83.43
32.671,-85.16
32.687,-80.62
32.703,-69.42
32.718,-52.52
32.734,-32.04
32.750,-10.52
32.765,9.72
32.781,27.11
32.796,41.01
32.812,51.46
32.828,58.91
32.843,63.93
32.859,67.11
32.875,68.88
32.890,69.58
32.906,69.37
32.921,68.23
32.937,66.14
32.953,63.15
32.968,59.52
32.984,55.66
33.000,52.02
33.015,48.91
33.031,46.42
33.046,44.43
33.062,42.68
33.078,40.93
33.093,38.98
33.109,36.77
33.125,34.3
33.140,31.55
33.156,28.41
33.171,24.7
33.187,20.21
33.203,14.84
33.218,8.62
33.234,1.74
33.250,-5.47
33.265,-12.69
33.281,-19.62
33.296,-26.16
33.312,-32.47
33.328,-39.04
33.343,-46.45
33.359,-55.27
33.375,-65.6
33.390,-76.8
33.406,-87.45
33.421,-95.55
33.437,-99.03
33.453,-96.36
33.468,-87.04
33.484,-71.75
33.500,-52.13
33.515,-30.38
33.531,-8.76
33.546,10.95
33.562,27.58
33.578,40.71
33.593,50.53
33.609,57.54
33.625,62.36
33.640,65.57
33.656,67.58
33.671,68.65
33.687,68.92
33.703,68.46
33.718,67.32
33.734,65.58
33.750,63.39
33.765,60.89
33.781,58.27
33.796,55.7
33.812,53.3
33.828,51.14
33.843,49.28
33.859,47.67
33.875,46.23
33.890,44.71
33.906,42.72
33.921,39.81
33.937,35.58
33.953,29.86
33.968,22.77
33.984,14.61
34.000,5.83
34.015,-3.21
34.031,-12.32
34.046,-21.4
34.062,-30.47
34.078,-39.44
34.093,-48.21
34.109,-56.7
34.125,-64.91
34.140,-72.96
34.156,-80.92
34.171,-88.51
34.187,-94.86
34.203,-98.47
34.218,-97.55
34.234,-90.59
34.250,-77.12
34.265,-58.06
34.281,-35.59
34.296,-12.48
34.312,8.71
34.328,26.35
34.343,39.91
34.359,49.69
34.375,56.38
34.390,60.64
34.406,62.94
34.421,63.63
34.437,62.98
34.453,61.27
34.468,58.78
34.484,55.75
34.500,52.42
34.515,48.98
34.531,45.66
34.546,42.71
34.562,40.27
34.578,38.4
34.593,37.04
34.609,36.02
34.625,35.2
34.640,34.36
34.656,33.29
34.671,31.66
34.687,29.2
34.703,25.68
34.718,21.03
34.734,15.43
34.750,9.21
34.765,2.75
34.781,-3.62
34.796,-9.66
34.812,-15.31
34.828,-20.61
34.843,-25.68
34.859,-30.69
34.875,-35.94
34.890,-41.77
34.906,-48.48
34.921,-56.15
34.937,-64.41
34.953,-72.27
34.968,-78.18
34.984,-80.33
35.000,-77.18
35.015,-68.0
35.031,-53.28
35.046,-34.58
35.062,-14.19
35.078,5.55
35.093,22.9
35.109,36.91
35.125,47.39
35.140,54.64
35.156,59.09
35.171,61.16
35.187,61.22
35.203,59.72
35.218,57.26
35.234,54.52
35.250,52.12
35.265,50.47
35.281,49.61
35.296,49.37
35.312,49.41
35.328,49.37
35.343,49.01
35.359,48.21
35.375,46.94
35.390,45.26
35.406,43.26
35.421,41.01
35.437,38.5
35.453,35.59
35.468,32.03
35.484,27.48
35.500,21.69
35.515,14.7
35.531,6.85
35.546,-1.18
35.562,-8.69
35.578,-15.19
35.593,-20.65
35.609,-25.57
35.625,-30.74
35.640,-37.01
35.656,-44.89
35.671,-54.21
35.687,-64.01
35.703,-72.65
35.718,-78.13
35.734,-78.55
35.750,-72.76
35.765,-60.65
35.781,-43.32
35.796,-22.86
35.812,-1.75
35.828,17.72
35.843,33.99
35.859,46.4
35.875,55.09
35.890,60.66
35.906,63.82
35.921,65.13
35.937,64.96
35.953,63.67
35.968,61.69
35.984,59.61
36.000,58.02
36.015,57.31
36.031,57.43
36.046,57.93
36.062,58.05
36.078,57.01
36.093,54.19
36.109,49.4
36.125,42.8
36.140,34.94
36.156,26.61
36.171,18.69
36.187,12.01
36.203,6.97
36.218,3.53
36.234,1.13
36.250,-1.05
36.265,-3.71
36.281,-7.19
36.296,-11.34
36.312,-15.83
36.328,-20.37
36.343,-24.97
36.359,-29.93
36.375,-35.56
36.390,-42.06
36.406,-49.39
36.421,-57.5
36.437,-66.32
36.453,-75.77
36.468,-85.42
36.484,-94.17
36.500,-100.24
36.515,-101.65
36.531,-96.88
36.546,-85.59
36.562,-68.9
36.578,-49.03
36.593,-28.63
36.609,-9.98
36.625,5.58
36.640,17.66
36.656,26.58
36.671,32.97
36.687,37.49
36.703,40.59
36.718,42.58
36.734,43.65
36.750,43.96
36.765,43.65
36.781,42.79
36.796,41.47
36.812,39.71
36.828,37.65
36.843,35.43
36.859,33.31
36.875,31.53
36.890,30.2
36.906,29.27
36.921,28.46
36.937,27.45
36.953,25.99
36.968,23.97
36.984,21.31
37.000,18.03
37.015,14.09
37.031,9.45
37.046,4.16
37.062,-1.71
37.078,-8.02
37.093,-14.61
37.109,-21.33
37.125,-28.13
37.140,-35.16
37.156,-42.82
37.171,-51.77
37.187,-62.61
37.203,-75.69
37.218,-90.78
37.234,-107.12
37.250,-123.5
37.265,-138.59
37.281,-151.12
37.296,-159.9
37.312,-163.84
37.328,-161.84
37.343,-153.16
37.359,-137.8
37.375,-116.83
37.390,-92.41
37.406,-67.24
37.421,-43.83
37.437,-23.79
37.453,-7.66
37.468,4.95
37.484,14.89
37.500,22.95
37.515,29.65
37.531,35.16
37.546,39.5
37.562,42.59
37.578,44.45
37.593,45.16
37.609,44.91
37.625,44.02
37.640,42.91
37.656,42.09
37.671,41.98
37.687,42.79
37.703,44.4
37.718,46.42
37.734,48.37
37.750,49.86
37.765,50.64
37.781,50.71
37.796,50.17
37.812,49.11
37.828,47.58
37.843,45.53
37.859,42.83
37.875,39.38
37.890,35.06
37.906,29.79
37.921,23.62
37.937,16.7
37.953,9.33
37.968,1.85
37.984,-5.4
38.000,-12.22
38.015,-18.55
38.031,-24.47
38.046,-30.19
38.062,-36.06
38.078,-42.5
38.093,-49.8
38.109,-57.84
38.125,-65.82
38.140,-72.21
38.156,-75.06
38.171,-72.64
38.187,-64.15
38.203,-50.11
38.218,-32.25
38.234,-13.02
38.250,5.19
38.265,20.67
38.281,32.63
38.296,41.03
38.312,46.34
38.328,49.23
38.343,50.31
38.359,50.14
38.375,49.19
38.390,47.76
38.406,46.05
38.421,44.14
38.437,42.0
38.453,39.59
38.468,36.96
38.484,34.3
38.500,31.92
38.515,30.15
38.531,29.22
38.546,29.17
38.562,29.78
38.578,30.61
38.593,31.16
38.609,30.98
38.625,29.8
38.640,27.6
38.656,24.57
38.671,20.89
38.687,16.72
38.703,12.09
38.718,6.96
38.734,1.28
38.750,-4.94
38.765,-11.53
38.781,-18.17
38.796,-24.47
38.812,-30.18
38.828,-35.29
38.843,-40.09
38.859,-45.11
38.875,-50.92
38.890,-57.79
38.906,-65.39
38.921,-72.7
38.937,-78.09
38.953,-79.72
38.968,-76.12
38.984,-66.74
39.000,-52.22
39.015,-34.25
39.031,-15.17
39.046,2.74
39.062,17.75
39.078,29.02
39.093,36.55
39.109,41.0
39.125,43.28
39.140,44.25
39.156,44.56
39.171,44.52
39.187,44.15
39.203,43.37
39.218,42.05
39.234,40.21
39.250,37.92
39.265,35.4
39.281,32.85
39.296,30.45
39.312,28.32
39.328,26.52
39.343,25.05
39.359,23.91
39.375,23.0
39.390,22.09
39.406,20.85
39.421,18.88
39.437,15.88
39.453,11.72
39.468,6.59
39.484,0.79
39.500,-5.29
39.515,-11.35
39.531,-17.24
39.546,-22.9
39.562,-28.25
39.578,-33.23
39.593,-37.8
39.609,-42.09
39.625,-46.42
39.640,-51.31
39.656,-57.23
39.671,-64.39
39.687,-72.48
39.703,-80.45
39.718,-86.7
39.734,-89.3
39.750,-86.65
39.765,-77.95
39.781,-63.61
39.796,-45.22
39.812,-25.19
39.828,-6.0
39.843,10.42
39.859,23.09
39.875,32.05
39.890,37.95
39.906,41.69
39.921,44.04
39.937,45.49
39.953,46.26
39.968,46.41
39.984,45.98
40.000,44.99
40.015,43.52
40.031,41.67
40.046,39.51
40.062,37.14
40.078,34.68
40.093,32.34
40.109,30.42
40.125,29.18
40.140,28.67
40.156,28.73
40.171,28.94
40.187,28.71
40.203,27.57
40.218,25.35
40.234,22.16
40.250,18.34
40.265,14.07
40.281,9.32
40.296,3.84
40.312,-2.61
40.328,-10.06
40.343,-18.11
40.359,-26.16
40.375,-33.59
40.390,-40.11
40.406,-45.88
40.421,-51.44
40.437,-57.51
40.453,-64.65
40.468,-73.06
40.484,-82.33
40.500,-91.43
40.515,-98.72
40.531,-102.25
40.546,-100.26
40.562,-91.78
40.578,-77.07
40.593,-57.69
40.609,-36.18
40.625,-15.23
40.640,2.96
40.656,17.25
40.671,27.53
40.687,34.4
40.703,38.69
40.718,41.13
40.734,42.19
40.750,42.19
40.765,41.41
40.781,40.13
40.796,38.64
40.812,37.12
40.828,35.55
40.843,33.79
40.859,31.65
40.875,29.12
40.890,26.36
40.906,23.79
40.921,21.87
40.937,20.88
40.953,20.85
40.968,21.42
40.984,22.09
41.000,22.27
41.015,21.63
41.031,20.06
41.046,17.69
41.062,14.76
41.078,11.36
41.093,7.46
41.109,2.85
41.125,-2.62
41.140,-8.91
41.156,-15.66
41.171,-22.29
41.187,-28.27
41.203,-33.33
41.218,-37.71
41.234,-42.01
41.250,-47.01
41.265,-53.34
41.281,-61.22
41.296,-70.27
41.312,-79.47
41.328,-87.25
41.343,-91.8
41.359,-91.4
41.375,-84.89
41.390,-72.17
41.406,-54.3
41.421,-33.38
41.437,-11.96
41.453,7.59
41.468,23.75
41.484,36.01
41.500,44.72
41.515,50.7
41.531,54.7
41.546,57.25
41.562,58.56
41.578,58.73
41.593,57.86
41.609,56.16
41.625,53.94
41.640,51.51
41.656,49.1
41.671,46.85
41.687,44.84
41.703,43.13
41.718,41.73
41.734,40.64
41.750,39.73
41.765,38.78
41.781,37.51
41.796,35.72
41.812,33.22
41.828,30.0
41.843,26.06
41.859,21.45
41.875,16.26
41.890,10.59
41.906,4.6
41.921,-1.49
41.937,-7.47
41.953,-13.22
41.968,-18.65
41.984,-23.73
42.000,-28.46
42.015,-32.91
42.031,-37.29
42.046,-41.98
42.062,-47.53
42.078,-54.38
42.093,-62.61
42.109,-71.55
42.125,-79.8
42.140,-85.38
42.156,-86.31
42.171,-81.23
42.187,-69.95
42.203,-53.54
42.218,-34.04
42.234,-13.89
42.250,4.75
42.265,20.47
42.281,32.72
42.296,41.67
42.312,47.83
42.328,51.7
42.343,53.61
42.359,53.74
42.375,52.23
42.390,49.41
42.406,45.78
42.421,41.99
42.437,38.56
42.453,35.76
42.468,33.61
42.484,31.89
42.500,30.43
42.515,29.1
42.531,27.9
42.546,26.9
42.562,26.04
42.578,25.21
42.593,24.2
42.609,22.86
42.625,21.0
42.640,18.5
42.656,15.12
42.671,10.69
42.687,5.12
42.703,-1.45
42.718,-8.59
42.734,-15.73
42.750,-22.32
42.765,-28.13
42.781,-33.33
42.796,-38.44
42.812,-44.1
42.828,-50.86
42.843,-58.9
42.859,-67.87
42.875,-76.87
42.890,-84.49
42.906,-89.03
42.921,-88.81
42.937,-82.76
42.953,-70.66
42.968,-53.46
42.984,-33.11
43.000,-12.05
43.015,7.32
43.031,23.34
43.046,35.34
43.062,43.53
43.078,48.66
43.093,51.56
43.109,52.88
43.125,53.0
43.140,52.16
43.156,50.54
43.171,48.34
43.187,45.75
43.203,42.96
43.218,40.13
43.234,37.4
43.250,34.93
43.265,32.82
43.281,31.13
43.296,29.8
43.312,28.61
43.328,27.34
43.343,25.83
43.359,24.01
43.375,21.92
43.390,19.56
43.406,16.95
43.421,13.98
43.437,10.47
43.453,6.23
43.468,1.14
43.484,-4.76
43.500,-11.25
43.515,-17.98
43.531,-24.58
43.546,-30.77
43.562,-36.52
43.578,-42.03
43.593,-47.69
43.609,-53.97
43.625,-61.23
43.640,-69.62
43.656,-78.71
43.671,-87.44
43.687,-94.04
43.703,-96.42
43.718,-92.78
43.734,-82.28
43.750,-65.5
43.765,-44.34
43.781,-21.57
43.796,0.11
43.812,18.71
43.828,33.33
43.843,43.99
43.859,51.37
43.875,56.28
43.890,59.46
43.906,61.42
43.921,62.51
43.937,62.92
43.953,62.72
43.968,61.89
43.984,60.33
44.000,57.97
44.015,54.87
44.031,51.33
44.046,47.73
44.062,44.53
44.078,42.08
44.093,40.47
44.109,39.48
44.125,38.69
44.140,37.56
44.156,35.71
44.171,32.93
44.187,29.3
44.203,25.01
44.218,20.3
44.234,15.29
44.250,9.97
44.265,4.23
44.281,-2.02
44.296,-8.68
44.312,-15.53
44.328,-22.23
44.343,-28.54
44.359,-34.44
44.375,-40.17
44.390,-46.17
44.406,-52.88
44.421,-60.6
44.437,-69.23
44.453,-78.29
44.468,-86.71
44.484,-93.0
44.500,-95.36
44.515,-92.21
44.531,-82.71
44.546,-67.19
44.562,-47.29
44.578,-25.5
44.593,-4.49
44.609,13.64
44.625,27.89
44.640,38.32
44.656,45.68
44.671,50.92
44.687,54.79
44.703,57.68
44.718,59.7
44.734,60.81
44.750,61.01
44.765,60.29
44.781,58.72
44.796,56.42
44.812,53.53
44.828,50.35
44.843,47.19
44.859,44.44
44.875,42.37
44.890,41.07
44.906,40.38
44.921,39.95
44.937,39.33
44.953,38.13
44.968,36.07
44.984,33.15
45.000,29.53
45.015,25.51
45.031,21.38
45.046,17.3
45.062,13.13
45.078,8.53
45.093,3.1
45.109,-3.42
45.125,-10.89
45.140,-18.81
45.156,-26.42
45.171,-33.07
45.187,-38.5
45.203,-42.92
45.218,-47.03
45.234,-51.71
45.250,-57.77
45.265,-65.57
45.281,-74.78
45.296,-84.22
45.312,-92.09
45.328,-96.26
45.343,-94.87
45.359,-86.95
45.375,-72.78
45.390,-53.91
45.406,-32.69
45.421,-11.65
45.437,7.15
45.453,22.55
45.468,34.26
45.484,42.7
45.500,48.54
45.515,52.47
45.531,55.03
45.546,56.56
45.562,57.31
45.578,57.46
45.593,57.16
45.609,56.51
45.625,55.56
45.640,54.29
45.656,52.71
45.671,50.87
45.687,48.9
45.703,47.02
45.718,45.53
45.734,44.61
45.750,44.27
45.765,44.27
45.781,44.09
45.796,43.11
45.812,40.87
45.828,37.21
45.843,32.39
45.859,26.96
45.875,21.5
45.890,16.4
45.906,11.66
45.921,6.95
45.937,1.78
45.953,-4.23
45.968,-11.15
45.984,-18.61
46.000,-25.94
46.015,-32.49
46.031,-37.82
46.046,-42.03
46.062,-45.67
46.078,-49.61
46.093,-54.62
46.109,-61.12
46.125,-68.91
46.140,-77.14
46.156,-84.39
46.171,-88.85
46.187,-88.81
46.203,-83.08
46.218,-71.4
46.234,-54.69
46.250,-34.88
46.265,-14.4
46.281,4.45
46.296,20.09
46.312,31.86
46.328,39.95
46.343,45.03
46.359,47.93
46.375,49.36
46.390,49.79
46.406,49.49
46.421,48.59
46.437,47.15
46.453,45.21
46.468,42.84
46.484,40.18
46.500,37.5
46.515,35.01
46.531,32.94
46.546,31.43
46.562,30.45
46.578,29.88
46.593,29.45
46.609,28.8
46.625,27.59
46.640,25.59
46.656,22.75
46.671,19.18
46.687,15.11
46.703,10.65
46.718,5.83
46.734,0.57
46.750,-5.23
46.765,-11.54
46.781,-18.2
46.796,-24.87
46.812,-31.17
46.828,-36.82
46.843,-41.77
46.859,-46.26
46.875,-50.77
46.890,-55.88
46.906,-62.05
46.921,-69.3
46.937,-77.02
46.953,-83.87
46.968,-88.01
46.984,-87.57
47.000,-81.3
47.015,-69.05
47.031,-51.99
47.046,-32.25
47.062,-12.35
47.078,5.57
47.093,20.15
47.109,30.99
47.125,38.44
47.140,43.19
47.156,46.0
47.171,47.47
47.187,48.0
47.203,47.84
47.218,47.09
47.234,45.82
47.250,44.09
47.265,42.03
47.281,39.87
47.296,37.9
47.312,36.4
47.328,35.51
47.343,35.29
47.359,35.65
47.375,36.44
47.390,37.43
47.406,38.34
47.421,38.73
47.437,38.21
47.453,36.44
47.468,33.27
47.484,28.8
47.500,23.32
47.515,17.24
47.531,10.92
47.546,4.61
47.562,-1.66
47.578,-7.95
47.593,-14.39
47.609,-21.05
47.625,-27.87
47.640,-34.79
47.656,-41.78
47.671,-49.02
47.687,-56.82
47.703,-65.49
47.718,-74.92
47.734,-84.35
47.750,-92.25
47.765,-96.67
47.781,-95.84
47.796,-88.77
47.812,-75.72
47.828,-58.12
47.843,-38.21
47.859,-18.32
47.875,-0.25
47.890,14.95
47.906,27.02
47.921,36.12
47.937,42.59
47.953,46.77
47.968,49.05
47.984,49.87
48.000,49.73
48.015,49.11
48.031,48.28
48.046,47.38
48.062,46.32
48.078,45.0
48.093,43.43
48.109,41.76
48.125,40.21
48.140,38.94
48.156,38.0
48.171,37.24
48.187,36.38
48.203,35.12
48.218,33.19
48.234,30.51
48.250,27.2
48.265,23.5
48.281,19.64
48.296,15.74
48.312,11.69
48.328,7.21
48.343,2.03
48.359,-3.96
48.375,-10.58
48.390,-17.43
48.406,-24.02
48.421,-29.97
48.437,-35.14
48.453,-39.69
48.468,-44.01
48.484,-48.65
48.500,-54.09
48.515,-60.55
48.531,-67.82
48.546,-75.07
48.562,-80.93
48.578,-83.71
48.593,-81.9
48.609,-74.68
48.625,-62.24
48.640,-45.81
48.656,-27.31
48.671,-8.84
48.687,7.86
48.703,21.72
48.718,32.41
48.734,40.15
48.750,45.38
48.765,48.63
48.781,50.33
48.796,50.85
48.812,50.45
48.828,49.42
48.843,47.97
48.859,46.28
48.875,44.46
48.890,42.55
48.906,40.56
48.921,38.51
48.937,36.45
48.953,34.49
48.968,32.72
48.984,31.14
49.000,29.61
49.015,27.91
49.031,25.81
49.046,23.21
49.062,20.11
49.078,16.59
49.093,12.67
49.109,8.31
49.125,3.41
49.140,-2.05
49.156,-7.88
49.171,-13.77
49.187,-19.3
49.203,-24.24
49.218,-28.68
49.234,-32.93
49.250,-37.49
49.265,-42.76
49.281,-48.95
49.296,-55.97
49.312,-63.5
49.328,-70.94
49.343,-77.39
49.359,-81.66
49.375,-82.39
49.390,-78.39
49.406,-69.11
49.421,-55.0
49.437,-37.53
49.453,-18.95
49.468,-1.61
49.484,12.71
49.500,23.24
49.515,30.23
49.531,34.59
49.546,37.31
49.562,39.02
49.578,39.82
49.593,39.52
49.609,37.99
49.625,35.41
49.640,32.32
49.656,29.37
49.671,27.04
49.687,25.45
49.703,24.38
49.718,23.49
49.734,22.51
49.750,21.38
49.765,20.2
49.781,19.06
49.796,17.97
49.812,16.81
49.828,15.34
49.843,13.36
49.859,10.67
49.875,7.12
49.890,2.65
49.906,-2.68
49.921,-8.68
49.937,-14.97
49.953,-21.08
49.968,-26.61
49.984,-31.34
50.000,-35.31
50.015,-38.98
50.031,-42.95
50.046,-47.9
50.062,-54.18
50.078,-61.67
50.093,-69.51
50.109,-76.15
50.125,-79.72
50.140,-78.48
50.156,-71.5
50.171,-58.99
50.187,-42.29
50.203,-23.56
50.218,-5.04
50.234,11.43
50.250,24.76
50.265,34.59
50.281,41.07
50.296,44.66
50.312,45.97
50.328,45.66
50.343,44.37
50.359,42.7
50.375,41.04
50.390,39.53
50.406,38.07
50.421,36.46
50.437,34.52
50.453,32.23
50.468,29.72
50.484,27.17
50.500,24.86
50.515,23.04
50.531,21.86
50.546,21.22
50.562,20.86
50.578,20.26
50.593,18.89
50.609,16.32
50.625,12.44
50.640,7.45
50.656,1.77
50.671,-4.12
50.687,-9.84
50.703,-15.15
50.718,-19.95
50.734,-24.28
50.750,-28.31
50.765,-32.36
50.781,-36.89
50.796,-42.37
50.812,-49.11
50.828,-57.11
50.843,-65.82
50.859,-74.11
50.875,-80.39
50.890,-82.91
50.906,-80.22
50.921,-71.69
50.937,-57.81
50.953,-40.13
50.968,-20.87
50.984,-2.34
51.000,13.77
51.015,26.61
51.031,36.2
51.046,43.08
51.062,47.94
51.078,51.39
51.093,53.84
51.109,55.49
51.125,56.44
51.140,56.68
51.156,56.18
51.171,54.92
51.187,52.95
51.203,50.45
51.218,47.65
51.234,44.87
51.250,42.35
51.265,40.25
51.281,38.65
51.296,37.49
51.312,36.71
51.328,36.1
51.343,35.43
51.359,34.4
51.375,32.69
51.390,30.1
51.406,26.51
51.421,22.02
51.437,16.89
51.453,11.48
51.468,6.08
51.484,0.85
51.500,-4.19
51.515,-9.12
51.531,-13.98
51.546,-18.75
51.562,-23.34
51.578,-27.78
51.593,-32.26
51.609,-37.15
51.625,-42.67
51.640,-48.61
51.656,-54.02
51.671,-57.31
51.687,-56.73
51.703,-51.01
51.718,-39.88
51.734,-24.27
51.750,-6.05
51.765,12.58
51.781,29.67
51.796,43.86
51.812,54.49
51.828,61.42
51.843,64.94
51.859,65.51
51.875,63.77
51.890,60.43
51.906,56.13
51.921,51.4
51.937,46.55
51.953,41.74
51.968,36.98
51.984,32.39
52.000,28.12
52.015,24.4
52.031,21.52
52.046,19.62
52.062,18.68
52.078,18.39
52.093,18.3
52.109,17.85
52.125,16.6
52.140,14.36
52.156,11.15
52.171,7.29
52.187,3.12
52.203,-1.13
52.218,-5.37
52.234,-9.66
52.250,-14.09
52.265,-18.68
52.281,-23.31
52.296,-27.79
52.312,-31.97
52.328,-35.74
52.343,-39.19
52.359,-42.49
52.375,-45.97
52.390,-50.04
52.406,-55.07
52.421,-61.21
52.437,-68.14
52.453,-74.93
52.468,-80.07
52.484,-81.77
52.500,-78.49
52.515,-69.55
52.531,-55.4
52.546,-37.51
52.562,-18.0
52.578,1.04
52.593,18.02
52.609,32.06
52.625,42.94
52.640,50.91
52.656,56.3
52.671,59.46
52.687,60.75
52.703,60.46
52.718,58.92
52.734,56.49
52.750,53.45
52.765,50.06
52.781,46.55
52.796,43.17
52.812,40.2
52.828,37.89
52.843,36.35
52.859,35.51
52.875,35.15
52.890,34.98
52.906,34.74
52.921,34.26
52.937,33.44
52.953,32.17
52.968,30.25
52.984,27.44
53.000,23.63
53.015,18.8
53.031,13.12
53.046,6.84
53.062,0.2
53.078,-6.67
53.093,-13.65
53.109,-20.61
53.125,-27.41
53.140,-33.95
53.156,-40.35
53.171,-46.95
53.187,-54.24
53.203,-62.65
53.218,-72.12
53.234,-82.0
53.250,-90.98
53.265,-97.35
53.281,-99.48
53.296,-96.27
53.312,-87.6
53.328,-74.37
53.343,-58.33
53.359,-41.6
53.375,-26.19
53.390,-13.47
53.406,-4.0
53.421,2.48
53.437,6.77
53.453,9.79
53.468,12.27
53.484,14.56
53.500,16.66
53.515,18.36
53.531,19.43
53.546,19.8
53.562,19.59
53.578,19.04
53.593,18.44
53.609,18.02
53.625,17.92
53.640,18.09
53.656,18.4
53.671,18.61
53.687,18.45
53.703,17.73
53.718,16.4
53.734,14.58
53.750,12.41
53.765,9.98
53.781,7.2
53.796,3.88
53.812,-0.19
53.828,-5.13
53.843,-10.8
53.859,-16.88
53.875,-22.96
53.890,-28.67
53.906,-33.82
53.921,-38.47
53.937,-42.89
53.953,-47.51
53.968,-52.75
53.984,-58.86
54.000,-65.62
54.015,-72.15
54.031,-76.86
54.046,-77.73
54.062,-72.88
54.078,-61.32
54.093,-43.49
54.109,-21.37
54.125,2.02
54.140,23.52
54.156,40.69
54.171,52.36
54.187,58.51
54.203,59.9
54.218,57.42
54.234,51.79
54.250,43.5
54.265,33.01
54.281,20.86
54.296,7.68
54.312,-5.85
54.328,-19.13
54.343,-31.5
54.359,-42.11
54.375,-49.85
54.390,-53.54
54.406,-52.32
54.421,-46.11
54.437,-35.85
54.453,-23.27
54.468,-10.46
54.484,0.83
54.500,9.53
54.515,15.42
54.531,18.78
54.546,20.1
54.562,19.86
54.578,18.34
54.593,15.8
54.609,12.53
54.625,8.92
54.640,5.32
54.656,1.86
54.671,-1.52
54.687,-5.11
54.703,-9.18
54.718,-13.9
54.734,-19.23
54.750,-25.08
54.765,-31.41
54.781,-38.29
54.796,-45.81
54.812,-53.76
54.828,-61.34
54.843,-67.11
54.859,-69.21
54.875,-65.95
54.890,-56.47
54.906,-41.22
54.921,-21.9
54.937,-1.08
54.953,18.64
54.968,35.27
54.984,47.88
55.000,56.48
55.015,61.77
55.031,64.64
55.046,65.84
55.062,65.87
55.078,65.02
55.093,63.42
55.109,61.14
55.125,58.24
55.140,54.77
55.156,50.8
55.171,46.47
55.187,42.04
55.203,37.86
55.218,34.34
55.234,31.83
55.250,30.44
55.265,29.98
55.281,30.01
55.296,29.96
55.312,29.3
55.328,27.69
55.343,25.1
55.359,21.71
55.375,17.85
55.390,13.81
55.406,9.7
55.421,5.46
55.437,0.9
55.453,-4.18
55.468,-9.91
55.484,-16.19
55.500,-22.72
55.515,-29.06
55.531,-34.82
55.546,-39.87
55.562,-44.5
55.578,-49.38
55.593,-55.3
55.609,-62.74
55.625,-71.43
55.640,-80.16
55.656,-86.95
55.671,-89.71
55.687,-86.83
55.703,-77.88
55.718,-63.67
55.734,-46.09
55.750,-27.44
55.765,-9.91
55.781,5.0
55.796,16.59
55.812,24.86
55.828,30.27
55.843,33.48
55.859,35.11
55.875,35.65
55.890,35.45
55.906,34.77
55.921,33.78
55.937,32.61
55.953,31.3
55.968,29.84
55.984,28.28
56.000,26.67
56.015,25.18
56.031,24.03
56.046,23.32
56.062,22.99
56.078,22.85
56.093,22.66
56.109,22.22
56.125,21.48
56.140,20.37
56.156,18.83
56.171,16.71
56.187,13.83
56.203,10.15
56.218,5.81
56.234,1.09
56.250,-3.69
56.265,-8.3
56.281,-12.69
56.296,-16.94
56.312,-21.2
56.328,-25.63
56.343,-30.39
56.359,-35.7
56.375,-41.79
56.390,-48.85
56.406,-56.73
56.421,-64.91
56.437,-72.24
56.453,-77.22
56.468,-78.28
56.484,-74.27
56.500,-64.92
56.515,-51.07
56.531,-34.43
56.546,-17.22
56.562,-1.46
56.578,11.55
56.593,21.39
56.609,28.42
56.625,33.33
56.640,36.79
56.656,39.12
56.671,40.3
56.687,40.16
56.703,38.62
56.718,35.94
56.734,32.65
56.750,29.46
56.765,26.93
56.781,25.33
56.796,24.55
56.812,24.15
56.828,23.64
56.843,22.66
56.859,21.09
56.875,19.04
56.890,16.66
56.906,14.06
56.921,11.23
56.937,8.01
56.953,4.26
56.968,-0.11
56.984,-5.09
57.000,-10.57
57.015,-16.4
57.031,-22.4
57.046,-28.4
57.062,-34.31
57.078,-40.05
57.093,-45.65
57.109,-51.2
57.125,-56.78
57.140,-62.55
57.156,-68.59
57.171,-74.9
57.187,-81.19
57.203,-86.78
57.218,-90.52
57.234,-90.96
57.250,-86.77
57.265,-77.24
57.281,-62.78
57.296,-44.94
57.312,-26.09
57.328,-8.58
57.343,5.95
57.359,16.97
57.375,24.94
57.390,30.79
57.406,35.26
57.421,38.64
57.437,40.84
57.453,41.66
57.468,41.08
57.484,39.41
57.500,37.18
57.515,34.84
57.531,32.68
57.546,30.79
57.562,29.16
57.578,27.85
57.593,26.93
57.609,26.41
57.625,26.26
57.640,26.31
57.656,26.4
57.671,26.37
57.687,26.08
57.703,25.39
57.718,24.12
57.734,22.03
57.750,18.86
57.765,14.44
57.781,8.73
57.796,1.97
57.812,-5.47
57.828,-13.06
57.843,-20.31
57.859,-26.91
57.875,-32.81
57.890,-38.33
57.906,-44.0
57.921,-50.42
57.937,-57.97
57.953,-66.48
57.968,-75.09
57.984,-82.33
58.000,-86.4
58.015,-85.62
58.031,-78.99
58.046,-66.5
58.062,-49.24
58.078,-29.14
58.093,-8.46
58.109,10.73
58.125,26.97
58.140,39.56
58.156,48.47
58.171,54.17
58.187,57.37
58.203,58.85
58.218,59.33
58.234,59.36
58.250,59.22
58.265,58.93
58.281,58.28
58.296,57.02
58.312,55.01
58.328,52.37
58.343,49.46
58.359,46.79
58.375,44.83
58.390,43.82
58.406,43.63
58.421,43.76
58.437,43.5
58.453,42.18
58.468,39.35
58.484,35.05
58.500,29.7
58.515,24.0
58.531,18.61
58.546,13.87
58.562,9.66
58.578,5.55
58.593,0.99
58.609,-4.36
58.625,-10.46
58.640,-16.92
58.656,-23.3
58.671,-29.31
58.687,-35.01
58.703,-40.83
58.718,-47.34
58.734,-55.02
58.750,-63.95
58.765,-73.65
58.781,-83.01
58.796,-90.35
58.812,-93.75
58.828,-91.51
58.843,-82.74
58.859,-67.72
58.875,-48.02
58.890,-26.06
58.906,-4.48
58.921,14.6
58.937,30.0
58.953,41.61
58.968,49.95
58.984,55.87
59.000,60.08
59.015,63.06
59.031,65.08
59.046,66.26
59.062,66.62
59.078,66.19
59.093,64.99
59.109,63.06
59.125,60.54
59.140,57.66
59.156,54.72
59.171,52.02
59.187,49.85
59.203,48.38
59.218,47.62
59.234,47.37
59.250,47.23
59.265,46.73
59.281,45.39
59.296,42.99
59.312,39.58
59.328,35.38
59.343,30.72
59.359,25.73
59.375,20.39
59.390,14.52
59.406,8.04
59.421,1.05
59.437,-6.13
59.453,-13.09
59.468,-19.56
59.484,-25.51
59.500,-31.17
59.515,-36.99
59.531,-43.45
59.546,-50.89
59.562,-59.35
59.578,-68.34
59.593,-76.72
59.609,-82.84
59.625,-84.76
59.640,-80.95
59.656,-70.77
59.671,-54.93
59.687,-35.3
59.703,-14.43
59.718,5.25
59.734,22.08
59.750,35.33
59.765,45.13
59.781,51.97
59.796,56.41
59.812,58.84
59.828,59.63
59.843,59.18
59.859,57.88
59.875,56.1
59.890,53.97
59.906,51.48
59.921,48.5
59.937,45.08
59.953,41.45
59.968,38.06
59.984,35.33
