timestamp,x,y,z,roll,pitch,yaw
00.013,-0.008765915,-0.008720102,-0.007747604,-0.0,-0.0,0.0
00.053,0.0126143675,0.013271048,-0.00041722096,0.0,-0.0,0.0
00.073,-0.0026572638,0.0028863382,0.0008045095,0.0,-0.0,-0.0
00.115,-0.0069333203,-0.0056657754,0.0032479705,-0.0,0.0,0.0
00.156,0.0065057147,0.00899499,0.0044697006,1.4447729e-05,-1.0449541e-05,-7.179164e-06
00.176,-0.00021380284,0.007162395,0.0014153748,0.0,-0.0,-0.0
00.216,0.0010079277,-0.011774427,-0.0022498167,-0.0,-0.0,0.0
00.255,0.007727445,0.009605856,-0.0010280862,0.0,-0.0,0.0
00.275,0.0028405234,0.0016646078,-0.0022498167,0.0,-0.0,0.0
00.315,-0.0075441855,-0.00016798795,0.0014153748,-0.0,0.0,0.0
00.355,-0.0014355333,-0.002611449,-0.0022498167,-0.0,-0.0,0.0
00.375,0.0028405234,0.0010537425,0.0008045095,-0.0,-0.0,0.0
00.415,-0.0063224556,-0.0050549097,0.0050805663,-0.0,0.0,0.0
00.455,0.0065057147,-0.0007788532,-0.0040824125,-0.0,-0.0,0.0
00.495,0.007727445,0.004108069,-0.005304143,0.0,-0.0,0.0
00.516,-0.011820243,0.009605856,-0.005915008,-0.0,0.0,0.0
00.555,-0.008765915,-0.0013897184,-0.00041722096,-0.0,-0.0,0.0
00.595,0.011392637,-0.0074983705,0.0014153748,-0.0,-0.0,-0.0
00.615,0.004062254,-0.0044440445,-0.0010280862,-0.0,-0.0,0.0
00.657,0.0010079277,0.013271048,0.0014153748,-0.0,-0.0,0.0
00.696,-0.0038789941,-0.00016798795,-0.005304143,-1.4821674e-07,3.4222735e-06,4.6796235e-06
00.715,-0.008765915,-0.0056657754,-0.005304143,-0.0,-0.0,0.0
00.762,-0.0020463986,0.013271048,-0.007136739,-0.0,0.0,0.0
00.794,-0.011820243,-0.00016798795,-0.005304143,-0.0,-0.0,0.0
00.815,-0.0026572638,0.011438452,-0.0040824125,-0.0,0.0,0.0
00.856,-0.008155052,0.0004428773,-0.0046932776,-0.0,0.0,0.0
00.894,-0.0020463986,0.00899499,-0.002860682,-0.0,0.0,0.0
00.914,-0.008765915,0.0016646078,-0.005304143,-0.0,0.0,0.0
00.953,-0.0038789941,0.00899499,-0.01080193,-0.0,0.0,0.0
00.994,-0.0063224556,0.0022754732,-0.0040824125,-0.0,0.0,0.0
01.013,-0.009987647,-0.0007788532,-0.0022498167,-0.0,-0.0,0.0
01.053,-0.011820243,0.0004428773,-0.00041722096,-0.0,0.0,0.0
01.094,0.00589485,0.010216721,-0.0046932776,1.7407943e-05,-1.0043952e-05,7.996794e-06
01.114,0.009560041,0.0065515297,-0.008969335,0.0,-0.0,0.0
01.154,-0.011209377,0.007162395,-0.002860682,-0.0,0.0,0.0
01.195,-0.020983221,-0.002611449,0.00202624,-0.0,0.0,0.0
01.215,-0.011209377,0.0010537425,-0.0046932776,-0.0,0.0,0.0
01.255,0.016890425,0.018768836,-0.008358469,0.0,-0.0,0.0
01.295,-0.022815816,-0.0068875058,0.0014153748,-0.0,0.0,0.0
01.335,0.004673119,0.004108069,-0.003471547,0.0,-0.0,0.0
01.356,0.0126143675,0.015714508,-0.0010280862,0.0,-0.0,0.0
01.395,0.0016187929,0.0010537425,-0.006525873,0.0,-0.0,0.0
01.416,0.0010079277,0.012049317,0.00019364429,-0.0,-0.0,0.0
01.455,-0.0069333203,0.0065515297,-0.007747604,-0.0,0.0,0.0
01.495,0.010170906,0.0016646078,-0.0010280862,0.0,-0.0,0.0
01.536,-0.0069333203,0.0010537425,0.0050805663,0.0,-0.0,-0.0
01.555,-0.0051007248,-0.0013897184,0.0038588357,-0.0,0.0,0.0
01.595,0.007727445,0.0028863382,0.0008045095,-0.0,-0.0,0.0
01.639,-0.009376781,0.005940664,-0.00041722096,8.85694e-06,1.3979859e-05,6.2197347e-07
01.657,-0.011820243,0.009605856,-0.005915008,-0.0,0.0,0.0
01.693,-0.0026572638,0.00777326,-0.0016389515,-0.0,0.0,0.0
01.736,-0.0038789941,0.0010537425,0.0008045095,0.0,-0.0,-0.0
01.755,0.004062254,0.0034972036,-0.0010280862,0.0,-0.0,0.0
01.795,0.0010079277,0.0053297994,0.0075240275,-0.0,-0.0,0.0
01.835,-0.011209377,-0.0050549097,0.0044697006,-0.0,0.0,0.0
01.854,-0.0051007248,-0.0020005836,0.0032479705,-0.0,0.0,0.0
01.895,-0.0032681292,0.005940664,0.0056914315,0.0,-0.0,-0.0
01.934,-0.0020463986,-0.0050549097,0.00019364429,-0.0,0.0,0.0
01.972,0.0126143675,-0.0062766406,0.0038588357,-0.0,-0.0,-0.0
01.993,0.004062254,-0.0020005836,0.0050805663,-0.0,-0.0,-0.0
02.033,-0.0020463986,0.0016646078,0.0044697006,1.1595683e-06,1.4255198e-06,-3.1135953e-06
02.074,0.0028405234,-0.002611449,-0.00041722096,-0.0,-0.0,0.0
02.095,0.0089491755,-0.0013897184,-0.0040824125,-0.0,-0.0,0.0
02.133,0.004062254,-0.0020005836,-0.0010280862,-0.0,-0.0,0.0
02.174,0.0028405234,0.0053297994,0.0014153748,4.437418e-06,-2.3649307e-06,-1.1783902e-06
02.195,0.0016187929,0.004108069,0.0008045095,-0.0,-0.0,0.0
02.235,0.004673119,-0.010552697,0.0026371053,-0.0,-0.0,-0.0
02.276,0.00039706242,0.010827586,0.00202624,-0.0,-0.0,0.0
02.295,-0.0044898596,0.011438452,0.0050805663,0.0,-0.0,-0.0
02.335,0.00833831,-0.0044440445,-0.0010280862,-0.0,-0.0,0.0
02.375,0.004673119,-0.002611449,0.008134892,-0.0,-0.0,-0.0
02.394,-0.0032681292,0.0028863382,0.009356623,0.0,-0.0,-0.0
02.435,0.015668694,0.008384125,0.0063022966,-0.0,-0.0,0.0
02.475,0.0034513886,-0.008720102,0.0008045095,-0.0,-0.0,-0.0
02.495,-0.00021380284,-0.0074983705,0.00019364429,-0.0,0.0,0.0
02.535,0.004062254,0.0053297994,-0.0016389515,0.0,-0.0,0.0
02.575,0.004673119,0.0004428773,-0.00041722096,2.8012448e-07,-2.9557923e-06,2.6389662e-07
02.595,-0.0020463986,-0.0007788532,0.0038588357,-0.0,0.0,0.0
02.635,0.00039706242,-0.0044440445,0.006913162,-0.0,-0.0,-0.0
02.674,-0.0014355333,-0.0013897184,0.00019364429,-0.0,0.0,0.0
02.694,-0.00021380284,0.0004428773,-0.0040824125,-0.0,0.0,0.0
02.737,0.004673119,-0.0062766406,0.0026371053,-0.0,-0.0,-0.0
02.775,-0.0044898596,-0.0093309665,0.0026371053,-0.0,0.0,0.0
02.795,0.0010079277,-0.0062766406,0.0032479705,-0.0,-0.0,-0.0
02.835,0.022999076,0.0022754732,0.0038588357,-0.0,-0.0,0.0
02.875,-0.012431107,-0.0050549097,0.009356623,-0.0,0.0,0.0
02.898,-0.013041973,-0.0068875058,0.0075240275,-0.0,0.0,0.0
02.933,0.016279558,0.0010537425,0.00019364429,-0.0,-0.0,0.0
02.974,-0.00021380284,0.0022754732,-0.00041722096,7.095458e-07,6.6668775e-08,1.3009924e-07
03.013,-0.010598511,-0.0068875058,0.0056914315,-0.0,0.0,0.0
03.034,-0.0038789941,-0.0093309665,0.0044697006,-0.0,0.0,0.0
03.074,0.016890425,0.008384125,-0.0040824125,0.0,-0.0,0.0
03.115,-0.0069333203,-0.0038331794,0.0063022966,-5.2082482e-06,9.420593e-06,-8.56315e-06
03.135,-0.010598511,-0.0020005836,0.0014153748,-0.0,0.0,0.0
03.176,0.0052839844,-0.0007788532,-0.0046932776,-0.0,-0.0,0.0
03.216,0.0126143675,-0.002611449,0.0056914315,-0.0,-0.0,-0.0
03.234,0.0016187929,-0.008109236,0.008745758,-0.0,-0.0,-0.0
03.275,0.00039706242,-0.0038331794,0.0063022966,-0.0,-0.0,-0.0
03.315,0.00833831,0.00777326,0.0050805663,-0.0,-0.0,0.0
03.336,-0.00571159,-0.0050549097,0.0063022966,-0.0,0.0,0.0
03.374,-0.0026572638,-0.0038331794,-0.00041722096,-0.0,-0.0,0.0
03.415,0.004062254,-0.002611449,-0.0040824125,-0.0,-0.0,0.0
03.434,0.007727445,-0.0044440445,-0.0022498167,-0.0,-0.0,0.0
03.475,-0.0008246681,0.008384125,0.0026371053,0.0,-0.0,-0.0
03.515,-0.0020463986,-0.0038331794,0.00202624,-2.4666456e-06,1.3168567e-06,-1.3038816e-06
03.534,-0.00021380284,-0.0038331794,0.0026371053,-0.0,0.0,0.0
03.575,-0.0020463986,0.004718934,-0.0040824125,-0.0,0.0,0.0
03.615,0.0089491755,0.008384125,-0.005304143,0.0,-0.0,0.0
03.635,-0.00021380284,0.0016646078,0.0014153748,0.0,-0.0,-0.0
03.675,-0.015485434,-0.0050549097,0.0044697006,-0.0,0.0,0.0
03.715,-0.00021380284,0.0010537425,0.0056914315,0.0,-0.0,-0.0
03.755,-0.0038789941,-0.0020005836,0.00202624,-0.0,0.0,0.0
03.774,-0.008155052,-0.0062766406,-0.003471547,-0.0,-0.0,0.0
03.815,-0.009987647,-0.010552697,-0.0016389515,-0.0,-0.0,0.0
03.855,0.00039706242,0.0022754732,-0.0040824125,0.0,-0.0,0.0
03.879,0.0034513886,0.005940664,-0.0022498167,0.0,-0.0,0.0
03.920,-0.0038789941,-0.0020005836,0.0044697006,-1.6774454e-06,3.2524665e-06,-3.7477569e-06
03.955,-0.0063224556,0.0053297994,0.0056914315,0.0,-0.0,-0.0
03.972,-0.0063224556,0.005940664,-0.0022498167,-0.0,0.0,0.0
04.013,0.0126143675,0.004718934,-0.007136739,0.0,-0.0,0.0
04.053,-0.009376781,0.0065515297,-0.005915008,1.1323635e-05,1.6206963e-05,1.0223456e-05
04.073,-0.014874569,0.0028863382,-0.0040824125,-0.0,0.0,0.0
04.115,0.016279558,-0.0056657754,0.0026371053,-0.0,-0.0,-0.0
04.155,0.0028405234,0.00777326,-0.0022498167,0.0,-0.0,0.0
04.175,-0.0032681292,0.007162395,-0.0016389515,-0.0,0.0,0.0
04.215,0.00589485,-0.0038331794,-0.0022498167,-0.0,-0.0,0.0
04.254,-0.0008246681,0.010216721,-0.0040824125,-0.0,0.0,0.0
04.275,-0.0069333203,0.00899499,-0.0046932776,-0.0,0.0,0.0
04.315,-0.0051007248,0.0022754732,-0.005915008,-0.0,0.0,0.0
04.354,0.0028405234,0.011438452,-0.008969335,0.0,-0.0,0.0
04.374,-0.011209377,0.008384125,-0.007747604,-0.0,0.0,0.0
04.415,0.0034513886,0.0016646078,-0.007747604,0.0,-0.0,0.0
04.454,-0.0038789941,0.0022754732,-0.005304143,2.1238081e-06,3.6204713e-06,4.9506275e-06
04.474,-0.013652838,0.010827586,-0.01080193,-0.0,0.0,0.0
04.514,-0.0051007248,0.00777326,-0.003471547,-0.0,0.0,0.0
04.554,-0.0069333203,-0.0068875058,-0.006525873,-0.0,-0.0,0.0
04.575,0.0028405234,0.0034972036,-0.007136739,0.0,-0.0,0.0
04.614,-0.0014355333,0.0004428773,-0.00041722096,-0.0,0.0,0.0
04.655,-0.009987647,0.0004428773,-0.0046932776,-0.0,0.0,0.0
04.695,0.0022296582,0.004718934,-0.007747604,0.0,-0.0,0.0
04.716,-0.0032681292,0.004108069,-0.007136739,-0.0,0.0,0.0
04.756,-0.0038789941,0.007162395,-0.006525873,-0.0,0.0,0.0
04.777,-0.0038789941,0.004718934,-0.0040824125,-0.0,0.0,0.0
04.815,-0.00571159,0.0016646078,-0.0040824125,-0.0,0.0,0.0
04.853,-0.0014355333,-0.00016798795,-0.005304143,-1.239548e-07,1.0592321e-06,3.913751e-06
04.885,-0.0020463986,0.004108069,-0.0010280862,-0.0,0.0,0.0
04.914,-0.0032681292,-0.0007788532,-0.00041722096,-0.0,-0.0,0.0
04.953,-0.0075441855,0.012660182,-0.002860682,-0.0,0.0,0.0
04.992,0.00589485,0.0010537425,-0.011412795,1.8229215e-06,-1.0197213e-05,1.974248e-05
05.013,0.010170906,0.0028863382,-0.00041722096,0.0,-0.0,0.0
05.053,-0.009376781,-0.0013897184,0.0056914315,-0.0,0.0,0.0
05.093,-0.00021380284,0.0034972036,0.0038588357,0.0,-0.0,-0.0
05.115,0.00589485,0.009605856,0.0014153748,-0.0,-0.0,0.0
05.155,-0.019150626,-0.0050549097,0.0044697006,-0.0,0.0,0.0
05.194,-0.008765915,0.0022754732,-0.008969335,-0.0,0.0,0.0
05.216,0.015668694,0.007162395,-0.011412795,0.0,-0.0,0.0
05.255,-0.0020463986,-0.008720102,0.00019364429,-0.0,0.0,0.0
05.294,0.0022296582,-0.002611449,0.0050805663,-0.0,-0.0,-0.0
05.315,0.0034513886,0.004108069,0.0026371053,-0.0,-0.0,0.0
05.354,0.00039706242,0.0010537425,-0.0046932776,0.0,-0.0,0.0
05.394,0.010170906,0.0004428773,-0.0016389515,6.1295924e-07,-1.4076558e-05,2.2683173e-06
05.437,-0.0051007248,-0.0032223142,0.0008045095,-0.0,0.0,0.0
05.455,-0.008155052,-0.012385293,0.0063022966,-0.0,0.0,0.0
05.497,0.004673119,0.0028863382,0.008745758,-0.0,-0.0,0.0
05.536,0.0052839844,0.0034972036,0.00019364429,2.975645e-06,-4.495954e-06,-1.647583e-07
05.556,0.0034513886,0.0028863382,0.0050805663,-0.0,-0.0,0.0
05.595,-0.0032681292,-0.0068875058,0.00019364429,-0.0,0.0,0.0
05.634,0.010170906,-0.00016798795,0.00019364429,-0.0,-0.0,-0.0
05.655,-0.0063224556,0.0004428773,0.0038588357,0.0,-0.0,-0.0
05.694,-0.0069333203,-0.0068875058,0.0056914315,-0.0,0.0,0.0
05.733,0.009560041,-0.0044440445,0.0014153748,-0.0,-0.0,-0.0
05.753,0.0065057147,-0.002611449,-0.0016389515,-0.0,-0.0,0.0
05.794,-0.0075441855,-0.002611449,0.0075240275,-3.8450235e-06,1.11080435e-05,-1.1078321e-05
05.833,0.0089491755,0.010216721,-0.002860682,0.0,-0.0,0.0
05.857,0.013836098,0.0022754732,-0.0040824125,0.0,-0.0,0.0
05.897,-0.0008246681,-0.014217889,0.0044697006,-0.0,0.0,0.0
05.932,0.01994475,0.0028863382,0.0032479705,7.9075335e-06,-5.4643187e-05,-8.898333e-06
05.952,0.019333886,0.0004428773,0.0032479705,-0.0,-0.0,0.0
05.992,-0.0069333203,-0.0044440445,0.009967488,-0.0,0.0,0.0
06.034,-0.0026572638,-0.0020005836,-0.002860682,-0.0,-0.0,0.0
06.053,0.00833831,0.0028863382,-0.003471547,0.0,-0.0,0.0
06.094,0.0016187929,-0.0038331794,0.00202624,-0.0,-0.0,-0.0
06.134,0.0016187929,0.0016646078,-0.0016389515,0.0,-0.0,0.0
06.154,0.010170906,-0.00016798795,-0.0010280862,-0.0,-0.0,0.0
06.193,-0.008155052,-0.0050549097,0.0044697006,-7.1812187e-06,1.1585494e-05,-6.3498373e-06
06.234,-0.0008246681,0.0028863382,-0.005915008,-0.0,0.0,0.0
06.275,0.007727445,0.005940664,-0.0010280862,0.0,-0.0,0.0
06.295,-0.008155052,-0.0044440445,0.0038588357,-0.0,0.0,0.0
06.334,0.0034513886,-0.0044440445,-0.0022498167,-3.6145873e-06,-2.8072106e-06,1.8298965e-06
06.375,0.010170906,0.0053297994,0.0026371053,-0.0,-0.0,0.0
06.394,-0.008155052,-0.0062766406,0.0026371053,-0.0,0.0,0.0
06.434,0.004062254,0.0016646078,0.00019364429,-0.0,-0.0,0.0
06.474,-0.00021380284,-0.0038331794,0.00202624,-2.2333807e-06,1.2457235e-07,-1.1805774e-06
06.494,-0.009376781,-0.0013897184,0.0026371053,-0.0,0.0,0.0
06.534,0.013225232,0.0028863382,0.00019364429,-0.0,-0.0,0.0
06.574,0.0022296582,-0.0062766406,-0.00041722096,-0.0,-0.0,0.0
06.594,-0.0075441855,-0.0044440445,0.0008045095,-0.0,0.0,0.0
06.635,0.00711658,-0.00016798795,-0.0016389515,-0.0,-0.0,0.0
06.673,0.00039706242,0.0028863382,-0.002860682,0.0,-0.0,0.0
06.695,-0.009987647,0.0028863382,0.0008045095,0.0,-0.0,-0.0
06.735,-0.00021380284,-0.0068875058,0.0008045095,-6.4133183e-06,1.9908543e-07,-7.491204e-07
06.773,0.007727445,0.0028863382,0.0032479705,-0.0,-0.0,0.0
06.793,0.00039706242,0.0010537425,0.0032479705,-0.0,-0.0,0.0
06.833,0.012003502,-0.002611449,0.00202624,-0.0,-0.0,-0.0
06.876,0.0089491755,0.004108069,0.0014153748,5.485198e-06,-1.1949196e-05,-1.8898155e-06
06.894,-0.0032681292,0.0028863382,0.00202624,0.0,-0.0,-0.0
06.933,-0.0063224556,-0.010552697,0.0044697006,-0.0,0.0,0.0
06.972,0.009560041,0.0034972036,-0.00041722096,0.0,-0.0,0.0
07.013,-0.008765915,-0.0020005836,0.0044697006,-2.6961125e-06,1.1813663e-05,-6.0237135e-06
07.037,-0.009376781,-0.0056657754,0.008134892,-0.0,0.0,0.0
07.073,0.004062254,-0.00016798795,-0.0010280862,-0.0,-0.0,0.0
07.116,0.00833831,0.0004428773,-0.0046932776,0.0,-0.0,0.0
07.134,0.007727445,0.0034972036,-0.0046932776,4.550193e-06,-1.0054055e-05,6.1063793e-06
07.177,-0.011209377,-0.0044440445,0.0050805663,-0.0,0.0,0.0
07.214,-0.0038789941,-0.0062766406,-0.00041722096,-0.0,-0.0,0.0
07.235,0.012003502,0.0010537425,-0.002860682,0.0,-0.0,0.0
07.275,-0.00571159,0.004108069,0.0044697006,4.595879e-06,6.389776e-06,-5.00045e-06
07.314,-0.011820243,-0.0044440445,-0.00041722096,-0.0,-0.0,0.0
07.336,0.00833831,-0.0013897184,0.0008045095,-0.0,-0.0,-0.0
07.374,0.00711658,-0.0007788532,-0.0046932776,-0.0,-0.0,0.0
07.415,0.0022296582,-0.0032223142,0.00019364429,-1.696789e-06,-1.1740813e-06,-1.01969164e-07
07.434,0.0010079277,-0.00016798795,0.0038588357,-0.0,-0.0,-0.0
07.475,-0.0020463986,-0.002611449,0.0044697006,-0.0,0.0,0.0
07.515,0.0022296582,0.0004428773,-0.002860682,0.0,-0.0,0.0
07.536,0.0107817715,0.0004428773,-0.007747604,0.0,-0.0,0.0
07.574,0.00589485,0.015103644,-0.007747604,0.0,-0.0,0.0
07.613,-0.011820243,-0.0062766406,0.0026371053,-0.0,0.0,0.0
07.633,0.00833831,-0.013607023,0.0038588357,-0.0,-0.0,-0.0
07.673,0.030940324,0.0016646078,0.00202624,6.936903e-06,-0.00012894745,-8.444144e-06
07.714,-0.008155052,0.0016646078,-0.00041722096,-0.0,0.0,0.0
07.735,-0.0020463986,-0.0038331794,-0.007136739,-0.0,-0.0,0.0
07.775,0.0022296582,-0.0062766406,0.0008045095,-0.0,-0.0,-0.0
07.814,-0.008765915,0.0028863382,-0.007136739,4.5194647e-06,1.372604e-05,1.1174955e-05
07.834,-0.00571159,0.00777326,-0.007136739,-0.0,0.0,0.0
07.873,-0.011209377,0.0010537425,-0.0010280862,-0.0,0.0,0.0
07.914,-0.00571159,-0.0013897184,-0.007136739,-0.0,-0.0,0.0
07.953,0.0034513886,0.00899499,0.00019364429,1.1633849e-05,-4.4639237e-06,-2.5042772e-07
07.974,-0.008765915,0.0010537425,-0.0022498167,-0.0,0.0,0.0
08.014,-0.0069333203,0.0016646078,-0.013856256,-0.0,0.0,0.0
08.053,0.017501289,0.010827586,-0.014467121,0.0,-0.0,0.0
08.074,0.00833831,0.00899499,-0.011412795,2.0226846e-05,-1.8749699e-05,2.5663596e-05
08.115,-0.03320053,-0.010552697,0.0050805663,-0.0,0.0,0.0
08.154,-0.00571159,0.0016646078,0.0008045095,0.0,-0.0,-0.0
08.175,0.0089491755,0.0065515297,-0.0046932776,0.0,-0.0,0.0
08.216,-0.009376781,0.004718934,-0.005304143,7.4490754e-06,1.4801874e-05,8.37287e-06
08.256,-0.009987647,-0.002611449,-0.003471547,-0.0,-0.0,0.0
08.275,-0.0026572638,0.007162395,-0.0040824125,-0.0,0.0,0.0
08.316,-0.0069333203,0.005940664,-0.0022498167,-0.0,0.0,0.0
08.355,-0.009376781,-0.0020005836,0.00019364429,-2.5749855e-06,1.2069024e-05,-2.4922747e-07
08.375,-0.0075441855,-0.0013897184,-0.002860682,-0.0,-0.0,0.0
08.415,0.01994475,0.0004428773,-0.016299717,0.0,-0.0,0.0
08.455,0.0126143675,-0.0032223142,-0.013856256,-0.0,-0.0,0.0
08.475,0.0022296582,-0.0038331794,-0.016299717,-0.0,-0.0,0.0
08.515,0.013225232,-0.010552697,-0.018132312,-0.0,-0.0,0.0
08.555,-0.021594085,-0.0020005836,0.013021815,-0.0,0.0,0.0
08.574,-0.02770274,-0.011163563,0.008134892,-0.0,0.0,0.0
08.615,0.013836098,0.010216721,0.009967488,2.725869e-05,-3.6916383e-05,-2.65937e-05
08.654,-0.0044898596,0.0010537425,-0.002860682,-0.0,0.0,0.0
08.676,-0.0038789941,-0.009941831,-0.008358469,-0.0,-0.0,0.0
08.714,0.02238821,-0.0093309665,-0.02240837,-0.0,-0.0,0.0
08.754,0.025442537,-0.013607023,-0.025462696,-7.0269874e-05,-0.00013141205,0.00013150692
08.796,0.0089491755,-0.00016798795,-0.0095802,-0.0,-0.0,0.0
08.814,-0.008765915,0.015714508,0.008745758,0.0,-0.0,-0.0
08.855,-0.03381139,-0.0020005836,-0.00041722096,-0.0,-0.0,0.0
08.898,0.0126143675,0.010216721,-0.003471547,2.2762897e-05,-2.810464e-05,7.734904e-06
08.915,0.0052839844,0.017547105,0.0032479705,-0.0,-0.0,0.0
08.953,-0.01853976,-0.0050549097,0.00202624,-0.0,0.0,0.0
08.995,0.017501289,-0.012996158,-0.0016389515,-0.0,-0.0,0.0
09.013,0.024220806,-0.0074983705,0.0026371053,-2.5655543e-05,-8.286974e-05,-9.023741e-06
09.053,-0.011820243,0.0004428773,0.0050805663,0.0,-0.0,-0.0
09.095,0.0028405234,0.0004428773,0.00019364429,-0.0,-0.0,0.0
09.115,0.00833831,-0.00016798795,0.0038588357,-0.0,-0.0,-0.0
09.155,-0.0069333203,0.004718934,0.0056914315,6.4196042e-06,9.431962e-06,-7.742568e-06
09.196,0.0010079277,-0.008720102,0.0038588357,-0.0,-0.0,-0.0
09.216,0.00711658,-0.0056657754,0.0050805663,-0.0,-0.0,-0.0
09.254,0.00833831,-0.0062766406,0.0044697006,-0.0,-0.0,-0.0
09.294,0.0065057147,0.0010537425,0.0008045095,9.3901735e-07,-5.7974253e-06,-7.1691824e-07
09.317,0.0034513886,0.010216721,0.0008045095,-0.0,-0.0,0.0
09.355,-0.0032681292,-0.002611449,0.0026371053,-0.0,0.0,0.0
09.395,-0.0020463986,-0.0056657754,0.0050805663,-0.0,0.0,0.0
09.415,0.0010079277,-0.0038331794,0.008134892,-0.0,-0.0,-0.0
09.456,0.014446964,-0.0068875058,0.0063022966,-0.0,-0.0,-0.0
09.495,0.020555617,0.0004428773,0.0014153748,-0.0,-0.0,0.0
09.517,0.00833831,-0.0074983705,-0.0010280862,-0.0,-0.0,0.0
09.554,0.004673119,-0.0013897184,-0.0016389515,-9.593873e-07,-3.2260784e-06,1.1314451e-06
09.595,-0.0014355333,0.0022754732,0.0008045095,0.0,-0.0,-0.0
09.615,-0.0020463986,-0.0050549097,-0.0040824125,-0.0,-0.0,0.0
09.654,0.01994475,-0.002611449,0.00019364429,-0.0,-0.0,-0.0
09.696,-0.017318029,0.0034972036,0.0075240275,9.01406e-06,4.463508e-05,-1.939249e-05
09.735,0.0010079277,-0.0020005836,-0.0046932776,-0.0,-0.0,0.0
09.756,0.015668694,0.004718934,-0.003471547,0.0,-0.0,0.0
09.798,-0.0063224556,0.0016646078,0.0038588357,0.0,-0.0,-0.0
09.816,-0.012431107,-0.0038331794,0.0056914315,-0.0,0.0,0.0
09.854,0.007727445,0.0004428773,0.008134892,-0.0,-0.0,0.0
09.894,-0.0038789941,-0.0020005836,0.008134892,-0.0,0.0,0.0
09.936,-0.0063224556,-0.0007788532,0.0056914315,-0.0,0.0,0.0
09.954,-0.00021380284,-0.002611449,0.00019364429,-9.208872e-07,7.5394304e-08,-6.828564e-08
09.994,0.0126143675,0.004718934,-0.00041722096,0.0,-0.0,0.0
10.034,-0.0008246681,-0.0074983705,-0.0016389515,-0.0,-0.0,0.0
10.054,0.0028405234,-0.011774427,-0.0022498167,-0.0,-0.0,0.0
10.094,-0.0051007248,0.0034972036,0.009356623,5.2646005e-06,7.678383e-06,-1.4085093e-05
10.135,-0.0044898596,0.0028863382,0.009356623,0.0,-0.0,-0.0
10.155,0.00833831,-0.00016798795,0.0038588357,-0.0,-0.0,-0.0
10.195,0.013836098,0.015714508,-0.007747604,0.0,-0.0,0.0
10.235,-0.013652838,-0.012385293,0.008745758,-3.3915996e-05,3.7387952e-05,-2.3949142e-05
10.255,-0.0069333203,-0.012996158,0.014243545,-0.0,0.0,0.0
10.296,0.00833831,0.0022754732,0.009356623,-0.0,-0.0,0.0
10.337,0.013836098,-0.0007788532,0.00202624,-0.0,-0.0,-0.0
10.356,0.00711658,-0.0038331794,0.0044697006,-4.752142e-06,-8.822643e-06,-5.5412547e-06
10.395,-0.008765915,-0.0013897184,0.0050805663,-0.0,0.0,0.0
10.435,-0.0014355333,-0.002611449,0.00019364429,-0.0,0.0,0.0
10.455,0.015057828,-0.0032223142,-0.002860682,-0.0,-0.0,0.0
10.495,0.00711658,0.011438452,0.0026371053,2.1074666e-05,-1.3111946e-05,-4.858579e-06
10.535,-0.016707165,-0.008109236,0.0056914315,-0.0,0.0,0.0
10.575,0.012003502,0.007162395,0.00202624,-0.0,-0.0,0.0
10.595,0.00039706242,0.015714508,-0.0016389515,0.0,-0.0,0.0
10.635,-0.012431107,-0.0068875058,-0.003471547,-1.3523941e-05,2.4408868e-05,6.8166687e-06
10.676,0.016890425,0.004718934,0.0014153748,-0.0,-0.0,0.0
10.696,0.004673119,0.009605856,0.0032479705,-0.0,-0.0,0.0
10.734,-0.009987647,0.0022754732,0.0032479705,0.0,-0.0,-0.0
10.775,-0.0026572638,-0.0056657754,-0.0022498167,-5.057048e-06,2.371763e-06,2.0081027e-06
10.793,0.0022296582,0.004108069,-0.0046932776,0.0,-0.0,0.0
10.834,0.0016187929,0.004108069,-0.0010280862,0.0,-0.0,0.0
10.873,-0.010598511,-0.0038331794,0.0038588357,-0.0,0.0,0.0
10.895,-0.0063224556,-0.0044440445,0.0026371053,-4.8705315e-06,6.929231e-06,-2.8901727e-06
10.932,0.012003502,0.004108069,0.00019364429,-0.0,-0.0,0.0
10.973,-0.0075441855,0.0004428773,0.0014153748,0.0,-0.0,-0.0
10.993,-0.010598511,0.005940664,0.0014153748,0.0,-0.0,-0.0
11.034,-0.00571159,0.007162395,0.00019364429,8.808529e-06,7.0242836e-06,-2.3818049e-07
11.075,-0.0075441855,0.019990565,-0.0022498167,-0.0,0.0,0.0
11.095,-0.008155052,0.017547105,0.00019364429,0.0,-0.0,-0.0
11.135,0.0052839844,-0.010552697,0.0056914315,-0.0,-0.0,-0.0
11.175,0.009560041,-0.002611449,0.0063022966,-4.1165486e-06,-1.5069643e-05,-9.934453e-06
11.195,0.004673119,-0.0050549097,0.0056914315,-0.0,-0.0,-0.0
11.234,0.0065057147,0.007162395,0.0063022966,-0.0,-0.0,0.0
11.273,-0.008155052,-0.011163563,0.0014153748,-0.0,0.0,0.0
11.315,0.004673119,0.013881912,0.00202624,-0.0,-0.0,0.0
11.334,-0.0069333203,0.015714508,-0.002860682,-0.0,0.0,0.0
11.375,-0.009987647,-0.0062766406,-0.008969335,-0.0,-0.0,0.0
11.414,0.025442537,0.004718934,-0.007136739,0.0,-0.0,0.0
11.435,0.007727445,0.011438452,-0.0022498167,2.1472206e-05,-1.4505856e-05,4.223494e-06
11.474,-0.026481008,0.00899499,0.0038588357,0.0,-0.0,-0.0
11.515,-0.00021380284,0.0004428773,-0.011412795,-0.0,0.0,0.0
11.534,0.017501289,0.008384125,-0.013245391,0.0,-0.0,0.0
11.574,-0.011209377,0.0016646078,-0.003471547,2.6479481e-06,1.7831475e-05,5.522387e-06
11.615,-0.013041973,0.0016646078,-0.00041722096,-0.0,0.0,0.0
11.633,-0.0020463986,-0.0020005836,-0.003471547,-0.0,-0.0,0.0
11.675,-0.0008246681,0.014492778,-0.002860682,-0.0,0.0,0.0
11.715,-0.017928895,-0.002611449,-0.0040824125,-6.5098693e-06,4.4691893e-05,1.01765045e-05
11.736,-0.011820243,0.0028863382,-0.0010280862,-0.0,0.0,0.0
11.774,0.0028405234,0.008384125,-0.011412795,0.0,-0.0,0.0
11.817,-0.0051007248,-0.0020005836,-0.0040824125,-0.0,-0.0,0.0
11.833,-0.0032681292,0.004718934,-0.003471547,4.248764e-06,2.9425194e-06,3.125657e-06
11.877,-0.0044898596,0.0034972036,-0.0046932776,-0.0,0.0,0.0
11.915,-0.0020463986,-0.002611449,-0.0016389515,-0.0,-0.0,0.0
11.933,0.0065057147,0.0034972036,-0.0040824125,0.0,-0.0,0.0
11.973,-0.010598511,0.009605856,0.0014153748,1.8531726e-05,2.0446714e-05,-2.7307424e-06
12.013,-0.0063224556,0.0004428773,-0.005304143,-0.0,0.0,0.0
12.052,0.0034513886,0.0034972036,0.00019364429,-0.0,-0.0,0.0
12.073,-0.0075441855,0.00777326,0.0032479705,0.0,-0.0,-0.0
12.115,0.00039706242,-0.00016798795,0.0014153748,-3.33601e-08,-7.885111e-08,-2.8107388e-07
12.155,-0.0020463986,0.004718934,0.0044697006,0.0,-0.0,-0.0
12.174,-0.017928895,0.0004428773,0.0014153748,0.0,-0.0,-0.0
12.214,-0.0026572638,0.008384125,-0.006525873,-0.0,0.0,0.0
12.252,0.0010079277,0.0028863382,-0.007136739,0.0,-0.0,0.0
12.274,-0.0026572638,0.012049317,-0.005304143,-0.0,0.0,0.0
12.316,-0.0044898596,-0.00016798795,-0.003471547,-0.0,-0.0,0.0
12.336,-0.0032681292,0.0022754732,-0.0040824125,-0.0,0.0,0.0
12.376,-0.011209377,-0.002611449,-0.006525873,-4.6375812e-06,1.9905818e-05,1.1588829e-05
12.415,0.00833831,0.012049317,-0.01202366,0.0,-0.0,0.0
12.454,-0.00571159,0.0010537425,0.00019364429,0.0,-0.0,-0.0
12.474,-0.01853976,-0.002611449,0.0014153748,-0.0,0.0,0.0
12.515,-0.0026572638,0.004718934,0.00019364429,3.4322802e-06,1.93274e-06,-1.4084897e-07
12.554,0.0028405234,0.004718934,-0.0016389515,0.0,-0.0,0.0
12.574,-0.0020463986,0.0010537425,-0.0010280862,-0.0,0.0,0.0
12.614,-0.0026572638,-0.0050549097,-0.0016389515,-0.0,-0.0,0.0
12.657,0.009560041,-0.0020005836,-0.0016389515,-2.65926e-06,-1.2707678e-05,2.178558e-06
12.675,0.00833831,-0.0032223142,-0.005304143,-0.0,-0.0,0.0
12.715,0.0028405234,-0.0038331794,0.0038588357,-0.0,-0.0,-0.0
12.754,0.00589485,-0.011774427,0.00019364429,-0.0,-0.0,-0.0
12.774,0.013225232,-0.016050484,-0.0010280862,-4.4857225e-05,-3.696144e-05,2.8724269e-06
12.814,0.021777345,-0.0074983705,-0.008969335,-0.0,-0.0,0.0
12.853,-0.00021380284,0.010216721,0.0056914315,0.0,-0.0,-0.0
12.875,-0.014874569,-0.008720102,0.0056914315,-0.0,0.0,0.0
12.914,0.011392637,-0.0056657754,0.008745758,-1.1741215e-05,-2.3608483e-05,-1.8123686e-05
12.952,0.0052839844,0.0016646078,0.0050805663,-0.0,-0.0,0.0
12.993,0.02238821,-0.011774427,-0.00041722096,-0.0,-0.0,0.0
13.013,0.021777345,-0.008109236,0.0038588357,-0.0,-0.0,-0.0
13.053,-0.0063224556,-0.0074983705,-0.005915008,-1.1527166e-05,9.719354e-06,9.093101e-06
13.093,0.0016187929,0.0016646078,-0.00041722096,0.0,-0.0,0.0
13.115,0.0028405234,-0.0013897184,-0.0010280862,-0.0,-0.0,0.0
13.154,0.015057828,-0.0062766406,-0.0046932776,-0.0,-0.0,0.0
13.194,0.016279558,-0.0074983705,-0.0046932776,-0.0,-0.0,0.0
13.216,0.00711658,-0.0013897184,0.00019364429,-0.0,-0.0,-0.0
13.258,-0.014874569,-0.0038331794,-0.0010280862,-0.0,-0.0,0.0
13.294,0.011392637,-0.0007788532,-0.0016389515,-0.0,-0.0,0.0
13.313,0.00833831,-0.012996158,-0.002860682,-2.7392389e-05,-1.7575021e-05,6.029316e-06
13.355,0.016279558,0.008384125,0.0050805663,-0.0,-0.0,0.0
13.394,-0.013041973,-0.012385293,0.0056914315,-0.0,0.0,0.0
13.415,-0.0063224556,-0.012385293,0.00019364429,-0.0,0.0,0.0
13.454,0.019333886,0.0034972036,-0.0010280862,9.235015e-06,-5.1054318e-05,2.7150677e-06
13.494,0.0107817715,0.0010537425,-0.0095802,0.0,-0.0,0.0
13.514,0.013225232,-0.0013897184,-0.006525873,-0.0,-0.0,0.0
13.555,-0.0038789941,0.0022754732,0.0056914315,0.0,-0.0,-0.0
13.595,-0.008155052,-0.0068875058,0.011189219,-1.4295283e-05,1.692652e-05,-2.322385e-05
13.614,-0.0014355333,0.004108069,0.008745758,0.0,-0.0,-0.0
13.654,-0.0075441855,-0.0050549097,0.0056914315,-0.0,0.0,0.0
13.694,0.0022296582,0.012049317,0.0008045095,-0.0,-0.0,0.0
13.734,0.00039706242,-0.0007788532,0.0008045095,-0.0,-0.0,-0.0
13.754,0.0028405234,-0.0038331794,0.0026371053,-0.0,-0.0,-0.0
13.794,0.00833831,-0.00016798795,0.0044697006,-0.0,-0.0,-0.0
13.835,0.004062254,-0.011163563,0.008745758,-0.0,-0.0,-0.0
13.853,0.0107817715,-0.008720102,0.0032479705,-1.6668842e-05,-2.0609681e-05,-6.20878e-06
13.895,0.014446964,0.0065515297,0.0008045095,-0.0,-0.0,0.0
13.932,-0.013041973,-0.0038331794,0.0032479705,-0.0,0.0,0.0
13.954,-0.01853976,-0.0007788532,0.0014153748,-0.0,0.0,0.0
13.992,0.016890425,0.004108069,-0.003471547,9.773892e-06,-4.0184874e-05,8.259541e-06
14.033,0.016890425,0.0010537425,-0.0010280862,0.0,-0.0,0.0
14.054,0.004062254,-0.00016798795,0.0075240275,-0.0,-0.0,-0.0
14.094,-0.019150626,-0.0056657754,0.0044697006,-0.0,0.0,0.0
14.135,0.013225232,0.0004428773,-0.006525873,0.0,-0.0,0.0
14.154,0.021166481,0.00777326,-0.002860682,0.0,-0.0,0.0
14.195,-0.029535336,0.004108069,0.0075240275,0.0,-0.0,-0.0
14.220,-0.027091874,-0.0032223142,0.009967488,-0.0,0.0,0.0
14.253,0.0065057147,-0.0032223142,0.0056914315,-3.9897486e-06,-8.055062e-06,-7.046883e-06
14.293,0.013836098,-0.0020005836,-0.003471547,-0.0,-0.0,0.0
14.332,-0.0020463986,0.008384125,0.0032479705,0.0,-0.0,-0.0
14.352,-0.014874569,-0.00016798795,0.0014153748,-0.0,0.0,0.0
14.393,0.00589485,-0.0062766406,-0.008358469,-1.0109503e-05,-9.494697e-06,1.3462647e-05
14.433,0.009560041,0.011438452,0.0014153748,-0.0,-0.0,0.0
14.453,-0.008765915,0.0022754732,0.0063022966,0.0,-0.0,-0.0
14.495,-0.016707165,-0.0056657754,0.006913162,-0.0,0.0,0.0
14.534,0.018112155,0.0016646078,-0.005915008,4.273503e-06,-4.6494974e-05,1.5184287e-05
14.554,0.021777345,0.010216721,-0.01202366,0.0,-0.0,0.0
14.594,-0.009987647,-0.0007788532,-0.005915008,-0.0,-0.0,0.0
14.634,0.0052839844,-0.008720102,0.011800084,-0.0,-0.0,-0.0
14.679,0.0010079277,0.0028863382,0.008134892,-0.0,-0.0,0.0
14.694,0.00039706242,0.010216721,0.009356623,-0.0,-0.0,0.0
14.734,0.0065057147,-0.0074983705,0.00019364429,-0.0,-0.0,-0.0
14.775,0.0022296582,0.0010537425,0.0014153748,-0.0,-0.0,0.0
14.794,-0.0014355333,-0.0013897184,-0.005304143,-1.0572212e-06,1.0920703e-06,4.035092e-06
14.833,0.004673119,0.0010537425,-0.0022498167,0.0,-0.0,0.0
14.873,-0.0008246681,-0.0038331794,-0.002860682,-0.0,-0.0,0.0
14.893,-0.00571159,-0.0013897184,-0.00041722096,-0.0,-0.0,0.0
14.932,0.0034513886,0.004718934,0.0014153748,3.8098697e-06,-2.7865099e-06,-1.1427094e-06
14.972,0.0022296582,-0.0007788532,-0.008969335,-0.0,-0.0,0.0
14.992,-0.0020463986,-0.0044440445,-0.01080193,-0.0,-0.0,0.0
15.033,-0.0008246681,0.013271048,-0.0016389515,-0.0,0.0,0.0
15.073,-0.025259277,0.00777326,0.0032479705,0.0,-0.0,-0.0
15.094,-0.020983221,0.0034972036,0.0014153748,0.0,-0.0,-0.0
15.134,0.015668694,0.0010537425,-0.008969335,0.0,-0.0,0.0
15.173,-0.0026572638,0.018768836,-0.0046932776,-0.0,0.0,0.0
15.194,-0.028313605,0.00777326,-0.0040824125,3.0926567e-05,0.000112651636,1.6240956e-05
15.233,-0.011209377,-0.0074983705,-0.003471547,-0.0,-0.0,0.0
15.273,-0.0008246681,0.0193797,-0.0040824125,-0.0,0.0,0.0
15.293,-0.024648413,0.012660182,-0.002860682,-0.0,0.0,0.0
15.333,-0.013652838,-0.0032223142,0.0026371053,-6.173173e-06,2.6155823e-05,-5.0520275e-06
15.374,0.0022296582,0.00777326,-0.005915008,0.0,-0.0,0.0
15.397,0.00039706242,0.0034972036,-0.007136739,0.0,-0.0,0.0
15.433,-0.0026572638,0.004108069,-0.008358469,-0.0,0.0,0.0
15.474,-0.012431107,0.012049317,-0.0046932776,2.9008515e-05,2.9928005e-05,1.1298614e-05
15.495,-0.0063224556,0.013271048,-0.007747604,-0.0,0.0,0.0
15.534,0.00589485,-0.010552697,0.0032479705,-0.0,-0.0,-0.0
15.575,-0.0069333203,0.004718934,0.0044697006,0.0,-0.0,-0.0
15.614,0.00039706242,0.0022754732,0.0014153748,-0.0,-0.0,0.0
15.634,0.0065057147,0.0004428773,-0.0010280862,0.0,-0.0,0.0
15.674,-0.0026572638,-0.00016798795,-0.0040824125,-0.0,-0.0,0.0
15.714,-0.013041973,0.0028863382,-0.005915008,-0.0,0.0,0.0
15.734,-0.012431107,-0.0020005836,-0.0046932776,-3.6081988e-06,2.2419808e-05,8.464487e-06
15.774,0.0052839844,-0.00016798795,-0.005304143,-0.0,-0.0,0.0
15.814,0.00039706242,0.0053297994,-0.002860682,0.0,-0.0,0.0
15.835,-0.011209377,0.0034972036,-0.0046932776,-0.0,0.0,0.0
15.877,-0.010598511,0.007162395,-0.011412795,1.6479518e-05,2.438616e-05,2.6259315e-05
15.913,-0.0020463986,0.008384125,-0.006525873,-0.0,0.0,0.0
15.933,-0.008765915,0.004718934,0.00202624,0.0,-0.0,-0.0
15.972,-0.010598511,-0.0038331794,0.0050805663,-0.0,0.0,0.0
16.012,-0.0008246681,0.012660182,0.0056914315,0.0,-0.0,-0.0
16.032,-0.009376781,0.0028863382,0.0032479705,0.0,-0.0,-0.0
16.073,-0.0020463986,0.0010537425,-0.0022498167,-0.0,0.0,0.0
16.115,0.0034513886,0.015714508,-0.005304143,0.0,-0.0,0.0
16.134,-0.008155052,0.010216721,-0.0046932776,1.9045858e-05,1.52026605e-05,8.749023e-06
16.174,-0.011209377,-0.0056657754,0.0008045095,-0.0,0.0,0.0
16.215,0.015668694,-0.0068875058,-0.0010280862,-0.0,-0.0,0.0
16.234,0.015057828,0.004718934,0.00202624,-0.0,-0.0,0.0
16.277,0.00039706242,-0.0062766406,0.0063022966,-7.500656e-06,-4.744657e-07,-7.5313155e-06
16.314,0.004062254,-0.0050549097,0.0032479705,-0.0,-0.0,-0.0
16.336,0.017501289,-0.0020005836,-0.007747604,-0.0,-0.0,0.0
16.375,0.026664268,0.0010537425,-0.005915008,0.0,-0.0,0.0
16.415,-0.013041973,-0.012385293,0.016687006,-4.0783187e-05,4.294791e-05,-5.4948887e-05
16.455,0.0022296582,-0.00016798795,0.009967488,-0.0,-0.0,-0.0
16.474,0.010170906,-0.002611449,0.009356623,-0.0,-0.0,-0.0
16.514,-0.0020463986,-0.0056657754,0.0063022966,-0.0,0.0,0.0
16.554,0.011392637,-0.00016798795,-0.006525873,-0.0,-0.0,0.0
16.574,0.021777345,0.004718934,-0.005304143,0.0,-0.0,0.0
16.614,0.0016187929,0.004718934,0.0038588357,-0.0,-0.0,0.0
16.654,0.0010079277,-0.002611449,0.0063022966,-0.0,-0.0,-0.0
16.675,0.0028405234,-0.0007788532,0.0038588357,-5.074678e-07,-1.8507558e-06,-2.514243e-06
16.715,-0.0063224556,0.0010537425,-0.00041722096,-0.0,0.0,0.0
16.755,0.009560041,0.010216721,-0.005304143,0.0,-0.0,0.0
16.774,0.00833831,0.004108069,-0.0040824125,0.0,-0.0,0.0
16.814,0.0016187929,-0.022159135,0.0038588357,-6.706935e-05,-4.8992283e-06,-1.1679747e-05
16.852,0.009560041,0.015714508,0.0063022966,-0.0,-0.0,0.0
16.872,-0.0075441855,0.012660182,0.0038588357,0.0,-0.0,-0.0
16.916,-0.0008246681,-0.011774427,0.0014153748,-0.0,0.0,0.0
16.953,0.015057828,-0.0056657754,0.0032479705,-0.0,-0.0,-0.0
16.992,-0.014874569,0.00777326,0.0050805663,0.0,-0.0,-0.0
17.013,-0.0075441855,0.004108069,0.0026371053,0.0,-0.0,-0.0
17.052,0.023609942,-0.013607023,-0.0016389515,-0.0,-0.0,0.0
17.074,0.023609942,-0.017272215,-0.0022498167,-6.801591e-05,-9.297397e-05,8.856398e-06
17.114,0.0089491755,0.0034972036,0.0032479705,-0.0,-0.0,0.0
17.154,-0.0069333203,-0.0032223142,0.0063022966,-0.0,0.0,0.0
17.195,0.00039706242,0.004108069,0.0063022966,-0.0,-0.0,0.0
17.214,0.0028405234,0.0010537425,0.0032479705,6.28185e-07,-1.6933733e-06,-1.936271e-06
17.254,0.011392637,-0.0038331794,0.008134892,-0.0,-0.0,-0.0
17.292,-0.0051007248,-0.008109236,0.008745758,-0.0,0.0,0.0
17.315,0.004673119,-0.002611449,0.0063022966,-0.0,-0.0,-0.0
17.354,0.011392637,-0.00016798795,0.0038588357,-2.7128786e-07,-1.8394363e-05,-6.2304143e-06
17.394,-0.0038789941,0.0004428773,0.0038588357,0.0,-0.0,-0.0
17.414,-0.013652838,-0.011163563,0.0050805663,-0.0,0.0,0.0
17.454,0.00589485,0.0022754732,0.0008045095,-0.0,-0.0,0.0
17.495,0.0016187929,0.004718934,-0.00041722096,0.0,-0.0,0.0
17.514,-0.0051007248,0.0004428773,0.0026371053,0.0,-0.0,-0.0
17.554,0.0022296582,-0.0056657754,0.0032479705,-0.0,-0.0,-0.0
17.593,0.00589485,0.0010537425,-0.003471547,0.0,-0.0,0.0
17.614,0.009560041,-0.0050549097,-0.006525873,-8.569284e-06,-1.6206777e-05,1.1062965e-05
17.654,-0.011209377,0.00777326,0.006913162,0.0,-0.0,-0.0
17.694,-0.013041973,-0.0050549097,0.0008045095,-0.0,0.0,0.0
17.715,0.00711658,-0.011774427,-0.0010280862,-0.0,-0.0,0.0
17.754,0.013225232,0.0065515297,0.0038588357,1.3414224e-05,-2.7078866e-05,-7.900828e-06
17.794,-0.014874569,-0.0020005836,-0.0010280862,-0.0,-0.0,0.0
17.815,-0.00571159,-0.0050549097,-0.0016389515,-0.0,-0.0,0.0
17.853,0.016890425,0.0053297994,-0.005915008,0.0,-0.0,0.0
17.893,-0.0069333203,0.0028863382,-0.002860682,-0.0,0.0,0.0
17.916,-0.009987647,0.0065515297,-0.00041722096,-0.0,0.0,0.0
17.952,0.0052839844,-0.0068875058,0.0026371053,-0.0,-0.0,-0.0
17.991,-0.0032681292,0.0004428773,0.0008045095,0.0,-0.0,-0.0
18.033,0.012003502,0.005940664,-0.008969335,0.0,-0.0,0.0
18.052,0.013225232,0.010827586,-0.0046932776,0.0,-0.0,0.0
18.094,-0.017928895,-0.008109236,0.0008045095,-0.0,0.0,0.0
18.134,0.00711658,-0.0062766406,0.009356623,-0.0,-0.0,-0.0
18.153,0.009560041,0.0016646078,0.009967488,3.1078278e-06,-1.7849608e-05,-1.8610297e-05
18.193,0.00833831,-0.0068875058,0.0008045095,-0.0,-0.0,-0.0
18.233,0.013225232,-0.00016798795,0.0014153748,-0.0,-0.0,-0.0
18.254,-0.0063224556,-0.0062766406,0.0026371053,-0.0,0.0,0.0
18.296,-0.0063224556,-0.0044440445,-0.0010280862,-0.0,-0.0,0.0
18.333,0.0089491755,0.008384125,-0.007136739,0.0,-0.0,0.0
18.353,0.00039706242,-0.00016798795,-0.002860682,-0.0,-0.0,0.0
18.394,-0.008765915,-0.0044440445,-0.0016389515,-0.0,-0.0,0.0
18.434,0.0126143675,0.0028863382,-0.0046932776,0.0,-0.0,0.0
18.456,0.0065057147,-0.002611449,-0.007136739,-0.0,-0.0,0.0
18.494,-0.0063224556,0.005940664,-0.0095802,-0.0,0.0,0.0
18.534,-0.0142637035,0.009605856,-0.0022498167,-0.0,0.0,0.0
18.554,-0.012431107,0.0028863382,-0.006525873,5.552628e-06,2.3915174e-05,1.25545e-05
18.594,-0.0069333203,0.0016646078,-0.0016389515,-0.0,0.0,0.0
18.635,0.00039706242,0.010827586,-0.005304143,0.0,-0.0,0.0
18.653,-0.00021380284,0.005940664,-0.0046932776,-0.0,0.0,0.0
18.693,-0.0075441855,0.0028863382,-0.006525873,4.022787e-06,1.0514728e-05,9.095416e-06
18.734,0.00039706242,0.0016646078,-0.007747604,0.0,-0.0,0.0
18.754,0.0034513886,0.0034972036,-0.010191065,0.0,-0.0,0.0
18.794,-0.008155052,0.0053297994,-0.0046932776,-0.0,0.0,0.0
18.833,-0.0014355333,-0.0032223142,-0.007136739,-0.0,-0.0,0.0
18.873,0.0107817715,0.0004428773,-0.0040824125,0.0,-0.0,0.0
18.893,0.0052839844,0.0053297994,-0.005915008,0.0,-0.0,0.0
18.933,0.015668694,-0.002611449,-0.018132312,-0.0,-0.0,0.0
18.972,0.012003502,0.022434026,-0.031571347,0.0,-0.0,0.0
18.992,-0.009376781,0.04625777,-0.03034962,-0.0,0.0,0.0
19.032,-0.03320053,0.015103644,-0.012634526,-0.0,0.0,0.0
19.073,-0.0063224556,0.035262197,-0.04439952,-0.0,0.0,0.0
19.092,0.023609942,0.02182316,-0.057227686,0.00019231484,-0.0002079555,0.0005041969
19.134,-0.010598511,-0.0044440445,-0.03279308,-0.0,-0.0,0.0
19.174,-0.044196103,0.0016646078,-0.03523654,-0.0,0.0,0.0
19.193,-0.028313605,0.015714508,-0.03768,-0.0,0.0,0.0
19.234,-0.020983221,0.042592578,-0.048675574,-0.0,0.0,0.0
19.273,-0.083902344,0.026710084,-0.05478423,-0.0,0.0,0.0
19.296,-0.18102992,0.06702719,-0.057838555,-0.0,0.0,0.0
19.333,-0.13032809,-0.0056657754,-0.026684428,-0.0,-0.0,0.0
19.373,0.0089491755,0.016936239,-0.013245391,0.0,-0.0,0.0
19.394,0.027275134,0.025488352,-0.02118664,0.0,-0.0,0.0
19.433,0.0107817715,0.010827586,-0.007136739,0.0,-0.0,0.0
19.474,-0.0160963,-0.012996158,0.016076142,-0.0,0.0,0.0
19.496,-0.022204952,-0.023380866,0.017297871,-0.00011482379,0.000109058135,-8.494728e-05
19.534,0.018112155,-0.0093309665,0.0032479705,-0.0,-0.0,-0.0
19.574,0.0107817715,0.021212295,0.0014153748,-0.0,-0.0,0.0
19.594,-0.009987647,0.0010537425,0.00202624,0.0,-0.0,-0.0
19.634,-0.0075441855,-0.002611449,-0.005915008,-3.4825916e-06,1.0060691e-05,7.8880985e-06
19.673,-0.0014355333,0.0028863382,0.0075240275,0.0,-0.0,-0.0
19.715,-0.0020463986,-0.015439619,0.0044697006,-0.0,0.0,0.0
19.734,0.010170906,-0.01666135,0.0075240275,-0.0,-0.0,-0.0
19.774,0.0089491755,0.0016646078,0.006913162,-0.0,-0.0,0.0
19.813,-0.0063224556,-0.008720102,-0.0022498167,-0.0,-0.0,0.0
19.833,0.004673119,-0.00016798795,-0.0010280862,-0.0,-0.0,0.0
19.871,0.010170906,0.0028863382,-0.0010280862,0.0,-0.0,0.0
19.913,0.0022296582,-0.0093309665,0.0075240275,-0.0,-0.0,-0.0
19.932,0.0028405234,0.0004428773,0.013021815,-0.0,-0.0,0.0
19.972,0.0052839844,0.0034972036,0.0044697006,-0.0,-0.0,0.0
20.012,-0.00021380284,-0.002611449,0.0026371053,-0.0,0.0,0.0
20.031,-0.0026572638,-0.0093309665,0.0014153748,-1.2279158e-05,3.496859e-06,-1.8625525e-06
20.073,0.0065057147,-0.011163563,0.0032479705,-0.0,-0.0,-0.0
20.114,0.010170906,0.005940664,0.00202624,-0.0,-0.0,0.0
20.134,0.0028405234,0.011438452,-0.00041722096,0.0,-0.0,0.0
20.174,-0.00021380284,0.0004428773,0.0056914315,0.0,-0.0,-0.0
20.214,-0.0014355333,-0.020937407,0.008134892,-0.0,0.0,0.0
20.233,-0.0063224556,-0.011774427,0.006913162,-0.0,0.0,0.0
20.273,0.00833831,0.0065515297,0.00019364429,-0.0,-0.0,0.0
20.315,0.013225232,-0.008109236,0.00019364429,-0.0,-0.0,-0.0
20.336,0.010170906,-0.010552697,0.00202624,-0.0,-0.0,-0.0
20.374,0.0052839844,-0.0032223142,0.0026371053,-0.0,-0.0,-0.0
20.413,0.026053403,-0.010552697,0.0026371053,-0.0,-0.0,-0.0
20.434,0.034605514,-0.012996158,0.010578354,-6.7072135e-05,-0.0001785815,-5.4596065e-05
20.473,0.017501289,-0.017272215,0.018519603,-0.0,-0.0,-0.0
20.513,0.033383787,-0.013607023,0.016076142,-0.0,-0.0,-0.0
20.555,0.024831673,-0.016050484,0.02646085,-0.0,-0.0,-0.0
20.574,0.021166481,-0.023380866,0.023406522,-0.00012325721,-0.000111569774,-0.00012339246
20.614,0.04315763,-0.022159135,0.022184793,-0.0,-0.0,-0.0
20.654,0.05842926,0.0065515297,0.017908737,-0.0,-0.0,0.0
20.675,0.026053403,-0.002611449,0.012410949,-0.0,-0.0,-0.0
20.714,0.00039706242,0.0016646078,0.0038588357,-0.0,-0.0,0.0
20.753,0.021166481,-0.0093309665,0.008745758,-0.0,-0.0,-0.0
20.774,0.03155119,-0.016050484,0.013021815,-0.0,-0.0,-0.0
20.813,0.01872302,-0.014828754,0.020352198,-0.0,-0.0,-0.0
20.853,0.0016187929,-0.008109236,0.0344021,-0.0,-0.0,-0.0
20.875,-0.0051007248,-0.016050484,0.036845557,-0.0,0.0,0.0
20.912,-0.0020463986,-0.01666135,0.041121617,-0.0,0.0,0.0
20.952,-0.05702427,0.010827586,0.0643345,0.0,-0.0,-0.0
20.973,-0.09184359,-0.0050549097,0.06372363,-7.5256314e-05,0.0013793743,-0.00095697126
21.015,-0.039309178,-0.0007788532,0.029515177,-0.0,0.0,0.0
21.052,0.007727445,-0.0074983705,0.020352198,-0.0,-0.0,-0.0
21.092,-0.0069333203,0.016325375,0.020963062,6.0169445e-05,2.5550977e-05,-7.726179e-05
21.112,-0.039920043,0.00777326,0.03562383,0.0,-0.0,-0.0
21.152,-0.12055425,0.0034972036,0.055171516,0.0,-0.0,-0.0
21.193,-0.081458874,0.0474795,0.0643345,0.0,-0.0,-0.0
21.214,-0.07596109,0.09757045,0.085103914,0.0,-0.0,-0.0
21.253,-0.10039571,0.13238977,0.104040734,0.0,-0.0,-0.0
21.274,-0.09306532,0.1476614,0.085103914,0.0,-0.0,-0.0
21.313,-0.08451321,0.17209601,0.07105402,0.0,-0.0,-0.0
21.352,-0.051526483,0.26433668,0.11625804,0.0,-0.0,-0.0
21.394,-0.12605204,0.22524129,0.06799969,0.0,-0.0,-0.0
21.413,-0.12605204,0.17515035,0.074719205,0.0,-0.0,-0.0
21.453,-0.06557638,0.015714508,0.025849985,0.0,-0.0,-0.0
21.493,-0.047250427,0.02976441,-0.013856256,-0.0,0.0,0.0
21.514,-0.18774943,0.14460707,-0.12197941,0.0051574847,0.0067263586,0.0043454412
21.553,-0.14743233,0.07191411,-0.15924218,-0.0,0.0,0.0
21.593,-0.036254853,0.44270933,-0.18550938,-0.0,0.0,0.0
21.613,-0.0704633,0.39506182,-0.18673113,-0.0,0.0,0.0
21.653,-0.029535336,0.13849843,-0.05967115,-0.0,0.0,0.0
21.694,0.16349807,0.03220787,0.07594094,-0.0,-0.0,0.0
21.713,0.1299005,-0.058200188,0.07410834,-0.0,-0.0,-0.0
21.753,-0.06740898,-0.07408268,0.027071714,-0.0,0.0,0.0
21.794,-0.012431107,0.012049317,0.06128017,0.0,-0.0,-0.0
21.814,0.019333886,0.0065515297,0.04967373,-0.0,-0.0,0.0
21.853,0.062094454,-0.0068875058,0.0014153748,-0.0,-0.0,-0.0
21.891,0.048655417,0.0034972036,0.023406522,-0.0,-0.0,0.0
21.934,-0.00571159,-0.039263364,0.0044697006,-0.0,0.0,0.0
21.951,0.025442537,-0.022770002,0.00202624,-0.0,-0.0,-0.0
21.994,0.116461456,-0.0050549097,0.013021815,-0.0,-0.0,-0.0
22.031,0.08652906,-0.012996158,0.016076142,-0.00015527706,-0.0010331668,-0.00019203394
22.053,0.060872722,-0.0044440445,0.01363268,-0.0,-0.0,-0.0
22.091,0.0028405234,-0.11501065,0.022184793,-0.0,-0.0,-0.0
22.131,0.08042041,-0.04476115,0.036234695,-0.0,-0.0,-0.0
22.153,0.096302904,-0.042928554,0.016687006,-0.0,-0.0,-0.0
22.193,0.024831673,-0.014217889,-0.008969335,-0.0,-0.0,0.0
22.234,-0.0026572638,-0.017272215,-0.012634526,-0.0,-0.0,0.0
22.251,0.0034513886,-0.03193298,-0.01080193,-0.0,-0.0,0.0
22.294,0.012003502,-0.026435195,-0.007136739,-0.0,-0.0,0.0
22.333,-0.022204952,-0.0093309665,0.009356623,-0.0,0.0,0.0
22.352,-0.022815816,-0.015439619,-0.003471547,-0.0,-0.0,0.0
22.394,0.010170906,0.0010537425,-0.007136739,0.0,-0.0,0.0
22.432,-0.0051007248,0.016325375,0.0063022966,0.0,-0.0,-0.0
22.453,-0.024037547,0.004718934,0.00019364429,1.5515614e-05,7.9034086e-05,-6.373046e-07
22.494,0.00039706242,0.016936239,-0.002860682,0.0,-0.0,0.0
22.533,0.017501289,0.021212295,-0.01202366,0.0,-0.0,0.0
22.553,0.0052839844,-0.010552697,-0.005915008,-0.0,-0.0,0.0
22.593,0.016890425,-0.0068875058,0.0050805663,-0.0,-0.0,-0.0
22.633,0.01872302,-0.0038331794,0.00019364429,-0.0,-0.0,-0.0
22.654,0.015057828,-0.0056657754,0.00202624,-0.0,-0.0,-0.0
22.693,-0.0038789941,-0.017272215,0.0014153748,-0.0,0.0,0.0
22.734,-0.017928895,-0.020937407,0.0008045095,-0.0,0.0,0.0
22.754,0.0016187929,-0.013607023,-0.01080193,-0.0,-0.0,0.0
22.792,0.0401033,-0.002611449,-0.024240965,-0.0,-0.0,0.0
22.832,0.004062254,-0.020326542,-0.0016389515,-0.0,-0.0,0.0
22.871,-0.059467733,-0.090576045,-0.005915008,-0.0,-0.0,0.0
22.891,-0.04175264,-0.01666135,-0.015077987,-0.0,-0.0,0.0
22.931,0.100578964,0.050533827,0.008134892,-0.0,-0.0,0.0
22.971,-0.06863071,-0.041095957,-0.025462696,-0.0004631466,0.0007732081,0.0002870719
22.990,-0.07473937,-0.03193298,-0.02240837,-0.0,-0.0,0.0
23.030,0.0028405234,-0.014217889,0.0075240275,-0.0,-0.0,-0.0
23.071,-0.0014355333,0.004108069,-0.0095802,-0.0,0.0,0.0
23.091,0.015668694,0.03831652,-0.036458272,0.0,-0.0,0.0
23.132,0.03949244,0.041981712,-0.013856256,0.0,-0.0,0.0
23.171,-0.0075441855,-0.01788308,0.014243545,-0.0,0.0,0.0
23.191,-0.00571159,0.00777326,0.0056914315,0.0,-0.0,-0.0
23.231,0.011392637,0.008384125,-0.003471547,0.0,-0.0,0.0
23.271,0.027275134,0.0028863382,-0.005915008,0.0,-0.0,0.0
23.291,0.020555617,0.004718934,0.0014153748,-0.0,-0.0,0.0
23.331,-0.012431107,-0.002611449,0.0075240275,-0.0,0.0,0.0
23.372,0.013836098,0.007162395,0.00019364429,-0.0,-0.0,0.0
23.391,0.03155119,-0.0032223142,-0.003471547,-1.379749e-05,-0.00013510764,1.486482e-05
23.431,-0.0014355333,-0.0038331794,0.013021815,-0.0,0.0,0.0
23.472,-0.0020463986,0.010216721,0.0075240275,0.0,-0.0,-0.0
23.492,0.0107817715,-0.0056657754,0.0032479705,-0.0,-0.0,-0.0
23.533,0.011392637,0.0028863382,-0.011412795,0.0,-0.0,0.0
23.571,-0.017928895,-0.022159135,-0.005915008,-0.0,-0.0,0.0
23.592,-0.009376781,-0.0056657754,0.006913162,-0.0,0.0,0.0
23.632,-0.0044898596,-0.002611449,0.0026371053,-0.0,0.0,0.0
23.672,0.0034513886,0.0004428773,0.0032479705,-0.0,-0.0,0.0
23.712,-0.011209377,-0.0038331794,0.0050805663,-0.0,0.0,0.0
23.732,-0.010598511,0.0034972036,0.0014153748,0.0,-0.0,-0.0
23.772,-0.00571159,0.0010537425,-0.0010280862,-0.0,0.0,0.0
23.811,-0.0069333203,0.0028863382,0.00019364429,0.0,-0.0,-0.0
23.832,-0.009376781,-0.014217889,0.0026371053,-0.0,0.0,0.0
23.874,0.00039706242,-0.0068875058,0.008134892,-0.0,-0.0,-0.0
23.913,0.0028405234,0.005940664,0.0044697006,6.3456696e-06,-3.034195e-06,-4.774419e-06
23.932,-0.008155052,-0.013607023,0.0056914315,-0.0,0.0,0.0
23.972,-0.012431107,-0.0074983705,0.0008045095,-0.0,0.0,0.0
24.012,0.00711658,0.004108069,0.0008045095,-0.0,-0.0,0.0
24.033,0.014446964,0.00899499,0.0008045095,-0.0,-0.0,0.0
24.072,0.00589485,0.0004428773,0.0026371053,-0.0,-0.0,0.0
24.111,0.03521638,-0.04353942,0.014243545,-0.0,-0.0,-0.0
24.131,0.016890425,0.022434026,-0.01202366,0.0,-0.0,0.0
24.171,-0.011820243,-0.0068875058,-0.007136739,-0.0,-0.0,0.0
24.212,0.004673119,-0.04231769,0.01363268,-0.0,-0.0,-0.0
24.231,-0.009987647,-0.041706827,0.01485441,-0.0,0.0,0.0
24.271,-0.052748214,-0.061254513,0.033791233,-0.0,0.0,0.0
24.311,0.02238821,0.026710084,0.0038588357,-0.0,-0.0,0.0
24.351,0.027885998,0.048090365,-0.01080193,0.0,-0.0,0.0
24.373,-0.0026572638,0.03281874,-0.008358469,-0.0,0.0,0.0
24.411,-0.0460287,-0.011774427,-0.007136739,-0.0,-0.0,0.0
24.451,0.013225232,0.012660182,-0.016299717,4.165342e-05,-4.3510165e-05,5.3627304e-05
24.471,0.022999076,0.03831652,-0.01080193,0.0,-0.0,0.0
24.511,0.00833831,0.0034972036,-0.005304143,0.0,-0.0,0.0
24.551,0.0010079277,-0.011163563,0.00202624,-0.0,-0.0,-0.0
24.571,-0.0014355333,0.0034972036,0.00019364429,0.0,-0.0,-0.0
24.611,0.00711658,0.009605856,-0.008969335,0.0,-0.0,0.0
24.651,0.0022296582,0.011438452,-0.005304143,0.0,-0.0,0.0
24.671,-0.0160963,-0.020937407,0.0026371053,-0.0,0.0,0.0
24.711,-0.0032681292,0.015714508,0.0044697006,0.0,-0.0,-0.0
24.752,0.026664268,0.04381431,-0.012634526,0.0,-0.0,0.0
24.771,0.021777345,0.029153543,-0.00041722096,0.0,-0.0,0.0
24.812,0.013225232,0.009605856,0.009967488,-0.0,-0.0,0.0
24.852,0.0028405234,-0.0056657754,-0.015077987,-1.2437685e-05,-6.235862e-06,3.3099896e-05
24.872,0.00711658,0.009605856,-0.010191065,0.0,-0.0,0.0
24.913,-0.0014355333,0.0053297994,-0.015077987,-0.0,0.0,0.0
24.951,-0.024648413,-0.0074983705,-0.003471547,-0.0,-0.0,0.0
24.972,-0.014874569,-0.011774427,-0.0016389515,-0.0,-0.0,0.0
25.011,0.032772917,0.029153543,-0.013245391,0.0,-0.0,0.0
25.051,-0.013041973,-0.008109236,-0.0040824125,-0.0,-0.0,0.0
25.071,-0.0142637035,-0.017272215,0.006913162,-0.0,0.0,0.0
25.111,-0.0038789941,-0.0068875058,0.0044697006,-0.0,0.0,0.0
25.151,0.013225232,0.00899499,0.00202624,-0.0,-0.0,0.0
25.172,0.015668694,0.010216721,0.0044697006,-0.0,-0.0,0.0
25.211,0.00039706242,-0.0068875058,0.00019364429,-0.0,-0.0,-0.0
25.251,-0.00571159,-0.023991732,-0.0010280862,-7.9484074e-05,1.892223e-05,3.4067773e-06
25.292,0.013225232,0.016936239,-0.005915008,0.0,-0.0,0.0
25.311,0.0065057147,0.012660182,-0.007136739,0.0,-0.0,0.0
25.351,0.0089491755,-0.0013897184,-0.0022498167,-0.0,-0.0,0.0
25.390,0.0010079277,0.0028863382,0.0008045095,1.2246978e-06,-4.2767252e-07,-3.4136e-07
25.411,0.0028405234,0.0028863382,-0.0016389515,0.0,-0.0,0.0
25.450,0.020555617,-0.009941831,-0.002860682,-0.0,-0.0,0.0
25.491,0.019333886,-0.03193298,0.011189219,-0.0,-0.0,-0.0
25.510,-0.0014355333,-0.041706827,0.015465275,-0.0,0.0,0.0
25.551,0.012003502,0.0028863382,0.027071714,-0.0,-0.0,0.0
25.591,-0.0026572638,0.02182316,-0.01080193,-0.0,0.0,0.0
25.611,-0.036254853,0.029153543,-0.01996491,-0.0,0.0,0.0
25.651,-0.0069333203,0.021212295,-0.011412795,-0.0,0.0,0.0
25.691,-0.00021380284,0.02060143,-0.03706914,-0.0,0.0,0.0
25.711,-0.008765915,0.030375274,-0.04806471,-0.0,0.0,0.0
25.751,0.026053403,0.029153543,-0.01202366,0.0,-0.0,0.0
25.792,0.026053403,0.026710084,-0.015688851,0.00014511228,-0.00014153255,8.5242136e-05
25.811,0.016279558,0.016325375,0.0032479705,-0.0,-0.0,0.0
25.850,-0.017928895,0.009605856,-0.010191065,-0.0,0.0,0.0
25.891,-0.0069333203,0.00899499,-0.0046932776,-0.0,0.0,0.0
25.911,0.033383787,-0.0068875058,-0.0022498167,-0.0,-0.0,0.0
25.950,-0.0020463986,-0.0093309665,-0.002860682,-0.0,-0.0,0.0
25.990,-0.024648413,-0.017272215,0.0063022966,-0.0,0.0,0.0
26.012,-0.0032681292,-0.0056657754,0.0056914315,-0.0,0.0,0.0
26.050,0.0016187929,0.0010537425,-0.006525873,0.0,-0.0,0.0
26.091,0.00589485,0.015103644,0.00019364429,-0.0,-0.0,0.0
26.131,-0.021594085,-0.018493947,-0.0040824125,-0.0,-0.0,0.0
26.150,-0.008765915,-0.0093309665,-0.006525873,-0.0,-0.0,0.0
26.192,0.011392637,0.00899499,-0.0040824125,1.820444e-05,-2.3056704e-05,8.2623255e-06
26.230,0.00039706242,0.0034972036,-0.01080193,0.0,-0.0,0.0
26.251,0.0010079277,0.010827586,-0.006525873,0.0,-0.0,0.0
26.291,-0.016707165,-0.012996158,-0.008358469,-0.0,-0.0,0.0
26.331,0.009560041,0.011438452,-0.0040824125,2.3729313e-05,-1.983234e-05,8.469257e-06
26.351,0.00589485,0.013881912,0.0032479705,-0.0,-0.0,0.0
26.391,-0.023426682,-0.025213463,0.0008045095,-0.0,0.0,0.0
26.431,0.010170906,0.004108069,-0.00041722096,0.0,-0.0,0.0
26.450,0.00039706242,0.004718934,0.00202624,-0.0,-0.0,0.0
26.490,-0.0142637035,0.019990565,0.0008045095,0.0,-0.0,-0.0
26.530,-0.022204952,-0.023991732,0.012410949,-0.0,0.0,0.0
26.551,0.00589485,-0.028878655,0.00202624,-0.0,-0.0,-0.0
26.591,0.032162055,0.03098614,-0.013856256,0.0,-0.0,0.0
26.631,-0.025259277,-0.0068875058,-0.003471547,-0.0,-0.0,0.0
26.651,-0.034422256,-0.034376442,0.00202624,-0.0,0.0,0.0
26.692,0.00833831,0.018768836,-0.005915008,0.0,-0.0,0.0
26.732,-0.0020463986,-0.0007788532,-0.005915008,-6.593406e-07,1.732372e-06,5.0073363e-06
26.751,0.0065057147,0.0010537425,-0.002860682,0.0,-0.0,0.0
26.791,0.017501289,-0.01910481,0.0063022966,-0.0,-0.0,-0.0
26.831,0.024831673,0.014492778,-0.002860682,0.0,-0.0,0.0
26.872,0.004062254,0.00777326,0.0044697006,1.0270284e-05,-5.3672206e-06,-5.905495e-06
26.890,-0.013041973,-0.01788308,0.0014153748,-0.0,0.0,0.0
26.931,0.0107817715,-0.011163563,-0.006525873,-0.0,-0.0,0.0
26.971,0.027885998,0.0004428773,-0.011412795,0.0,-0.0,0.0
26.990,0.012003502,0.0028863382,-0.0046932776,0.0,-0.0,0.0
27.031,-0.012431107,-0.0068875058,0.0044697006,-0.0,0.0,0.0
27.071,0.0028405234,-0.0050549097,-0.0010280862,-0.0,-0.0,0.0
27.091,0.011392637,-0.0050549097,-0.005304143,-0.0,-0.0,0.0
27.132,0.037659843,0.023044892,-0.01996491,0.00014988909,-0.00024491223,0.00012986077
27.156,0.03032946,0.023044892,-0.01996491,0.0,-0.0,0.0
27.191,-0.011820243,-0.0093309665,-0.005304143,-0.0,-0.0,0.0
27.232,0.013225232,0.0016646078,-0.006525873,0.0,-0.0,0.0
27.272,-0.0075441855,-0.0056657754,0.0014153748,-7.2549547e-06,9.660253e-06,-1.8123369e-06
27.292,-0.009376781,-0.0038331794,-0.0022498167,-0.0,-0.0,0.0
27.333,0.013225232,0.00777326,-0.0010280862,0.0,-0.0,0.0
27.372,-0.0069333203,-0.002611449,-0.00041722096,-0.0,-0.0,0.0
27.393,-0.011820243,-0.008720102,0.0044697006,-0.0,0.0,0.0
27.435,0.0052839844,-0.0074983705,0.0032479705,-0.0,-0.0,-0.0
27.472,0.01994475,0.012049317,0.0026371053,-0.0,-0.0,0.0
27.492,0.00589485,-0.0007788532,0.0056914315,-0.0,-0.0,-0.0
27.535,-0.022204952,-0.0044440445,0.0050805663,-0.0,0.0,0.0
27.572,-0.0026572638,-0.01788308,0.00019364429,-0.0,0.0,0.0
27.592,0.014446964,0.0016646078,0.0063022966,-0.0,-0.0,0.0
27.633,0.0016187929,-0.023991732,0.006913162,-0.0,-0.0,-0.0
27.675,0.018112155,0.0034972036,-0.00041722096,8.660862e-06,-4.485482e-05,1.0334437e-06
27.695,0.004673119,0.00777326,0.0014153748,-0.0,-0.0,0.0
27.735,-0.016707165,-0.012385293,0.006913162,-0.0,0.0,0.0
27.771,0.004673119,0.0053297994,-0.0010280862,0.0,-0.0,0.0
27.794,0.015668694,0.015103644,0.0008045095,-0.0,-0.0,0.0
27.832,-0.009987647,-0.012996158,-0.003471547,-0.0,-0.0,0.0
27.872,0.019333886,0.010216721,-0.005915008,0.0,-0.0,0.0
27.893,0.01872302,0.00777326,0.0008045095,-0.0,-0.0,0.0
27.932,-0.0032681292,0.0028863382,-0.00041722096,-0.0,0.0,0.0
27.972,0.004062254,0.0065515297,-0.00041722096,0.0,-0.0,0.0
28.013,0.0107817715,0.0028863382,-0.0040824125,0.0,-0.0,0.0
28.032,0.010170906,0.0022754732,-0.0040824125,0.0,-0.0,0.0
28.071,0.0034513886,0.007162395,0.0044697006,8.76806e-06,-4.2251504e-06,-5.471707e-06
28.111,0.00039706242,-0.009941831,0.0008045095,-0.0,-0.0,-0.0
28.132,0.007727445,0.00899499,-0.0022498167,0.0,-0.0,0.0
28.173,0.0010079277,0.0065515297,0.00019364429,-0.0,-0.0,0.0
28.212,-0.011209377,-0.0050549097,-0.003471547,-8.668775e-06,1.9223051e-05,5.953475e-06
28.233,-0.00021380284,-0.011163563,-0.003471547,-0.0,-0.0,0.0
28.272,0.015668694,-0.0062766406,-0.00041722096,-0.0,-0.0,0.0
28.314,-0.009376781,-0.0044440445,0.00202624,-0.0,0.0,0.0
28.333,-0.016707165,-0.014828754,0.0026371053,-0.0,0.0,0.0
28.372,0.016890425,0.004108069,-0.016910583,0.0,-0.0,0.0
28.413,0.037048977,0.041981712,-0.021797504,0.0,-0.0,0.0
28.432,0.029718593,0.0193797,-0.01202366,0.0,-0.0,0.0
28.472,-0.0051007248,-0.021548271,0.0056914315,-0.0,0.0,0.0
28.512,0.0010079277,-0.0032223142,0.0044697006,-0.0,-0.0,-0.0
28.533,0.025442537,0.005940664,-0.002860682,0.0,-0.0,0.0
28.573,0.011392637,0.007162395,0.0038588357,-0.0,-0.0,0.0
28.617,-0.0075441855,-0.0093309665,0.00019364429,-1.5029566e-05,1.2151569e-05,-3.1181528e-07
28.632,0.011392637,-0.0044440445,0.00019364429,-0.0,-0.0,-0.0
28.673,0.018112155,0.014492778,-0.005915008,0.0,-0.0,0.0
28.712,0.0034513886,-0.034987308,-0.018132312,-0.0,-0.0,0.0
28.752,-0.0008246681,0.02182316,-0.038290866,0.0001291139,4.893688e-06,0.0002265436
28.772,0.03521638,-0.008109236,-0.036458272,-0.0,-0.0,0.0
28.813,0.033994652,0.02182316,0.0063022966,-0.0,-0.0,0.0
28.852,-0.0075441855,-0.0062766406,-0.006525873,-0.0,-0.0,0.0
28.871,-0.020372357,-0.009941831,0.0075240275,-0.0,0.0,0.0
28.910,-0.068019845,-0.0050549097,0.022184793,-0.0,0.0,0.0
28.950,-0.034422256,-0.0044440445,0.02401739,-0.0,0.0,0.0
28.973,0.0010079277,0.022434026,0.009967488,-0.0,-0.0,0.0
29.010,-0.0160963,0.0022754732,0.006913162,5.395426e-06,3.816404e-05,-1.6391106e-05
29.050,-0.009987647,0.004718934,-0.002860682,-0.0,0.0,0.0
29.071,-0.008155052,0.010216721,0.00019364429,0.0,-0.0,-0.0
29.110,-0.0026572638,0.0034972036,-0.0016389515,-0.0,0.0,0.0
29.150,-0.00571159,0.016325375,0.00019364429,3.7899827e-05,1.3259611e-05,-4.4980203e-07
29.170,-0.0142637035,-0.0074983705,-0.006525873,-0.0,-0.0,0.0
29.210,-0.010598511,-0.0038331794,-0.003471547,-0.0,-0.0,0.0
29.251,-0.01976149,-0.0044440445,-0.0095802,-0.0,-0.0,0.0
29.290,0.0016187929,0.024266623,-0.0010280862,7.928293e-05,-5.288721e-06,3.359131e-06
29.310,-0.0038789941,0.00777326,-0.0016389515,-0.0,0.0,0.0
29.350,0.010170906,0.0065515297,-0.008969335,0.0,-0.0,0.0
29.391,-0.008155052,-0.013607023,0.0044697006,-0.0,0.0,0.0
29.410,-0.024037547,-0.011163563,0.0044697006,-0.0,0.0,0.0
29.450,-0.0301462,-0.02948952,0.014243545,-0.0,0.0,0.0
29.491,0.013836098,0.036483925,-0.007136739,0.0,-0.0,0.0
29.510,0.0107817715,0.0022754732,-0.0095802,0.0,-0.0,0.0
29.551,-0.0160963,-0.0038331794,-0.007747604,-9.400159e-06,3.9471513e-05,1.8998984e-05
29.590,0.013836098,0.016936239,-0.008969335,0.0,-0.0,0.0
29.611,0.0016187929,0.012660182,-0.003471547,0.0,-0.0,0.0
29.650,-0.01976149,-0.010552697,-0.007747604,-0.0,-0.0,0.0
29.691,0.015668694,0.015714508,-0.012634526,5.386061e-05,-5.3701257e-05,4.3304655e-05
29.710,0.016890425,0.00899499,-0.014467121,0.0,-0.0,0.0
29.750,-0.014874569,0.010827586,-0.01202366,-0.0,0.0,0.0
29.792,-0.017928895,-0.01666135,0.0014153748,-0.0,0.0,0.0
29.811,-0.0020463986,0.014492778,0.0032479705,0.0,-0.0,-0.0
29.850,0.0016187929,0.005940664,-0.0022498167,0.0,-0.0,0.0
29.892,-0.013652838,-0.0068875058,0.0050805663,-0.0,0.0,0.0
29.910,-0.030757064,-0.027656924,0.008745758,-0.0,0.0,0.0
29.950,-0.042363506,-0.036819905,0.00202624,-0.00027755456,0.00031934807,-1.5229949e-05
29.990,-0.00021380284,-0.012385293,0.010578354,-0.0,0.0,0.0
30.011,-0.0020463986,-0.012996158,0.0056914315,-0.0,0.0,0.0
30.051,0.020555617,0.012660182,-0.007747604,0.0,-0.0,0.0
30.091,0.024220806,0.013271048,-0.0046932776,4.989984e-05,-9.10696e-05,1.7648961e-05
30.111,-0.011820243,-0.0032223142,0.0044697006,-0.0,0.0,0.0
30.151,-0.029535336,-0.012996158,-0.0016389515,-0.0,-0.0,0.0
30.190,-0.015485434,0.004718934,-0.007747604,-0.0,0.0,0.0
30.230,0.026664268,0.012049317,-0.005304143,4.8093007e-05,-0.00010642334,2.1172737e-05
30.251,0.025442537,0.010216721,-0.0010280862,0.0,-0.0,0.0
30.290,0.00711658,0.011438452,0.0032479705,-0.0,-0.0,0.0
30.331,0.0028405234,-0.002611449,0.009356623,-0.0,-0.0,-0.0
30.350,0.0034513886,-0.0044440445,0.0063022966,-0.0,-0.0,-0.0
30.390,0.004062254,0.004108069,-0.0010280862,0.0,-0.0,0.0
30.431,0.012003502,0.0028863382,-0.0022498167,0.0,-0.0,0.0
30.450,0.0126143675,0.013881912,0.0038588357,-0.0,-0.0,0.0
30.490,-0.012431107,-0.015439619,0.008134892,-4.4400833e-05,3.574989e-05,-2.3393526e-05
30.531,0.0107817715,0.010827586,0.0044697006,-0.0,-0.0,0.0
30.550,0.00833831,0.00777326,0.0014153748,-0.0,-0.0,0.0
30.590,0.0034513886,0.0016646078,-0.0022498167,0.0,-0.0,0.0
30.631,-0.0008246681,0.004718934,0.0038588357,3.8960443e-06,6.8085575e-07,-3.1859308e-06
30.650,-0.0051007248,-0.0038331794,0.0032479705,-0.0,0.0,0.0
30.690,0.0107817715,0.0016646078,0.0044697006,-0.0,-0.0,0.0
30.731,0.0010079277,0.004718934,0.008134892,-0.0,-0.0,0.0
30.751,-0.0020463986,-0.002611449,0.00202624,-0.0,0.0,0.0
30.790,-0.015485434,-0.00016798795,0.00202624,-0.0,0.0,0.0
30.830,-0.017928895,-0.010552697,-0.007747604,-0.0,-0.0,0.0
30.850,-0.00021380284,-0.027656924,-0.003471547,-0.0,-0.0,0.0
30.890,-0.0063224556,0.0028863382,0.0056914315,3.480073e-06,7.6229485e-06,-6.8621503e-06
30.930,-0.020372357,-0.03315471,0.0075240275,-0.0,0.0,0.0
30.970,0.020555617,-0.0074983705,0.011800084,-0.0,-0.0,-0.0
30.990,-0.0038789941,0.004108069,0.0050805663,0.0,-0.0,-0.0
31.031,-0.017318029,-0.0050549097,0.009967488,-1.398309e-05,4.7908266e-05,-2.7573427e-05
31.070,0.0126143675,-0.008720102,0.01485441,-0.0,-0.0,-0.0
31.092,0.007727445,-0.0074983705,0.0050805663,-0.0,-0.0,-0.0
31.130,0.021777345,-0.0020005836,0.01485441,-0.0,-0.0,-0.0
31.171,-0.011209377,0.016936239,-0.008358469,4.9923376e-05,3.3043045e-05,2.4637846e-05
31.190,-0.014874569,-0.0074983705,-0.01202366,-0.0,-0.0,0.0
31.232,0.018112155,0.009605856,-0.007136739,0.0,-0.0,0.0
31.270,-0.008155052,0.0004428773,0.0014153748,0.0,-0.0,-0.0
31.290,-0.014874569,-0.0074983705,0.008745758,-0.0,0.0,0.0
31.330,-0.00571159,0.0065515297,0.0050805663,0.0,-0.0,-0.0
31.371,0.007727445,0.00899499,0.009967488,-0.0,-0.0,0.0
31.391,-0.0038789941,0.0065515297,0.0075240275,0.0,-0.0,-0.0
31.430,-0.019150626,-0.0038331794,0.00202624,-1.01018395e-05,5.0469655e-05,-5.3397052e-06
31.470,0.0065057147,0.004718934,0.0063022966,-0.0,-0.0,0.0
31.491,0.0022296582,-0.0068875058,0.0056914315,-0.0,-0.0,-0.0
31.532,-0.0069333203,-0.014828754,0.0026371053,-0.0,0.0,0.0
31.571,-0.0038789941,-0.013607023,0.02646085,-5.479952e-05,1.5625019e-05,-0.000106566884
31.591,-0.01976149,-0.052091535,0.024628254,-0.0,0.0,0.0
31.633,0.010170906,0.018768836,-0.0010280862,0.0,-0.0,0.0
31.671,-0.008155052,-0.015439619,0.0026371053,-0.0,0.0,0.0
31.691,-0.008765915,-0.01910481,0.01485441,-0.0,0.0,0.0
31.731,-0.011209377,-0.0050549097,-0.003471547,-0.0,-0.0,0.0
31.772,-0.0142637035,0.0010537425,0.0050805663,0.0,-0.0,-0.0
31.791,-0.0063224556,-0.016050484,0.0032479705,-0.0,0.0,0.0
31.831,0.0126143675,0.0053297994,-0.003471547,1.0106089e-05,-2.3918488e-05,6.5826366e-06
31.870,0.023609942,0.027931815,-0.018132312,0.0,-0.0,0.0
31.911,-0.0051007248,0.02060143,-0.005304143,-0.0,0.0,0.0
31.930,-0.019150626,-0.019715676,0.014243545,-0.0,0.0,0.0
31.970,0.0016187929,-0.0056657754,0.0038588357,-5.3562794e-06,-1.5303548e-06,-3.648047e-06
32.011,0.018112155,-0.00016798795,-0.0010280862,-0.0,-0.0,0.0
32.033,0.027275134,0.02182316,-0.0046932776,0.0,-0.0,0.0
32.073,0.004673119,0.004108069,-0.003471547,0.0,-0.0,0.0
32.112,-0.0044898596,-0.023380866,-0.005304143,-7.6544406e-05,1.46982375e-05,1.7365264e-05
32.134,0.018112155,0.010827586,-0.0040824125,0.0,-0.0,0.0
32.173,0.010170906,0.018768836,-0.01080193,0.0,-0.0,0.0
32.213,-0.017928895,-0.0044440445,0.00019364429,-0.0,0.0,0.0
32.235,-0.0026572638,-0.0013897184,-0.003471547,-8.5566097e-07,1.6360948e-06,2.137456e-06
32.273,0.03582725,0.007162395,-0.005304143,0.0,-0.0,0.0
32.295,0.015057828,0.0004428773,-0.01202366,0.0,-0.0,0.0
32.334,-0.0038789941,0.013271048,-0.01080193,-0.0,0.0,0.0
32.375,-0.0063224556,-0.0013897184,-0.010191065,-2.2520383e-06,1.0245135e-05,1.651401e-05
32.414,-0.0008246681,0.021212295,-0.01080193,-0.0,0.0,0.0
32.433,-0.0063224556,0.0010537425,-0.007747604,-0.0,0.0,0.0
32.473,0.010170906,0.007162395,-0.007136739,0.0,-0.0,0.0
32.513,-0.0063224556,-0.0007788532,-0.005915008,-9.087506e-07,7.3767073e-06,6.901325e-06
32.533,-0.0038789941,0.0016646078,-0.01080193,-0.0,0.0,0.0
32.573,0.010170906,0.0065515297,-0.007747604,0.0,-0.0,0.0
32.614,-0.013041973,0.004718934,-0.0016389515,-0.0,0.0,0.0
32.634,-0.020372357,0.0010537425,0.0014153748,0.0,-0.0,-0.0
32.674,-0.0014355333,0.010216721,-0.007136739,-0.0,0.0,0.0
32.713,-0.0014355333,0.005940664,-0.005915008,-0.0,0.0,0.0
32.734,0.004673119,0.0010537425,-0.007747604,0.0,-0.0,0.0
32.773,-0.015485434,0.004108069,-0.0046932776,9.204675e-06,3.469791e-05,1.0515962e-05
32.813,-0.0160963,-0.002611449,-0.008969335,-0.0,-0.0,0.0
32.833,0.00833831,-0.0068875058,-0.005915008,-0.0,-0.0,0.0
32.873,0.015668694,0.00899499,0.0038588357,-0.0,-0.0,0.0
32.903,-0.010598511,-0.0068875058,0.0014153748,-0.0,0.0,0.0
32.934,0.0107817715,0.0022754732,0.00202624,-0.0,-0.0,0.0
32.975,-0.0032681292,0.0053297994,0.0008045095,0.0,-0.0,-0.0
33.013,-0.011209377,-0.002611449,-0.005915008,-0.0,-0.0,0.0
33.035,-0.0008246681,-0.0038331794,-0.008358469,-0.0,-0.0,0.0
33.074,0.016890425,0.013271048,-0.007136739,0.0,-0.0,0.0
33.114,0.0052839844,0.008384125,-0.007136739,0.0,-0.0,0.0
33.154,-0.009987647,-0.0020005836,-0.007136739,-0.0,-0.0,0.0
33.174,-0.0020463986,0.0065515297,-0.006525873,8.3280165e-06,2.60133e-06,8.295403e-06
33.215,-0.0075441855,-0.0007788532,-0.007136739,-0.0,-0.0,0.0
33.254,-0.020983221,-0.008720102,-0.0010280862,-0.0,-0.0,0.0
33.275,-0.01976149,-0.0032223142,0.0014153748,-0.0,0.0,0.0
33.315,0.00833831,0.013271048,0.006913162,3.0512101e-05,-1.9171346e-05,-1.5894168e-05
33.355,-0.01976149,-0.008109236,0.0032479705,-0.0,0.0,0.0
33.374,-0.014874569,-0.00016798795,0.0014153748,-0.0,0.0,0.0
33.416,0.013225232,0.010827586,-0.00041722096,0.0,-0.0,0.0
33.437,-0.0020463986,-0.0007788532,-0.0040824125,-0.0,-0.0,0.0
33.476,-0.0075441855,-0.0032223142,-0.0022498167,-0.0,-0.0,0.0
33.515,0.00711658,0.0053297994,-0.00041722096,0.0,-0.0,0.0
33.554,-0.0063224556,-0.012385293,0.00019364429,-0.0,0.0,0.0
33.575,0.0016187929,0.0004428773,0.0044697006,2.8379804e-07,-1.0373367e-06,-2.8642219e-06
33.614,-0.0014355333,-0.012385293,0.008134892,-0.0,0.0,0.0
33.654,0.015057828,0.0010537425,-0.0046932776,0.0,-0.0,0.0
33.674,0.027275134,-0.002611449,-0.0040824125,-0.0,-0.0,0.0
33.715,0.0052839844,-0.008720102,0.010578354,-1.7195794e-05,-1.0419623e-05,-2.0860174e-05
33.755,0.011392637,0.0022754732,0.0050805663,-0.0,-0.0,0.0
33.775,0.015668694,0.013881912,0.0050805663,-0.0,-0.0,0.0
33.816,0.0065057147,-0.00016798795,-0.0016389515,-0.0,-0.0,0.0
33.855,0.015668694,0.013881912,-0.008358469,4.1998184e-05,-4.7402686e-05,2.5288255e-05
33.874,0.0065057147,0.00777326,-0.006525873,0.0,-0.0,0.0
33.916,-0.0069333203,-0.010552697,-0.0016389515,-0.0,-0.0,0.0
33.954,0.016890425,0.004718934,0.0014153748,-0.0,-0.0,0.0
33.993,-0.00571159,-0.0074983705,0.00019364429,-9.488371e-06,7.2273965e-06,-2.4500147e-07
34.013,-0.013041973,-0.0093309665,0.00202624,-0.0,0.0,0.0
34.053,0.004673119,0.011438452,-0.005915008,0.0,-0.0,0.0
34.093,-0.0038789941,0.00777326,-0.003471547,-0.0,0.0,0.0
34.114,-0.0075441855,0.005940664,0.0032479705,8.082553e-06,1.0264172e-05,-4.4190456e-06
34.154,0.010170906,-0.008109236,-0.0010280862,-0.0,-0.0,0.0
34.194,0.026053403,-0.0007788532,0.0063022966,-0.0,-0.0,-0.0
34.215,0.015668694,-0.002611449,0.0075240275,-0.0,-0.0,-0.0
34.255,-0.0069333203,0.0053297994,0.00202624,6.42161e-06,8.3535915e-06,-2.4413391e-06
34.295,-0.0142637035,-0.010552697,0.00019364429,-0.0,0.0,0.0
34.315,-0.00571159,-0.012385293,0.00019364429,-0.0,0.0,0.0
34.356,0.0065057147,0.004108069,0.0032479705,-0.0,-0.0,0.0
34.395,0.015057828,0.00899499,-0.005304143,2.2122977e-05,-3.703384e-05,1.30456865e-05
34.414,0.03032946,0.0022754732,-0.0016389515,0.0,-0.0,0.0
34.454,0.030940324,0.007162395,-0.007136739,0.0,-0.0,0.0
34.493,-0.024648413,0.004718934,0.0014153748,0.0,-0.0,-0.0
34.513,-0.020983221,-0.022159135,0.0026371053,-9.1101356e-05,8.6267835e-05,-1.0837878e-05
34.553,0.027275134,-0.0062766406,0.0075240275,-0.0,-0.0,-0.0
34.594,0.0126143675,-0.0020005836,0.006913162,-0.0,-0.0,-0.0
34.614,0.0065057147,0.0010537425,0.010578354,-0.0,-0.0,0.0
34.654,0.018112155,-0.016050484,0.015465275,-6.187243e-05,-6.98157e-05,-5.9616686e-05
34.693,0.033383787,-0.0038331794,0.0014153748,-0.0,-0.0,-0.0
34.716,0.01872302,0.017547105,-0.0016389515,0.0,-0.0,0.0
34.755,-0.0142637035,-0.018493947,0.0063022966,-0.0,0.0,0.0
34.794,0.02238821,0.011438452,-0.0022498167,3.8752005e-05,-7.584767e-05,7.623503e-06
34.818,0.017501289,0.0022754732,0.0008045095,-0.0,-0.0,0.0
34.853,-0.0069333203,-0.0032223142,0.0056914315,-0.0,0.0,0.0
34.893,0.0107817715,0.004108069,0.0032479705,-0.0,-0.0,0.0
34.935,0.010170906,0.00899499,0.0008045095,1.6421052e-05,-1.8567807e-05,-1.4685434e-06
34.954,-0.0020463986,0.0053297994,0.0008045095,0.0,-0.0,-0.0
34.993,-0.013652838,-0.015439619,0.0056914315,-0.0,0.0,0.0
35.033,-0.00021380284,-0.0038331794,0.0026371053,-0.0,0.0,0.0
35.053,0.0126143675,0.0053297994,-0.002860682,1.000766e-05,-2.3685576e-05,5.3715316e-06
35.093,0.029718593,0.015103644,-0.0016389515,0.0,-0.0,0.0
35.133,-0.012431107,0.0016646078,0.0026371053,0.0,-0.0,-0.0
35.154,-0.0160963,-0.0044440445,0.0008045095,-0.0,0.0,0.0
35.194,-0.0026572638,-0.011163563,0.009967488,-2.2774668e-05,5.421301e-06,-2.0334557e-05
35.234,0.011392637,0.004718934,-0.003471547,0.0,-0.0,0.0
35.254,0.0028405234,0.013881912,-0.003471547,0.0,-0.0,0.0
35.294,-0.008765915,-0.011163563,-0.002860682,-0.0,-0.0,0.0
35.334,0.024831673,0.022434026,-0.005915008,0.00010232727,-0.000113260474,2.698524e-05
35.354,0.025442537,0.018157968,-0.01080193,0.0,-0.0,0.0
35.394,0.0016187929,-0.011163563,0.010578354,-0.0,-0.0,-0.0
35.435,-0.010598511,0.0004428773,0.009967488,0.0,-0.0,-0.0
35.455,-0.008765915,-0.011163563,0.0014153748,-2.1372816e-05,1.6782533e-05,-2.709581e-06
35.494,0.021166481,0.017547105,0.0032479705,-0.0,-0.0,0.0
35.534,-0.012431107,-0.0020005836,-0.005304143,-0.0,-0.0,0.0
35.555,0.0016187929,0.010827586,-0.003471547,0.0,-0.0,0.0
35.593,-0.0020463986,-0.00016798795,0.0038588357,-9.855381e-08,1.2005812e-06,-2.2639015e-06
35.624,-0.0160963,-0.0074983705,0.0026371053,-0.0,0.0,0.0
35.674,0.009560041,0.026099218,-0.0010280862,0.0,-0.0,0.0
35.695,0.00711658,0.004108069,-0.0046932776,0.0,-0.0,0.0
35.736,-0.0063224556,-0.0050549097,-0.0022498167,-5.7001585e-06,7.129485e-06,2.5370173e-06
35.773,-0.0075441855,-0.008720102,-0.01080193,-0.0,-0.0,0.0
35.794,0.0034513886,-0.0044440445,-0.01202366,-0.0,-0.0,0.0
35.834,-0.025870144,-0.0044440445,0.0026371053,-0.0,0.0,0.0
35.872,-0.009987647,-0.0020005836,-0.0046932776,-3.0115064e-06,1.5034268e-05,7.0647543e-06
35.893,0.013836098,0.013881912,-0.005915008,0.0,-0.0,0.0
35.934,-0.015485434,0.012049317,-0.003471547,-0.0,0.0,0.0
35.958,-0.020983221,-0.008109236,-0.006525873,-0.0,-0.0,0.0
35.993,0.019333886,0.010827586,-0.010191065,3.5446497e-05,-6.329128e-05,3.3362834e-05
36.033,-0.00571159,-0.009941831,-0.01202366,-0.0,-0.0,0.0
36.073,0.0016187929,-0.012996158,-0.0016389515,-0.0,-0.0,0.0
36.097,0.0065057147,0.010216721,0.00019364429,-0.0,-0.0,0.0
36.132,-0.03381139,-0.002611449,-0.0010280862,-1.189206e-05,0.00015396619,4.68249e-06
36.173,0.004062254,0.008384125,-0.008358469,0.0,-0.0,0.0
36.194,0.025442537,0.018157968,-0.01080193,0.0,-0.0,0.0
36.233,-0.011209377,0.0034972036,0.0014153748,0.0,-0.0,-0.0
36.275,0.00039706242,-0.012385293,-0.0016389515,-2.0778349e-05,-6.6616565e-07,2.749602e-06
36.294,0.022999076,0.0053297994,-0.0016389515,0.0,-0.0,0.0
36.335,0.007727445,-0.00016798795,-0.002860682,-0.0,-0.0,0.0
36.374,-0.0069333203,0.00777326,-0.0016389515,-0.0,0.0,0.0
36.413,-0.008155052,-0.032543845,-0.0046932776,-0.0,-0.0,0.0
36.433,-0.019150626,-0.0020005836,-0.014467121,-0.0,-0.0,0.0
36.473,0.0065057147,0.010827586,-0.015077987,0.0,-0.0,0.0
36.513,0.007727445,0.016936239,-0.010191065,0.0,-0.0,0.0
36.532,0.0028405234,0.005940664,-0.0095802,9.269123e-06,-4.431938e-06,1.49478e-05
36.573,0.00589485,0.025488352,0.00019364429,-0.0,-0.0,0.0
36.612,-0.008155052,0.013881912,-0.0040824125,-0.0,0.0,0.0
36.633,-0.0032681292,0.013271048,-0.012634526,-0.0,0.0,0.0
36.672,0.014446964,0.00777326,-0.011412795,2.0850845e-05,-3.8750837e-05,3.0612995e-05
36.712,-0.010598511,-0.0013897184,0.0026371053,-0.0,0.0,0.0
36.732,-0.020372357,0.0053297994,0.0063022966,0.0,-0.0,-0.0
36.772,0.007727445,0.013881912,0.0038588357,-0.0,-0.0,0.0
36.815,-0.008155052,-0.0068875058,0.0026371053,-1.0164319e-05,1.2034963e-05,-3.8916874e-06
36.832,-0.0026572638,0.00777326,-0.003471547,-0.0,0.0,0.0
36.873,0.0016187929,0.005940664,-0.005304143,0.0,-0.0,0.0
36.912,-0.017318029,-0.010552697,-0.0016389515,-0.0,-0.0,0.0
36.932,-0.0051007248,0.004718934,-0.0022498167,4.6260457e-06,5.000332e-06,2.2055217e-06
36.972,0.004062254,0.009605856,-0.0010280862,0.0,-0.0,0.0
37.012,0.0052839844,0.0034972036,-0.00041722096,0.0,-0.0,0.0
37.033,0.0065057147,-0.0050549097,0.0014153748,-0.0,-0.0,-0.0
37.072,0.0107817715,0.016325375,0.0050805663,4.4290162e-05,-2.9251001e-05,-1.378281e-05
37.112,0.015057828,-0.0020005836,-0.0040824125,-0.0,-0.0,0.0
37.133,0.024220806,-0.002611449,0.00202624,-0.0,-0.0,-0.0
37.173,0.015668694,0.009605856,0.008134892,-0.0,-0.0,0.0
37.213,0.0010079277,-0.0032223142,0.0050805663,-2.63825e-06,-8.2522854e-07,-4.1596804e-06
37.252,-0.0026572638,-0.010552697,0.008745758,-0.0,0.0,0.0
37.272,-0.013652838,-0.024602598,0.0044697006,-0.0,0.0,0.0
37.313,0.025442537,0.012049317,-0.008969335,0.0,-0.0,0.0
37.353,0.015057828,-0.008720102,-0.002860682,-0.0,-0.0,0.0
37.372,0.011392637,0.00777326,-0.0046932776,0.0,-0.0,0.0
37.413,0.009560041,0.02182316,0.008745758,-0.0,-0.0,0.0
37.452,0.019333886,0.0010537425,-0.0010280862,0.0,-0.0,0.0
37.472,0.027275134,0.034040466,-0.0010280862,0.00019934626,-0.00015972645,6.0365387e-06
37.512,0.014446964,0.031597003,0.0008045095,-0.0,-0.0,0.0
37.552,0.023609942,-0.0062766406,-0.007747604,-0.0,-0.0,0.0
37.572,0.026664268,0.025488352,0.0026371053,-0.0,-0.0,0.0
37.612,0.015057828,-0.00016798795,-0.0022498167,-3.4322684e-07,-3.0771942e-05,4.597685e-06
37.652,0.016279558,0.0034972036,0.0008045095,-0.0,-0.0,0.0
37.673,0.0028405234,-0.0074983705,0.0032479705,-0.0,-0.0,-0.0
37.712,-0.010598511,-0.011163563,0.008134892,-0.0,0.0,0.0
37.753,0.0016187929,-0.0044440445,-0.0040824125,-3.7266727e-06,-1.3574894e-06,3.423416e-06
37.773,0.0028405234,-0.0007788532,0.00202624,-0.0,-0.0,-0.0
37.812,-0.009376781,-0.015439619,0.0032479705,-0.0,0.0,0.0
37.852,0.0028405234,0.0065515297,0.0056914315,-0.0,-0.0,0.0
37.872,0.015668694,0.0004428773,-0.0016389515,9.368864e-07,-3.3144363e-05,3.4669288e-06
37.914,0.00833831,-0.008109236,-0.0010280862,-0.0,-0.0,0.0
37.952,-0.009376781,-0.0068875058,-0.0022498167,-0.0,-0.0,0.0
37.992,0.004062254,-0.008720102,0.0032479705,-0.0,-0.0,-0.0
38.012,0.0065057147,-0.0056657754,0.006913162,-8.406934e-06,-9.653146e-06,-1.0257801e-05
38.052,0.004062254,-0.0038331794,0.0044697006,-0.0,-0.0,-0.0
38.092,-0.0032681292,-0.002611449,0.008745758,-0.0,0.0,0.0
38.112,-0.013652838,-0.0044440445,0.0032479705,-0.0,0.0,0.0
38.152,0.0126143675,0.007162395,-0.0010280862,1.3979846e-05,-2.4621164e-05,2.0068278e-06
38.192,-0.0075441855,-0.0050549097,0.0032479705,-0.0,0.0,0.0
38.212,-0.013652838,-0.0093309665,0.0014153748,-0.0,0.0,0.0
38.252,0.00589485,0.0016646078,0.0026371053,-0.0,-0.0,0.0
38.292,0.004062254,-0.0038331794,-0.00041722096,-0.0,-0.0,0.0
38.312,0.00711658,0.012660182,-0.0022498167,0.0,-0.0,0.0
38.352,-0.0038789941,-0.0068875058,-0.005915008,-0.0,-0.0,0.0
38.393,-0.008155052,-0.0032223142,0.0026371053,-0.0,0.0,0.0
38.413,-0.017318029,-0.021548271,0.0056914315,-8.1629485e-05,6.560586e-05,-2.1557875e-05
38.452,0.018112155,0.009605856,0.0038588357,-0.0,-0.0,0.0
38.494,-0.013041973,-0.0044440445,0.0014153748,-0.0,0.0,0.0
38.512,-0.015485434,-0.002611449,-0.00041722096,-0.0,-0.0,0.0
38.553,0.010170906,0.0034972036,-0.005915008,5.7615985e-06,-1.6756174e-05,9.744811e-06
38.592,0.0034513886,-0.00016798795,-0.0022498167,-0.0,-0.0,0.0
38.614,-0.009987647,0.0010537425,-0.0010280862,-0.0,0.0,0.0
38.652,-0.01976149,-0.0062766406,0.009967488,-0.0,0.0,0.0
38.693,-0.0020463986,-0.002611449,0.0014153748,-1.2642752e-06,9.907192e-07,-6.852219e-07
38.712,0.0065057147,-0.0007788532,0.0014153748,-0.0,-0.0,-0.0
38.752,0.00833831,-0.0007788532,-0.005915008,-0.0,-0.0,0.0
38.793,0.024831673,0.028542679,-0.014467121,0.0,-0.0,0.0
38.832,-0.016707165,-0.014217889,-0.002860682,-0.0,-0.0,0.0
38.853,-0.0038789941,-0.011163563,0.00202624,-0.0,0.0,0.0
38.892,0.012003502,0.0004428773,0.01363268,-0.0,-0.0,0.0
38.932,0.0065057147,-0.0068875058,-0.0016389515,-0.0,-0.0,0.0
38.952,0.024220806,0.0034972036,0.0014153748,1.1505812e-05,-7.9687845e-05,-4.6562045e-06
38.991,-0.0069333203,-0.008109236,-0.00041722096,-0.0,-0.0,0.0
39.033,0.0028405234,0.0053297994,-0.002860682,0.0,-0.0,0.0
39.051,-0.00021380284,0.0065515297,-0.00041722096,-0.0,0.0,0.0
39.093,-0.008765915,-0.0007788532,-0.00041722096,-9.2099833e-07,1.0365716e-05,4.9336955e-07
39.132,0.00039706242,0.004718934,-0.0010280862,0.0,-0.0,0.0
39.153,0.012003502,-0.00016798795,-0.0040824125,-0.0,-0.0,0.0
39.192,0.0107817715,0.0028863382,-0.002860682,0.0,-0.0,0.0
39.232,0.0089491755,0.005940664,-0.01080193,0.0,-0.0,0.0
39.252,0.0107817715,0.0016646078,-0.0095802,0.0,-0.0,0.0
39.292,-0.020372357,-0.0050549097,0.0038588357,-0.0,0.0,0.0
39.333,-0.013041973,-0.002611449,0.0032479705,-0.0,0.0,0.0
39.352,-0.0014355333,-0.00016798795,0.0008045095,-3.729602e-08,3.1871167e-07,-1.7861416e-07
39.393,0.0107817715,0.004718934,-0.01202366,0.0,-0.0,0.0
39.432,-0.00571159,-0.008109236,-0.008969335,-0.0,-0.0,0.0
39.452,-0.017928895,-0.0056657754,-0.006525873,-0.0,-0.0,0.0
39.492,0.0107817715,0.016936239,-0.0046932776,4.686823e-05,-2.9836334e-05,1.2988512e-05
39.532,-0.009376781,0.0053297994,-0.007136739,-0.0,0.0,0.0
39.552,-0.016707165,0.005940664,-0.0040824125,-0.0,0.0,0.0
39.592,-0.03258966,-0.025213463,0.010578354,-0.0,0.0,0.0
39.634,-0.017928895,-0.018493947,0.0075240275,-0.0,0.0,0.0
39.653,-0.023426682,-0.059421916,0.020352198,-0.0,0.0,0.0
39.693,-0.027091874,-0.022159135,0.0063022966,-0.0,0.0,0.0
39.732,-0.025870144,-0.009941831,0.030736906,-0.0,0.0,0.0
39.772,-0.05580254,-0.022159135,-0.005915008,-0.0,-0.0,0.0
39.792,-0.0051007248,0.019990565,-0.012634526,-0.0,0.0,0.0
39.832,0.02238821,-0.018493947,0.00202624,-0.0,-0.0,-0.0
39.872,0.022999076,0.056031615,-0.03523654,0.0,-0.0,0.0
39.892,0.021166481,0.03465133,-0.02118664,0.00021301322,-0.00013009833,0.00013024997
39.934,-0.0026572638,-0.0032223142,-0.011412795,-0.0,-0.0,0.0
39.971,-0.009987647,0.011438452,-0.015077987,-0.0,0.0,0.0
39.992,0.0010079277,0.025488352,-0.02607356,0.0,-0.0,0.0
40.031,0.03032946,0.0193797,-0.019354044,0.00010630475,-0.00016634873,0.000106164036
40.072,-0.0069333203,0.0034972036,-0.016910583,-0.0,0.0,0.0
40.092,-0.020372357,-0.0013897184,-0.017521448,-0.0,-0.0,0.0
40.131,0.0016187929,0.015714508,-0.017521448,0.0,-0.0,0.0
40.172,0.0016187929,0.024266623,-0.008969335,0.0,-0.0,0.0
40.192,-0.0142637035,0.004108069,-0.007136739,-0.0,0.0,0.0
40.232,-0.014874569,0.0016646078,0.0038588357,0.0,-0.0,-0.0
40.272,0.004062254,0.012660182,0.00202624,-0.0,-0.0,0.0
40.292,0.004673119,0.024266623,0.00019364429,8.0491154e-05,-1.5500525e-05,-6.416845e-07
40.332,-0.0063224556,-0.0020005836,-0.0022498167,-0.0,-0.0,0.0
40.372,-0.0020463986,0.013271048,-0.0022498167,-0.0,0.0,0.0
40.392,-0.0026572638,0.0034972036,-0.006525873,-0.0,0.0,0.0
40.431,-0.017928895,-0.0013897184,0.009356623,-3.7804632e-06,4.8780188e-05,-2.5456993e-05
40.472,-0.014874569,-0.0032223142,0.0044697006,-0.0,0.0,0.0
40.512,0.00589485,-0.012385293,-0.00041722096,-0.0,-0.0,0.0
40.532,0.017501289,0.0065515297,-0.00041722096,0.0,-0.0,0.0
40.572,-0.021594085,-0.0032223142,0.01363268,-0.0,0.0,0.0
40.612,-0.0044898596,-0.012385293,0.0050805663,-0.0,0.0,0.0
40.632,0.024831673,-0.008720102,-0.00041722096,-0.0,-0.0,0.0
40.673,0.02238821,0.0065515297,0.0008045095,-0.0,-0.0,0.0
40.712,0.01994475,-0.013607023,0.0014153748,-0.0,-0.0,-0.0
40.732,0.021166481,-0.0013897184,0.008134892,-0.0,-0.0,-0.0
40.773,-0.017928895,-0.023991732,0.008134892,-0.0,0.0,0.0
40.812,-0.009376781,-0.03559817,0.0063022966,-0.0,0.0,0.0
40.832,0.0028405234,-0.021548271,0.0008045095,-6.290316e-05,-8.291907e-06,-2.3487637e-06
40.872,-0.00021380284,-0.009941831,0.0026371053,-0.0,0.0,0.0
40.915,-0.015485434,-0.017272215,0.0056914315,-0.0,0.0,0.0
40.931,-0.00571159,-0.014217889,0.011189219,-0.0,0.0,0.0
40.971,-0.0069333203,-0.0056657754,-0.007136739,-8.707261e-06,1.0655127e-05,1.0967836e-05
41.012,-0.0020463986,0.0065515297,0.0056914315,0.0,-0.0,-0.0
41.031,-0.0069333203,-0.010552697,0.0032479705,-0.0,0.0,0.0
41.073,-0.00021380284,0.008384125,-0.003471547,-0.0,0.0,0.0
41.113,0.011392637,0.007162395,0.00202624,-0.0,-0.0,0.0
41.133,0.0010079277,-0.00016798795,0.0026371053,-0.0,-0.0,-0.0
41.171,-0.0020463986,-0.0093309665,0.0038588357,-0.0,0.0,0.0
41.211,0.0065057147,-0.03193298,-0.0046932776,-0.0,-0.0,0.0
41.252,0.0107817715,0.00777326,0.0063022966,-0.0,-0.0,0.0
41.272,-0.013652838,0.0028863382,0.01485441,0.0,-0.0,-0.0
41.312,-0.0142637035,-0.011774427,0.00019364429,-0.0,0.0,0.0
41.352,0.03582725,0.022434026,-0.010191065,0.0,-0.0,0.0
41.372,0.029107729,0.018768836,-0.008358469,8.975467e-05,-0.00013919032,3.9976145e-05
41.412,-0.013652838,0.023655755,0.0038588357,0.0,-0.0,-0.0
41.452,-0.022204952,-0.014828754,-0.007136739,-0.0,-0.0,0.0
41.471,0.025442537,0.0053297994,-0.0040824125,0.0,-0.0,0.0
41.512,0.009560041,0.0004428773,0.025849985,-0.0,-0.0,0.0
41.552,0.0016187929,-0.011163563,0.018519603,-0.0,-0.0,-0.0
41.573,0.0089491755,-0.010552697,0.011189219,-0.0,-0.0,-0.0
41.612,0.00589485,0.0034972036,0.0056914315,-0.0,-0.0,0.0
41.652,-0.0051007248,-0.002611449,-0.003471547,-0.0,-0.0,0.0
41.674,0.0022296582,0.012049317,-0.005915008,0.0,-0.0,0.0
41.712,0.0028405234,-0.0032223142,-0.006525873,-0.0,-0.0,0.0
41.736,-0.00021380284,-0.01666135,-0.013245391,-0.0,-0.0,0.0
41.774,0.024220806,-0.0013897184,-0.0040824125,-4.5882853e-06,-7.997668e-05,1.34798665e-05
41.814,-0.0026572638,-0.0038331794,0.0056914315,-0.0,0.0,0.0
41.853,-0.0032681292,0.016936239,0.0038588357,0.0,-0.0,-0.0
41.873,0.00711658,0.012660182,0.00202624,-0.0,-0.0,0.0
41.913,0.0126143675,-0.01788308,0.0008045095,-5.2562948e-05,-3.7076763e-05,-2.365632e-06
41.951,0.022999076,0.02182316,0.0014153748,-0.0,-0.0,0.0
41.991,-0.013652838,-0.008720102,0.0044697006,-0.0,0.0,0.0
42.011,-0.00021380284,0.015714508,0.014243545,0.0,-0.0,-0.0
42.051,-0.0026572638,-0.011774427,0.0063022966,-0.0,0.0,0.0
42.073,-0.012431107,-0.011163563,-0.005304143,-0.0,-0.0,0.0
42.114,0.016890425,0.009605856,-0.01202366,0.0,-0.0,0.0
42.152,0.007727445,-0.0013897184,0.0038588357,-0.0,-0.0,-0.0
42.195,-0.025259277,-0.021548271,-0.0010280862,-0.0,-0.0,0.0
42.213,-0.0032681292,-0.0013897184,-0.003471547,-0.0,-0.0,0.0
42.252,0.011392637,0.0053297994,0.0026371053,-0.0,-0.0,0.0
42.292,-0.0160963,0.0004428773,0.0075240275,0.0,-0.0,-0.0
42.313,-0.0038789941,-0.020937407,0.0044697006,-6.1142855e-05,1.13281185e-05,-1.3052396e-05
42.352,0.028496865,-0.0013897184,-0.0010280862,-0.0,-0.0,0.0
42.395,-0.025870144,0.0016646078,-0.007747604,-0.0,0.0,0.0
42.414,-0.015485434,-0.011163563,-0.0095802,-0.0,-0.0,0.0
42.453,0.026664268,0.010827586,-0.00041722096,0.0,-0.0,0.0
42.494,0.0089491755,-0.009941831,-0.0022498167,-0.0,-0.0,0.0
42.512,0.016279558,0.0053297994,-0.0010280862,0.0,-0.0,0.0
42.553,0.02238821,-0.0050549097,-0.003471547,-0.0,-0.0,0.0
42.595,0.0089491755,-0.0093309665,-0.0046932776,-0.0,-0.0,0.0
42.615,-0.00571159,-0.013607023,-0.0040824125,-0.0,-0.0,0.0
42.655,0.010170906,0.004718934,-0.005304143,0.0,-0.0,0.0
42.695,0.0016187929,0.012660182,-0.0010280862,0.0,-0.0,0.0
42.715,-0.011820243,-0.0050549097,0.0044697006,-9.234135e-06,2.1593056e-05,-8.165073e-06
42.753,-0.0069333203,-0.011774427,-0.00041722096,-0.0,-0.0,0.0
42.792,-0.0044898596,-0.00016798795,0.00202624,-0.0,0.0,0.0
42.814,-0.009376781,-0.0074983705,-0.0010280862,-0.0,-0.0,0.0
42.854,-0.010598511,0.004718934,-0.00041722096,7.352775e-06,1.6514012e-05,6.500298e-07
42.893,-0.012431107,0.009605856,-0.005304143,-0.0,0.0,0.0
42.921,-0.0063224556,0.007162395,-0.00041722096,-0.0,0.0,0.0
42.954,-0.0032681292,0.015714508,-0.007747604,-0.0,0.0,0.0
42.994,-0.03258966,-0.0013897184,-0.006525873,-0.0,-0.0,0.0
43.037,-0.0051007248,-0.0062766406,0.0032479705,-0.0,0.0,0.0
43.054,0.0022296582,-0.0020005836,0.0014153748,-0.0,-0.0,-0.0
43.092,-0.0032681292,0.024266623,-0.008969335,-0.0,0.0,0.0
43.132,-0.017318029,-0.0074983705,-0.003471547,-0.0,-0.0,0.0
43.152,-0.0069333203,0.0065515297,-0.002860682,-0.0,0.0,0.0
43.197,-0.03503312,-0.0062766406,0.0044697006,-0.0,0.0,0.0
43.234,0.00711658,0.00899499,0.0008045095,-0.0,-0.0,0.0
43.253,0.014446964,0.0028863382,0.0014153748,5.7335606e-06,-2.8698349e-05,-2.8115057e-06
43.294,-0.0038789941,0.008384125,-0.0046932776,-0.0,0.0,0.0
43.333,-0.0051007248,-0.0032223142,-0.00041722096,-0.0,-0.0,0.0
43.354,-0.0020463986,0.0016646078,-0.00041722096,-0.0,0.0,0.0
43.393,0.0052839844,0.0004428773,-0.0095802,0.0,-0.0,0.0
43.433,0.00039706242,-0.0007788532,-0.0016389515,-0.0,-0.0,0.0
43.453,-0.0075441855,0.0028863382,0.0075240275,0.0,-0.0,-0.0
43.494,-0.019150626,-0.0074983705,-0.00041722096,-0.0,-0.0,0.0
43.534,0.004062254,0.018768836,0.0056914315,-0.0,-0.0,0.0
43.553,-0.017318029,-0.014828754,0.006913162,-0.0,0.0,0.0
43.598,-0.039309178,0.0016646078,-0.0022498167,-0.0,0.0,0.0
43.632,-0.009987647,0.0022754732,0.0014153748,0.0,-0.0,-0.0
43.654,-0.008765915,-0.0062766406,0.0050805663,-1.0040482e-05,1.4022592e-05,-8.127147e-06
43.694,0.0010079277,-0.0032223142,-0.003471547,-0.0,-0.0,0.0
43.735,-0.024648413,-0.008720102,0.013021815,-0.0,0.0,0.0
43.754,-0.023426682,-0.010552697,0.008134892,-0.0,0.0,0.0
43.794,0.00711658,-0.0038331794,0.0032479705,-4.4818553e-06,-8.320856e-06,-3.7976185e-06
43.834,0.0065057147,0.02060143,-0.005304143,0.0,-0.0,0.0
43.872,-0.022815816,0.0022754732,0.00019364429,0.0,-0.0,-0.0
43.894,-0.0160963,0.0028863382,0.0038588357,0.0,-0.0,-0.0
43.932,0.00039706242,-0.0013897184,-0.002860682,-0.0,-0.0,0.0
43.954,0.0089491755,0.00899499,-0.0016389515,0.0,-0.0,0.0
43.993,-0.00571159,-0.002611449,0.006913162,-0.0,0.0,0.0
44.032,-0.0008246681,0.007162395,-0.002860682,-0.0,0.0,0.0
44.073,-0.0038789941,-0.011163563,-0.005304143,-0.0,-0.0,0.0
44.093,0.016279558,-0.0032223142,-0.002860682,-0.0,-0.0,0.0
44.134,0.03521638,0.017547105,-0.0016389515,0.0,-0.0,0.0
44.174,0.03521638,0.014492778,-0.0046932776,0.0,-0.0,0.0
44.195,0.030940324,0.014492778,-0.0040824125,6.693394e-05,-0.00014289237,1.8858758e-05
44.235,-0.022204952,-0.026435195,0.0032479705,-0.0,0.0,0.0
44.273,0.00711658,0.010827586,-0.012634526,0.0,-0.0,0.0
44.294,-0.0038789941,0.029153543,-0.007747604,-0.0,0.0,0.0
44.334,-0.026481008,0.013271048,0.023406522,0.0,-0.0,-0.0
44.375,-0.020983221,-0.027656924,0.033180367,-0.0,0.0,0.0
44.395,-0.015485434,-0.031322114,0.0075240275,-0.0,0.0,0.0
44.434,0.025442537,0.012049317,-0.031571347,0.0,-0.0,0.0
44.474,0.06331618,0.034040466,-0.0016389515,0.0,-0.0,0.0
44.495,0.047433686,-0.016050484,0.012410949,-0.0,-0.0,-0.0
44.534,-0.0142637035,-0.026435195,0.01363268,-0.0,0.0,0.0
44.574,0.007727445,-0.024602598,0.011189219,-0.0,-0.0,-0.0
44.594,0.049266282,-0.019715676,0.010578354,-0.00014319517,-0.00035778168,-7.684893e-05
44.635,0.015057828,-0.022159135,0.016687006,-0.0,-0.0,-0.0
44.675,-0.012431107,0.00777326,0.008745758,0.0,-0.0,-0.0
44.694,0.00589485,-0.042928554,0.0044697006,-0.0,-0.0,-0.0
44.735,0.070035696,0.04992296,0.0014153748,-0.0,-0.0,0.0
44.774,0.033383787,-0.0044440445,0.032569505,-0.0,-0.0,-0.0
44.814,0.013225232,-0.0032223142,0.060669303,-0.0,-0.0,-0.0
44.834,-0.0026572638,-0.0074983705,0.06677795,-0.0,0.0,0.0
44.872,0.01994475,0.010216721,0.047230266,-0.0,-0.0,0.0
44.914,0.0016187929,-0.014828754,0.070443146,-0.0,-0.0,-0.0
44.934,0.0052839844,-0.034987308,0.089379966,-0.0,-0.0,-0.0
44.973,0.03032946,0.0016646078,0.078995265,-0.0,-0.0,0.0
45.012,0.0401033,0.005940664,0.02401739,-0.0,-0.0,0.0
45.033,0.04437936,0.024877487,0.017908737,-0.0,-0.0,0.0
45.073,0.0028405234,-0.0020005836,0.017297871,-0.0,-0.0,-0.0
45.115,0.004673119,0.00899499,-0.002860682,0.0,-0.0,0.0
45.133,0.004062254,0.018157968,-0.006525873,4.8055266e-05,-1.0750365e-05,1.7271022e-05
45.174,-0.020983221,0.0004428773,0.0014153748,0.0,-0.0,-0.0
45.215,0.010170906,0.0010537425,0.0032479705,-0.0,-0.0,0.0
45.235,0.016279558,-0.03987423,0.009967488,-0.0,-0.0,-0.0
45.275,0.004673119,-0.02948952,0.019741332,-0.0,-0.0,-0.0
45.315,0.0052839844,0.02060143,0.006913162,-0.0,-0.0,0.0
45.336,0.0016187929,0.00777326,-0.003471547,0.0,-0.0,0.0
45.374,0.033383787,0.012660182,-0.018743178,0.0,-0.0,0.0
45.414,0.0089491755,0.049312096,-0.008358469,0.0,-0.0,0.0
45.434,-0.029535336,0.025488352,0.009967488,0.0,-0.0,-0.0
45.473,-0.028924469,-0.0062766406,0.021573927,-0.0,0.0,0.0
45.515,0.026053403,-0.0032223142,0.01485441,-0.0,-0.0,-0.0
45.533,0.023609942,-0.011774427,0.013021815,-4.6498408e-05,-9.3232054e-05,-5.1423984e-05
45.575,-0.010598511,-0.01788308,0.010578354,-0.0,0.0,0.0
45.615,0.0034513886,0.0028863382,-0.011412795,0.0,-0.0,0.0
45.636,0.015057828,0.013881912,-0.016299717,0.0,-0.0,0.0
45.674,0.0010079277,0.023044892,-0.0040824125,0.0,-0.0,0.0
45.714,-0.009376781,-0.022770002,0.0032479705,-0.0,0.0,0.0
45.753,0.016890425,0.015103644,-0.00041722096,0.0,-0.0,0.0
45.774,0.01872302,0.00777326,-0.0046932776,0.0,-0.0,0.0
45.813,0.022999076,0.012049317,0.00019364429,-0.0,-0.0,0.0
45.859,-0.023426682,-0.014828754,0.008745758,-0.0,0.0,0.0
45.875,-0.029535336,-0.011163563,0.0032479705,-0.0,0.0,0.0
45.913,-0.0069333203,-0.0007788532,-0.005915008,-0.0,-0.0,0.0
45.936,-0.0014355333,-0.002611449,-0.006525873,-2.514539e-06,1.382251e-06,6.2836907e-06
45.979,0.016279558,0.005940664,0.0014153748,-0.0,-0.0,0.0
46.013,0.0022296582,-0.0062766406,-0.00041722096,-0.0,-0.0,0.0
46.052,-0.0063224556,-0.00016798795,0.0063022966,-0.0,0.0,0.0
46.072,-0.013652838,0.0065515297,0.0026371053,1.3516533e-05,2.8167125e-05,-5.440801e-06
46.114,-0.0020463986,-0.016050484,-0.002860682,-0.0,-0.0,0.0
46.153,-0.008765915,0.005940664,-0.0046932776,-0.0,0.0,0.0
46.174,0.00589485,-0.022770002,-0.01080193,-0.0,-0.0,0.0
46.213,0.021166481,-0.0050549097,0.00202624,-0.0,-0.0,-0.0
46.253,0.004673119,0.0028863382,0.0014153748,-0.0,-0.0,0.0
46.670,-0.0063224556,0.015714508,0.0032479705,0.0,-0.0,-0.0
46.692,-0.012431107,-0.0068875058,-0.00041722096,-0.0,-0.0,0.0
46.713,-0.019150626,-0.013607023,0.0008045095,-0.0,0.0,0.0
46.753,-0.0142637035,0.013271048,-0.010191065,-0.0,0.0,0.0
46.793,-0.008155052,0.026710084,-0.0016389515,-0.0,0.0,0.0
46.812,-0.022815816,0.023655755,-0.0022498167,-0.0,0.0,0.0
46.853,-0.017318029,-0.008109236,-0.002860682,-0.0,-0.0,0.0
46.893,-0.011209377,-0.008109236,0.0014153748,-0.0,0.0,0.0
46.913,-0.025259277,0.00899499,-0.005304143,-0.0,0.0,0.0
46.952,-0.03808745,0.005940664,-0.0046932776,-0.0,0.0,0.0
46.992,-0.025259277,0.004718934,-0.0010280862,-0.0,0.0,0.0
47.012,-0.017318029,-0.00016798795,0.0008045095,-3.908703e-07,4.029906e-05,-1.872086e-06
47.054,-0.022204952,0.041981712,0.0014153748,0.0,-0.0,-0.0
47.093,-0.041141775,-0.022770002,0.017297871,-0.0,0.0,0.0
47.112,-0.075350225,-0.07652614,0.039899886,-0.0,0.0,0.0
47.152,-0.16453657,-0.090576045,0.033180367,-0.0,0.0,0.0
47.193,-0.16087137,-0.026435195,0.11320371,-0.0,0.0,0.0
47.213,-0.18958203,0.07802276,0.124199286,0.0,-0.0,-0.0
47.254,-0.26716194,0.13666584,-0.018743178,-0.0,0.0,0.0
47.293,-0.121775985,0.34252742,0.015465275,0.0,-0.0,-0.0
47.333,-0.19874501,0.36146423,-0.020575773,-0.0,0.0,0.0
47.354,-0.22989914,0.22218697,-0.055395093,-0.0,0.0,0.0
47.395,-0.13399328,-0.087521724,-0.0236301,-0.0,-0.0,0.0
47.415,-0.027091874,-0.087521724,-0.0016389515,-0.0010763927,0.00033317957,2.0336036e-05
47.453,-0.0063224556,-0.038652502,0.0044697006,-0.0,0.0,0.0
47.497,0.0089491755,0.012660182,-0.011412795,0.0,-0.0,0.0
47.533,0.07797695,0.040759984,-0.011412795,0.00048543798,-0.00092852575,0.0001361303
47.553,-0.057635136,-0.030100387,0.011800084,-0.0,0.0,0.0
47.592,-0.068019845,-0.06919576,-0.015077987,-0.0,-0.0,0.0
47.632,0.017501289,-0.0068875058,-0.013856256,-0.0,-0.0,0.0
47.652,0.06392705,-0.03071125,-0.027906157,-0.0,-0.0,0.0
47.691,0.14089607,0.027320947,-0.051119037,0.0,-0.0,0.0
47.734,0.055985797,-0.063087106,-0.033403944,-0.0,-0.0,0.0
47.752,0.016890425,-0.094852105,-0.016299717,-0.0,-0.0,0.0
47.792,0.011392637,-0.12050844,0.023406522,-0.0,-0.0,-0.0
47.831,0.055985797,-0.08324566,0.02401739,-0.0,-0.0,-0.0
47.852,0.060261857,-0.05392413,0.01485441,-0.0,-0.0,-0.0
47.892,0.025442537,-0.012996158,-0.0022498167,-0.0,-0.0,0.0
47.932,0.038270704,-0.020326542,0.02646085,-0.0,-0.0,-0.0
47.972,-0.0075441855,-0.09729556,0.008134892,-0.0,0.0,0.0
47.991,-0.020983221,-0.04231769,-0.0046932776,-0.0,-0.0,0.0
48.033,-0.0032681292,-0.009941831,0.030736906,-0.0,0.0,0.0
48.053,0.007727445,-0.017272215,0.04967373,-0.0,-0.0,-0.0
48.092,-0.008155052,-0.047815476,0.032569505,-0.0,0.0,0.0
48.132,-0.024648413,-0.09607383,-0.0095802,-0.0,-0.0,0.0
48.176,-0.059467733,-0.08141306,-0.052951634,-0.0,-0.0,0.0
48.192,-0.042363506,-0.09118691,-0.07127759,-0.0,-0.0,0.0
48.232,0.085918196,-0.022159135,-0.099377386,-0.0,-0.0,0.0
48.272,0.17449366,0.062140267,-0.09693393,0.0,-0.0,0.0
48.291,0.15677856,0.05786421,-0.08227316,0.0,-0.0,0.0
48.332,0.07675522,0.022434026,0.016076142,-0.0,-0.0,0.0
48.372,-0.061911196,-0.017272215,0.07227574,-0.0,0.0,0.0
48.394,-0.080848016,-0.015439619,0.06983228,-0.0,0.0,0.0
48.433,-0.056413405,-0.01910481,0.043565076,-0.0,0.0,0.0
48.473,-0.0075441855,0.030375274,-0.01202366,0.00013668975,3.3953016e-05,5.410492e-05
48.494,0.013836098,0.029153543,-0.026684428,0.0,-0.0,0.0
48.534,0.046822824,-0.0068875058,-0.017521448,-0.0,-0.0,0.0
48.573,0.03155119,-0.0056657754,0.015465275,-0.0,-0.0,-0.0
48.593,0.016279558,-0.020937407,0.021573927,-0.0,-0.0,-0.0
48.634,0.007727445,-0.022770002,0.032569505,-0.0,-0.0,-0.0
48.673,-0.022204952,0.0004428773,0.017908737,0.0,-0.0,-0.0
48.695,-0.030757064,-0.002611449,0.0014153748,-0.0,0.0,0.0
48.737,0.0010079277,0.009605856,-0.027906157,0.0,-0.0,0.0
48.774,0.025442537,-0.016050484,-0.043177787,-0.0,-0.0,0.0
48.794,0.03155119,0.0016646078,-0.03706914,0.0,-0.0,0.0
48.834,0.027885998,0.014492778,-0.013856256,0.0,-0.0,0.0
48.874,-0.0069333203,-0.002611449,0.0026371053,-0.0,0.0,0.0
48.899,-0.0032681292,0.0016646078,0.0014153748,8.783241e-07,1.7244146e-06,-7.468174e-07
48.932,0.00039706242,-0.0044440445,0.0050805663,-0.0,-0.0,-0.0
48.973,-0.0063224556,-0.012996158,0.014243545,-0.0,0.0,0.0
49.013,0.009560041,0.012660182,0.0056914315,2.863899e-05,-2.1626352e-05,-1.2874517e-05
49.032,0.014446964,0.004718934,0.0032479705,-0.0,-0.0,0.0
49.072,0.015668694,-0.025213463,0.00019364429,-0.0,-0.0,-0.0
49.113,0.03949244,-0.0038331794,-0.013245391,-0.0,-0.0,0.0
49.132,0.022999076,-0.012996158,-0.00041722096,-0.0,-0.0,0.0
49.172,-0.022204952,-0.01666135,0.0008045095,-0.0,0.0,0.0
49.213,0.015668694,0.0034972036,-0.0046932776,0.0,-0.0,0.0
49.233,0.013836098,0.0034972036,-0.0095802,0.0,-0.0,0.0
49.273,-0.008765915,-0.0007788532,0.0063022966,-0.0,0.0,0.0
49.316,-0.010598511,0.0034972036,0.0044697006,0.0,-0.0,-0.0
49.334,-0.0075441855,-0.020937407,-0.0010280862,-0.0,-0.0,0.0
49.374,0.016279558,0.016936239,-0.0010280862,0.0,-0.0,0.0
49.413,-0.025870144,-0.0038331794,0.0056914315,-1.3768948e-05,9.293323e-05,-2.044464e-05
49.433,-0.017928895,-0.0093309665,0.011800084,-0.0,0.0,0.0
49.474,-0.008155052,0.0028863382,0.0032479705,0.0,-0.0,-0.0
49.514,-0.0020463986,0.0053297994,-0.0010280862,-0.0,0.0,0.0
49.534,0.0028405234,-0.002611449,-0.0016389515,-0.0,-0.0,0.0
49.574,0.016279558,-0.00016798795,-0.015688851,-0.0,-0.0,0.0
49.613,-0.020372357,-0.0007788532,-0.0095802,-0.0,-0.0,0.0
49.633,-0.026481008,0.012049317,0.0014153748,0.0,-0.0,-0.0
49.674,-0.019150626,-0.0007788532,-0.0040824125,-0.0,-0.0,0.0
49.714,0.0052839844,-0.0007788532,-0.010191065,-0.0,-0.0,0.0
49.733,0.013836098,0.017547105,-0.007136739,0.0,-0.0,0.0
49.774,-0.0069333203,0.010216721,-0.005915008,-0.0,0.0,0.0
49.813,0.0022296582,0.0028863382,-0.0095802,0.0,-0.0,0.0
49.837,0.0016187929,-0.0007788532,-0.011412795,-1.2077131e-06,-2.5102056e-06,1.7697344e-05
49.872,-0.0008246681,0.0010537425,-0.003471547,-0.0,0.0,0.0
49.920,-0.010598511,0.016936239,0.0026371053,0.0,-0.0,-0.0
49.953,0.009560041,0.007162395,-0.005915008,1.2814221e-05,-1.7103655e-05,1.0582558e-05
49.971,0.020555617,-0.0007788532,-0.010191065,-0.0,-0.0,0.0
50.012,-0.0044898596,0.0004428773,-0.002860682,-0.0,0.0,0.0
50.052,-0.013041973,-0.0093309665,-0.002860682,-0.0,-0.0,0.0
50.073,-0.0044898596,0.004108069,-0.006525873,-0.0,0.0,0.0
50.115,0.004673119,0.0016646078,-0.008358469,0.0,-0.0,0.0
50.136,0.00833831,-0.0050549097,-0.0095802,-0.0,-0.0,0.0
50.175,-0.0160963,0.00899499,-0.005915008,-0.0,0.0,0.0
50.214,0.0016187929,0.015714508,-0.01202366,0.0,-0.0,0.0
50.254,-0.0026572638,0.016936239,-0.005915008,-0.0,0.0,0.0
50.273,-0.0038789941,0.022434026,-0.0010280862,-0.0,0.0,0.0
50.314,-0.0026572638,-0.020326542,-0.003471547,-0.0,-0.0,0.0
50.353,0.0126143675,0.00777326,-0.0022498167,1.5636033e-05,-2.5373865e-05,4.5257225e-06
50.374,-0.0075441855,-0.0007788532,0.00019364429,-0.0,0.0,0.0
50.413,-0.0038789941,-0.0013897184,0.0014153748,-0.0,0.0,0.0
50.453,0.00039706242,0.0016646078,-0.005304143,0.0,-0.0,0.0
50.473,-0.0075441855,0.004108069,0.00202624,0.0,-0.0,-0.0
50.514,-0.017318029,0.00899499,0.0044697006,0.0,-0.0,-0.0
50.554,0.0089491755,-0.002611449,-0.002860682,-0.0,-0.0,0.0
50.573,0.007727445,0.0053297994,-0.0010280862,0.0,-0.0,0.0
50.614,-0.016707165,0.009605856,0.008745758,0.0,-0.0,-0.0
50.653,-0.0038789941,0.009605856,0.0032479705,0.0,-0.0,-0.0
50.675,0.0016187929,-0.011163563,-0.008358469,-0.0,-0.0,0.0
50.713,0.023609942,0.005940664,-0.00041722096,0.0,-0.0,0.0
50.754,-0.0044898596,0.008384125,0.0032479705,0.0,-0.0,-0.0
50.794,0.015057828,-0.0038331794,0.0014153748,-0.0,-0.0,-0.0
50.814,0.018112155,0.004718934,0.00202624,-0.0,-0.0,0.0
50.854,-0.00021380284,-0.008109236,0.0044697006,-0.0,0.0,0.0
50.892,0.0010079277,0.004108069,0.0008045095,2.374079e-06,-5.8248844e-07,-4.649305e-07
50.916,0.0089491755,0.010216721,0.00019364429,-0.0,-0.0,0.0
50.952,0.009560041,-0.0050549097,-0.0010280862,-0.0,-0.0,0.0
50.992,-0.0014355333,0.00899499,0.006913162,0.0,-0.0,-0.0
51.012,-0.00571159,0.012049317,0.008134892,0.0,-0.0,-0.0
51.051,-0.0038789941,-0.012385293,-0.0016389515,-0.0,-0.0,0.0
51.092,0.01994475,0.010216721,-0.0010280862,0.0,-0.0,0.0
51.112,0.011392637,0.0193797,0.0014153748,-0.0,-0.0,0.0
51.152,0.0016187929,-0.020326542,0.0032479705,-0.0,-0.0,-0.0
51.193,0.021777345,-0.012996158,-0.0022498167,-0.0,-0.0,0.0
51.212,0.016890425,0.005940664,0.00019364429,-0.0,-0.0,0.0
51.253,0.0016187929,0.015714508,0.0026371053,-0.0,-0.0,0.0
51.298,0.004673119,-0.0044440445,0.0026371053,-4.155728e-06,-4.3699306e-06,-2.4660237e-06
51.312,0.009560041,-0.0056657754,-0.0022498167,-0.0,-0.0,0.0
51.351,0.011392637,-0.012996158,-0.0040824125,-0.0,-0.0,0.0
51.393,-0.0014355333,0.00777326,0.0026371053,0.0,-0.0,-0.0
51.413,0.00711658,0.005940664,0.0050805663,-0.0,-0.0,0.0
51.453,0.014446964,-0.0050549097,-0.0046932776,-0.0,-0.0,0.0
51.493,0.013836098,0.007162395,0.00019364429,-0.0,-0.0,0.0
51.532,0.0126143675,-0.011163563,-0.00041722096,-0.0,-0.0,0.0
51.554,0.00589485,-0.0044440445,0.0032479705,-0.0,-0.0,-0.0
51.593,0.015668694,-0.002611449,0.0008045095,-0.0,-0.0,-0.0
51.635,0.013225232,0.004108069,0.0038588357,-0.0,-0.0,0.0
51.653,-0.00571159,-0.0038331794,0.0038588357,-0.0,0.0,0.0
51.693,0.00711658,-0.0044440445,-0.0022498167,-0.0,-0.0,0.0
51.734,0.015057828,0.010216721,-0.0095802,0.0,-0.0,0.0
51.753,0.013836098,0.013271048,-0.0095802,0.0,-0.0,0.0
51.793,0.00039706242,-0.0074983705,-0.0010280862,-0.0,-0.0,0.0
51.832,0.019333886,-0.008720102,-0.0010280862,-2.4852368e-05,-5.5101962e-05,2.9293797e-06
51.853,0.026664268,-0.0013897184,-0.0016389515,-0.0,-0.0,0.0
51.893,-0.008765915,0.0016646078,0.0063022966,0.0,-0.0,-0.0
51.917,-0.0069333203,-0.008720102,0.006913162,-0.0,0.0,0.0
51.953,-0.0014355333,-0.012385293,0.0038588357,-0.0,0.0,0.0
51.993,-0.0051007248,-0.010552697,0.008134892,-0.0,0.0,0.0
52.032,0.0089491755,0.009605856,0.0038588357,-0.0,-0.0,0.0
52.052,-0.00021380284,-0.0050549097,0.0026371053,-0.0,0.0,0.0
52.093,0.0022296582,-0.0020005836,-0.0016389515,-0.0,-0.0,0.0
52.134,0.016890425,0.004718934,-0.01080193,0.0,-0.0,0.0
52.154,0.0065057147,0.0053297994,-0.005304143,0.0,-0.0,0.0
52.194,-0.009987647,-0.0050549097,0.0056914315,-0.0,0.0,0.0
52.234,0.0016187929,-0.00016798795,0.00202624,-5.8597834e-08,-5.646681e-07,-7.06794e-07
52.253,0.00711658,-0.0007788532,-0.00041722096,-0.0,-0.0,0.0
52.294,0.014446964,0.009605856,-0.006525873,0.0,-0.0,0.0
52.333,-0.0038789941,0.012660182,-0.0022498167,-0.0,0.0,0.0
52.356,-0.0032681292,-0.0013897184,-0.0040824125,-0.0,-0.0,0.0
52.395,-0.0044898596,-0.012996158,0.009967488,-0.0,0.0,0.0
52.434,0.00589485,0.0053297994,0.00202624,-0.0,-0.0,0.0
52.475,0.0022296582,-0.0044440445,0.0050805663,-0.0,-0.0,-0.0
52.495,-0.0008246681,-0.0032223142,0.0032479705,-0.0,0.0,0.0
52.535,-0.0038789941,-0.0062766406,0.00019364429,-0.0,0.0,0.0
52.574,0.013225232,0.0010537425,-0.006525873,0.0,-0.0,0.0
52.595,0.013836098,0.0028863382,-0.0046932776,0.0,-0.0,0.0
52.634,-0.0063224556,0.0028863382,-0.0016389515,2.766312e-06,6.0595535e-06,1.5707911e-06
52.673,0.00833831,0.0010537425,0.0014153748,-0.0,-0.0,0.0
52.696,0.0089491755,-0.0038331794,0.0026371053,-0.0,-0.0,-0.0
52.736,0.010170906,0.005940664,-0.007747604,0.0,-0.0,0.0
52.775,0.0010079277,-0.0013897184,-0.005304143,-1.0398835e-06,-7.542044e-07,3.968932e-06
52.795,-0.0020463986,0.007162395,-0.0046932776,-0.0,0.0,0.0
52.835,0.0022296582,-0.0044440445,0.00019364429,-0.0,-0.0,-0.0
52.875,0.0028405234,-0.0056657754,0.0014153748,-0.0,-0.0,-0.0
52.895,0.00589485,0.009605856,0.0014153748,-0.0,-0.0,0.0
52.935,0.011392637,0.011438452,-0.006525873,0.0,-0.0,0.0
52.973,-0.0014355333,-0.0093309665,-0.005304143,-0.0,-0.0,0.0
52.992,0.0052839844,0.0022754732,-0.008969335,0.0,-0.0,0.0
53.033,0.0089491755,0.007162395,-0.006525873,0.0,-0.0,0.0
53.074,-0.01853976,0.0022754732,0.0050805663,0.0,-0.0,-0.0
53.093,-0.008765915,0.004718934,-0.0010280862,-0.0,0.0,0.0
53.134,0.013225232,0.015714508,-0.007747604,0.0,-0.0,0.0
53.174,-0.008155052,0.004718934,-0.006525873,7.2590838e-06,1.2544971e-05,1.003872e-05
53.195,-0.008155052,0.023044892,-0.0022498167,-0.0,0.0,0.0
53.234,-0.00021380284,-0.0062766406,-0.01080193,-0.0,-0.0,0.0
53.274,0.0010079277,-0.008109236,-0.0022498167,-0.0,-0.0,0.0
53.314,0.0034513886,0.023655755,0.00202624,7.6174714e-05,-1.1114189e-05,-6.5243453e-06
53.335,0.012003502,0.02182316,-0.0022498167,0.0,-0.0,0.0
53.374,-0.0014355333,0.0004428773,-0.0040824125,-0.0,0.0,0.0
53.416,-0.0075441855,-0.00016798795,-0.006525873,-0.0,-0.0,0.0
53.437,0.0034513886,0.00777326,-0.010191065,0.0,-0.0,0.0
53.476,0.0022296582,0.013881912,-0.006525873,0.0,-0.0,0.0
53.497,-0.0051007248,0.013881912,-0.006525873,-0.0,0.0,0.0
53.535,-0.008155052,0.0010537425,-0.0016389515,-0.0,0.0,0.0
53.575,-0.0032681292,0.009605856,-0.003471547,1.3826216e-05,4.7040303e-06,4.9967525e-06
53.615,-0.009987647,0.010827586,-0.005304143,-0.0,0.0,0.0
53.635,-0.010598511,0.007162395,-0.0022498167,-0.0,0.0,0.0
53.674,-0.008765915,-0.00016798795,-0.0010280862,-0.0,-0.0,0.0
53.714,-0.0032681292,0.014492778,0.0026371053,2.9350787e-05,6.6185357e-06,-5.340762e-06
53.735,-0.0038789941,0.007162395,0.0026371053,0.0,-0.0,-0.0
53.774,-0.0026572638,0.0028863382,-0.003471547,-0.0,0.0,0.0
53.815,-0.0038789941,0.013881912,-0.00041722096,-0.0,0.0,0.0
53.833,-0.008765915,0.00777326,-0.0016389515,-0.0,0.0,0.0
53.873,-0.0032681292,0.011438452,-0.0010280862,-0.0,0.0,0.0
53.916,-0.0075441855,-0.0038331794,-0.0046932776,-0.0,-0.0,0.0
53.936,0.0034513886,0.0022754732,-0.007136739,0.0,-0.0,0.0
53.972,0.007727445,0.004718934,-0.005915008,0.0,-0.0,0.0
54.013,-0.010598511,-0.0068875058,0.0038588357,-0.0,0.0,0.0
54.052,-0.009987647,0.008384125,0.00202624,0.0,-0.0,-0.0
54.073,-0.0051007248,0.0028863382,-0.0016389515,-0.0,0.0,0.0
54.114,0.00711658,-0.016050484,-0.0046932776,-3.915115e-05,-1.7359389e-05,1.1447769e-05
54.154,-0.0026572638,0.0028863382,0.0044697006,0.0,-0.0,-0.0
54.173,0.0034513886,0.016325375,0.0050805663,-0.0,-0.0,0.0
54.216,-0.0032681292,-0.015439619,0.0056914315,-0.0,0.0,0.0
54.254,0.0065057147,-0.0038331794,0.0038588357,-4.3627438e-06,-7.40446e-06,-4.3919445e-06
54.275,0.00039706242,0.0053297994,0.0014153748,-0.0,-0.0,0.0
54.315,0.0034513886,-0.008720102,-0.0022498167,-0.0,-0.0,0.0
54.356,0.014446964,-0.0056657754,-0.0022498167,-0.0,-0.0,0.0
54.375,0.0028405234,-0.0032223142,0.00202624,-0.0,-0.0,-0.0
54.414,-0.00021380284,-0.0020005836,0.00202624,-0.0,0.0,0.0
54.456,0.00589485,-0.011163563,-0.0040824125,-0.0,-0.0,0.0
54.474,0.0010079277,-0.011163563,-0.005304143,-0.0,-0.0,0.0
54.514,0.00039706242,0.007162395,0.0014153748,7.028877e-06,-3.896655e-07,-1.388989e-06
54.540,0.004062254,-0.0020005836,-0.003471547,-0.0,-0.0,0.0
54.574,-0.0038789941,-0.0093309665,0.006913162,-0.0,0.0,0.0
54.614,0.010170906,-0.0038331794,0.0008045095,-0.0,-0.0,-0.0
54.654,0.004673119,0.0053297994,0.0032479705,5.5776445e-06,-4.8904444e-06,-3.3989982e-06
54.674,0.0034513886,0.009605856,0.0056914315,-0.0,-0.0,0.0
54.715,-0.0044898596,-0.011774427,-0.0010280862,-0.0,-0.0,0.0
54.754,0.019333886,0.0010537425,-0.00041722096,0.0,-0.0,0.0
54.774,0.00711658,-0.0032223142,0.00202624,-0.0,-0.0,-0.0
54.815,-0.0069333203,-0.0093309665,0.0044697006,-0.0,0.0,0.0
54.852,0.012003502,-0.0093309665,-0.0022498167,-0.0,-0.0,0.0
54.874,0.0089491755,-0.0007788532,-0.002860682,-0.0,-0.0,0.0
54.914,0.0010079277,0.004108069,0.0014153748,-0.0,-0.0,0.0
54.957,0.004062254,-0.015439619,0.0038588357,-0.0,-0.0,-0.0
54.993,0.014446964,0.0004428773,0.0008045095,-0.0,-0.0,0.0
55.012,0.015057828,0.004108069,0.0056914315,-0.0,-0.0,0.0
55.052,-0.008155052,-0.012385293,0.0044697006,-2.5746027e-05,1.6952552e-05,-9.291237e-06
55.093,0.004062254,-0.0050549097,0.0026371053,-0.0,-0.0,-0.0
55.114,-0.00021380284,0.0004428773,0.0014153748,0.0,-0.0,-0.0
55.153,0.00589485,-0.002611449,-0.0010280862,-0.0,-0.0,0.0
55.194,-0.0051007248,-0.002611449,0.0014153748,-2.068865e-06,4.0409464e-06,-1.1212976e-06
55.214,0.00711658,-0.010552697,-0.0010280862,-0.0,-0.0,0.0
55.254,0.009560041,0.0016646078,0.0038588357,-0.0,-0.0,0.0
55.294,-0.0038789941,0.0053297994,0.0032479705,0.0,-0.0,-0.0
55.312,0.00589485,0.0010537425,-0.003471547,0.0,-0.0,0.0
55.354,-0.00571159,-0.012385293,0.00202624,-0.0,0.0,0.0
55.394,-0.0069333203,-0.0007788532,0.0056914315,-0.0,0.0,0.0
55.414,0.007727445,-0.0032223142,0.0044697006,-0.0,-0.0,-0.0
55.454,-0.0020463986,-0.0044440445,0.0056914315,-4.476682e-06,2.061443e-06,-5.7332322e-06
55.494,-0.0026572638,-0.00016798795,0.0044697006,-0.0,0.0,0.0
55.513,0.0016187929,-0.0056657754,0.0044697006,-0.0,-0.0,-0.0
55.554,0.007727445,0.0004428773,-0.007136739,0.0,-0.0,0.0
55.594,0.0089491755,0.004108069,0.0044697006,5.9625218e-06,-1.2989099e-05,-6.487408e-06
55.613,-0.008155052,-0.01788308,0.0044697006,-0.0,0.0,0.0
55.654,-0.0032681292,-0.002611449,0.00202624,-0.0,0.0,0.0
55.693,0.004673119,0.008384125,-0.00041722096,0.0,-0.0,0.0
55.714,-0.0032681292,-0.00016798795,-0.0016389515,-0.0,-0.0,0.0
55.754,-0.009987647,0.012660182,0.0014153748,0.0,-0.0,-0.0
55.793,0.0052839844,-0.021548271,-0.002860682,-0.0,-0.0,0.0
55.815,0.0034513886,-0.010552697,0.0044697006,-0.0,-0.0,-0.0
55.853,0.00039706242,0.012660182,0.0026371053,-0.0,-0.0,0.0
55.893,0.004673119,-0.017272215,-0.0046932776,-0.0,-0.0,0.0
55.938,0.011392637,0.0053297994,-0.0046932776,0.0,-0.0,0.0
55.953,0.0010079277,0.0022754732,0.0014153748,-0.0,-0.0,0.0
55.993,0.0022296582,-0.016050484,-0.010191065,-4.1238458e-05,-5.7292036e-06,2.6183801e-05
56.032,0.00589485,0.0016646078,-0.002860682,0.0,-0.0,0.0
56.053,-0.0075441855,-0.011774427,-0.002860682,-0.0,-0.0,0.0
56.093,0.023609942,-0.0050549097,-0.0010280862,-0.0,-0.0,0.0
56.132,-0.0014355333,0.00899499,0.011189219,1.7418843e-05,2.7797237e-06,-2.1667964e-05
56.152,-0.013041973,0.013881912,0.012410949,0.0,-0.0,-0.0
56.193,0.0028405234,0.026710084,0.009967488,-0.0,-0.0,0.0
56.232,-0.027091874,0.031597003,0.02890431,0.0,-0.0,-0.0
56.255,-0.052748214,0.043203447,0.04600854,0.0,-0.0,-0.0
56.293,-0.041141775,0.021212295,0.04600854,0.0,-0.0,-0.0
56.341,-0.013652838,0.044425175,0.038678154,0.0,-0.0,-0.0
56.355,-0.011820243,0.061529405,0.04539767,0.0,-0.0,-0.0
56.394,-0.056413405,0.010216721,0.064945355,0.00011903768,0.0006558747,-0.0007551598
56.435,-0.017318029,0.048090365,0.033180367,0.0,-0.0,-0.0
56.454,-0.008765915,0.052977286,0.020963062,0.0,-0.0,-0.0
56.494,-0.027091874,-0.105236806,0.0056914315,-0.0,0.0,0.0
56.535,0.024220806,-0.039263364,-0.04134519,-0.00032642315,-0.00020144154,0.00034373437
56.554,0.09324858,0.015714508,-0.048675574,0.0,-0.0,0.0
56.593,0.022999076,-0.09912816,-0.03706914,-0.0,-0.0,0.0
56.633,0.09385944,0.007162395,-0.06333634,0.0,-0.0,0.0
56.674,0.023609942,-0.047815476,-0.05234077,-0.00047946896,-0.00023690486,0.00052485755
56.692,0.00833831,-0.0649197,-0.038290866,-0.0,-0.0,0.0
56.736,-0.008155052,-0.009941831,-0.024240965,-0.0,-0.0,0.0
56.772,0.00589485,0.012049317,-0.025462696,0.0,-0.0,0.0
56.794,0.03643811,0.019990565,-0.027906157,0.0,-0.0,0.0
56.835,0.019333886,-0.009941831,-0.012634526,-0.0,-0.0,0.0
56.872,0.015668694,-0.0062766406,0.0026371053,-0.0,-0.0,-0.0
56.892,0.012003502,-0.002611449,0.0063022966,-0.0,-0.0,-0.0
56.933,-0.013041973,-0.0062766406,-0.0022498167,-1.2339686e-05,2.563998e-05,4.4232092e-06
56.974,-0.0044898596,0.02060143,0.0050805663,0.0,-0.0,-0.0
56.993,-0.0160963,0.023655755,0.0075240275,0.0,-0.0,-0.0
57.033,-0.011820243,0.018768836,-0.0016389515,-0.0,0.0,0.0
57.073,0.014446964,0.016325375,-0.013245391,5.5893626e-05,-4.94602e-05,4.5349072e-05
57.094,0.016279558,0.015714508,-0.014467121,0.0,-0.0,0.0
57.134,-0.00571159,0.0034972036,-0.008969335,-0.0,0.0,0.0
57.173,0.0022296582,-0.0068875058,-0.01202366,-0.0,-0.0,0.0
57.193,0.013836098,-0.008720102,-0.016910583,-0.0,-0.0,0.0
57.234,-0.0051007248,0.0010537425,-0.0095802,-0.0,0.0,0.0
57.275,-0.011209377,0.005940664,-0.005915008,-0.0,0.0,0.0
57.293,-0.008155052,0.005940664,-0.002860682,-0.0,0.0,0.0
57.337,0.00589485,0.024877487,-0.007747604,8.919978e-05,-2.1135043e-05,2.7780367e-05
57.374,-0.011820243,0.016936239,0.0008045095,0.0,-0.0,-0.0
57.398,-0.015485434,0.009605856,0.0056914315,0.0,-0.0,-0.0
57.434,-0.009987647,-0.0044440445,0.00202624,-0.0,0.0,0.0
57.474,0.0089491755,0.005940664,-0.003471547,9.000854e-06,-1.3559051e-05,5.259871e-06
57.517,-0.0142637035,-0.0032223142,-0.0010280862,-0.0,-0.0,0.0
57.535,-0.017928895,0.012049317,0.00202624,0.0,-0.0,-0.0
57.575,0.0034513886,0.00899499,-0.015688851,0.0,-0.0,0.0
57.596,0.0107817715,-0.0062766406,-0.015688851,-0.0,-0.0,0.0
57.635,-0.0075441855,0.0010537425,-0.0040824125,-0.0,0.0,0.0
57.674,-0.00021380284,0.0034972036,0.0008045095,0.0,-0.0,-0.0
57.714,0.007727445,0.0010537425,0.00019364429,-0.0,-0.0,0.0
57.734,-0.0038789941,-0.0074983705,0.00019364429,-8.498665e-06,4.3964596e-06,-2.1945809e-07
57.773,-0.0038789941,0.015714508,-0.00041722096,-0.0,0.0,0.0
57.815,-0.0075441855,0.004108069,-0.010191065,-0.0,0.0,0.0
57.833,0.00589485,0.004718934,-0.01080193,0.0,-0.0,0.0
57.874,-0.0044898596,-0.00016798795,-0.0046932776,-1.4650064e-07,3.915348e-06,4.092738e-06
57.913,-0.012431107,-0.002611449,0.00019364429,-0.0,0.0,0.0
57.933,-0.0069333203,-0.0044440445,-0.002860682,-0.0,-0.0,0.0
57.973,0.010170906,0.017547105,-0.01080193,0.0,-0.0,0.0
58.013,-0.0069333203,0.0034972036,-0.0016389515,3.725266e-06,7.385477e-06,1.7458214e-06
58.032,-0.012431107,0.0016646078,0.0038588357,0.0,-0.0,-0.0
58.074,-0.009987647,-0.002611449,0.008134892,-0.0,0.0,0.0
58.113,0.007727445,0.0004428773,0.0032479705,-0.0,-0.0,0.0
58.133,0.0107817715,0.0034972036,0.0032479705,-0.0,-0.0,0.0
58.175,-0.011209377,-0.00016798795,0.0038588357,-0.0,0.0,0.0
58.214,0.00711658,-0.0020005836,-0.002860682,-0.0,-0.0,0.0
58.235,0.0010079277,-0.0074983705,-0.00041722096,-0.0,-0.0,0.0
58.274,-0.00021380284,-0.0032223142,0.0014153748,-1.524943e-06,1.01181556e-07,-6.6981846e-07
58.315,0.0028405234,-0.0013897184,0.006913162,-0.0,-0.0,-0.0
58.354,-0.011209377,-0.019715676,0.008745758,-0.0,0.0,0.0
58.373,-0.0014355333,-0.0050549097,0.009356623,-0.0,0.0,0.0
58.415,0.015668694,0.0034972036,-0.0046932776,7.851228e-06,-3.5175373e-05,1.0536305e-05
58.455,0.004673119,-0.024602598,0.0014153748,-0.0,-0.0,-0.0
58.475,0.0028405234,-0.01910481,0.0014153748,-0.0,-0.0,-0.0
58.514,-0.0026572638,0.0028863382,0.009356623,0.0,-0.0,-0.0
58.554,-0.0020463986,-0.0038331794,0.010578354,-5.8835835e-06,3.1410982e-06,-1.6236878e-05
58.575,0.0010079277,0.0004428773,0.0075240275,-0.0,-0.0,0.0
58.614,0.00711658,0.0010537425,-0.003471547,0.0,-0.0,0.0
58.655,0.0107817715,-0.008720102,-0.0010280862,-0.0,-0.0,0.0
58.674,0.00589485,0.005940664,0.0008045095,6.703742e-06,-6.6520497e-06,-9.0782686e-07
58.715,0.0016187929,-0.0038331794,0.00202624,-0.0,-0.0,-0.0
58.755,0.0089491755,-0.0093309665,0.0050805663,-0.0,-0.0,-0.0
58.775,0.0022296582,-0.008720102,0.00202624,-0.0,-0.0,-0.0
58.815,0.0022296582,0.0010537425,-0.00041722096,3.5374202e-07,-7.4849754e-07,1.4006145e-07
58.853,-0.0063224556,-0.016050484,-0.00041722096,-0.0,-0.0,0.0
58.873,-0.00571159,-0.0093309665,0.0014153748,-0.0,0.0,0.0
58.915,0.009560041,0.0065515297,0.0044697006,-0.0,-0.0,0.0
58.955,-0.00021380284,-0.0062766406,0.0056914315,-7.1400777e-06,2.4323745e-07,-6.474365e-06
58.973,-0.0020463986,-0.0050549097,0.006913162,-0.0,0.0,0.0
59.014,0.0028405234,-0.0013897184,0.00202624,-0.0,-0.0,-0.0
59.053,0.004673119,0.010827586,-0.0022498167,0.0,-0.0,0.0
59.093,-0.0032681292,0.0004428773,0.0008045095,2.0178845e-07,1.4890577e-06,-3.6655882e-07
59.113,-0.0038789941,-0.008109236,0.0014153748,-0.0,0.0,0.0
59.154,0.012003502,-0.0013897184,-0.0022498167,-0.0,-0.0,0.0
59.194,-0.0020463986,-0.0044440445,0.0026371053,-0.0,0.0,0.0
59.215,0.0107817715,0.0028863382,-0.002860682,4.4637086e-06,-1.6673814e-05,4.4240323e-06
59.255,0.010170906,-0.0062766406,-0.002860682,-0.0,-0.0,0.0
59.294,0.00039706242,-0.014217889,0.0056914315,-0.0,-0.0,-0.0
59.314,-0.0008246681,-0.0074983705,0.013021815,-0.0,0.0,0.0
59.353,0.0065057147,-0.008109236,0.0050805663,-1.2594333e-05,-1.0103846e-05,-7.89059e-06
59.394,0.02238821,0.0028863382,0.0008045095,-0.0,-0.0,0.0
59.416,0.00039706242,-0.0013897184,0.0038588357,-0.0,-0.0,-0.0
59.455,-0.008765915,-0.0013897184,0.0008045095,-0.0,0.0,0.0
59.495,0.010170906,0.0028863382,-0.0022498167,4.1875032e-06,-1.475587e-05,3.264049e-06
59.514,0.015668694,0.0065515297,-0.0022498167,0.0,-0.0,0.0
59.555,0.004673119,-0.00016798795,-0.002860682,-0.0,-0.0,0.0
59.594,-0.0026572638,-0.002611449,0.0014153748,-0.0,0.0,0.0
59.615,0.0028405234,0.0034972036,0.00202624,2.3188188e-06,-1.8834102e-06,-1.3434959e-06
59.654,-0.0063224556,0.005940664,-0.003471547,-0.0,0.0,0.0
59.693,0.00589485,0.0065515297,-0.005304143,0.0,-0.0,0.0
59.714,0.0016187929,0.0053297994,0.0008045095,-0.0,-0.0,0.0
59.755,-0.0075441855,0.007162395,0.0038588357,1.0666146e-05,1.1234639e-05,-5.746571e-06
59.794,0.00039706242,-0.0056657754,0.0032479705,-0.0,-0.0,-0.0
59.814,0.0028405234,-0.0038331794,-0.0016389515,-0.0,-0.0,0.0
59.853,0.0016187929,-0.00016798795,-0.00041722096,-0.0,-0.0,0.0
59.892,0.0089491755,0.0010537425,-0.006525873,1.5736075e-06,-1.33637e-05,9.7450275e-06
59.918,0.012003502,0.009605856,-0.007136739,0.0,-0.0,0.0
59.954,-0.008765915,0.004718934,0.0056914315,0.0,-0.0,-0.0
59.992,-0.009376781,-0.0038331794,0.0038588357,-0.0,0.0,0.0
