timestamp,value
00.000,-96.51
00.015,-96.3
00.031,-95.47
00.046,-94.14
00.062,-92.34
00.078,-89.97
00.093,-86.63
00.109,-81.82
00.125,-75.01
00.140,-66.06
00.156,-55.28
00.171,-43.56
00.187,-32.16
00.203,-22.19
00.218,-14.43
00.234,-8.97
00.250,-5.41
00.265,-2.97
00.281,-0.82
00.296,1.64
00.312,4.66
00.328,8.21
00.343,12.03
00.359,15.84
00.375,19.49
00.390,22.92
00.406,26.2
00.421,29.37
00.437,32.35
00.453,34.9
00.468,36.81
00.484,38.04
00.500,38.8
00.515,39.44
00.531,40.24
00.546,41.12
00.562,41.59
00.578,41.05
00.593,39.15
00.609,36.05
00.625,32.41
00.640,28.99
00.656,26.32
00.671,24.37
00.687,22.59
00.703,20.37
00.718,17.33
00.734,13.64
00.750,9.81
00.765,6.41
00.781,3.74
00.796,1.67
00.812,-0.29
00.828,-2.65
00.843,-5.72
00.859,-9.42
00.875,-13.36
00.890,-17.07
00.906,-20.28
00.921,-23.03
00.937,-25.52
00.953,-27.93
00.968,-30.13
00.984,-31.63
01.000,-31.74
01.015,-30.0
01.031,-26.35
01.046,-21.36
01.062,-15.99
01.078,-11.2
01.093,-7.52
01.109,-4.88
01.125,-2.67
01.140,-0.15
01.156,3.09
01.171,6.98
01.187,10.96
01.203,14.28
01.218,16.47
01.234,17.51
01.250,17.81
01.265,17.98
01.281,18.48
01.296,19.31
01.312,20.12
01.328,20.37
01.343,19.77
01.359,18.54
01.375,17.29
01.390,16.78
01.406,17.45
01.421,19.15
01.437,21.23
01.453,22.83
01.468,23.32
01.484,22.73
01.500,21.58
01.515,20.61
01.531,20.31
01.546,20.61
01.562,21.01
01.578,20.9
01.593,19.96
01.609,18.31
01.625,16.51
01.640,15.13
01.656,14.46
01.671,14.3
01.687,14.1
01.703,13.25
01.718,11.49
01.734,9.03
01.750,6.37
01.765,4.1
01.781,2.49
01.796,1.35
01.812,0.12
01.828,-1.76
01.843,-4.59
01.859,-8.12
01.875,-11.7
01.890,-14.63
01.906,-16.5
01.921,-17.52
01.937,-18.37
01.953,-19.88
01.968,-22.55
01.984,-26.34
02.000,-30.6
02.015,-34.37
02.031,-36.83
02.046,-37.58
02.062,-36.79
02.078,-34.96
02.093,-32.56
02.109,-29.82
02.125,-26.65
02.140,-22.82
02.156,-18.21
02.171,-13.06
02.187,-7.91
02.203,-3.37
02.218,0.19
02.234,2.89
02.250,5.21
02.265,7.7
02.281,10.64
02.296,13.81
02.312,16.54
02.328,18.13
02.343,18.21
02.359,16.99
02.375,15.22
02.390,13.81
02.406,13.35
02.421,13.95
02.437,15.16
02.453,16.3
02.468,16.86
02.484,16.76
02.500,16.36
02.515,16.2
02.531,16.7
02.546,17.9
02.562,19.44
02.578,20.79
02.593,21.5
02.609,21.52
02.625,21.07
02.640,20.6
02.656,20.43
02.671,20.5
02.687,20.41
02.703,19.67
02.718,18.0
02.734,15.57
02.750,12.92
02.765,10.61
02.781,8.98
02.796,7.88
02.812,6.82
02.828,5.26
02.843,2.98
02.859,0.26
02.875,-2.32
02.890,-4.12
02.906,-4.86
02.921,-4.72
02.937,-4.28
02.953,-4.16
02.968,-4.75
02.984,-5.99
03.000,-7.47
03.015,-8.67
03.031,-9.25
03.046,-9.36
03.062,-9.54
03.078,-10.52
03.093,-12.84
03.109,-16.48
03.125,-20.85
03.140,-25.01
03.156,-28.04
03.171,-29.44
03.187,-29.3
03.203,-28.11
03.218,-26.41
03.234,-24.46
03.250,-22.14
03.265,-19.2
03.281,-15.6
03.296,-11.63
03.312,-7.87
03.328,-4.81
03.343,-2.57
03.359,-0.72
03.375,1.43
03.390,4.37
03.406,8.1
03.421,11.91
03.437,14.84
03.453,16.13
03.468,15.66
03.484,14.03
03.500,12.26
03.515,11.32
03.531,11.66
03.546,13.05
03.562,14.81
03.578,16.14
03.593,16.62
03.609,16.33
03.625,15.68
03.640,15.13
03.656,14.79
03.671,14.3
03.687,12.98
03.703,10.18
03.718,5.61
03.734,-0.42
03.750,-7.07
03.765,-13.36
03.781,-18.51
03.796,-22.2
03.812,-24.54
03.828,-25.84
03.843,-26.3
03.859,-25.87
03.875,-24.33
03.890,-21.49
03.906,-17.5
03.921,-12.97
03.937,-8.82
03.953,-5.89
03.968,-4.64
03.984,-4.87
04.000,-5.92
04.015,-7.0
04.031,-7.6
04.046,-7.77
04.062,-7.93
04.078,-8.6
04.093,-9.95
04.109,-11.7
04.125,-13.21
04.140,-13.94
04.156,-13.77
04.171,-13.16
04.187,-12.93
04.203,-13.77
04.218,-15.83
04.234,-18.61
04.250,-21.11
04.265,-22.34
04.281,-21.71
04.296,-19.33
04.312,-15.9
04.328,-12.25
04.343,-9.02
04.359,-6.28
04.375,-3.68
04.390,-0.7
04.406,2.92
04.421,7.07
04.437,11.12
04.453,14.43
04.468,16.57
04.484,17.6
04.500,18.07
04.515,18.61
04.531,19.67
04.546,21.12
04.562,22.54
04.578,23.36
04.593,23.37
04.609,22.86
04.625,22.4
04.640,22.61
04.656,23.71
04.671,25.46
04.687,27.17
04.703,28.21
04.718,28.23
04.734,27.43
04.750,26.35
04.765,25.53
04.781,25.36
04.796,25.68
04.812,26.0
04.828,25.78
04.843,24.69
04.859,22.87
04.875,20.91
04.890,19.43
04.906,18.76
04.921,18.75
04.937,18.74
04.953,18.02
04.968,16.25
04.984,13.63
05.000,10.8
05.015,8.44
05.031,6.86
05.046,5.72
05.062,4.39
05.078,2.23
05.093,-0.88
05.109,-4.47
05.125,-7.74
05.140,-10.0
05.156,-11.09
05.171,-11.41
05.187,-11.85
05.203,-13.2
05.218,-15.87
05.234,-19.63
05.250,-23.76
05.265,-27.4
05.281,-29.84
05.296,-30.87
05.312,-30.6
05.328,-29.41
05.343,-27.61
05.359,-25.28
05.375,-22.31
05.390,-18.61
05.406,-14.34
05.421,-9.96
05.437,-6.12
05.453,-3.37
05.468,-1.76
05.484,-0.91
05.500,-0.05
05.515,1.46
05.531,3.89
05.546,6.89
05.562,9.72
05.578,11.63
05.593,12.25
05.609,11.81
05.625,10.98
05.640,10.49
05.656,10.75
05.671,11.67
05.687,12.79
05.703,13.59
05.718,13.83
05.734,13.7
05.750,13.66
05.765,14.13
05.781,15.26
05.796,16.75
05.812,18.07
05.828,18.75
05.843,18.68
05.859,18.19
05.875,17.84
05.890,18.1
05.906,19.02
05.921,20.26
05.937,21.16
05.953,21.2
05.968,20.27
05.984,18.73
06.000,17.21
06.015,16.24
06.031,15.99
06.046,16.11
06.062,16.03
06.078,15.26
06.093,13.63
06.109,11.46
06.125,9.25
06.140,7.42
06.156,6.06
06.171,4.84
06.187,3.22
06.203,0.81
06.218,-2.41
06.234,-6.05
06.250,-9.51
06.265,-12.31
06.281,-14.41
06.296,-16.29
06.312,-18.65
06.328,-22.06
06.343,-26.53
06.359,-31.4
06.375,-35.62
06.390,-38.22
06.406,-38.76
06.421,-37.47
06.437,-35.09
06.453,-32.43
06.468,-29.96
06.484,-27.66
06.500,-25.25
06.515,-22.48
06.531,-19.44
06.546,-16.53
06.562,-14.26
06.578,-12.85
06.593,-12.07
06.609,-11.31
06.625,-9.82
06.640,-7.18
06.656,-3.52
06.671,0.54
06.687,4.22
06.703,6.93
06.718,8.59
06.734,9.63
06.750,10.65
06.765,12.12
06.781,14.09
06.796,16.05
06.812,17.27
06.828,17.17
06.843,15.69
06.859,13.36
06.875,11.07
06.890,9.65
06.906,9.39
06.921,10.0
06.937,10.72
06.953,10.89
06.968,10.2
06.984,8.95
07.000,7.79
07.015,7.28
07.031,7.51
07.046,8.08
07.062,8.33
07.078,7.73
07.093,6.25
07.109,4.35
07.125,2.64
07.140,1.65
07.156,1.39
07.171,1.45
07.187,1.24
07.203,0.32
07.218,-1.35
07.234,-3.41
07.250,-5.28
07.265,-6.61
07.281,-7.33
07.296,-7.78
07.312,-8.48
07.328,-9.8
07.343,-11.77
07.359,-14.06
07.375,-16.17
07.390,-17.7
07.406,-18.71
07.421,-19.68
07.437,-21.31
07.453,-24.04
07.468,-27.74
07.484,-31.67
07.500,-34.69
07.515,-35.86
07.531,-34.81
07.546,-32.02
07.562,-28.44
07.578,-25.03
07.593,-22.26
07.609,-19.93
07.625,-17.39
07.640,-14.01
07.656,-9.66
07.671,-4.74
07.687,-0.07
07.703,3.66
07.718,6.24
07.734,7.94
07.750,9.39
07.765,11.13
07.781,13.34
07.796,15.67
07.812,17.57
07.828,18.51
07.843,18.39
07.859,17.6
07.875,16.79
07.890,16.58
07.906,17.23
07.921,18.5
07.937,19.8
07.953,20.61
07.968,20.74
07.984,20.46
08.000,20.31
08.015,20.71
08.031,21.7
08.046,22.87
08.062,23.56
08.078,23.33
08.093,22.2
08.109,20.69
08.125,19.51
08.140,19.16
08.156,19.61
08.171,20.27
08.187,20.37
08.203,19.33
08.218,17.17
08.234,14.47
08.250,12.05
08.265,10.51
08.281,9.92
08.296,9.66
08.312,8.87
08.328,6.86
08.343,3.62
08.359,-0.23
08.375,-3.64
08.390,-5.8
08.406,-6.48
08.421,-6.25
08.437,-6.13
08.453,-7.08
08.468,-9.48
08.484,-13.0
08.500,-16.77
08.515,-19.89
08.531,-21.84
08.546,-22.64
08.562,-22.69
08.578,-22.4
08.593,-21.85
08.609,-20.75
08.625,-18.69
08.640,-15.44
08.656,-11.21
08.671,-6.72
08.687,-2.8
08.703,0.01
08.718,1.66
08.734,2.7
08.750,3.89
08.765,5.74
08.781,8.32
08.796,11.15
08.812,13.5
08.828,14.8
08.843,14.92
08.859,14.27
08.875,13.5
08.890,13.17
08.906,13.44
08.921,13.99
08.937,14.32
08.953,14.03
08.968,13.17
08.984,12.19
09.000,11.68
09.015,12.03
09.031,13.15
09.046,14.51
09.062,15.37
09.078,15.27
09.093,14.23
09.109,12.75
09.125,11.47
09.140,10.84
09.156,10.83
09.171,10.93
09.187,10.49
09.203,9.05
09.218,6.68
09.234,3.93
09.250,1.53
09.265,0.02
09.281,-0.56
09.296,-0.71
09.312,-1.16
09.328,-2.45
09.343,-4.61
09.359,-7.17
09.375,-9.44
09.390,-10.97
09.406,-11.79
09.421,-12.46
09.437,-13.66
09.453,-15.79
09.468,-18.7
09.484,-21.77
09.500,-24.28
09.515,-25.85
09.531,-26.76
09.546,-27.64
09.562,-29.29
09.578,-32.01
09.593,-35.42
09.609,-38.6
09.625,-40.45
09.640,-40.2
09.656,-37.73
09.671,-33.66
09.687,-28.87
09.703,-24.17
09.718,-19.92
09.734,-15.97
09.750,-11.9
09.765,-7.42
09.781,-2.64
09.796,1.91
09.812,5.65
09.828,8.29
09.843,10.0
09.859,11.4
09.875,13.18
09.890,15.62
09.906,18.48
09.921,21.09
09.937,22.68
09.953,22.87
09.968,21.98
09.984,20.71
10.000,19.89
10.015,19.98
10.031,20.78
10.046,21.64
10.062,21.74
10.078,20.65
10.093,18.52
10.109,16.09
10.125,14.14
10.140,13.2
10.156,13.13
10.171,13.28
10.187,12.89
10.203,11.55
10.218,9.49
10.234,7.4
10.250,6.04
10.265,5.8
10.281,6.44
10.296,7.17
10.312,7.16
10.328,5.91
10.343,3.55
10.359,0.7
10.375,-1.91
10.390,-3.81
10.406,-5.1
10.421,-6.25
10.437,-7.83
10.453,-10.13
10.468,-12.92
10.484,-15.61
10.500,-17.56
10.515,-18.42
10.531,-18.34
10.546,-17.9
10.562,-17.81
10.578,-18.57
10.593,-20.2
10.609,-22.32
10.625,-24.38
10.640,-26.0
10.656,-27.21
10.671,-28.37
10.687,-29.88
10.703,-31.84
10.718,-33.89
10.734,-35.24
10.750,-35.14
10.765,-33.3
10.781,-30.05
10.796,-26.29
10.812,-22.96
10.828,-20.54
10.843,-18.8
10.859,-16.98
10.875,-14.2
10.890,-10.05
10.906,-4.89
10.921,0.41
10.937,4.96
10.953,8.31
10.968,10.69
10.984,12.79
11.000,15.24
11.015,18.26
11.031,21.38
11.046,23.79
11.062,24.79
11.078,24.21
11.093,22.53
11.109,20.62
11.125,19.27
11.140,18.87
11.156,19.17
11.171,19.5
11.187,19.15
11.203,17.82
11.218,15.76
11.234,13.67
11.250,12.29
11.265,12.01
11.281,12.57
11.296,13.23
11.312,13.14
11.328,11.88
11.343,9.72
11.359,7.4
11.375,5.79
11.390,5.28
11.406,5.61
11.421,5.98
11.437,5.6
11.453,4.06
11.468,1.69
11.484,-0.7
11.500,-2.33
11.515,-2.82
11.531,-2.51
11.546,-2.21
11.562,-2.76
11.578,-4.53
11.593,-7.24
11.609,-10.05
11.625,-12.08
11.640,-12.88
11.656,-12.66
11.671,-12.28
11.687,-12.67
11.703,-14.45
11.718,-17.55
11.734,-21.24
11.750,-24.59
11.765,-26.8
11.781,-27.59
11.796,-27.19
11.812,-26.09
11.828,-24.67
11.843,-22.95
11.859,-20.63
11.875,-17.34
11.890,-13.0
11.906,-8.0
11.921,-3.1
11.937,0.97
11.953,3.84
11.968,5.73
11.984,7.31
12.000,9.26
12.015,11.94
12.031,15.05
12.046,17.83
12.062,19.46
12.078,19.56
12.093,18.38
12.109,16.73
12.125,15.49
12.140,15.28
12.156,16.09
12.171,17.4
12.187,18.54
12.203,19.07
12.218,19.01
12.234,18.8
12.250,19.0
12.265,19.87
12.281,21.14
12.296,22.15
12.312,22.24
12.328,21.12
12.343,19.12
12.359,17.0
12.375,15.56
12.390,15.13
12.406,15.39
12.421,15.52
12.437,14.71
12.453,12.65
12.468,9.75
12.484,6.86
12.500,4.84
12.515,4.04
12.531,4.09
12.546,4.13
12.562,3.32
12.578,1.27
12.593,-1.72
12.609,-4.86
12.625,-7.33
12.640,-8.73
12.656,-9.29
12.671,-9.76
12.687,-10.96
12.703,-13.33
12.718,-16.7
12.734,-20.4
12.750,-23.58
12.765,-25.6
12.781,-26.34
12.796,-26.13
12.812,-25.44
12.828,-24.56
12.843,-23.39
12.859,-21.6
12.875,-18.84
12.890,-15.11
12.906,-10.86
12.921,-6.86
12.937,-3.8
12.953,-1.91
12.968,-0.8
12.984,0.33
13.000,2.16
13.015,4.92
13.031,8.09
13.046,10.72
13.062,11.94
13.078,11.4
13.093,9.53
13.109,7.29
13.125,5.71
13.140,5.34
13.156,6.03
13.171,7.08
13.187,7.74
13.203,7.61
13.218,6.82
13.234,5.98
13.250,5.7
13.265,6.26
13.281,7.37
13.296,8.35
13.312,8.51
13.328,7.52
13.343,5.65
13.359,3.54
13.375,1.95
13.390,1.21
13.406,1.1
13.421,1.03
13.437,0.4
13.453,-0.91
13.468,-2.49
13.484,-3.55
13.500,-3.38
13.515,-1.69
13.531,1.12
13.546,4.29
13.562,6.98
13.578,8.69
13.593,9.49
13.609,9.8
13.625,10.13
13.640,10.69
13.656,11.3
13.671,11.42
13.687,10.55
13.703,8.56
13.718,5.73
13.734,2.76
13.750,0.26
13.765,-1.53
13.781,-2.94
13.796,-4.66
13.812,-7.43
13.828,-11.48
13.843,-16.4
13.859,-21.27
13.875,-25.06
13.890,-27.1
13.906,-27.37
13.921,-26.39
13.937,-24.86
13.953,-23.32
13.968,-21.83
13.984,-20.12
14.000,-17.88
14.015,-14.96
14.031,-11.67
14.046,-8.53
14.062,-6.01
14.078,-4.23
14.093,-2.83
14.109,-1.16
14.125,1.31
14.140,4.72
14.156,8.61
14.171,12.16
14.187,14.54
14.203,15.42
14.218,15.11
14.234,14.53
14.250,14.6
14.265,15.91
14.281,18.3
14.296,21.03
14.312,23.15
14.328,24.02
14.343,23.66
14.359,22.65
14.375,21.78
14.390,21.57
14.406,22.0
14.421,22.62
14.437,22.86
14.453,22.42
14.468,21.46
14.484,20.47
14.500,19.94
14.515,20.02
14.531,20.37
14.546,20.36
14.562,19.43
14.578,17.43
14.593,14.78
14.609,12.22
14.625,10.44
14.640,9.67
14.656,9.49
14.671,9.04
14.687,7.44
14.703,4.26
14.718,-0.4
14.734,-5.88
14.750,-11.49
14.765,-16.88
14.781,-22.09
14.796,-27.45
14.812,-33.05
14.828,-38.68
14.843,-43.7
14.859,-47.5
14.875,-49.73
14.890,-50.54
14.906,-50.55
14.921,-50.34
14.937,-50.21
14.953,-49.93
14.968,-48.92
14.984,-46.6
15.000,-42.73
15.015,-37.6
15.031,-31.87
15.046,-26.37
15.062,-21.61
15.078,-17.64
15.093,-14.04
15.109,-10.21
15.125,-5.68
15.140,-0.43
15.156,5.0
15.171,9.8
15.187,13.25
15.203,15.14
15.218,15.81
15.234,16.05
15.250,16.66
15.265,18.03
15.281,19.97
15.296,21.82
15.312,22.84
15.328,22.58
15.343,21.23
15.359,19.34
15.375,17.61
15.390,16.49
15.406,15.93
15.421,15.52
15.437,14.7
15.453,13.24
15.468,11.29
15.484,9.51
15.500,8.59
15.515,9.02
15.531,10.82
15.546,13.55
15.562,16.55
15.578,19.26
15.593,21.4
15.609,22.98
15.625,24.13
15.640,24.91
15.656,25.17
15.671,24.69
15.687,23.25
15.703,20.97
15.718,18.32
15.734,15.93
15.750,14.39
15.765,13.91
15.781,14.25
15.796,14.86
15.812,15.11
15.828,14.63
15.843,13.51
15.859,12.11
15.875,10.85
15.890,9.85
15.906,8.79
15.921,7.04
15.937,4.04
15.953,-0.39
15.968,-5.88
15.984,-11.6
16.000,-16.62
16.015,-20.31
16.031,-22.59
16.046,-23.77
16.062,-24.34
16.078,-24.56
16.093,-24.37
16.109,-23.48
16.125,-21.66
16.140,-19.02
16.156,-16.07
16.171,-13.48
16.187,-11.76
16.203,-10.93
16.218,-10.55
16.234,-9.87
16.250,-8.33
16.265,-5.89
16.281,-3.01
16.296,-0.45
16.312,1.23
16.328,1.89
16.343,1.99
16.359,2.22
16.375,3.14
16.390,4.86
16.406,6.94
16.421,8.69
16.437,9.64
16.453,9.73
16.468,9.32
16.484,9.0
16.500,9.17
16.515,9.92
16.531,10.94
16.546,11.74
16.562,11.97
16.578,11.56
16.593,10.84
16.609,10.22
16.625,10.03
16.640,10.22
16.656,10.47
16.671,10.35
16.687,9.57
16.703,8.17
16.718,6.43
16.734,4.77
16.750,3.44
16.765,2.37
16.781,1.15
16.796,-0.63
16.812,-3.22
16.828,-6.51
16.843,-10.0
16.859,-13.12
16.875,-15.43
16.890,-16.9
16.906,-17.97
16.921,-19.3
16.937,-21.47
16.953,-24.63
16.968,-28.37
16.984,-31.78
17.000,-33.98
17.015,-34.36
17.031,-32.95
17.046,-30.32
17.062,-27.21
17.078,-24.15
17.093,-21.29
17.109,-18.41
17.125,-15.22
17.140,-11.66
17.156,-7.97
17.171,-4.55
17.187,-1.76
17.203,0.42
17.218,2.31
17.234,4.35
17.250,6.83
17.265,9.7
17.281,12.5
17.296,14.67
17.312,15.9
17.328,16.22
17.343,16.14
17.359,16.27
17.375,17.07
17.390,18.63
17.406,20.56
17.421,22.16
17.437,22.86
17.453,22.52
17.468,21.41
17.484,20.15
17.500,19.28
17.515,18.97
17.531,18.97
17.546,18.78
17.562,17.9
17.578,16.23
17.593,14.13
17.609,12.22
17.625,11.05
17.640,10.8
17.656,11.07
17.671,11.19
17.687,10.57
17.703,8.98
17.718,6.68
17.734,4.23
17.750,2.21
17.765,0.88
17.781,0.06
17.796,-0.77
17.812,-2.1
17.828,-4.19
17.843,-6.8
17.859,-9.48
17.875,-11.77
17.890,-13.5
17.906,-14.81
17.921,-16.14
17.937,-17.88
17.953,-20.13
17.968,-22.72
17.984,-25.32
18.000,-27.66
18.015,-29.76
18.031,-31.91
18.046,-34.32
18.062,-36.93
18.078,-39.29
18.093,-40.63
18.109,-40.31
18.125,-38.06
18.140,-34.18
18.156,-29.44
18.171,-24.73
18.187,-20.64
18.203,-17.26
18.218,-14.25
18.234,-11.09
18.250,-7.44
18.265,-3.38
18.281,0.71
18.296,4.29
18.312,7.03
18.328,8.88
18.343,10.21
18.359,11.45
18.375,12.89
18.390,14.49
18.406,15.89
18.421,16.67
18.437,16.64
18.453,16.01
18.468,15.27
18.484,14.98
18.500,15.46
18.515,16.57
18.531,17.81
18.546,18.58
18.562,18.53
18.578,17.74
18.593,16.65
18.609,15.76
18.625,15.37
18.640,15.34
18.656,15.23
18.671,14.56
18.687,13.06
18.703,10.96
18.718,8.77
18.734,7.1
18.750,6.27
18.765,6.19
18.781,6.29
18.796,5.88
18.812,4.53
18.828,2.19
18.843,-0.59
18.859,-3.08
18.875,-4.69
18.890,-5.3
18.906,-5.36
18.921,-5.66
18.937,-6.83
18.953,-9.0
18.968,-11.81
18.984,-14.54
19.000,-16.58
19.015,-17.8
19.031,-18.59
19.046,-19.69
19.062,-21.75
19.078,-24.85
19.093,-28.55
19.109,-32.03
19.125,-34.48
19.140,-35.49
19.156,-35.11
19.171,-33.68
19.187,-31.64
19.203,-29.17
19.218,-26.21
19.234,-22.64
19.250,-18.44
19.265,-13.84
19.281,-9.37
19.296,-5.55
19.312,-2.62
19.328,-0.45
19.343,1.41
19.359,3.53
19.375,6.14
19.390,9.11
19.406,11.94
19.421,13.99
19.437,14.91
19.453,14.83
19.468,14.32
19.484,14.08
19.500,14.61
19.515,15.97
19.531,17.76
19.546,19.4
19.562,20.45
19.578,20.85
19.593,20.92
19.609,21.1
19.625,21.73
19.640,22.75
19.656,23.78
19.671,24.32
19.687,24.08
19.703,23.18
19.718,22.08
19.734,21.3
19.750,21.1
19.765,21.34
19.781,21.49
19.796,20.99
19.812,19.62
19.828,17.66
19.843,15.7
19.859,14.38
19.875,13.92
19.890,13.99
19.906,13.89
19.921,12.85
19.937,10.52
19.953,7.16
19.968,3.49
19.984,0.33
20.000,-1.77
20.015,-2.86
20.031,-3.45
20.046,-4.32
20.062,-6.1
20.078,-8.97
20.093,-12.7
20.109,-16.73
20.125,-20.52
20.140,-23.68
20.156,-26.12
20.171,-27.83
20.187,-28.75
20.203,-28.62
20.218,-26.97
20.234,-23.51
20.250,-18.32
20.265,-12.0
20.281,-5.61
20.296,-0.25
20.312,3.42
20.328,5.47
20.343,6.59
20.359,7.71
20.375,9.46
20.390,11.89
20.406,14.49
20.421,16.47
20.437,17.29
20.453,16.89
20.468,15.76
20.484,14.53
20.500,13.73
20.515,13.47
20.531,13.51
20.546,13.48
20.562,13.15
20.578,12.61
20.593,12.2
20.609,12.31
20.625,13.11
20.640,14.38
20.656,15.57
20.671,16.09
20.687,15.59
20.703,14.18
20.718,12.41
20.734,10.93
20.750,10.22
20.765,10.27
20.781,10.57
20.796,10.45
20.812,9.42
20.828,7.45
20.843,4.95
20.859,2.55
20.875,0.71
20.890,-0.51
20.906,-1.45
20.921,-2.58
20.937,-4.2
20.953,-6.26
20.968,-8.32
20.984,-9.97
21.000,-10.93
21.015,-11.43
21.031,-11.93
21.046,-12.93
21.062,-14.61
21.078,-16.71
21.093,-18.72
21.109,-20.15
21.125,-20.91
21.140,-21.38
21.156,-22.33
21.171,-24.4
21.187,-27.73
21.203,-31.78
21.218,-35.55
21.234,-38.01
21.250,-38.47
21.265,-36.92
21.281,-33.9
21.296,-30.27
21.312,-26.65
21.328,-23.3
21.343,-20.06
21.359,-16.56
21.375,-12.65
21.390,-8.46
21.406,-4.46
21.421,-1.12
21.437,1.32
21.453,3.04
21.468,4.49
21.484,6.12
21.500,8.13
21.515,10.34
21.531,12.28
21.546,13.47
21.562,13.7
21.578,13.19
21.593,12.49
21.609,12.21
21.625,12.74
21.640,14.03
21.656,15.65
21.671,17.03
21.687,17.72
21.703,17.7
21.718,17.32
21.734,17.02
21.750,17.04
21.765,17.15
21.781,16.74
21.796,15.11
21.812,12.0
21.828,7.74
21.843,3.23
21.859,-0.44
21.875,-2.59
21.890,-3.15
21.906,-2.61
21.921,-1.67
21.937,-0.87
21.953,-0.3
21.968,0.29
21.984,1.18
22.000,2.44
22.015,3.75
22.031,4.52
22.046,4.27
22.062,2.82
22.078,0.45
22.093,-2.25
22.109,-4.62
22.125,-6.24
22.140,-7.15
22.156,-7.77
22.171,-8.65
22.187,-10.24
22.203,-12.61
22.218,-15.47
22.234,-18.46
22.250,-21.25
22.265,-23.83
22.281,-26.39
22.296,-29.09
22.312,-31.84
22.328,-34.19
22.343,-35.41
22.359,-34.89
22.375,-32.34
22.390,-28.14
22.406,-23.13
22.421,-18.29
22.437,-14.28
22.453,-11.24
22.468,-8.78
22.484,-6.25
22.500,-3.19
22.515,0.41
22.531,4.07
22.546,7.11
22.562,9.05
22.578,9.84
22.593,9.89
22.609,9.8
22.625,10.04
22.640,10.65
22.656,11.27
22.671,11.38
22.687,10.71
22.703,9.48
22.718,8.32
22.734,7.88
22.750,8.57
22.765,10.19
22.781,12.0
22.796,13.27
22.812,13.5
22.828,12.81
22.843,11.79
22.859,11.14
22.875,11.23
22.890,11.9
22.906,12.61
22.921,12.69
22.937,11.88
22.953,10.39
22.968,8.75
22.984,7.52
23.000,6.99
23.015,6.93
23.031,6.83
23.046,6.14
23.062,4.63
23.078,2.55
23.093,0.49
23.109,-0.98
23.125,-1.61
23.140,-1.71
23.156,-1.89
23.171,-2.83
23.187,-4.81
23.203,-7.6
23.218,-10.49
23.234,-12.81
23.250,-14.29
23.265,-15.25
23.281,-16.47
23.296,-18.7
23.312,-22.18
23.328,-26.5
23.343,-30.67
23.359,-33.61
23.375,-34.63
23.390,-33.73
23.406,-31.49
23.421,-28.73
23.437,-26.0
23.453,-23.39
23.468,-20.55
23.484,-17.08
23.500,-12.73
23.515,-7.8
23.531,-2.83
23.546,1.52
23.562,4.92
23.578,7.44
23.593,9.49
23.609,11.55
23.625,13.83
23.640,16.14
23.656,18.03
23.671,19.09
23.687,19.21
23.703,18.74
23.718,18.33
23.734,18.55
23.750,19.68
23.765,21.45
23.781,23.22
23.796,24.37
23.812,24.57
23.828,24.03
23.843,23.3
23.859,22.97
23.875,23.34
23.890,24.25
23.906,25.18
23.921,25.54
23.937,25.01
23.953,23.7
23.968,22.04
23.984,20.55
24.000,19.51
24.015,18.82
24.031,18.13
24.046,17.02
24.062,15.35
24.078,13.28
24.093,11.24
24.109,9.64
24.125,8.64
24.140,7.96
24.156,7.03
24.171,5.35
24.187,2.72
24.203,-0.51
24.218,-3.65
24.234,-6.05
24.250,-7.44
24.265,-8.14
24.281,-8.86
24.296,-10.36
24.312,-12.95
24.328,-16.43
24.343,-20.13
24.359,-23.24
24.375,-25.17
24.390,-25.77
24.406,-25.23
24.421,-23.88
24.437,-22.03
24.453,-19.77
24.468,-17.0
24.484,-13.65
24.500,-9.78
24.515,-5.67
24.531,-1.84
24.546,1.28
24.562,3.51
24.578,5.02
24.593,6.3
24.609,7.79
24.625,9.69
24.640,11.76
24.656,13.48
24.671,14.3
24.687,14.02
24.703,12.98
24.718,11.8
24.734,11.21
24.750,11.56
24.765,12.68
24.781,14.0
24.796,14.93
24.812,15.09
24.828,14.63
24.843,14.06
24.859,13.84
24.875,14.15
24.890,14.69
24.906,14.92
24.921,14.32
24.937,12.82
24.953,10.77
24.968,8.89
24.984,7.79
25.000,7.73
25.015,8.4
25.031,9.1
25.046,9.13
25.062,8.17
25.078,6.39
25.093,4.36
25.109,2.73
25.125,1.81
25.140,1.4
25.156,0.93
25.171,-0.21
25.187,-2.26
25.203,-4.85
25.218,-7.26
25.234,-8.88
25.250,-9.41
25.265,-9.23
25.281,-9.08
25.296,-9.62
25.312,-11.14
25.328,-13.4
25.343,-15.78
25.359,-17.8
25.375,-19.37
25.390,-20.88
25.406,-22.96
25.421,-26.01
25.437,-29.83
25.453,-33.58
25.468,-36.12
25.484,-36.57
25.500,-34.69
25.515,-30.98
25.531,-26.43
25.546,-22.05
25.562,-18.38
25.578,-15.34
25.593,-12.44
25.609,-9.17
25.625,-5.42
25.640,-1.48
25.656,2.07
25.671,4.73
25.687,6.38
25.703,7.35
25.718,8.2
25.734,9.39
25.750,10.99
25.765,12.62
25.781,13.72
25.796,13.92
25.812,13.28
25.828,12.29
25.843,11.65
25.859,11.82
25.875,12.79
25.890,14.02
25.906,14.8
25.921,14.63
25.937,13.53
25.953,12.07
25.968,10.95
25.984,10.7
26.000,11.27
26.015,12.15
26.031,12.64
26.046,12.26
26.062,11.02
26.078,9.38
26.093,7.96
26.109,7.19
26.125,7.07
26.140,7.12
26.156,6.73
26.171,5.48
26.187,3.33
26.203,0.76
26.218,-1.59
26.234,-3.15
26.250,-3.73
26.265,-3.7
26.281,-3.67
26.296,-4.26
26.312,-5.69
26.328,-7.72
26.343,-9.8
26.359,-11.43
26.375,-12.41
26.390,-12.96
26.406,-13.62
26.421,-14.84
26.437,-16.77
26.453,-19.16
26.468,-21.59
26.484,-23.73
26.500,-25.54
26.515,-27.27
26.531,-29.16
26.546,-31.19
26.562,-32.95
26.578,-33.76
26.593,-33.03
26.609,-30.52
26.625,-26.6
26.640,-22.04
26.656,-17.68
26.671,-14.02
26.687,-11.15
26.703,-8.64
26.718,-5.94
26.734,-2.69
26.750,1.13
26.765,5.05
26.781,8.47
26.796,10.86
26.812,12.15
26.828,12.62
26.843,12.83
26.859,13.29
26.875,14.17
26.890,15.36
26.906,16.44
26.921,17.09
26.937,17.22
26.953,17.12
26.968,17.17
26.984,17.72
27.000,18.71
27.015,19.69
27.031,20.13
27.046,19.6
27.062,18.11
27.078,16.19
27.093,14.58
27.109,13.88
27.125,14.23
27.140,15.17
27.156,15.93
27.171,15.87
27.187,14.83
27.203,13.27
27.218,11.95
27.234,11.49
27.250,11.97
27.265,12.91
27.281,13.48
27.296,12.95
27.312,11.15
27.328,8.42
27.343,5.45
27.359,2.85
27.375,0.84
27.390,-0.77
27.406,-2.35
27.421,-4.21
27.437,-6.32
27.453,-8.4
27.468,-10.12
27.484,-11.36
27.500,-12.3
27.515,-13.43
27.531,-15.2
27.546,-17.71
27.562,-20.59
27.578,-23.01
27.593,-24.03
27.609,-23.07
27.625,-20.15
27.640,-15.89
27.656,-11.29
27.671,-7.21
27.687,-4.02
27.703,-1.52
27.718,0.85
27.734,3.62
27.750,6.9
27.765,10.28
27.781,13.13
27.796,14.92
27.812,15.56
27.828,15.52
27.843,15.49
27.859,16.04
27.875,17.25
27.890,18.7
27.906,19.68
27.921,19.7
27.937,18.75
27.953,17.35
27.968,16.28
27.984,16.13
28.000,16.92
28.015,18.13
28.031,19.01
28.046,19.03
28.062,18.16
28.078,16.89
28.093,15.86
28.109,15.5
28.125,15.71
28.140,16.03
28.156,15.85
28.171,14.83
28.187,13.09
28.203,11.1
28.218,9.42
28.234,8.37
28.250,7.87
28.265,7.44
28.281,6.47
28.296,4.61
28.312,1.91
28.328,-1.18
28.343,-4.0
28.359,-6.09
28.375,-7.46
28.390,-8.51
28.406,-9.8
28.421,-11.68
28.437,-14.1
28.453,-16.61
28.468,-18.71
28.484,-20.14
28.500,-21.22
28.515,-22.65
28.531,-25.07
28.546,-28.66
28.562,-32.92
28.578,-36.78
28.593,-39.17
28.609,-39.4
28.625,-37.54
28.640,-34.26
28.656,-30.49
28.671,-26.95
28.687,-23.83
28.703,-20.84
28.718,-17.46
28.734,-13.39
28.750,-8.71
28.765,-3.96
28.781,0.24
28.796,3.43
28.812,5.65
28.828,7.3
28.843,8.94
28.859,10.92
28.875,13.08
28.890,14.97
28.906,15.96
28.921,15.83
28.937,14.77
28.953,13.43
28.968,12.6
28.984,12.78
29.000,13.93
29.015,15.57
29.031,16.99
29.046,17.7
29.062,17.68
29.078,17.31
29.093,17.12
29.109,17.45
29.125,18.16
29.140,18.73
29.156,18.57
29.171,17.39
29.187,15.41
29.203,13.3
29.218,11.72
29.234,11.0
29.250,10.91
29.265,10.76
29.281,9.89
29.296,8.0
29.312,5.45
29.328,2.96
29.343,1.25
29.359,0.58
29.375,0.57
29.390,0.5
29.406,-0.39
29.421,-2.36
29.437,-5.11
29.453,-7.96
29.468,-10.24
29.484,-11.65
29.500,-12.45
29.515,-13.28
29.531,-14.8
29.546,-17.36
29.562,-20.79
29.578,-24.53
29.593,-27.93
29.609,-30.55
29.625,-32.32
29.640,-33.45
29.656,-34.1
29.671,-34.26
29.687,-33.56
29.703,-31.57
29.718,-28.1
29.734,-23.39
29.750,-18.17
29.765,-13.37
29.781,-9.64
29.796,-7.13
29.812,-5.44
29.828,-3.85
29.843,-1.75
29.859,1.05
29.875,4.17
29.890,6.97
29.906,8.87
29.921,9.64
29.937,9.53
29.953,9.16
29.968,9.12
29.984,9.67
30.000,10.67
30.015,11.67
30.031,12.2
30.046,12.18
30.062,11.91
30.078,11.92
30.093,12.62
30.109,14.04
30.125,15.68
30.140,16.82
30.156,16.96
30.171,16.03
30.187,14.53
30.203,13.25
30.218,12.76
30.234,13.12
30.250,13.83
30.265,14.14
30.281,13.46
30.296,11.75
30.312,9.47
30.328,7.34
30.343,5.94
30.359,5.39
30.375,5.25
30.390,4.88
30.406,3.81
30.421,1.96
30.437,-0.24
30.453,-2.18
30.468,-3.4
30.484,-3.91
30.500,-4.22
30.515,-5.02
30.531,-6.77
30.546,-9.44
30.562,-12.49
30.578,-15.17
30.593,-17.0
30.609,-17.98
30.625,-18.73
30.640,-20.0
30.656,-22.38
30.671,-25.87
30.687,-29.87
30.703,-33.53
30.718,-36.04
30.734,-37.05
30.750,-36.62
30.765,-35.14
30.781,-32.89
30.796,-30.05
30.812,-26.55
30.828,-22.3
30.843,-17.41
30.859,-12.25
30.875,-7.42
30.890,-3.45
30.906,-0.59
30.921,1.39
30.937,2.96
30.953,4.68
30.968,6.85
30.984,9.33
31.000,11.68
31.015,13.32
31.031,13.99
31.046,13.82
31.062,13.35
31.078,13.22
31.093,13.82
31.109,15.1
31.125,16.59
31.140,17.77
31.156,18.28
31.171,18.18
31.187,17.87
31.203,17.82
31.218,18.28
31.234,19.14
31.250,19.96
31.265,20.19
31.281,19.63
31.296,18.45
31.312,17.15
31.328,16.28
31.343,16.07
31.359,16.3
31.375,16.4
31.390,15.8
31.406,14.21
31.421,11.96
31.437,9.7
31.453,8.12
31.468,7.54
31.484,7.69
31.500,7.89
31.515,7.47
31.531,6.11
31.546,4.04
31.562,1.88
31.578,0.19
31.593,-0.81
31.609,-1.41
31.625,-2.29
31.640,-4.07
31.656,-7.01
31.671,-10.84
31.687,-14.87
31.703,-18.4
31.718,-20.92
31.734,-22.32
31.750,-22.75
31.765,-22.5
31.781,-21.72
31.796,-20.33
31.812,-18.13
31.828,-14.94
31.843,-10.84
31.859,-6.31
31.875,-2.04
31.890,1.32
31.906,3.49
31.921,4.71
31.937,5.6
31.953,6.82
31.968,8.75
31.984,11.22
32.000,13.66
32.015,15.45
32.031,16.29
32.046,16.41
32.062,16.35
32.078,16.66
32.093,17.53
32.109,18.7
32.125,19.65
32.140,19.99
32.156,19.66
32.171,19.06
32.187,18.74
32.203,19.11
32.218,20.13
32.234,21.31
32.250,21.97
32.265,21.58
32.281,20.01
32.296,17.64
32.312,15.15
32.328,13.26
32.343,12.29
32.359,12.1
32.375,12.12
32.390,11.75
32.406,10.68
32.421,9.02
32.437,7.18
32.453,5.59
32.468,4.48
32.484,3.57
32.500,2.4
32.515,0.56
32.531,-2.02
32.546,-4.88
32.562,-7.41
32.578,-9.11
32.593,-10.01
32.609,-10.56
32.625,-11.46
32.640,-13.16
32.656,-15.69
32.671,-18.61
32.687,-21.32
32.703,-23.44
32.718,-25.05
32.734,-26.66
32.750,-28.84
32.765,-31.86
32.781,-35.33
32.796,-38.35
32.812,-39.92
32.828,-39.36
32.843,-36.64
32.859,-32.4
32.875,-27.64
32.890,-23.24
32.906,-19.62
32.921,-16.6
32.937,-13.62
32.953,-10.23
32.968,-6.36
32.984,-2.38
33.000,1.15
33.015,3.78
33.031,5.5
33.046,6.72
33.062,8.02
33.078,9.81
33.093,12.03
33.109,14.19
33.125,15.67
33.140,16.04
33.156,15.36
33.171,14.21
33.187,13.34
33.203,13.34
33.218,14.33
33.234,15.85
33.250,17.2
33.265,17.78
33.281,17.41
33.296,16.43
33.312,15.47
33.328,15.02
33.343,15.17
33.359,15.51
33.375,15.43
33.390,14.52
33.406,12.76
33.421,10.59
33.437,8.63
33.453,7.36
33.468,6.84
33.484,6.73
33.500,6.49
33.515,5.76
33.531,4.52
33.546,3.15
33.562,2.09
33.578,1.65
33.593,1.75
33.609,1.89
33.625,1.5
33.640,0.17
33.656,-2.14
33.671,-5.04
33.687,-7.92
33.703,-10.26
33.718,-11.9
33.734,-13.02
33.750,-14.11
33.765,-15.56
33.781,-17.51
33.796,-19.79
33.812,-22.05
33.828,-24.01
33.843,-25.64
33.859,-27.19
33.875,-28.95
33.890,-30.95
33.906,-32.86
33.921,-34.0
33.937,-33.69
33.953,-31.56
33.968,-27.83
33.984,-23.22
34.000,-18.65
34.015,-14.83
34.031,-11.92
34.046,-9.58
34.062,-7.24
34.078,-4.48
34.093,-1.2
34.109,2.22
34.125,5.19
34.140,7.27
34.156,8.41
34.171,8.96
34.187,9.45
34.203,10.26
34.218,11.47
34.234,12.77
34.250,13.72
34.265,14.0
34.281,13.71
34.296,13.22
34.312,13.07
34.328,13.55
34.343,14.58
34.359,15.65
34.375,16.15
34.390,15.7
34.406,14.41
34.421,12.78
34.437,11.41
34.453,10.71
34.468,10.64
34.484,10.79
34.500,10.62
34.515,9.82
34.531,8.45
34.546,6.97
34.562,5.87
34.578,5.42
34.593,5.5
34.609,5.7
34.625,5.5
34.640,4.64
34.656,3.19
34.671,1.51
34.687,0.01
34.703,-1.07
34.718,-1.82
34.734,-2.62
34.750,-3.87
34.765,-5.82
34.781,-8.31
34.796,-10.9
34.812,-13.02
34.828,-14.27
34.843,-14.66
34.859,-14.62
34.875,-14.81
34.890,-15.84
34.906,-17.9
34.921,-20.73
34.937,-23.71
34.953,-26.2
34.968,-27.81
34.984,-28.5
35.000,-28.49
35.015,-27.95
35.031,-26.87
35.046,-25.06
35.062,-22.28
35.078,-18.53
35.093,-14.17
35.109,-9.86
35.125,-6.24
35.140,-3.66
35.156,-1.92
35.171,-0.45
35.187,1.37
35.203,3.96
35.218,7.19
35.234,10.5
35.250,13.19
35.265,14.82
35.281,15.48
35.296,15.77
35.312,16.42
35.328,17.96
35.343,20.41
35.359,23.31
35.375,26.07
35.390,28.35
35.406,30.39
35.421,32.8
35.437,36.27
35.453,41.01
35.468,46.64
35.484,52.18
35.500,56.57
35.515,59.1
35.531,59.75
35.546,59.06
35.562,57.8
35.578,56.54
35.593,55.44
35.609,54.19
35.625,52.39
35.640,49.75
35.656,46.37
35.671,42.59
35.687,38.77
35.703,35.01
35.718,31.09
35.734,26.59
35.750,21.12
35.765,14.6
35.781,7.35
35.796,0.1
35.812,-6.28
35.828,-11.01
35.843,-13.6
35.859,-14.04
35.875,-12.71
35.890,-10.38
35.906,-7.87
35.921,-5.89
35.937,-4.74
35.953,-4.35
35.968,-4.37
35.984,-4.37
36.000,-4.04
36.015,-3.21
36.031,-1.76
36.046,0.46
36.062,3.61
36.078,7.66
36.093,12.21
36.109,16.44
36.125,19.39
36.140,20.39
36.156,19.46
36.171,17.31
36.187,15.03
36.203,13.55
36.218,13.16
36.234,13.44
36.250,13.58
36.265,12.8
36.281,10.75
36.296,7.54
36.312,3.4
36.328,-1.48
36.343,-7.14
36.359,-13.67
36.375,-20.92
36.390,-28.36
36.406,-35.21
36.421,-40.91
36.437,-45.52
36.453,-49.82
36.468,-55.06
36.484,-62.28
36.500,-71.79
36.515,-82.83
36.531,-93.72
36.546,-102.52
36.562,-107.77
36.578,-109.04
36.593,-107.05
36.609,-103.38
36.625,-99.9
36.640,-98.08
36.656,-98.39
36.671,-99.88
36.687,-100.37
36.703,-96.96
36.718,-87.06
36.734,-69.39
36.750,-44.69
36.765,-15.59
36.781,14.07
36.796,40.52
36.812,61.14
36.828,74.84
36.843,82.0
36.859,83.74
36.875,81.2
36.890,75.24
36.906,66.48
36.921,55.54
36.937,43.23
36.953,30.61
36.968,18.62
36.984,8.02
37.000,-0.83
37.015,-7.91
37.031,-13.31
37.046,-17.16
37.062,-19.59
37.078,-20.83
37.093,-21.17
37.109,-21.12
37.125,-21.08
37.140,-21.33
37.156,-21.88
37.171,-22.45
37.187,-22.66
37.203,-22.1
37.218,-20.54
37.234,-17.91
37.250,-14.42
37.265,-10.41
37.281,-6.38
37.296,-2.95
37.312,-0.68
37.343,-0.99
37.359,-3.27
37.375,-6.08
37.390,-8.54
37.406,-10.02
37.421,-10.32
37.437,-9.89
37.453,-9.54
37.468,-10.09
37.484,-12.02
37.500,-15.17
37.515,-18.92
37.531,-22.45
37.546,-25.03
37.562,-26.2
37.578,-25.7
37.593,-23.38
37.609,-19.13
37.625,-13.05
37.640,-5.44
37.656,2.95
37.671,11.11
37.687,18.09
37.703,23.29
37.718,26.55
37.734,28.17
37.750,28.65
37.765,28.39
37.781,27.78
37.796,27.13
37.812,26.76
37.828,26.95
37.843,27.78
37.859,29.01
37.875,30.09
37.890,30.35
37.906,29.23
37.921,26.53
37.937,22.42
37.953,17.41
37.968,12.06
37.984,6.77
38.000,1.74
38.015,-2.98
38.031,-7.38
38.046,-11.47
38.062,-15.24
38.078,-18.82
38.093,-22.53
38.109,-26.73
38.125,-31.57
38.140,-36.61
38.156,-40.61
38.171,-41.89
38.187,-38.99
38.203,-31.31
38.218,-19.71
38.234,-6.23
38.250,6.71
38.265,17.19
38.281,24.53
38.296,29.17
38.312,32.17
38.328,34.37
38.343,35.88
38.359,36.16
38.375,34.51
38.390,30.71
38.406,25.34
38.421,19.58
38.437,14.66
38.453,11.37
38.468,9.75
38.484,9.26
38.500,9.14
38.515,8.91
38.531,8.6
38.546,8.53
38.562,9.08
38.578,10.31
38.593,11.82
38.609,12.89
38.625,12.91
38.640,11.6
38.656,9.28
38.671,6.7
38.687,4.6
38.703,3.39
38.718,3.0
38.734,2.92
38.750,2.61
38.765,1.8
38.781,0.7
38.796,-0.18
38.812,-0.24
38.828,0.72
38.843,2.35
38.859,3.95
38.875,4.78
38.890,4.46
38.906,3.24
38.921,1.71
38.937,0.6
38.953,0.27
38.968,0.57
38.984,0.93
39.000,0.75
39.015,-0.31
39.031,-2.07
39.046,-4.01
39.062,-5.67
39.078,-6.85
39.093,-7.85
39.109,-9.26
39.125,-11.51
39.140,-14.54
39.156,-17.8
39.171,-20.27
39.187,-21.04
39.203,-19.7
39.218,-16.51
39.234,-12.27
39.250,-7.97
39.265,-4.32
39.281,-1.41
39.296,1.06
39.312,3.68
39.328,6.77
39.343,10.23
39.359,13.53
39.375,16.06
39.390,17.41
39.406,17.65
39.421,17.29
39.437,16.96
39.453,17.07
39.468,17.54
39.484,17.95
39.500,17.82
39.515,16.91
39.531,15.47
39.546,14.06
39.562,13.28
39.578,13.39
39.593,14.17
39.609,15.0
39.625,15.22
39.640,14.48
39.656,12.95
39.671,11.22
39.687,9.96
39.703,9.61
39.718,10.07
39.734,10.82
39.750,11.21
39.765,10.76
39.781,9.52
39.796,7.91
39.812,6.55
39.828,5.86
39.843,5.89
39.859,6.24
39.875,6.34
39.890,5.8
39.906,4.51
39.921,2.7
39.937,0.74
39.953,-1.07
39.968,-2.71
39.984,-4.36
40.000,-6.23
40.015,-8.4
40.031,-10.64
40.046,-12.6
40.062,-14.01
40.078,-14.9
40.093,-15.62
40.109,-16.81
40.125,-19.0
40.140,-22.31
40.156,-26.28
40.171,-29.99
40.187,-32.45
40.203,-32.99
40.218,-31.55
40.234,-28.65
40.250,-25.09
40.265,-21.54
40.281,-18.31
40.296,-15.3
40.312,-12.21
40.328,-8.77
40.343,-5.06
40.359,-1.38
40.375,1.83
40.390,4.29
40.406,6.08
40.421,7.52
40.437,8.98
40.453,10.67
40.468,12.47
40.484,13.94
40.500,14.6
40.515,14.24
40.531,13.1
40.546,11.81
40.562,11.1
40.578,11.41
40.593,12.66
40.609,14.31
40.625,15.64
40.640,16.17
40.656,15.89
40.671,15.22
40.687,14.79
40.703,14.92
40.718,15.5
40.734,15.96
40.750,15.63
40.765,14.18
40.781,11.84
40.796,9.29
40.812,7.34
40.828,6.48
40.843,6.63
40.859,7.18
40.875,7.41
40.890,6.83
40.906,5.54
40.921,4.02
40.937,2.94
40.953,2.71
40.968,3.18
40.984,3.82
41.000,3.91
41.015,3.03
41.031,1.2
41.046,-1.06
41.062,-3.13
41.078,-4.59
41.093,-5.46
41.109,-6.24
41.125,-7.52
41.140,-9.74
41.156,-12.82
41.171,-16.31
41.187,-19.59
41.203,-22.27
41.218,-24.36
41.234,-26.15
41.250,-28.01
41.265,-29.95
41.281,-31.57
41.296,-32.14
41.312,-31.07
41.328,-28.19
41.343,-23.98
41.359,-19.28
41.375,-14.95
41.390,-11.48
41.406,-8.81
41.421,-6.49
41.437,-3.94
41.453,-0.88
41.468,2.56
41.484,5.89
41.500,8.59
41.515,10.43
41.531,11.56
41.546,12.49
41.562,13.72
41.578,15.53
41.593,17.77
41.609,19.93
41.625,21.48
41.640,22.11
41.656,22.0
41.671,21.67
41.687,21.72
41.703,22.47
41.718,23.75
41.734,24.96
41.750,25.45
41.765,24.85
41.781,23.26
41.796,21.19
41.812,19.24
41.828,17.69
41.843,16.38
41.859,14.77
41.875,12.27
41.890,8.74
41.906,4.6
41.921,0.68
41.937,-2.15
41.953,-3.51
41.968,-3.67
41.984,-3.42
42.000,-3.67
42.015,-4.85
42.031,-6.77
42.046,-8.75
42.062,-10.04
42.078,-10.21
42.093,-9.46
42.109,-8.4
42.125,-7.65
42.140,-7.54
42.156,-7.93
42.171,-8.32
42.187,-8.26
42.203,-7.54
42.218,-6.37
42.234,-5.27
42.250,-4.76
42.265,-5.17
42.281,-6.48
42.296,-8.42
42.312,-10.51
42.328,-12.43
42.343,-14.0
42.359,-15.25
42.375,-16.3
42.390,-17.13
42.406,-17.53
42.421,-17.19
42.437,-15.78
42.453,-13.21
42.468,-9.81
42.484,-6.17
42.500,-2.96
42.515,-0.68
42.531,0.58
42.546,1.07
42.562,1.18
42.578,1.16
42.593,0.96
42.609,0.19
42.625,-1.49
42.640,-4.19
42.656,-7.59
42.671,-10.94
42.687,-13.46
42.703,-14.58
42.718,-14.24
42.734,-12.83
42.750,-10.88
42.765,-8.77
42.781,-6.47
42.796,-3.66
42.812,-0.01
42.828,4.5
42.843,9.41
42.859,13.92
42.875,17.22
42.890,18.89
42.906,19.12
42.921,18.55
42.937,17.96
42.953,17.85
42.968,18.28
42.984,18.79
43.000,18.83
43.015,18.14
43.031,16.84
43.046,15.47
43.062,14.59
43.078,14.55
43.093,15.2
43.109,16.0
43.125,16.31
43.140,15.75
43.156,14.39
43.171,12.69
43.187,11.16
43.203,10.13
43.218,9.44
43.234,8.6
43.250,7.03
43.265,4.52
43.281,1.28
43.296,-2.1
43.312,-5.03
43.328,-7.2
43.343,-8.82
43.359,-10.44
43.375,-12.64
43.390,-15.58
43.406,-18.87
43.421,-21.68
43.437,-23.08
43.453,-22.54
43.468,-20.14
43.484,-16.6
43.500,-12.87
43.515,-9.67
43.531,-7.17
43.546,-5.09
43.562,-2.9
43.578,-0.28
43.593,2.72
43.609,5.68
43.625,8.06
43.640,9.62
43.656,10.47
43.671,11.12
43.687,12.04
43.703,13.45
43.718,15.17
43.734,16.73
43.750,17.65
43.765,17.73
43.781,17.19
43.796,16.53
43.812,16.21
43.828,16.47
43.843,17.13
43.859,17.72
43.875,17.79
43.890,17.11
43.906,15.84
43.921,14.42
43.937,13.28
43.953,12.69
43.968,12.54
43.984,12.46
44.000,12.09
44.015,11.21
44.031,10.03
44.046,8.93
44.062,8.37
44.078,8.53
44.093,9.26
44.109,10.06
44.125,10.32
44.140,9.73
44.156,8.27
44.171,6.37
44.187,4.58
44.203,3.34
44.218,2.72
44.234,2.46
44.250,2.12
44.265,1.31
44.281,-0.03
44.296,-1.7
44.312,-3.34
44.328,-4.66
44.343,-5.64
44.359,-6.56
44.375,-7.77
44.390,-9.5
44.406,-11.67
44.421,-13.94
44.437,-15.9
44.453,-17.3
44.468,-18.14
44.484,-18.66
44.500,-19.08
44.515,-19.36
44.531,-19.15
44.546,-17.9
44.562,-15.21
44.578,-11.1
44.593,-6.08
44.609,-1.04
44.625,3.13
44.640,5.92
44.656,7.38
44.671,8.02
44.687,8.51
44.703,9.4
44.718,10.84
44.734,12.53
44.750,13.93
44.765,14.42
44.781,13.71
44.796,11.79
44.812,8.96
44.828,5.68
44.843,2.35
44.859,-0.81
44.875,-3.65
44.890,-5.98
44.906,-7.51
44.921,-7.81
44.937,-6.64
44.953,-4.04
44.968,-0.48
44.984,3.25
45.000,6.36
45.015,8.39
45.031,9.41
45.046,9.92
45.062,10.42
45.078,11.2
45.093,12.1
45.109,12.65
45.125,12.38
45.140,11.12
45.156,9.12
45.171,6.98
45.187,5.31
45.203,4.37
45.218,3.96
45.234,3.52
45.250,2.45
45.265,0.4
45.281,-2.52
45.296,-5.88
45.312,-9.14
45.328,-11.93
45.343,-14.31
45.359,-16.61
45.375,-19.3
45.390,-22.59
45.406,-26.38
45.421,-30.14
45.437,-33.21
45.453,-35.04
45.468,-35.42
45.484,-34.62
45.500,-33.25
45.515,-32.2
45.531,-32.22
45.546,-33.89
45.562,-37.34
45.578,-42.36
45.593,-48.36
45.609,-54.65
45.625,-60.46
45.640,-65.1
45.656,-68.12
45.671,-69.36
45.687,-68.93
45.703,-67.09
45.718,-64.15
45.734,-60.31
45.750,-55.64
45.765,-50.07
45.781,-43.48
45.796,-35.86
45.812,-27.34
45.828,-18.26
45.843,-9.1
45.859,-0.36
45.875,7.43
45.890,13.96
45.906,19.11
45.921,23.0
45.937,25.85
45.953,28.03
45.968,29.69
45.984,30.84
46.000,31.45
46.015,31.41
46.031,30.81
46.046,29.85
46.062,28.83
46.078,27.89
46.093,27.05
46.109,26.09
46.125,24.75
46.140,22.98
46.156,20.92
46.171,18.97
46.187,17.55
46.203,16.93
46.218,16.99
46.234,17.24
46.250,17.12
46.265,16.18
46.281,14.45
46.296,12.29
46.312,10.28
46.328,8.86
46.343,8.01
46.359,7.31
46.375,6.17
46.390,4.22
46.406,1.62
46.421,-0.99
46.437,-2.89
46.453,-3.64
46.468,-3.38
46.484,-2.77
46.500,-2.67
46.515,-3.57
46.531,-5.43
46.546,-7.67
46.562,-9.58
46.578,-10.72
46.593,-11.2
46.609,-11.58
46.625,-12.59
46.640,-14.68
46.656,-17.78
46.671,-21.31
46.687,-24.38
46.703,-26.17
46.718,-26.29
46.734,-24.87
46.750,-22.38
46.765,-19.4
46.781,-16.33
46.796,-13.19
46.812,-9.91
46.828,-6.39
46.843,-2.84
46.859,0.26
46.875,2.47
46.890,3.62
46.906,4.04
46.921,4.48
46.937,5.75
46.953,8.19
46.968,11.53
46.984,14.96
47.000,17.52
47.015,18.64
47.031,18.34
47.046,17.26
47.062,16.26
47.078,16.06
47.093,16.87
47.109,18.34
47.125,19.84
47.140,20.78
47.156,20.98
47.171,20.66
47.187,20.29
47.203,20.28
47.218,20.7
47.234,21.25
47.250,21.42
47.265,20.83
47.281,19.45
47.296,17.65
47.312,16.0
47.328,14.88
47.343,14.38
47.359,14.13
47.375,13.62
47.390,12.52
47.406,10.84
47.421,8.96
47.437,7.47
47.453,6.7
47.468,6.69
47.484,6.98
47.500,6.94
47.515,6.06
47.531,4.23
47.546,1.79
47.562,-0.63
47.578,-2.44
47.593,-3.41
47.609,-3.81
47.625,-4.3
47.640,-5.58
47.656,-8.01
47.671,-11.39
47.687,-15.02
47.703,-18.03
47.718,-19.78
47.734,-20.08
47.750,-19.29
47.765,-17.92
47.781,-16.37
47.796,-14.68
47.812,-12.53
47.828,-9.59
47.843,-5.85
47.859,-1.72
47.875,2.08
47.890,4.91
47.906,6.61
47.921,7.53
47.937,8.39
47.953,9.83
47.968,12.03
47.984,14.56
48.000,16.71
48.015,17.8
48.031,17.62
48.046,16.55
48.062,15.31
48.078,14.63
48.093,14.85
48.109,15.79
48.125,16.86
48.140,17.49
48.156,17.39
48.171,16.73
48.187,16.05
48.203,15.86
48.218,16.39
48.234,17.41
48.250,18.32
48.265,18.51
48.281,17.73
48.296,16.22
48.312,14.55
48.328,13.35
48.343,12.84
48.359,12.72
48.375,12.37
48.390,11.19
48.406,8.99
48.421,6.18
48.437,3.52
48.453,1.78
48.468,1.25
48.484,1.67
48.500,2.34
48.515,2.54
48.531,1.83
48.546,0.22
48.562,-1.9
48.578,-4.09
48.593,-6.1
48.609,-8.01
48.625,-10.07
48.640,-12.5
48.656,-15.27
48.671,-18.17
48.687,-20.83
48.703,-22.99
48.718,-24.71
48.734,-26.29
48.750,-28.11
48.765,-30.42
48.781,-33.03
48.796,-35.34
48.812,-36.58
48.828,-36.11
48.843,-33.73
48.859,-29.91
48.875,-25.44
48.890,-21.19
48.906,-17.73
48.921,-15.01
48.937,-12.56
48.953,-9.78
48.968,-6.27
48.984,-2.2
49.000,1.84
49.015,5.22
49.031,7.58
49.046,9.02
49.062,10.04
49.078,11.17
49.093,12.64
49.109,14.26
49.125,15.52
49.140,15.96
49.156,15.52
49.171,14.58
49.187,13.8
49.203,13.74
49.218,14.57
49.234,15.97
49.250,17.37
49.265,18.19
49.281,18.14
49.296,17.45
49.312,16.57
49.328,16.02
49.343,16.13
49.359,16.75
49.375,17.42
49.390,17.63
49.406,16.99
49.421,15.57
49.437,13.8
49.453,12.24
49.468,11.29
49.484,10.98
49.500,10.85
49.515,10.29
49.531,8.88
49.546,6.63
49.562,4.03
49.578,1.8
49.593,0.49
49.609,0.14
49.625,0.23
49.640,0.01
49.656,-1.07
49.671,-3.09
49.687,-5.6
49.703,-7.92
49.718,-9.59
49.734,-10.56
49.750,-11.26
49.765,-12.27
49.781,-14.0
49.796,-16.36
49.812,-18.91
49.828,-21.19
49.843,-22.98
49.859,-24.51
49.875,-26.26
49.890,-28.58
49.906,-31.37
49.921,-33.99
49.937,-35.5
49.953,-35.12
49.968,-32.63
49.984,-28.49
50.000,-23.7
50.015,-19.26
50.031,-15.82
50.046,-13.4
50.062,-11.5
50.078,-9.46
50.093,-6.83
50.109,-3.56
50.125,-0.08
50.140,3.02
50.156,5.33
50.171,6.79
50.187,7.74
50.203,8.67
50.218,9.91
50.234,11.39
50.250,12.76
50.265,13.5
50.281,13.37
50.296,12.6
50.312,11.79
50.328,11.6
50.343,12.38
50.359,13.96
50.375,15.64
50.390,16.66
50.406,16.51
50.421,15.25
50.437,13.43
50.453,11.8
50.468,10.93
50.484,10.9
50.500,11.3
50.515,11.48
50.531,10.94
50.546,9.61
50.562,7.93
50.578,6.49
50.593,5.74
50.609,5.66
50.625,5.77
50.640,5.4
50.656,4.18
50.671,2.26
50.687,0.25
50.703,-1.12
50.718,-1.45
50.734,-0.96
50.750,-0.3
50.765,-0.33
50.781,-1.5
50.796,-3.67
50.812,-6.17
50.828,-8.14
50.843,-9.08
50.859,-9.02
50.875,-8.6
50.890,-8.65
50.906,-9.82
50.921,-12.26
50.937,-15.57
50.953,-19.05
50.968,-21.96
50.984,-23.97
51.000,-25.05
51.015,-25.4
51.031,-25.18
51.046,-24.37
51.062,-22.75
51.078,-20.17
51.093,-16.67
51.109,-12.6
51.125,-8.62
51.140,-5.36
51.156,-3.17
51.171,-1.86
51.187,-0.9
51.203,0.5
51.218,2.8
51.234,5.96
51.250,9.43
51.265,12.41
51.281,14.28
51.296,14.84
51.312,14.5
51.328,13.93
51.343,13.79
51.359,14.45
51.375,15.76
51.390,17.28
51.406,18.5
51.421,19.15
51.437,19.29
51.453,19.28
51.468,19.5
51.484,20.17
51.500,21.12
51.515,21.91
51.531,22.08
51.546,21.45
51.562,20.22
51.578,18.91
51.593,18.0
51.609,17.65
51.625,17.59
51.640,17.3
51.656,16.3
51.671,14.54
51.687,12.38
51.703,10.48
51.718,9.37
51.734,9.14
51.750,9.39
51.765,9.44
51.781,8.69
51.796,6.92
51.812,4.46
51.828,1.95
51.843,0.03
51.859,-0.98
51.875,-1.36
51.890,-1.76
51.906,-2.91
51.921,-5.19
51.937,-8.44
51.953,-12.05
51.968,-15.36
51.984,-17.97
52.000,-20.02
52.015,-22.02
52.031,-24.4
52.046,-27.14
52.062,-29.61
52.078,-30.87
52.093,-30.16
52.109,-27.32
52.125,-23.0
52.140,-18.22
52.156,-13.97
52.171,-10.69
52.187,-8.2
52.203,-5.85
52.218,-3.05
52.234,0.38
52.250,4.13
52.265,7.54
52.281,10.02
52.296,11.35
52.312,11.82
52.328,12.01
52.343,12.51
52.359,13.52
52.375,14.78
52.390,15.71
52.406,15.82
52.421,15.06
52.437,13.88
52.453,13.01
52.468,13.05
52.484,14.11
52.500,15.68
52.515,16.95
52.531,17.22
52.546,16.3
52.562,14.6
52.578,12.9
52.593,11.92
52.609,11.9
52.625,12.5
52.640,12.99
52.656,12.75
52.671,11.56
52.687,9.78
52.703,8.14
52.718,7.28
52.734,7.35
52.750,7.96
52.765,8.31
52.781,7.7
52.796,5.96
52.812,3.5
52.828,1.08
52.843,-0.57
52.859,-1.17
52.875,-1.07
52.890,-0.94
52.906,-1.42
52.921,-2.81
52.937,-4.85
52.953,-6.97
52.968,-8.63
52.984,-9.59
53.000,-10.14
53.015,-10.83
53.031,-12.18
53.046,-14.42
53.062,-17.32
53.078,-20.41
53.093,-23.22
53.109,-25.59
53.125,-27.6
53.140,-29.5
53.156,-31.37
53.171,-32.89
53.187,-33.47
53.203,-32.51
53.218,-29.74
53.234,-25.45
53.250,-20.45
53.265,-15.63
53.281,-11.69
53.296,-8.78
53.312,-6.5
53.328,-4.3
53.343,-1.7
53.359,1.37
53.375,4.49
53.390,7.07
53.406,8.6
53.421,9.01
53.437,8.71
53.453,8.4
53.468,8.65
53.484,9.62
53.500,10.95
53.515,11.99
53.531,12.18
53.546,11.37
53.562,9.97
53.578,8.7
53.593,8.23
53.609,8.83
53.625,10.22
53.640,11.75
53.656,12.71
53.671,12.73
53.687,11.95
53.703,10.9
53.718,10.2
53.734,10.17
53.750,10.68
53.765,11.22
53.781,11.24
53.796,10.53
53.812,9.31
53.828,8.12
53.843,7.46
53.859,7.46
53.875,7.72
53.890,7.58
53.906,6.47
53.921,4.31
53.937,1.54
53.953,-1.06
53.968,-2.84
53.984,-3.58
54.000,-3.6
54.015,-3.54
54.031,-3.97
54.046,-5.14
54.062,-6.84
54.078,-8.55
54.093,-9.76
54.109,-10.2
54.125,-10.07
54.140,-9.9
54.156,-10.24
54.171,-11.4
54.187,-13.36
54.203,-15.78
54.218,-18.28
54.234,-20.69
54.250,-23.13
54.265,-25.84
54.281,-28.9
54.296,-32.01
54.312,-34.45
54.328,-35.4
54.343,-34.36
54.359,-31.4
54.375,-27.28
54.390,-22.98
54.406,-19.31
54.421,-16.54
54.437,-14.33
54.453,-12.03
54.468,-9.05
54.484,-5.26
54.500,-1.02
54.515,2.95
54.531,6.03
54.546,7.92
54.562,8.85
54.578,9.35
54.593,10.0
54.609,11.04
54.625,12.32
54.640,13.42
54.656,13.86
54.671,13.53
54.687,12.72
54.703,12.01
54.718,11.9
54.734,12.6
54.750,13.74
54.765,14.67
54.781,14.8
54.796,13.86
54.812,12.22
54.828,10.57
54.843,9.64
54.859,9.79
54.875,10.79
54.890,11.95
54.906,12.53
54.921,12.15
54.937,10.93
54.953,9.45
54.968,8.33
54.984,7.83
55.000,7.74
55.015,7.49
55.031,6.52
55.046,4.66
55.062,2.3
55.078,0.11
55.093,-1.23
55.109,-1.49
55.125,-1.06
55.140,-0.64
55.156,-0.95
55.171,-2.27
55.187,-4.32
55.203,-6.41
55.218,-7.86
55.234,-8.32
55.250,-8.03
55.265,-7.71
55.281,-8.16
55.296,-9.91
55.312,-12.88
55.328,-16.5
55.343,-20.0
55.359,-22.75
55.375,-24.51
55.390,-25.46
55.406,-25.91
55.421,-25.99
55.437,-25.51
55.453,-24.05
55.468,-21.23
55.484,-17.08
55.500,-12.13
55.515,-7.24
55.531,-3.2
55.546,-0.44
55.562,1.27
55.578,2.56
55.593,4.13
55.609,6.42
55.625,9.26
55.640,12.09
55.656,14.19
55.671,15.12
55.687,15.0
55.703,14.46
55.718,14.24
55.734,14.85
55.750,16.24
55.765,17.84
55.781,18.91
55.796,19.05
55.812,18.33
55.828,17.37
55.843,16.85
55.859,17.14
55.875,18.08
55.890,19.05
55.906,19.32
55.921,18.54
55.937,16.88
55.953,14.96
55.968,13.45
55.984,12.69
56.000,12.49
56.015,12.23
56.031,11.25
56.046,9.24
56.062,6.46
56.078,3.63
56.093,1.59
56.109,0.83
56.125,1.27
56.140,2.27
56.156,2.98
56.171,2.79
56.187,1.61
56.203,-0.11
56.218,-1.72
56.234,-2.73
56.250,-3.12
56.265,-3.34
56.281,-4.06
56.296,-5.69
56.312,-8.22
56.328,-11.21
56.343,-14.15
56.359,-16.77
56.375,-19.18
56.390,-21.74
56.406,-24.7
56.421,-27.87
56.437,-30.58
56.453,-31.93
56.468,-31.25
56.484,-28.42
56.500,-24.04
56.515,-19.14
56.531,-14.78
56.546,-11.57
56.562,-9.49
56.578,-7.93
56.593,-6.08
56.609,-3.36
56.625,0.29
56.640,4.36
56.656,8.04
56.671,10.68
56.687,12.06
56.703,12.55
56.718,12.79
56.734,13.37
56.750,14.39
56.765,15.5
56.781,16.11
56.796,15.82
56.812,14.74
56.828,13.45
56.843,12.69
56.859,12.92
56.875,14.01
56.890,15.34
56.906,16.12
56.921,15.92
56.937,14.83
56.953,13.5
56.968,12.67
56.984,12.73
57.000,13.52
57.015,14.39
57.031,14.61
57.046,13.73
57.062,11.93
57.078,9.82
57.093,8.13
57.109,7.38
57.125,7.5
57.140,7.96
57.156,8.04
57.171,7.25
57.187,5.61
57.203,3.6
57.218,1.78
57.234,0.49
57.250,-0.36
57.265,-1.34
57.281,-2.98
57.296,-5.59
57.312,-8.89
57.328,-12.13
57.343,-14.54
57.359,-15.7
57.375,-15.77
57.390,-15.42
57.406,-15.55
57.421,-16.77
57.437,-19.21
57.453,-22.43
57.468,-25.7
57.484,-28.38
57.500,-30.19
57.515,-31.28
57.531,-31.9
57.546,-32.32
57.562,-32.41
57.578,-31.78
57.593,-30.05
57.609,-27.04
57.625,-23.02
57.640,-18.66
57.656,-14.76
57.671,-11.78
57.687,-9.81
57.703,-8.39
57.718,-6.88
57.734,-4.85
57.750,-2.2
57.765,0.67
57.781,3.23
57.796,5.03
57.812,6.04
57.828,6.55
57.843,7.12
57.859,8.1
57.875,9.56
57.890,11.19
57.906,12.5
57.921,13.13
57.937,13.08
57.953,12.71
57.968,12.53
57.984,12.96
58.000,14.07
58.015,15.39
58.031,16.4
58.046,16.58
58.062,15.84
58.078,14.57
58.093,13.36
58.109,12.67
58.125,12.58
58.140,12.8
58.156,12.69
58.171,11.86
58.187,10.21
58.203,8.14
58.218,6.25
58.234,5.01
58.250,4.54
58.265,4.43
58.281,4.13
58.296,3.1
58.312,1.28
58.328,-0.99
58.343,-3.09
58.359,-4.55
58.375,-5.35
58.390,-5.92
58.406,-6.94
58.421,-8.92
58.437,-11.89
58.453,-15.22
58.468,-18.06
58.484,-19.73
58.500,-20.06
58.515,-19.67
58.531,-19.46
58.546,-20.3
58.562,-22.53
58.578,-25.83
58.593,-29.31
58.609,-32.04
58.625,-33.42
58.640,-33.34
58.656,-32.21
58.671,-30.49
58.687,-28.5
58.703,-26.1
58.718,-23.04
58.734,-18.99
58.750,-13.96
58.765,-8.42
58.781,-3.11
58.796,1.23
58.812,4.32
58.828,6.44
58.843,8.36
58.859,10.87
58.875,14.34
58.890,18.52
58.906,22.6
58.921,25.7
58.937,27.33
58.953,27.64
58.968,27.34
58.984,27.26
59.000,27.94
59.015,29.33
59.031,30.92
59.046,32.06
59.062,32.37
59.078,31.91
59.093,31.08
59.109,30.24
59.125,29.54
59.140,28.73
59.156,27.34
59.171,25.01
59.187,21.67
59.203,17.76
59.218,13.97
59.234,11.0
59.250,9.14
59.265,8.17
59.281,7.5
59.296,6.43
59.312,4.62
59.328,2.18
59.343,-0.3
59.359,-2.22
59.375,-3.23
59.390,-3.49
59.406,-3.56
59.421,-4.08
59.437,-5.47
59.453,-7.63
59.468,-10.12
59.484,-12.38
59.500,-14.07
59.515,-15.23
59.531,-16.24
59.546,-17.58
59.562,-19.55
59.578,-22.14
59.593,-25.02
59.609,-27.8
59.625,-30.22
59.640,-32.34
59.656,-34.4
59.671,-36.6
59.687,-38.81
59.703,-40.52
59.718,-41.07
59.734,-39.86
59.750,-36.8
59.765,-32.33
59.781,-27.31
59.796,-22.57
59.812,-18.55
59.828,-15.14
59.843,-11.77
59.859,-7.92
59.875,-3.3
59.890,1.77
59.906,6.57
59.921,10.31
59.937,12.54
59.953,13.47
59.968,13.74
59.984,14.14
