timestamp,x,y,z
00.010,-0.076616794,-0.019154198,9.737515
00.033,-0.071828246,-0.023942748,9.744699
00.073,-0.09337672,0.0023942748,9.751882
00.098,-0.09577099,-0.026337024,9.737515
00.132,-0.08619389,-0.009577099,9.7135725
00.173,-0.08858817,-0.0071828244,9.749487
00.198,-0.076616794,-0.021548472,9.720756
00.233,-0.090982445,-0.0047885496,9.742304
00.272,-0.05985687,-0.014365649,9.72315
00.300,-0.098165266,-0.026337024,9.73991
00.334,-0.05985687,-0.047885496,9.725544
00.373,-0.06943397,-0.038308397,9.72315
00.400,-0.10055954,-0.0071828244,9.830893
00.434,-0.071828246,-0.026337024,9.696813
00.472,-0.09577099,-0.045491222,9.711179
00.512,-0.06943397,-0.038308397,9.732727
00.543,-0.08619389,-0.028731298,9.744699
00.573,-0.08140534,-0.03351985,9.711179
00.601,-0.07901107,-0.0023942748,9.735122
00.639,-0.07422252,-0.014365649,9.72315
00.673,-0.083799616,-0.014365649,9.718362
00.712,-0.08619389,-0.021548472,9.73991
00.739,-0.11013664,-0.023942748,9.70639
00.772,-0.07422252,-0.023942748,9.718362
00.812,-0.09577099,-0.028731298,9.725544
00.839,-0.052674048,-0.019154198,9.70639
00.871,-0.102953814,0.0,9.742304
00.911,-0.062251143,-0.019154198,9.732727
00.940,-0.09577099,-0.03351985,9.720756
00.973,-0.07901107,-0.0071828244,9.727939
01.013,-0.07901107,-0.03351985,9.725544
01.040,-0.090982445,-0.031125572,9.732727
01.072,-0.076616794,0.0,9.725544
01.113,-0.06464542,-0.009577099,9.720756
01.139,-0.11013664,-0.045491222,9.720756
01.172,-0.06464542,-0.028731298,9.730332
01.212,-0.08858817,-0.019154198,9.73991
01.239,-0.05506832,0.0023942748,9.711179
01.272,-0.090982445,-0.05506832,9.701602
01.312,-0.06464542,-0.035914123,9.730332
01.351,-0.090982445,-0.026337024,9.718362
01.373,-0.076616794,-0.014365649,9.715967
01.415,-0.09577099,-0.0023942748,9.737515
01.451,-0.0670397,-0.03351985,9.711179
01.480,-0.102953814,-0.019154198,9.754275
01.512,-0.08140534,-0.0071828244,9.759064
01.554,-0.098165266,-0.038308397,9.747093
01.580,-0.07901107,-0.019154198,9.814133
01.612,-0.07901107,-0.06464542,9.715967
01.653,-0.11971374,0.0023942748,9.730332
01.681,-0.05027977,-0.0047885496,9.737515
01.713,-0.12450229,-0.06943397,9.687236
01.752,-0.023942748,-0.031125572,9.699207
01.779,-0.12689656,0.019154198,9.687236
01.813,-0.05506832,-0.05506832,9.77343
01.853,-0.102953814,-0.016759925,9.715967
01.881,-0.08858817,-0.0023942748,9.859624
01.913,-0.05985687,-0.062251143,9.684841
01.954,-0.076616794,-0.045491222,9.718362
01.980,-0.08619389,-0.0023942748,9.701602
02.012,-0.090982445,-0.05027977,9.715967
02.053,-0.09577099,-0.021548472,9.70639
02.079,-0.08619389,0.019154198,9.7135725
02.113,-0.076616794,-0.023942748,9.77343
02.153,-0.08858817,-0.04070267,9.794978
02.181,-0.05985687,-0.009577099,9.771035
02.215,-0.090982445,-0.019154198,9.675264
02.252,-0.076616794,-0.035914123,9.6896305
02.280,-0.10055954,-0.011971374,9.763853
02.315,-0.05985687,-0.0023942748,9.747093
02.354,-0.08619389,-0.038308397,9.737515
02.381,-0.076616794,-0.016759925,9.720756
02.419,-0.09577099,-0.019154198,9.744699
02.454,-0.052674048,-0.031125572,9.715967
02.485,-0.098165266,-0.014365649,9.715967
02.520,-0.071828246,0.021548472,9.749487
02.552,-0.08858817,-0.05027977,9.747093
02.593,-0.052674048,-0.023942748,9.699207
02.620,-0.11253092,-0.03351985,9.80695
02.652,-0.102953814,-0.023942748,9.665688
02.693,-0.08619389,-0.043096945,9.730332
02.719,-0.08858817,-0.019154198,9.694419
02.753,-0.083799616,-0.019154198,9.73991
02.793,-0.083799616,-0.023942748,9.732727
02.820,-0.071828246,-0.019154198,9.73991
02.854,-0.10055954,-0.03351985,9.694419
02.894,-0.083799616,-0.05506832,9.711179
02.921,-0.08858817,0.0071828244,9.725544
02.954,-0.083799616,-0.035914123,9.727939
02.995,-0.071828246,-0.03351985,9.73991
03.033,-0.105348095,-0.016759925,9.811738
03.060,-0.07422252,-0.021548472,9.730332
03.093,-0.076616794,-0.04070267,9.730332
03.133,-0.06464542,-0.016759925,9.7135725
03.160,-0.09337672,-0.011971374,9.730332
03.192,-0.08619389,-0.031125572,9.730332
03.234,-0.10055954,-0.026337024,9.727939
03.260,-0.07901107,-0.014365649,9.732727
03.295,-0.083799616,-0.028731298,9.720756
03.333,-0.08858817,-0.028731298,9.725544
03.360,-0.07901107,-0.026337024,9.718362
03.393,-0.076616794,-0.04070267,9.727939
03.435,-0.083799616,-0.026337024,9.732727
03.459,-0.090982445,-0.014365649,9.730332
03.492,-0.0670397,-0.019154198,9.7135725
03.533,-0.105348095,-0.021548472,9.727939
03.560,-0.06464542,-0.023942748,9.73991
03.594,-0.08619389,-0.026337024,9.72315
03.634,-0.07901107,-0.026337024,9.720756
03.660,-0.083799616,-0.021548472,9.727939
03.693,-0.07901107,-0.014365649,9.725544
03.733,-0.098165266,-0.019154198,9.7135725
03.760,-0.07422252,-0.019154198,9.715967
03.792,-0.090982445,-0.016759925,9.732727
03.834,-0.07901107,-0.019154198,9.711179
03.860,-0.076616794,-0.028731298,9.715967
03.893,-0.071828246,-0.026337024,9.73991
03.935,-0.083799616,-0.04070267,9.727939
03.974,-0.076616794,-0.03351985,9.727939
04.000,-0.076616794,-0.035914123,9.732727
04.033,-0.09337672,-0.031125572,9.720756
04.073,-0.083799616,-0.035914123,9.72315
04.100,-0.08140534,-0.021548472,9.718362
04.133,-0.0670397,-0.028731298,9.727939
04.172,-0.07422252,-0.019154198,9.718362
04.201,-0.07901107,-0.021548472,9.72315
04.234,-0.08619389,-0.019154198,9.72315
04.272,-0.07901107,-0.026337024,9.730332
04.300,-0.076616794,-0.026337024,9.730332
04.333,-0.08140534,-0.021548472,9.725544
04.374,-0.09337672,-0.009577099,9.72315
04.399,-0.08619389,-0.009577099,9.730332
04.433,-0.098165266,-0.023942748,9.742304
04.473,-0.0670397,-0.016759925,9.715967
04.499,-0.105348095,-0.031125572,9.718362
04.533,-0.08858817,-0.021548472,9.720756
04.573,-0.06943397,-0.016759925,9.727939
04.601,-0.08858817,-0.009577099,9.730332
04.633,-0.06943397,-0.031125572,9.708784
04.673,-0.08619389,-0.016759925,9.72315
04.700,-0.07422252,-0.031125572,9.744699
04.734,-0.083799616,-0.03351985,9.742304
04.773,-0.08619389,-0.014365649,9.720756
04.800,-0.07422252,-0.028731298,9.720756
04.836,-0.0670397,-0.011971374,9.732727
04.873,-0.09337672,-0.011971374,9.720756
04.922,-0.08140534,-0.016759925,9.7135725
04.940,-0.10055954,-0.0071828244,9.720756
04.973,-0.08858817,-0.031125572,9.718362
05.013,-0.08140534,-0.045491222,9.730332
05.040,-0.07901107,-0.016759925,9.720756
05.072,-0.09577099,-0.026337024,9.737515
05.112,-0.07901107,-0.028731298,9.72315
05.140,-0.071828246,-0.026337024,9.725544
05.173,-0.098165266,-0.011971374,9.715967
05.213,-0.08619389,-0.04070267,9.725544
05.240,-0.08858817,-0.031125572,9.73991
05.274,-0.090982445,-0.011971374,9.730332
05.314,-0.08140534,-0.019154198,9.72315
05.340,-0.09577099,-0.038308397,9.727939
05.374,-0.10055954,-0.0023942748,9.730332
05.412,-0.10055954,-0.023942748,9.727939
05.440,-0.07901107,-0.03351985,9.718362
05.472,-0.102953814,-0.016759925,9.73991
05.522,-0.07422252,-0.03351985,9.718362
05.540,-0.090982445,-0.0047885496,9.725544
05.573,-0.076616794,-0.009577099,9.730332
05.612,-0.090982445,-0.016759925,9.725544
05.652,-0.090982445,-0.03351985,9.732727
05.680,-0.083799616,-0.028731298,9.727939
05.713,-0.08140534,-0.016759925,9.720756
05.754,-0.07901107,-0.011971374,9.732727
05.780,-0.083799616,-0.031125572,9.730332
05.813,-0.08858817,-0.014365649,9.73991
05.854,-0.083799616,-0.014365649,9.720756
05.879,-0.06943397,-0.026337024,9.715967
05.914,-0.083799616,-0.035914123,9.720756
05.953,-0.09577099,-0.014365649,9.737515
05.980,-0.08619389,-0.031125572,9.72315
06.015,-0.08140534,-0.03351985,9.727939
06.052,-0.09577099,-0.021548472,9.72315
06.081,-0.08858817,-0.019154198,9.727939
06.115,-0.083799616,-0.009577099,9.720756
06.152,-0.083799616,-0.028731298,9.742304
06.180,-0.10055954,-0.011971374,9.727939
06.214,-0.07901107,-0.014365649,9.730332
06.254,-0.08858817,-0.031125572,9.711179
06.280,-0.08858817,-0.031125572,9.720756
06.314,-0.07422252,-0.0071828244,9.715967
06.353,-0.08140534,-0.035914123,9.727939
06.391,-0.09337672,-0.023942748,9.72315
06.414,-0.071828246,-0.031125572,9.718362
06.452,-0.08858817,-0.019154198,9.730332
06.480,-0.090982445,-0.019154198,9.720756
06.519,-0.08619389,-0.0071828244,9.727939
06.553,-0.07422252,-0.016759925,9.730332
06.594,-0.083799616,-0.028731298,9.715967
06.620,-0.07422252,-0.023942748,9.7135725
06.656,-0.071828246,-0.028731298,9.727939
06.693,-0.098165266,-0.026337024,9.725544
06.719,-0.08619389,-0.014365649,9.732727
06.752,-0.10774237,-0.009577099,9.72315
06.792,-0.08619389,-0.028731298,9.730332
06.819,-0.083799616,-0.026337024,9.725544
06.852,-0.098165266,-0.038308397,9.720756
06.895,-0.083799616,-0.023942748,9.72315
06.919,-0.076616794,-0.014365649,9.735122
06.954,-0.076616794,-0.016759925,9.730332
06.994,-0.083799616,-0.026337024,9.732727
07.020,-0.098165266,-0.011971374,9.732727
07.056,-0.07901107,-0.023942748,9.742304
07.092,-0.07901107,-0.028731298,9.72315
07.121,-0.071828246,-0.026337024,9.727939
07.154,-0.09577099,-0.035914123,9.72315
07.195,-0.08858817,-0.028731298,9.720756
07.222,-0.083799616,-0.031125572,9.730332
07.253,-0.08619389,-0.023942748,9.727939
07.293,-0.083799616,-0.0047885496,9.725544
07.322,-0.083799616,-0.021548472,9.715967
07.356,-0.08140534,-0.031125572,9.720756
07.393,-0.09337672,-0.011971374,9.725544
07.421,-0.071828246,-0.023942748,9.727939
07.461,-0.076616794,-0.014365649,9.715967
07.494,-0.09337672,-0.019154198,9.73991
07.535,-0.090982445,-0.019154198,9.72315
07.561,-0.08858817,-0.028731298,9.72315
07.595,-0.08140534,-0.021548472,9.727939
07.634,-0.076616794,-0.0023942748,9.73991
07.662,-0.08619389,-0.03351985,9.720756
07.695,-0.08619389,-0.026337024,9.732727
07.737,-0.06464542,-0.019154198,9.72315
07.761,-0.08619389,-0.009577099,9.725544
07.795,-0.08140534,-0.03351985,9.715967
07.834,-0.071828246,-0.021548472,9.732727
07.861,-0.07901107,-0.021548472,9.727939
07.894,-0.08140534,-0.0047885496,9.725544
07.935,-0.07901107,-0.031125572,9.730332
07.961,-0.083799616,-0.019154198,9.735122
07.993,-0.08619389,-0.0071828244,9.70639
08.034,-0.10055954,-0.016759925,9.7135725
08.061,-0.090982445,-0.0071828244,9.720756
08.094,-0.071828246,-0.016759925,9.72315
08.135,-0.07901107,-0.023942748,9.727939
08.162,-0.07901107,-0.023942748,9.72315
08.194,-0.09577099,-0.031125572,9.730332
08.234,-0.07422252,-0.016759925,9.735122
08.261,-0.08140534,-0.019154198,9.725544
08.295,-0.090982445,-0.016759925,9.718362
08.334,-0.09577099,-0.031125572,9.732727
08.375,-0.090982445,-0.04070267,9.727939
08.400,-0.083799616,-0.028731298,9.73991
08.436,-0.08140534,-0.011971374,9.7135725
08.474,-0.071828246,-0.026337024,9.72315
08.501,-0.08858817,-0.03351985,9.715967
08.535,-0.083799616,-0.019154198,9.711179
08.575,-0.06943397,-0.016759925,9.720756
08.602,-0.083799616,-0.011971374,9.70639
08.635,-0.083799616,-0.014365649,9.730332
08.676,-0.0670397,-0.023942748,9.718362
08.703,-0.08619389,-0.035914123,9.72315
08.734,-0.06943397,-0.028731298,9.7135725
08.776,-0.07422252,-0.023942748,9.732727
08.801,-0.098165266,-0.026337024,9.725544
08.834,-0.07422252,-0.028731298,9.732727
08.875,-0.08140534,-0.016759925,9.749487
08.901,-0.090982445,-0.03351985,9.727939
08.935,-0.076616794,-0.009577099,9.725544
08.976,-0.09577099,-0.023942748,9.72315
09.001,-0.105348095,-0.0047885496,9.718362
09.034,-0.07901107,-0.023942748,9.72315
09.074,-0.07901107,-0.021548472,9.730332
09.101,-0.08619389,-0.028731298,9.720756
09.141,-0.09577099,-0.016759925,9.742304
09.174,-0.09337672,-0.016759925,9.732727
09.214,-0.090982445,-0.028731298,9.7135725
09.240,-0.076616794,-0.016759925,9.7135725
09.273,-0.08140534,-0.0047885496,9.725544
09.316,-0.09577099,-0.03351985,9.7135725
09.341,-0.08858817,-0.014365649,9.720756
09.374,-0.098165266,-0.031125572,9.725544
09.404,-0.098165266,-0.011971374,9.730332
09.441,-0.076616794,-0.009577099,9.720756
09.474,-0.076616794,-0.009577099,9.73991
09.515,-0.08858817,-0.021548472,9.725544
09.541,-0.08140534,-0.019154198,9.725544
09.574,-0.098165266,0.0,9.725544
09.615,-0.06943397,-0.031125572,9.730332
09.641,-0.09577099,-0.023942748,9.742304
09.673,-0.09577099,-0.019154198,9.720756
09.715,-0.090982445,-0.021548472,9.720756
09.741,-0.090982445,-0.019154198,9.720756
09.777,-0.09337672,-0.03351985,9.720756
09.815,-0.07422252,-0.014365649,9.730332
09.840,-0.10055954,-0.011971374,9.727939
09.876,-0.08619389,-0.026337024,9.732727
09.914,-0.090982445,-0.023942748,9.732727
09.956,-0.071828246,-0.028731298,9.737515
09.982,-0.07422252,-0.0047885496,9.754275
10.016,-0.07422252,-0.019154198,9.732727
10.053,-0.08858817,-0.016759925,9.720756
10.081,-0.090982445,-0.026337024,9.727939
10.114,-0.07901107,-0.019154198,9.725544
10.154,-0.09577099,-0.014365649,9.720756
10.182,-0.098165266,-0.035914123,9.720756
10.213,-0.083799616,-0.028731298,9.744699
10.254,-0.090982445,-0.021548472,9.715967
10.282,-0.07422252,-0.03351985,9.730332
10.315,-0.07901107,-0.019154198,9.735122
10.353,-0.083799616,-0.028731298,9.725544
10.383,-0.08140534,-0.021548472,9.718362
10.415,-0.076616794,-0.014365649,9.730332
10.453,-0.076616794,-0.023942748,9.708784
10.481,-0.105348095,-0.021548472,9.725544
10.513,-0.083799616,-0.035914123,9.720756
10.557,-0.08619389,-0.014365649,9.715967
10.581,-0.083799616,-0.026337024,9.720756
10.615,-0.071828246,-0.016759925,9.732727
10.653,-0.09337672,-0.019154198,9.725544
10.681,-0.0670397,-0.014365649,9.725544
10.715,-0.08858817,-0.021548472,9.727939
10.754,-0.08140534,-0.035914123,9.72315
10.782,-0.071828246,-0.03351985,9.720756
10.820,-0.08140534,-0.023942748,9.7135725
10.855,-0.071828246,-0.026337024,9.725544
10.894,-0.102953814,-0.031125572,9.732727
10.920,-0.083799616,-0.028731298,9.715967
10.954,-0.08619389,-0.016759925,9.727939
10.994,-0.083799616,-0.031125572,9.718362
11.023,-0.083799616,-0.028731298,9.735122
11.054,-0.08619389,-0.023942748,9.730332
11.095,-0.083799616,-0.04070267,9.73991
11.122,-0.076616794,-0.014365649,9.737515
11.155,-0.07422252,-0.016759925,9.73991
11.193,-0.08140534,-0.019154198,9.742304
11.222,-0.08619389,-0.023942748,9.725544
11.255,-0.07901107,-0.03351985,9.730332
11.294,-0.09577099,-0.019154198,9.727939
11.321,-0.0670397,-0.031125572,9.718362
11.355,-0.07901107,-0.038308397,9.718362
11.394,-0.09337672,-0.035914123,9.720756
11.433,-0.08140534,-0.026337024,9.73991
11.454,-0.083799616,-0.014365649,9.732727
11.496,-0.09577099,-0.028731298,9.72315
11.522,-0.090982445,-0.03351985,9.737515
11.554,-0.105348095,-0.038308397,9.735122
11.593,-0.06943397,-0.016759925,9.708784
11.621,-0.08140534,-0.031125572,9.708784
11.662,-0.07422252,-0.011971374,9.727939
11.696,-0.09337672,-0.019154198,9.737515
11.722,-0.08140534,-0.026337024,9.718362
11.760,-0.06943397,-0.038308397,9.715967
11.793,-0.08140534,-0.028731298,9.727939
11.833,-0.098165266,-0.019154198,9.720756
11.860,-0.07901107,-0.028731298,9.727939
11.892,-0.09577099,-0.019154198,9.718362
11.934,-0.071828246,-0.021548472,9.720756
11.961,-0.08858817,-0.023942748,9.72315
11.993,-0.07901107,-0.014365649,9.718362
12.036,-0.08619389,-0.03351985,9.727939
12.061,-0.08858817,-0.023942748,9.718362
12.094,-0.090982445,-0.026337024,9.735122
12.134,-0.06943397,-0.009577099,9.737515
12.162,-0.08619389,-0.019154198,9.72315
12.194,-0.08619389,-0.021548472,9.735122
12.234,-0.076616794,-0.016759925,9.725544
12.260,-0.09337672,-0.03351985,9.725544
12.294,-0.083799616,-0.0023942748,9.711179
12.334,-0.08858817,-0.014365649,9.744699
12.361,-0.102953814,-0.023942748,9.725544
12.396,-0.09577099,-0.023942748,9.732727
12.433,-0.07901107,-0.021548472,9.737515
12.461,-0.0670397,-0.035914123,9.711179
12.501,-0.07422252,-0.035914123,9.744699
12.535,-0.090982445,-0.019154198,9.725544
12.577,-0.08619389,-0.028731298,9.727939
12.600,-0.08858817,-0.021548472,9.732727
12.635,-0.06943397,-0.009577099,9.72315
12.675,-0.10055954,-0.023942748,9.718362
12.701,-0.071828246,-0.026337024,9.730332
12.734,-0.07422252,-0.028731298,9.73991
12.775,-0.071828246,-0.021548472,9.737515
12.801,-0.08619389,-0.021548472,9.735122
12.834,-0.09337672,-0.014365649,9.732727
12.874,-0.098165266,-0.026337024,9.718362
12.900,-0.09577099,-0.028731298,9.737515
12.936,-0.08619389,-0.016759925,9.732727
12.974,-0.090982445,-0.019154198,9.720756
13.001,-0.076616794,-0.03351985,9.715967
13.032,-0.10055954,-0.028731298,9.730332
13.073,-0.08140534,-0.023942748,9.730332
13.101,-0.076616794,-0.04070267,9.730332
13.134,-0.076616794,-0.028731298,9.725544
13.176,-0.07422252,-0.038308397,9.725544
13.202,-0.076616794,-0.014365649,9.727939
13.235,-0.07901107,-0.014365649,9.72315
13.274,-0.090982445,-0.014365649,9.718362
13.301,-0.083799616,-0.021548472,9.711179
13.337,-0.090982445,-0.026337024,9.718362
13.374,-0.083799616,-0.019154198,9.720756
13.414,-0.090982445,-0.021548472,9.744699
13.442,-0.090982445,-0.021548472,9.737515
13.474,-0.06943397,-0.026337024,9.727939
13.514,-0.09337672,-0.0071828244,9.730332
13.540,-0.08619389,-0.009577099,9.72315
13.574,-0.07422252,-0.019154198,9.72315
13.614,-0.076616794,-0.03351985,9.720756
13.641,-0.06943397,-0.011971374,9.718362
13.675,-0.07901107,-0.023942748,9.735122
13.715,-0.090982445,-0.026337024,9.727939
13.741,-0.08619389,-0.011971374,9.720756
13.774,-0.06943397,-0.026337024,9.735122
13.815,-0.09577099,-0.016759925,9.7135725
13.841,-0.08858817,-0.0071828244,9.730332
13.873,-0.083799616,-0.011971374,9.727939
13.914,-0.09577099,-0.031125572,9.732727
13.940,-0.08140534,-0.021548472,9.718362
13.974,-0.06943397,-0.0047885496,9.730332
14.015,-0.08858817,-0.028731298,9.711179
14.041,-0.071828246,-0.026337024,9.72315
14.080,-0.083799616,-0.028731298,9.730332
14.114,-0.08140534,-0.014365649,9.730332
14.141,-0.07422252,-0.019154198,9.725544
14.181,-0.0670397,-0.014365649,9.715967
14.214,-0.098165266,-0.021548472,9.72315
14.254,-0.083799616,-0.04070267,9.725544
14.280,-0.076616794,-0.019154198,9.725544
14.315,-0.08858817,-0.014365649,9.7135725
14.353,-0.09337672,-0.016759925,9.715967
14.381,-0.08619389,-0.011971374,9.735122
14.415,-0.090982445,-0.016759925,9.727939
14.455,-0.08858817,-0.011971374,9.727939
14.481,-0.05985687,-0.021548472,9.72315
14.514,-0.090982445,-0.019154198,9.718362
14.555,-0.10055954,-0.021548472,9.735122
14.581,-0.08619389,-0.026337024,9.735122
14.615,-0.07422252,-0.031125572,9.720756
14.654,-0.08140534,-0.019154198,9.72315
14.681,-0.08619389,-0.0071828244,9.70639
14.717,-0.07901107,-0.026337024,9.735122
14.754,-0.076616794,-0.035914123,9.720756
14.781,-0.07901107,-0.016759925,9.72315
14.817,-0.08140534,-0.023942748,9.715967
14.853,-0.08619389,-0.021548472,9.718362
14.880,-0.08858817,-0.019154198,9.744699
14.915,-0.06943397,-0.031125572,9.727939
14.954,-0.09337672,-0.031125572,9.72315
14.981,-0.08858817,-0.035914123,9.727939
15.020,-0.07422252,-0.026337024,9.732727
15.054,-0.07901107,-0.009577099,9.70639
15.094,-0.098165266,-0.009577099,9.715967
15.121,-0.09337672,-0.019154198,9.730332
15.154,-0.083799616,-0.028731298,9.727939
15.194,-0.08619389,-0.016759925,9.711179
15.221,-0.076616794,-0.019154198,9.720756
15.254,-0.08140534,-0.019154198,9.718362
15.294,-0.08858817,-0.026337024,9.72315
15.320,-0.083799616,-0.026337024,9.730332
15.354,-0.08619389,-0.023942748,9.727939
15.393,-0.08619389,-0.023942748,9.715967
15.421,-0.11013664,-0.011971374,9.715967
15.455,-0.08140534,-0.0047885496,9.727939
15.493,-0.08858817,-0.028731298,9.715967
15.520,-0.08619389,-0.031125572,9.727939
15.553,-0.08140534,-0.021548472,9.732727
15.595,-0.071828246,-0.031125572,9.715967
15.621,-0.102953814,-0.03351985,9.720756
15.654,-0.07901107,-0.026337024,9.720756
15.694,-0.083799616,-0.019154198,9.711179
15.721,-0.10774237,-0.016759925,9.720756
15.754,-0.07901107,-0.014365649,9.72315
15.794,-0.08858817,-0.031125572,9.72315
15.822,-0.08140534,-0.031125572,9.718362
15.861,-0.07422252,-0.016759925,9.699207
15.896,-0.08140534,-0.009577099,9.732727
15.935,-0.090982445,-0.019154198,9.715967
15.961,-0.08858817,-0.026337024,9.718362
15.994,-0.07422252,-0.019154198,9.737515
16.034,-0.08140534,-0.021548472,9.715967
16.060,-0.10055954,-0.019154198,9.730332
16.094,-0.090982445,-0.021548472,9.725544
16.124,-0.10055954,-0.031125572,9.737515
16.161,-0.08140534,-0.021548472,9.727939
16.194,-0.062251143,-0.023942748,9.725544
16.234,-0.076616794,-0.031125572,9.72315
16.260,-0.083799616,-0.019154198,9.715967
16.293,-0.07422252,-0.028731298,9.720756
16.334,-0.090982445,-0.016759925,9.725544
16.361,-0.09577099,-0.023942748,9.715967
16.394,-0.076616794,-0.021548472,9.727939
16.434,-0.10055954,-0.016759925,9.744699
16.461,-0.076616794,-0.021548472,9.711179
16.495,-0.08619389,-0.016759925,9.711179
16.534,-0.090982445,-0.019154198,9.730332
16.562,-0.08858817,-0.0071828244,9.7135725
16.594,-0.08858817,-0.016759925,9.718362
16.634,-0.07901107,-0.021548472,9.72315
16.673,-0.076616794,-0.014365649,9.732727
16.700,-0.076616794,-0.023942748,9.718362
16.734,-0.07901107,-0.038308397,9.718362
16.774,-0.08140534,-0.035914123,9.718362
16.801,-0.076616794,-0.0071828244,9.715967
16.834,-0.08858817,-0.021548472,9.730332
16.873,-0.071828246,-0.03351985,9.718362
16.903,-0.08140534,-0.028731298,9.70639
16.933,-0.08140534,-0.026337024,9.72315
16.973,-0.083799616,-0.0047885496,9.72315
17.001,-0.08619389,-0.011971374,9.732727
17.034,-0.090982445,-0.011971374,9.718362
17.076,-0.083799616,-0.031125572,9.7135725
17.100,-0.102953814,-0.014365649,9.730332
17.135,-0.08858817,-0.023942748,9.730332
17.174,-0.09577099,-0.031125572,9.72315
17.201,-0.08140534,-0.026337024,9.715967
17.233,-0.105348095,-0.021548472,9.737515
17.274,-0.090982445,-0.023942748,9.727939
17.301,-0.090982445,-0.035914123,9.7135725
17.334,-0.09337672,-0.031125572,9.718362
17.375,-0.06943397,-0.023942748,9.732727
17.400,-0.090982445,-0.023942748,9.730332
17.435,-0.09337672,-0.031125572,9.720756
17.474,-0.09577099,-0.023942748,9.737515
17.514,-0.083799616,-0.026337024,9.737515
17.541,-0.098165266,-0.028731298,9.735122
17.574,-0.09577099,-0.028731298,9.727939
17.616,-0.08858817,-0.03351985,9.730332
17.641,-0.08140534,-0.009577099,9.727939
17.673,-0.083799616,-0.016759925,9.708784
17.714,-0.05506832,-0.035914123,9.732727
17.740,-0.08619389,-0.014365649,9.732727
17.773,-0.102953814,-0.03351985,9.737515
17.813,-0.07901107,-0.019154198,9.720756
17.841,-0.08619389,-0.011971374,9.718362
17.873,-0.10774237,-0.026337024,9.737515
17.914,-0.08140534,-0.009577099,9.725544
17.942,-0.08140534,-0.045491222,9.732727
17.977,-0.08140534,-0.011971374,9.725544
18.014,-0.07901107,-0.026337024,9.725544
18.040,-0.09337672,-0.03351985,9.703996
18.073,-0.0670397,-0.019154198,9.725544
18.114,-0.102953814,-0.028731298,9.715967
18.142,-0.07901107,-0.026337024,9.718362
18.174,-0.07901107,-0.016759925,9.711179
18.214,-0.090982445,-0.023942748,9.727939
18.241,-0.076616794,-0.028731298,9.735122
18.280,-0.06464542,-0.026337024,9.727939
18.315,-0.098165266,-0.0071828244,9.72315
18.342,-0.08858817,-0.026337024,9.72315
18.381,-0.08140534,-0.031125572,9.730332
18.414,-0.105348095,-0.016759925,9.720756
18.453,-0.08619389,-0.011971374,9.720756
18.480,-0.08619389,-0.011971374,9.735122
18.516,-0.08619389,-0.031125572,9.727939
18.554,-0.06464542,-0.014365649,9.715967
18.580,-0.071828246,-0.043096945,9.732727
18.616,-0.07422252,-0.014365649,9.737515
18.656,-0.09577099,-0.026337024,9.715967
18.681,-0.090982445,-0.014365649,9.703996
18.715,-0.090982445,-0.016759925,9.732727
18.754,-0.08140534,-0.016759925,9.708784
18.780,-0.08140534,-0.014365649,9.718362
18.815,-0.07901107,-0.019154198,9.711179
18.853,-0.07901107,-0.028731298,9.708784
18.881,-0.071828246,-0.028731298,9.703996
18.915,-0.08140534,-0.03351985,9.730332
18.955,-0.083799616,-0.023942748,9.725544
18.981,-0.08140534,-0.011971374,9.727939
19.014,-0.07901107,-0.014365649,9.7135725
19.054,-0.083799616,-0.028731298,9.727939
19.080,-0.08140534,-0.038308397,9.730332
19.115,-0.076616794,-0.031125572,9.732727
19.153,-0.08140534,-0.028731298,9.735122
19.181,-0.076616794,-0.028731298,9.730332
19.220,-0.076616794,-0.011971374,9.72315
19.254,-0.083799616,-0.023942748,9.715967
19.293,-0.08140534,-0.026337024,9.715967
19.321,-0.08858817,-0.035914123,9.718362
19.354,-0.09577099,-0.03351985,9.725544
19.394,-0.09337672,-0.031125572,9.720756
19.421,-0.083799616,-0.0071828244,9.711179
19.454,-0.08619389,-0.011971374,9.72315
19.493,-0.08858817,-0.009577099,9.730332
19.522,-0.09577099,-0.026337024,9.718362
19.553,-0.08619389,-0.028731298,9.7135725
19.594,-0.09577099,-0.031125572,9.735122
19.620,-0.08619389,-0.028731298,9.711179
19.653,-0.08619389,-0.016759925,9.730332
19.694,-0.10055954,-0.038308397,9.730332
19.721,-0.07422252,-0.009577099,9.70639
19.753,-0.07901107,-0.016759925,9.72315
19.794,-0.07901107,-0.028731298,9.730332
19.821,-0.08140534,-0.035914123,9.708784
19.854,-0.083799616,-0.031125572,9.711179
19.893,-0.08858817,-0.016759925,9.744699
19.921,-0.09577099,-0.016759925,9.715967
19.955,-0.08858817,-0.009577099,9.718362
19.996,-0.08858817,-0.021548472,9.7135725
20.034,-0.09337672,-0.031125572,9.730332
20.060,-0.07901107,-0.019154198,9.7135725
20.096,-0.083799616,-0.019154198,9.718362
20.134,-0.076616794,-0.043096945,9.732727
20.161,-0.08858817,-0.028731298,9.725544
20.194,-0.06943397,-0.016759925,9.73991
20.233,-0.09577099,-0.023942748,9.732727
20.262,-0.10055954,-0.009577099,9.72315
20.295,-0.083799616,-0.031125572,9.720756
20.335,-0.07901107,-0.014365649,9.732727
20.363,-0.07901107,-0.016759925,9.725544
20.394,-0.083799616,-0.011971374,9.715967
20.434,-0.083799616,-0.028731298,9.711179
20.461,-0.09337672,-0.026337024,9.715967
20.495,-0.102953814,-0.035914123,9.720756
20.535,-0.07422252,-0.019154198,9.720756
20.564,-0.06464542,-0.023942748,9.730332
20.595,-0.08858817,-0.011971374,9.725544
20.636,-0.076616794,-0.016759925,9.725544
20.662,-0.10055954,-0.038308397,9.711179
20.695,-0.08858817,-0.021548472,9.720756
20.735,-0.076616794,-0.014365649,9.725544
20.762,-0.08619389,-0.021548472,9.720756
20.794,-0.08140534,-0.023942748,9.730332
20.835,-0.07901107,-0.016759925,9.715967
20.862,-0.0670397,-0.016759925,9.720756
20.895,-0.076616794,-0.016759925,9.742304
20.934,-0.071828246,-0.011971374,9.708784
20.962,-0.08140534,-0.035914123,9.715967
21.002,-0.08140534,-0.014365649,9.732727
21.039,-0.08140534,-0.03351985,9.720756
21.063,-0.08619389,-0.021548472,9.718362
21.101,-0.07422252,-0.028731298,9.72315
21.135,-0.08619389,-0.023942748,9.727939
21.175,-0.076616794,-0.031125572,9.732727
21.202,-0.08619389,-0.021548472,9.727939
21.236,-0.090982445,-0.0071828244,9.725544
21.275,-0.07422252,-0.011971374,9.720756
21.302,-0.08619389,-0.028731298,9.720756
21.335,-0.08858817,0.0023942748,9.708784
21.374,-0.090982445,-0.019154198,9.730332
21.401,-0.09577099,-0.023942748,9.725544
21.435,-0.083799616,-0.026337024,9.72315
21.481,-0.09577099,-0.014365649,9.749487
21.501,-0.083799616,-0.011971374,9.718362
21.534,-0.08619389,-0.038308397,9.720756
21.575,-0.08619389,-0.014365649,9.718362
21.602,-0.08619389,0.0023942748,9.720756
21.635,-0.07901107,-0.023942748,9.708784
21.677,-0.08140534,-0.014365649,9.7135725
21.702,-0.090982445,-0.016759925,9.725544
21.735,-0.08140534,-0.028731298,9.718362
21.776,-0.083799616,-0.028731298,9.708784
21.802,-0.076616794,-0.028731298,9.708784
21.842,-0.08619389,-0.011971374,9.725544
21.875,-0.07901107,-0.026337024,9.725544
21.916,-0.062251143,-0.031125572,9.727939
21.941,-0.098165266,-0.014365649,9.730332
21.975,-0.07422252,-0.016759925,9.72315
22.019,-0.071828246,-0.016759925,9.730332
22.042,-0.090982445,-0.031125572,9.720756
22.074,-0.08140534,-0.031125572,9.720756
22.117,-0.083799616,-0.028731298,9.725544
22.142,-0.08619389,-0.016759925,9.703996
22.175,-0.0670397,-0.0071828244,9.72315
22.216,-0.07422252,-0.019154198,9.725544
22.242,-0.08140534,-0.026337024,9.715967
22.275,-0.06943397,-0.009577099,9.737515
22.315,-0.08619389,-0.019154198,9.718362
22.342,-0.08858817,-0.035914123,9.727939
22.375,-0.08619389,-0.0047885496,9.72315
22.415,-0.07901107,-0.014365649,9.703996
22.442,-0.08619389,-0.014365649,9.715967
22.476,-0.076616794,-0.026337024,9.730332
22.516,-0.083799616,-0.03351985,9.711179
22.543,-0.08619389,0.0023942748,9.730332
22.581,-0.090982445,-0.019154198,9.711179
22.615,-0.083799616,-0.023942748,9.711179
22.642,-0.07901107,-0.011971374,9.73991
22.681,-0.07901107,-0.026337024,9.737515
22.715,-0.09337672,-0.021548472,9.718362
22.755,-0.07901107,-0.028731298,9.732727
22.782,-0.076616794,-0.026337024,9.725544
22.816,-0.06943397,-0.011971374,9.72315
22.855,-0.06943397,-0.0047885496,9.72315
22.881,-0.076616794,-0.011971374,9.715967
22.917,-0.07901107,-0.023942748,9.735122
22.954,-0.09577099,-0.038308397,9.73991
22.982,-0.08619389,-0.021548472,9.727939
23.015,-0.07422252,-0.023942748,9.711179
23.055,-0.090982445,-0.016759925,9.735122
23.081,-0.076616794,-0.028731298,9.727939
23.115,-0.071828246,-0.019154198,9.715967
23.155,-0.083799616,-0.043096945,9.718362
23.181,-0.090982445,-0.014365649,9.715967
23.216,-0.083799616,-0.047885496,9.730332
23.254,-0.08858817,-0.014365649,9.72315
23.282,-0.08619389,-0.014365649,9.720756
23.315,-0.10055954,-0.014365649,9.720756
23.354,-0.08619389,-0.035914123,9.7135725
23.381,-0.098165266,-0.014365649,9.720756
23.416,-0.08140534,-0.0071828244,9.727939
23.456,-0.08140534,-0.016759925,9.732727
23.482,-0.090982445,-0.028731298,9.715967
23.522,-0.08140534,-0.0071828244,9.7135725
23.555,-0.083799616,-0.04070267,9.72315
23.599,-0.07901107,-0.014365649,9.7135725
23.622,-0.076616794,-0.026337024,9.727939
23.655,-0.08140534,-0.009577099,9.708784
23.695,-0.06464542,-0.026337024,9.715967
23.721,-0.08619389,-0.0023942748,9.72315
23.755,-0.08858817,-0.031125572,9.703996
23.795,-0.07422252,-0.016759925,9.708784
23.823,-0.08140534,-0.031125572,9.720756
23.856,-0.07901107,-0.03351985,9.720756
23.894,-0.07901107,-0.009577099,9.727939
23.922,-0.09577099,-0.026337024,9.7135725
23.955,-0.06464542,-0.021548472,9.744699
23.996,-0.08619389,-0.03351985,9.7135725
24.021,-0.098165266,-0.035914123,9.727939
24.054,-0.07422252,-0.021548472,9.727939
24.095,-0.07901107,-0.026337024,9.715967
24.121,-0.09337672,-0.016759925,9.720756
24.154,-0.098165266,-0.031125572,9.711179
24.194,-0.083799616,-0.023942748,9.701602
24.221,-0.07901107,-0.026337024,9.732727
24.255,-0.09577099,-0.016759925,9.72315
24.294,-0.08858817,-0.031125572,9.701602
24.322,-0.083799616,-0.011971374,9.720756
24.363,-0.09577099,-0.019154198,9.7135725
24.395,-0.08619389,-0.011971374,9.715967
24.435,-0.06464542,-0.028731298,9.720756
24.459,-0.07422252,-0.04070267,9.708784
24.495,-0.08619389,-0.019154198,9.715967
24.535,-0.09577099,-0.016759925,9.718362
24.562,-0.083799616,-0.011971374,9.730332
24.596,-0.083799616,-0.019154198,9.72315
24.635,-0.08619389,-0.031125572,9.720756
24.662,-0.09337672,-0.021548472,9.720756
24.695,-0.10055954,-0.009577099,9.701602
24.735,-0.10055954,-0.021548472,9.7135725
24.762,-0.08140534,-0.028731298,9.727939
24.794,-0.0670397,-0.035914123,9.725544
24.835,-0.071828246,-0.014365649,9.725544
24.862,-0.071828246,-0.023942748,9.732727
24.894,-0.071828246,-0.021548472,9.727939
24.936,-0.090982445,-0.026337024,9.737515
24.962,-0.090982445,-0.0071828244,9.718362
24.995,-0.071828246,-0.016759925,9.72315
25.034,-0.07422252,-0.028731298,9.732727
25.063,-0.07901107,-0.021548472,9.72315
25.096,-0.08858817,-0.026337024,9.720756
25.136,-0.08619389,-0.011971374,9.718362
25.176,-0.090982445,-0.016759925,9.718362
25.203,-0.07901107,-0.011971374,9.72315
25.235,-0.083799616,-0.021548472,9.732727
25.275,-0.09337672,-0.019154198,9.735122
25.301,-0.08140534,-0.016759925,9.720756
25.335,-0.083799616,-0.011971374,9.720756
25.375,-0.098165266,-0.019154198,9.7135725
25.402,-0.08858817,-0.021548472,9.70639
25.435,-0.09337672,-0.023942748,9.703996
25.475,-0.07422252,-0.021548472,9.737515
25.502,-0.07901107,-0.016759925,9.735122
25.536,-0.07422252,-0.021548472,9.711179
25.574,-0.090982445,-0.016759925,9.725544
25.601,-0.09337672,-0.016759925,9.720756
25.634,-0.057462595,-0.011971374,9.730332
25.675,-0.083799616,-0.014365649,9.7135725
25.701,-0.083799616,-0.028731298,9.720756
25.734,-0.098165266,-0.023942748,9.735122
25.774,-0.09577099,-0.03351985,9.72315
25.802,-0.083799616,-0.028731298,9.737515
25.835,-0.090982445,-0.016759925,9.727939
25.874,-0.09577099,-0.026337024,9.72315
25.902,-0.08858817,-0.016759925,9.699207
25.935,-0.09337672,-0.014365649,9.720756
25.975,-0.08619389,0.0,9.727939
26.016,-0.07901107,-0.021548472,9.72315
26.041,-0.08858817,-0.019154198,9.732727
26.074,-0.09577099,-0.038308397,9.732727
26.114,-0.06943397,-0.014365649,9.725544
26.141,-0.062251143,-0.019154198,9.737515
26.175,-0.06464542,-0.0023942748,9.718362
26.215,-0.098165266,-0.019154198,9.699207
26.242,-0.083799616,-0.021548472,9.72315
26.275,-0.09337672,-0.026337024,9.725544
26.315,-0.07901107,-0.021548472,9.72315
26.342,-0.07901107,-0.023942748,9.7135725
26.375,-0.07422252,-0.031125572,9.711179
26.416,-0.083799616,-0.031125572,9.737515
26.442,-0.07422252,-0.0071828244,9.718362
26.475,-0.06943397,-0.021548472,9.718362
26.515,-0.06943397,-0.019154198,9.725544
26.542,-0.102953814,-0.0047885496,9.718362
26.575,-0.083799616,-0.023942748,9.720756
26.616,-0.076616794,-0.014365649,9.718362
26.641,-0.07901107,-0.019154198,9.725544
26.675,-0.06464542,-0.031125572,9.72315
26.717,-0.098165266,-0.016759925,9.715967
26.742,-0.105348095,-0.019154198,9.715967
26.777,-0.08619389,-0.035914123,9.727939
26.817,-0.071828246,-0.019154198,9.72315
26.843,-0.09337672,-0.011971374,9.720756
26.881,-0.076616794,-0.023942748,9.732727
26.914,-0.098165266,-0.035914123,9.720756
26.954,-0.071828246,-0.026337024,9.718362
26.981,-0.071828246,-0.031125572,9.727939
27.014,-0.07422252,-0.026337024,9.727939
27.054,-0.08619389,-0.014365649,9.72315
27.080,-0.076616794,-0.011971374,9.70639
27.113,-0.08140534,-0.03351985,9.732727
27.156,-0.090982445,-0.028731298,9.73991
27.182,-0.076616794,-0.023942748,9.711179
27.217,-0.071828246,-0.023942748,9.730332
27.256,-0.08140534,-0.014365649,9.737515
27.283,-0.09577099,-0.03351985,9.725544
27.317,-0.09577099,-0.014365649,9.708784
27.356,-0.08140534,-0.021548472,9.718362
27.384,-0.06464542,-0.023942748,9.718362
27.416,-0.090982445,-0.023942748,9.715967
27.455,-0.083799616,-0.011971374,9.718362
27.482,-0.09577099,-0.0023942748,9.725544
27.517,-0.09577099,-0.023942748,9.72315
27.556,-0.08140534,-0.019154198,9.730332
27.583,-0.08619389,-0.028731298,9.72315
27.615,-0.08140534,-0.028731298,9.73991
27.654,-0.07901107,-0.026337024,9.715967
27.682,-0.071828246,-0.009577099,9.727939
27.722,-0.08140534,-0.016759925,9.715967
27.754,-0.07901107,-0.014365649,9.72315
27.795,-0.08140534,-0.028731298,9.708784
27.822,-0.083799616,-0.014365649,9.715967
27.856,-0.08140534,-0.031125572,9.715967
27.895,-0.08140534,-0.021548472,9.727939
27.917,-0.08140534,-0.021548472,9.7135725
27.955,-0.062251143,-0.038308397,9.711179
27.995,-0.098165266,-0.023942748,9.70639
28.021,-0.08858817,-0.026337024,9.727939
28.055,-0.07422252,-0.0071828244,9.708784
28.094,-0.076616794,-0.023942748,9.696813
28.122,-0.083799616,-0.023942748,9.701602
28.155,-0.09337672,-0.016759925,9.730332
28.195,-0.08140534,-0.028731298,9.727939
28.222,-0.07901107,-0.023942748,9.725544
28.255,-0.090982445,-0.016759925,9.720756
28.293,-0.08858817,-0.028731298,9.725544
28.321,-0.07901107,-0.019154198,9.7135725
28.355,-0.08140534,-0.021548472,9.730332
28.394,-0.098165266,-0.014365649,9.725544
28.422,-0.07422252,-0.0071828244,9.711179
28.456,-0.08140534,-0.014365649,9.718362
28.497,-0.07901107,-0.043096945,9.720756
28.522,-0.08619389,-0.014365649,9.70639
28.561,-0.083799616,-0.023942748,9.725544
28.596,-0.0670397,-0.011971374,9.7135725
28.635,-0.090982445,-0.0023942748,9.737515
28.662,-0.07901107,0.0,9.720756
28.695,-0.08140534,-0.019154198,9.732727
28.735,-0.062251143,-0.016759925,9.727939
28.762,-0.09577099,-0.021548472,9.732727
28.795,-0.09577099,-0.021548472,9.703996
28.835,-0.076616794,-0.026337024,9.720756
28.861,-0.06943397,-0.011971374,9.730332
28.895,-0.08858817,-0.023942748,9.735122
28.934,-0.08140534,-0.035914123,9.715967
28.963,-0.08858817,-0.026337024,9.703996
28.994,-0.071828246,-0.021548472,9.727939
29.035,-0.07422252,-0.03351985,9.735122
29.061,-0.090982445,-0.021548472,9.715967
29.095,-0.09337672,-0.019154198,9.720756
29.136,-0.105348095,-0.028731298,9.730332
29.161,-0.08619389,-0.03351985,9.725544
29.195,-0.090982445,-0.011971374,9.720756
29.234,-0.083799616,-0.028731298,9.725544
29.262,-0.08619389,-0.016759925,9.7135725
29.295,-0.08858817,-0.023942748,9.70639
29.334,-0.09577099,-0.021548472,9.70639
29.362,-0.08858817,-0.028731298,9.715967
29.402,-0.08619389,-0.023942748,9.72315
29.434,-0.083799616,-0.0071828244,9.711179
29.474,-0.071828246,-0.016759925,9.715967
29.497,-0.07422252,-0.028731298,9.718362
29.535,-0.08858817,-0.026337024,9.70639
29.574,-0.076616794,-0.019154198,9.735122
29.602,-0.09337672,-0.016759925,9.742304
29.635,-0.09337672,-0.009577099,9.70639
29.676,-0.08140534,-0.011971374,9.744699
29.701,-0.08858817,-0.0071828244,9.725544
29.735,-0.090982445,-0.009577099,9.730332
29.775,-0.083799616,-0.019154198,9.72315
29.802,-0.07422252,-0.023942748,9.711179
29.835,-0.09337672,-0.023942748,9.708784
29.875,-0.071828246,-0.023942748,9.720756
29.901,-0.07422252,-0.0023942748,9.718362
29.934,-0.090982445,-0.011971374,9.72315
29.975,-0.09577099,-0.011971374,9.720756
30.001,-0.07901107,-0.03351985,9.711179
30.036,-0.076616794,-0.026337024,9.72315
30.074,-0.090982445,-0.0071828244,9.715967
30.102,-0.07901107,-0.021548472,9.72315
30.135,-0.08619389,-0.023942748,9.720756
30.174,-0.071828246,-0.023942748,9.72315
30.217,-0.08858817,-0.028731298,9.720756
30.241,-0.08140534,-0.016759925,9.720756
30.276,-0.07422252,-0.038308397,9.711179
30.316,-0.08858817,-0.021548472,9.715967
30.342,-0.08858817,-0.014365649,9.715967
30.375,-0.08858817,-0.011971374,9.715967
30.418,-0.08140534,0.0023942748,9.735122
30.443,-0.098165266,-0.028731298,9.715967
30.475,-0.071828246,-0.0071828244,9.730332
30.514,-0.102953814,-0.014365649,9.725544
30.542,-0.083799616,-0.016759925,9.732727
30.576,-0.08619389,-0.014365649,9.720756
30.616,-0.083799616,-0.019154198,9.715967
30.643,-0.090982445,-0.019154198,9.720756
30.676,-0.071828246,-0.011971374,9.708784
30.716,-0.098165266,-0.03351985,9.7135725
30.743,-0.08619389,0.0023942748,9.711179
30.775,-0.08858817,-0.028731298,9.718362
30.815,-0.09337672,-0.031125572,9.711179
30.843,-0.08619389,-0.023942748,9.701602
30.875,-0.08140534,-0.03351985,9.730332
30.916,-0.08619389,-0.014365649,9.715967
30.943,-0.09337672,-0.014365649,9.718362
30.976,-0.105348095,-0.05027977,9.718362
31.018,-0.07901107,-0.023942748,9.730332
31.043,-0.0670397,-0.011971374,9.725544
31.077,-0.08140534,-0.023942748,9.730332
31.116,-0.071828246,-0.03351985,9.72315
31.143,-0.08619389,-0.031125572,9.72315
31.182,-0.09337672,-0.021548472,9.725544
31.217,-0.09337672,-0.028731298,9.727939
31.256,-0.08140534,-0.026337024,9.727939
31.283,-0.090982445,-0.023942748,9.725544
31.316,-0.076616794,-0.014365649,9.7135725
31.356,-0.076616794,-0.035914123,9.730332
31.382,-0.09337672,-0.023942748,9.72315
31.416,-0.083799616,-0.028731298,9.730332
31.456,-0.08619389,-0.05027977,9.737515
31.483,-0.08858817,-0.0047885496,9.715967
31.516,-0.07422252,-0.019154198,9.72315
31.556,-0.071828246,-0.014365649,9.715967
31.582,-0.09337672,-0.031125572,9.72315
31.616,-0.07901107,-0.011971374,9.715967
31.657,-0.076616794,-0.023942748,9.727939
31.682,-0.08858817,-0.0071828244,9.72315
31.715,-0.083799616,-0.023942748,9.725544
31.755,-0.071828246,-0.016759925,9.7135725
31.782,-0.083799616,-0.016759925,9.735122
31.816,-0.090982445,-0.019154198,9.708784
31.856,-0.07422252,-0.0071828244,9.72315
31.889,-0.090982445,-0.011971374,9.725544
31.916,-0.08619389,-0.014365649,9.720756
31.957,-0.090982445,-0.014365649,9.718362
31.984,-0.076616794,-0.011971374,9.720756
32.016,-0.090982445,-0.021548472,9.720756
32.055,-0.08140534,-0.019154198,9.708784
32.095,-0.090982445,-0.035914123,9.72315
32.123,-0.083799616,-0.028731298,9.737515
32.156,-0.08140534,-0.031125572,9.727939
32.195,-0.083799616,-0.016759925,9.7135725
32.223,-0.098165266,-0.014365649,9.720756
32.256,-0.10055954,-0.026337024,9.732727
32.295,-0.09337672,-0.021548472,9.730332
32.322,-0.08858817,-0.009577099,9.720756
32.355,-0.102953814,-0.03351985,9.7135725
32.395,-0.09577099,-0.03351985,9.718362
32.424,-0.0670397,0.0023942748,9.718362
32.455,-0.07422252,-0.016759925,9.732727
32.496,-0.083799616,-0.026337024,9.703996
32.524,-0.06464542,-0.016759925,9.72315
32.557,-0.10055954,-0.023942748,9.720756
32.596,-0.07422252,-0.026337024,9.727939
32.623,-0.090982445,-0.0071828244,9.727939
32.655,-0.083799616,-0.021548472,9.727939
32.697,-0.090982445,-0.0023942748,9.72315
32.722,-0.083799616,-0.026337024,9.720756
32.756,-0.06943397,-0.03351985,9.732727
32.794,-0.07901107,-0.026337024,9.727939
32.835,-0.07422252,-0.019154198,9.7135725
32.862,-0.09337672,-0.028731298,9.720756
32.895,-0.076616794,-0.011971374,9.70639
32.935,-0.08140534,-0.031125572,9.7135725
32.962,-0.090982445,-0.026337024,9.720756
32.997,-0.07422252,-0.009577099,9.725544
33.034,-0.10055954,-0.023942748,9.72315
33.062,-0.07422252,-0.009577099,9.72315
33.097,-0.08858817,-0.019154198,9.7135725
33.135,-0.09577099,-0.0071828244,9.727939
33.162,-0.08140534,-0.031125572,9.703996
33.197,-0.090982445,-0.03351985,9.72315
33.235,-0.10055954,-0.011971374,9.7135725
33.262,-0.090982445,-0.026337024,9.732727
33.297,-0.09337672,-0.021548472,9.70639
33.335,-0.09337672,-0.028731298,9.72315
33.362,-0.07422252,-0.026337024,9.711179
33.394,-0.090982445,-0.04070267,9.725544
33.437,-0.06943397,-0.023942748,9.737515
33.462,-0.071828246,-0.014365649,9.70639
33.502,-0.083799616,-0.023942748,9.715967
33.535,-0.083799616,-0.016759925,9.701602
33.562,-0.07901107,-0.04070267,9.718362
33.596,-0.083799616,-0.023942748,9.72315
33.635,-0.09577099,-0.023942748,9.7135725
33.677,-0.08858817,-0.03351985,9.718362
33.705,-0.07901107,-0.026337024,9.715967
33.735,-0.09337672,-0.0071828244,9.725544
33.775,-0.09337672,-0.021548472,9.715967
33.802,-0.076616794,-0.021548472,9.720756
33.838,-0.09337672,0.0,9.720756
33.875,-0.090982445,-0.019154198,9.70639
33.902,-0.083799616,-0.019154198,9.72315
33.935,-0.08140534,-0.011971374,9.725544
33.975,-0.08140534,-0.023942748,9.70639
34.003,-0.08140534,-0.014365649,9.730332
34.035,-0.08858817,-0.023942748,9.727939
34.077,-0.09337672,-0.016759925,9.727939
34.102,-0.07901107,-0.016759925,9.730332
34.138,-0.0670397,-0.023942748,9.72315
34.179,-0.07901107,-0.03351985,9.730332
34.202,-0.06464542,-0.031125572,9.732727
34.235,-0.076616794,-0.016759925,9.718362
34.277,-0.090982445,-0.021548472,9.708784
34.302,-0.071828246,-0.014365649,9.715967
34.336,-0.08858817,-0.021548472,9.730332
34.375,-0.083799616,-0.021548472,9.725544
34.402,-0.09337672,-0.035914123,9.715967
34.439,-0.08619389,-0.031125572,9.725544
34.475,-0.09337672,-0.019154198,9.744699
34.516,-0.06943397,-0.0047885496,9.732727
34.537,-0.08619389,-0.023942748,9.72315
34.576,-0.08619389,-0.019154198,9.725544
34.616,-0.05985687,-0.0071828244,9.720756
34.642,-0.071828246,-0.016759925,9.708784
34.677,-0.07901107,-0.009577099,9.708784
34.716,-0.08619389,-0.021548472,9.715967
34.742,-0.09337672,-0.009577099,9.72315
34.776,-0.09577099,-0.014365649,9.725544
34.816,-0.0670397,-0.016759925,9.703996
34.843,-0.076616794,-0.021548472,9.727939
34.875,-0.09337672,-0.023942748,9.720756
34.916,-0.08140534,-0.019154198,9.725544
34.942,-0.06943397,-0.019154198,9.708784
34.975,-0.08619389,-0.016759925,9.725544
35.015,-0.083799616,-0.021548472,9.711179
35.043,-0.07422252,0.0047885496,9.718362
35.077,-0.076616794,-0.019154198,9.730332
35.116,-0.07422252,-0.031125572,9.727939
35.143,-0.09577099,-0.009577099,9.708784
35.178,-0.07901107,-0.026337024,9.737515
35.216,-0.09337672,-0.028731298,9.730332
35.243,-0.076616794,-0.035914123,9.711179
35.277,-0.098165266,-0.026337024,9.715967
35.315,-0.08140534,-0.038308397,9.715967
35.358,-0.07901107,-0.026337024,9.7135725
35.379,-0.083799616,-0.0023942748,9.718362
35.419,-0.09337672,-0.009577099,9.708784
35.455,-0.083799616,-0.011971374,9.725544
35.482,-0.07422252,-0.019154198,9.725544
35.515,-0.090982445,-0.009577099,9.725544
35.556,-0.07422252,-0.011971374,9.715967
35.582,-0.057462595,-0.009577099,9.725544
35.618,-0.08140534,-0.028731298,9.718362
35.657,-0.076616794,-0.021548472,9.730332
35.683,-0.08140534,-0.031125572,9.727939
35.716,-0.07422252,-0.0071828244,9.711179
35.757,-0.083799616,-0.031125572,9.718362
35.783,-0.090982445,0.0023942748,9.7135725
35.816,-0.08140534,-0.014365649,9.725544
35.855,-0.08619389,-0.028731298,9.730332
35.883,-0.083799616,-0.016759925,9.7135725
35.915,-0.08858817,-0.019154198,9.725544
35.955,-0.083799616,-0.011971374,9.711179
35.983,-0.090982445,-0.019154198,9.718362
36.017,-0.08140534,-0.009577099,9.72315
36.055,-0.09337672,-0.021548472,9.72315
36.083,-0.071828246,-0.021548472,9.737515
36.122,-0.09577099,-0.043096945,9.730332
36.157,-0.08858817,-0.019154198,9.725544
36.195,-0.07901107,-0.023942748,9.708784
36.222,-0.08140534,-0.011971374,9.72315
36.257,-0.090982445,-0.026337024,9.718362
36.296,-0.083799616,-0.014365649,9.725544
36.322,-0.06943397,-0.038308397,9.72315
36.356,-0.08140534,0.0023942748,9.7135725
36.395,-0.07901107,-0.026337024,9.718362
36.422,-0.071828246,-0.028731298,9.725544
36.454,-0.090982445,-0.021548472,9.7135725
36.495,-0.08858817,-0.021548472,9.720756
36.521,-0.07901107,-0.021548472,9.730332
36.555,-0.07422252,-0.019154198,9.711179
36.597,-0.062251143,-0.04070267,9.747093
36.622,-0.10055954,-0.038308397,9.749487
36.655,-0.07422252,-0.028731298,9.615408
36.695,-0.105348095,-0.0047885496,9.763853
36.721,-0.083799616,-0.045491222,9.744699
36.755,-0.11492519,-0.023942748,9.715967
36.795,-0.06464542,-0.014365649,9.735122
36.823,-0.11253092,-0.045491222,9.711179
36.855,-0.076616794,-0.0047885496,9.735122
36.897,-0.09337672,-0.03351985,9.715967
36.922,-0.098165266,-0.031125572,9.703996
36.957,-0.08858817,-0.028731298,9.737515
36.995,-0.05985687,-0.021548472,9.727939
37.023,-0.08858817,-0.028731298,9.720756
37.062,-0.08140534,-0.021548472,9.720756
37.095,-0.098165266,0.0,9.732727
37.137,-0.076616794,-0.016759925,9.730332
37.162,-0.11013664,-0.035914123,9.725544
37.196,-0.07901107,-0.019154198,9.735122
37.236,-0.076616794,-0.011971374,9.725544
37.258,-0.083799616,-0.016759925,9.70639
37.295,-0.071828246,-0.0071828244,9.720756
37.335,-0.07901107,-0.019154198,9.708784
37.362,-0.083799616,-0.019154198,9.720756
37.397,-0.08619389,-0.023942748,9.720756
37.435,-0.07422252,-0.011971374,9.720756
37.462,-0.09337672,-0.0047885496,9.718362
37.497,-0.083799616,-0.026337024,9.725544
37.536,-0.08858817,-0.031125572,9.703996
37.563,-0.08619389,-0.011971374,9.718362
37.596,-0.09337672,-0.028731298,9.7135725
37.634,-0.07901107,-0.014365649,9.727939
37.663,-0.08619389,-0.028731298,9.72315
37.696,-0.08619389,-0.016759925,9.718362
37.737,-0.06943397,-0.011971374,9.730332
37.762,-0.08858817,-0.014365649,9.727939
37.796,-0.105348095,-0.028731298,9.732727
37.836,-0.06464542,-0.026337024,9.732727
37.877,-0.08858817,0.009577099,9.701602
37.903,-0.07901107,-0.016759925,9.70639
37.935,-0.06464542,0.0023942748,9.720756
37.976,-0.06943397,-0.009577099,9.677659
37.997,-0.090982445,-0.016759925,9.715967
38.035,-0.08858817,-0.019154198,9.72315
38.064,-0.105348095,-0.028731298,9.70639
38.102,-0.076616794,-0.011971374,9.711179
38.139,-0.083799616,0.0023942748,9.715967
38.177,-0.08140534,-0.019154198,9.7135725
38.202,-0.08858817,-0.028731298,9.715967
38.236,-0.08619389,-0.028731298,9.725544
38.277,-0.08140534,-0.05506832,9.804555
38.302,-0.09577099,-0.04070267,9.747093
38.335,-0.08140534,-0.019154198,9.703996
38.375,-0.076616794,-0.011971374,9.708784
38.402,-0.098165266,-0.016759925,9.725544
38.435,-0.09337672,-0.021548472,9.727939
38.475,-0.090982445,-0.016759925,9.735122
38.502,-0.083799616,-0.019154198,9.718362
38.537,-0.08858817,-0.028731298,9.7135725
38.574,-0.076616794,-0.028731298,9.725544
38.602,-0.08140534,-0.016759925,9.720756
38.636,-0.07422252,-0.026337024,9.684841
38.676,-0.071828246,-0.043096945,9.648928
38.715,-0.07901107,-0.05027977,9.663293
38.742,-0.052674048,0.014365649,9.672871
38.774,-0.098165266,-0.045491222,9.761458
38.816,-0.08619389,-0.03351985,9.735122
38.842,-0.08140534,-0.016759925,9.754275
38.877,-0.07901107,-0.021548472,9.718362
38.917,-0.090982445,-0.026337024,9.715967
38.942,-0.06464542,-0.021548472,9.72315
38.975,-0.098165266,-0.014365649,9.730332
39.021,-0.06464542,-0.03351985,9.7135725
39.039,-0.07901107,-0.0071828244,9.725544
39.075,-0.07422252,-0.021548472,9.720756
39.117,-0.071828246,-0.023942748,9.708784
39.143,-0.062251143,-0.019154198,9.730332
39.176,-0.07901107,-0.023942748,9.730332
39.220,-0.09337672,-0.016759925,9.72315
39.242,-0.06943397,-0.0071828244,9.730332
39.277,-0.07901107,-0.021548472,9.732727
39.316,-0.09577099,-0.014365649,9.715967
39.343,-0.076616794,-0.023942748,9.730332
39.375,-0.071828246,-0.028731298,9.715967
39.418,-0.090982445,-0.031125572,9.727939
39.443,-0.07422252,-0.011971374,9.72315
39.476,-0.083799616,-0.019154198,9.747093
39.516,-0.07901107,-0.011971374,9.751882
39.543,-0.102953814,-0.028731298,9.735122
39.576,-0.076616794,-0.028731298,9.718362
39.616,-0.07422252,-0.011971374,9.720756
39.657,-0.071828246,-0.019154198,9.718362
39.677,-0.071828246,-0.035914123,9.732727
39.717,-0.08858817,-0.021548472,9.747093
39.756,-0.08858817,-0.028731298,9.711179
39.783,-0.09337672,-0.028731298,9.725544
39.817,-0.083799616,-0.023942748,9.72315
39.856,-0.076616794,-0.009577099,9.732727
39.884,-0.083799616,-0.028731298,9.720756
39.917,-0.09337672,-0.009577099,9.720756
39.956,-0.08619389,-0.026337024,9.72315
39.983,-0.09337672,-0.031125572,9.725544
40.016,-0.07901107,-0.023942748,9.708784
40.057,-0.08858817,-0.019154198,9.720756
40.085,-0.057462595,-0.035914123,9.711179
40.119,-0.08858817,-0.009577099,9.7135725
40.158,-0.090982445,-0.014365649,9.715967
40.185,-0.090982445,-0.019154198,9.72315
40.217,-0.08619389,-0.03351985,9.730332
40.256,-0.08858817,-0.035914123,9.7135725
40.284,-0.09337672,-0.026337024,9.72315
40.316,-0.083799616,-0.021548472,9.725544
40.358,-0.0670397,-0.0047885496,9.718362
40.384,-0.06943397,-0.011971374,9.725544
40.418,-0.0670397,-0.019154198,9.72315
40.457,-0.098165266,-0.016759925,9.727939
40.484,-0.11013664,-0.019154198,9.703996
40.519,-0.0670397,-0.019154198,9.727939
40.560,-0.09577099,-0.014365649,9.696813
40.584,-0.08619389,-0.016759925,9.737515
40.621,-0.102953814,-0.014365649,9.692024
40.659,-0.07422252,-0.031125572,9.7135725
40.697,-0.09337672,-0.0047885496,9.737515
40.724,-0.057462595,-0.035914123,9.718362
40.757,-0.102953814,-0.016759925,9.715967
40.798,-0.076616794,-0.0047885496,9.72315
40.824,-0.10055954,-0.031125572,9.718362
40.858,-0.083799616,-0.04070267,9.718362
40.897,-0.076616794,-0.047885496,9.708784
40.926,-0.07901107,-0.016759925,9.715967
40.957,-0.06943397,-0.031125572,9.72315
40.997,-0.08619389,-0.016759925,9.718362
41.024,-0.08858817,-0.026337024,9.711179
41.057,-0.08858817,-0.021548472,9.72315
41.097,-0.090982445,-0.021548472,9.7135725
41.125,-0.105348095,-0.009577099,9.730332
41.157,-0.07422252,0.0023942748,9.70639
41.198,-0.076616794,-0.023942748,9.718362
41.225,-0.08858817,-0.014365649,9.720756
41.258,-0.083799616,-0.023942748,9.718362
41.297,-0.07422252,-0.021548472,9.72315
41.325,-0.098165266,-0.016759925,9.730332
41.359,-0.07901107,-0.019154198,9.720756
41.398,-0.098165266,-0.031125572,9.718362
41.424,-0.08140534,-0.019154198,9.708784
41.464,-0.09337672,-0.016759925,9.735122
41.498,-0.07901107,-0.009577099,9.70639
41.537,-0.076616794,-0.0047885496,9.715967
41.564,-0.08858817,-0.014365649,9.720756
41.599,-0.09337672,-0.026337024,9.715967
41.640,-0.08858817,-0.009577099,9.715967
41.664,-0.07422252,-0.0047885496,9.7135725
41.698,-0.08858817,-0.028731298,9.725544
41.738,-0.08619389,-0.0047885496,9.761458
41.764,-0.08619389,-0.019154198,9.694419
41.798,-0.08619389,-0.031125572,9.696813
41.838,-0.071828246,-0.014365649,9.70639
41.865,-0.083799616,-0.023942748,9.742304
41.897,-0.07901107,-0.028731298,9.7135725
41.939,-0.083799616,-0.026337024,9.715967
41.965,-0.07901107,-0.014365649,9.711179
42.023,-0.05506832,-0.028731298,9.72315
42.038,-0.090982445,0.0,9.718362
42.063,-0.06464542,-0.009577099,9.711179
42.099,-0.098165266,-0.0047885496,9.730332
42.137,-0.07901107,-0.0071828244,9.72315
42.164,-0.090982445,-0.021548472,9.725544
42.198,-0.07422252,-0.028731298,9.708784
42.240,-0.076616794,-0.016759925,9.711179
42.264,-0.0670397,-0.019154198,9.708784
42.298,-0.090982445,-0.045491222,9.727939
42.338,-0.08619389,-0.019154198,9.703996
42.365,-0.08858817,-0.019154198,9.727939
42.403,-0.07422252,-0.016759925,9.735122
42.437,-0.07422252,0.021548472,9.727939
42.478,-0.0670397,-0.0047885496,9.711179
42.503,-0.10055954,-0.04070267,9.715967
42.537,-0.08619389,-0.0047885496,9.730332
42.578,-0.09337672,-0.0047885496,9.715967
42.605,-0.083799616,-0.026337024,9.72315
42.640,-0.102953814,-0.0071828244,9.725544
42.680,-0.07422252,-0.016759925,9.720756
42.704,-0.083799616,-0.019154198,9.711179
42.737,-0.10055954,-0.0071828244,9.725544
42.778,-0.07901107,-0.019154198,9.715967
42.803,-0.090982445,-0.03351985,9.72315
42.837,-0.06943397,-0.023942748,9.730332
42.877,-0.08858817,-0.014365649,9.735122
42.904,-0.06943397,-0.023942748,9.727939
42.936,-0.08858817,-0.014365649,9.701602
42.978,-0.105348095,-0.011971374,9.720756
43.004,-0.08140534,-0.014365649,9.703996
43.043,-0.08858817,-0.011971374,9.73991
43.077,-0.090982445,-0.019154198,9.732727
43.104,-0.08858817,-0.0047885496,9.692024
43.143,-0.0670397,-0.016759925,9.6896305
43.178,-0.06464542,-0.028731298,9.72315
43.219,-0.098165266,-0.011971374,9.744699
43.244,-0.09337672,-0.031125572,9.730332
43.277,-0.07422252,-0.038308397,9.7135725
43.317,-0.076616794,-0.009577099,9.7135725
43.345,-0.0670397,-0.021548472,9.715967
43.377,-0.09337672,-0.026337024,9.7135725
43.417,-0.06943397,-0.019154198,9.732727
43.445,-0.090982445,-0.014365649,9.677659
43.477,-0.07422252,-0.028731298,9.754275
43.517,-0.102953814,-0.009577099,9.711179
43.544,-0.08619389,-0.019154198,9.70639
43.577,-0.09337672,-0.014365649,9.725544
43.617,-0.08619389,0.0,9.727939
43.645,-0.09337672,-0.026337024,9.720756
43.678,-0.07901107,-0.03351985,9.725544
43.720,-0.08858817,-0.021548472,9.692024
43.743,-0.08858817,-0.016759925,9.725544
43.777,-0.08140534,-0.021548472,9.715967
43.817,-0.08858817,-0.023942748,9.730332
43.844,-0.07422252,-0.016759925,9.70639
43.878,-0.08858817,-0.023942748,9.715967
43.917,-0.08858817,-0.035914123,9.72315
43.945,-0.11013664,-0.011971374,9.720756
43.978,-0.076616794,-0.021548472,9.718362
44.017,-0.06943397,-0.028731298,9.715967
44.045,-0.090982445,0.009577099,9.725544
44.084,-0.071828246,-0.019154198,9.694419
44.119,-0.09577099,-0.038308397,9.787795
44.158,-0.0670397,-0.026337024,9.696813
44.185,-0.07422252,-0.016759925,9.785401
44.217,-0.08140534,-0.0047885496,9.687236
44.258,-0.07901107,-0.031125572,9.737515
44.284,-0.06943397,-0.016759925,9.699207
44.316,-0.09577099,-0.023942748,9.694419
44.357,-0.0670397,-0.035914123,9.665688
44.385,-0.071828246,-0.016759925,9.749487
44.419,-0.08140534,-0.023942748,9.70639
44.457,-0.10055954,-0.028731298,9.737515
44.484,-0.062251143,-0.026337024,9.708784
44.518,-0.09577099,-0.023942748,9.718362
44.557,-0.06943397,-0.0047885496,9.70639
44.584,-0.09337672,-0.016759925,9.735122
44.619,-0.08858817,-0.0047885496,9.730332
44.657,-0.09337672,-0.026337024,9.6896305
44.684,-0.098165266,-0.031125572,9.72315
44.719,-0.083799616,-0.028731298,9.737515
44.757,-0.09337672,-0.052674048,9.715967
44.784,-0.076616794,0.0071828244,9.744699
44.826,-0.08140534,-0.014365649,9.715967
44.859,-0.08140534,-0.019154198,9.732727
44.896,-0.083799616,-0.023942748,9.737515
44.919,-0.057462595,-0.04070267,9.72315
44.958,-0.09577099,-0.028731298,9.715967
44.998,-0.06464542,0.0047885496,9.708784
45.022,-0.08140534,-0.04070267,9.715967
45.056,-0.06943397,-0.045491222,9.694419
45.099,-0.117319465,-0.016759925,9.720756
45.120,-0.090982445,-0.045491222,9.718362
45.158,-0.090982445,-0.043096945,9.703996
45.198,-0.06464542,-0.014365649,9.70639
45.225,-0.11013664,-0.009577099,9.727939
45.259,-0.09577099,-0.035914123,9.708784
45.301,-0.08858817,-0.031125572,9.730332
45.327,-0.08619389,-0.021548472,9.727939
45.358,-0.08140534,-0.028731298,9.715967
45.396,-0.10055954,-0.019154198,9.7135725
45.424,-0.071828246,-0.0071828244,9.747093
45.457,-0.102953814,-0.03351985,9.711179
45.497,-0.083799616,-0.026337024,9.715967
45.524,-0.098165266,-0.014365649,9.737515
45.563,-0.076616794,-0.026337024,9.720756
45.598,-0.08858817,-0.023942748,9.708784
45.625,-0.043096945,0.014365649,9.720756
45.658,-0.105348095,-0.023942748,9.744699
45.698,-0.071828246,-0.057462595,9.75667
45.725,-0.10774237,-0.028731298,9.737515
45.765,-0.076616794,-0.023942748,9.727939
45.797,-0.07422252,-0.026337024,9.6896305
45.828,-0.076616794,-0.023942748,9.696813
45.865,-0.06943397,-0.009577099,9.692024
45.898,-0.09577099,-0.021548472,9.749487
45.937,-0.090982445,-0.014365649,9.725544
45.964,-0.102953814,-0.009577099,9.730332
46.000,-0.06464542,-0.021548472,9.735122
46.038,-0.090982445,-0.026337024,9.715967
46.067,-0.07422252,-0.016759925,9.7135725
46.101,-0.08858817,-0.009577099,9.730332
46.138,-0.08858817,-0.0023942748,9.70639
46.167,-0.076616794,-0.019154198,9.725544
46.200,-0.083799616,-0.009577099,9.701602
46.240,-0.09577099,-0.019154198,9.718362
46.267,-0.071828246,-0.028731298,9.725544
46.300,-0.08858817,-0.011971374,9.718362
46.339,-0.08140534,-0.021548472,9.7135725
46.366,-0.090982445,-0.016759925,9.725544
46.400,-0.0670397,-0.0071828244,9.711179
46.440,-0.102953814,-0.028731298,9.732727
46.466,-0.076616794,-0.019154198,9.715967
46.499,-0.08619389,-0.026337024,9.725544
46.538,-0.083799616,-0.0047885496,9.70639
46.566,-0.08619389,-0.026337024,9.70639
46.599,-0.07901107,-0.021548472,9.70639
46.640,-0.09337672,-0.028731298,9.720756
46.666,-0.083799616,-0.031125572,9.7135725
46.706,-0.08140534,-0.03351985,9.711179
46.739,-0.071828246,-0.023942748,9.715967
46.781,-0.09337672,-0.011971374,9.730332
46.800,-0.08140534,-0.035914123,9.7135725
46.838,-0.076616794,-0.028731298,9.720756
46.879,-0.083799616,-0.0071828244,9.732727
46.902,-0.06943397,-0.021548472,9.720756
46.939,-0.083799616,-0.038308397,9.7135725
46.979,-0.08619389,-0.03351985,9.715967
47.006,-0.09337672,-0.021548472,9.732727
47.040,-0.07422252,-0.035914123,9.730332
47.079,-0.07901107,-0.021548472,9.72315
47.106,-0.076616794,-0.009577099,9.718362
47.139,-0.083799616,-0.023942748,9.732727
47.180,-0.08140534,-0.011971374,9.72315
47.207,-0.09577099,-0.019154198,9.72315
47.239,-0.083799616,-0.019154198,9.730332
47.280,-0.09577099,-0.023942748,9.715967
47.305,-0.08858817,-0.031125572,9.718362
47.340,-0.090982445,-0.028731298,9.715967
47.378,-0.076616794,-0.026337024,9.730332
47.406,-0.08858817,-0.023942748,9.718362
47.439,-0.08858817,-0.019154198,9.725544
47.478,-0.08619389,-0.023942748,9.715967
47.506,-0.083799616,-0.03351985,9.72315
47.540,-0.083799616,-0.026337024,9.727939
47.579,-0.08140534,-0.023942748,9.720756
47.620,-0.06943397,-0.026337024,9.72315
47.641,-0.08619389,-0.028731298,9.72315
47.679,-0.06943397,-0.019154198,9.72315
47.719,-0.090982445,-0.023942748,9.7135725
47.743,-0.076616794,-0.021548472,9.7135725
47.778,-0.08619389,-0.023942748,9.730332
47.821,-0.09577099,-0.028731298,9.711179
47.846,-0.08619389,-0.021548472,9.718362
47.881,-0.07901107,-0.021548472,9.711179
47.924,-0.07422252,-0.023942748,9.730332
47.945,-0.07422252,-0.016759925,9.727939
47.982,-0.098165266,-0.0071828244,9.708784
48.019,-0.08619389,-0.021548472,9.720756
48.047,-0.08619389,-0.016759925,9.7135725
48.078,-0.07901107,-0.011971374,9.701602
48.121,-0.09577099,-0.011971374,9.732727
48.146,-0.07901107,-0.019154198,9.708784
48.182,-0.09337672,-0.023942748,9.72315
48.220,-0.090982445,-0.035914123,9.735122
48.247,-0.08619389,-0.016759925,9.718362
48.279,-0.08858817,0.0023942748,9.708784
48.320,-0.08858817,-0.009577099,9.725544
48.347,-0.08858817,-0.03351985,9.732727
48.383,-0.09337672,-0.03351985,9.725544
48.421,-0.10055954,-0.019154198,9.725544
48.447,-0.08140534,-0.021548472,9.720756
48.481,-0.08619389,-0.014365649,9.72315
48.520,-0.08140534,-0.019154198,9.725544
48.560,-0.08619389,-0.03351985,9.735122
48.582,-0.09337672,-0.0071828244,9.730332
48.620,-0.08858817,-0.0023942748,9.7135725
48.660,-0.07901107,-0.021548472,9.711179
48.687,-0.10055954,-0.0071828244,9.725544
48.721,-0.07422252,-0.016759925,9.718362
48.761,-0.08140534,-0.009577099,9.727939
48.787,-0.071828246,-0.019154198,9.711179
48.821,-0.07901107,-0.016759925,9.725544
48.860,-0.08619389,-0.019154198,9.720756
48.887,-0.0670397,-0.014365649,9.715967
48.921,-0.071828246,-0.009577099,9.72315
48.960,-0.09577099,-0.016759925,9.72315
48.988,-0.08858817,-0.026337024,9.727939
49.020,-0.071828246,-0.03351985,9.725544
49.060,-0.09337672,0.0,9.718362
49.088,-0.10055954,-0.021548472,9.72315
49.122,-0.08858817,-0.014365649,9.720756
49.161,-0.07901107,-0.0047885496,9.718362
49.188,-0.076616794,-0.014365649,9.72315
49.221,-0.09337672,-0.026337024,9.718362
49.262,-0.071828246,-0.026337024,9.72315
49.288,-0.10055954,0.0047885496,9.720756
49.323,-0.076616794,-0.011971374,9.7135725
49.362,-0.083799616,-0.009577099,9.725544
49.389,-0.08140534,-0.014365649,9.720756
49.423,-0.076616794,-0.023942748,9.727939
49.461,-0.090982445,-0.026337024,9.715967
49.489,-0.090982445,-0.0023942748,9.711179
49.529,-0.05985687,-0.011971374,9.720756
49.562,-0.09577099,-0.014365649,9.730332
49.590,-0.07901107,-0.019154198,9.720756
49.623,-0.098165266,-0.03351985,9.711179
49.664,-0.08140534,-0.026337024,9.711179
49.702,-0.08858817,-0.019154198,9.732727
49.730,-0.09337672,-0.011971374,9.720756
49.762,-0.07901107,-0.028731298,9.720756
49.802,-0.083799616,-0.038308397,9.732727
49.829,-0.0670397,-0.038308397,9.720756
49.862,-0.08858817,-0.028731298,9.708784
49.902,-0.090982445,-0.009577099,9.72315
49.929,-0.07901107,-0.011971374,9.715967
49.962,-0.07422252,-0.023942748,9.711179
50.003,-0.090982445,-0.019154198,9.725544
50.029,-0.08140534,-0.026337024,9.720756
50.061,-0.06943397,-0.038308397,9.715967
50.102,-0.06943397,-0.028731298,9.72315
50.129,-0.083799616,-0.011971374,9.718362
50.161,-0.08858817,-0.016759925,9.72315
50.202,-0.08619389,-0.026337024,9.708784
50.229,-0.076616794,-0.021548472,9.725544
50.263,-0.071828246,-0.011971374,9.720756
50.301,-0.083799616,-0.031125572,9.727939
50.329,-0.062251143,-0.03351985,9.711179
50.362,-0.071828246,-0.021548472,9.708784
50.403,-0.076616794,-0.023942748,9.72315
50.429,-0.0670397,-0.014365649,9.720756
50.463,-0.076616794,-0.009577099,9.72315
50.502,-0.08140534,-0.011971374,9.727939
50.542,-0.076616794,-0.028731298,9.711179
50.569,-0.06943397,-0.019154198,9.725544
50.602,-0.090982445,-0.028731298,9.7135725
50.631,-0.105348095,-0.023942748,9.72315
50.669,-0.102953814,-0.016759925,9.73991
50.702,-0.06464542,-0.014365649,9.72315
50.742,-0.07422252,-0.009577099,9.735122
50.768,-0.05985687,-0.028731298,9.715967
50.802,-0.06464542,-0.021548472,9.732727
50.843,-0.090982445,-0.014365649,9.727939
50.869,-0.08858817,-0.026337024,9.708784
50.904,-0.076616794,-0.0071828244,9.725544
50.944,-0.083799616,-0.03351985,9.711179
50.969,-0.07422252,-0.0047885496,9.7135725
51.002,-0.071828246,-0.009577099,9.727939
51.042,-0.08858817,-0.021548472,9.72315
51.069,-0.07901107,-0.0071828244,9.725544
51.103,-0.071828246,-0.021548472,9.725544
51.143,-0.08858817,-0.028731298,9.742304
51.168,-0.08140534,-0.023942748,9.72315
51.203,-0.090982445,-0.014365649,9.737515
51.244,-0.08140534,0.0,9.718362
51.284,-0.08858817,-0.021548472,9.718362
51.303,-0.07901107,-0.014365649,9.718362
51.344,-0.08858817,-0.019154198,9.715967
51.383,-0.09337672,-0.028731298,9.70639
51.409,-0.0670397,-0.009577099,9.72315
51.445,-0.07901107,-0.014365649,9.720756
51.482,-0.08858817,-0.019154198,9.720756
51.509,-0.090982445,-0.021548472,9.7135725
51.542,-0.06943397,-0.0071828244,9.715967
51.583,-0.09337672,-0.009577099,9.727939
51.610,-0.07422252,-0.021548472,9.720756
51.645,-0.08140534,-0.016759925,9.720756
51.684,-0.071828246,-0.03351985,9.718362
51.710,-0.07901107,-0.009577099,9.715967
51.744,-0.07901107,-0.031125572,9.720756
51.783,-0.076616794,-0.023942748,9.715967
51.809,-0.08858817,-0.014365649,9.720756
51.842,-0.08858817,-0.021548472,9.7135725
51.882,-0.07901107,-0.014365649,9.715967
51.909,-0.076616794,-0.028731298,9.708784
51.943,-0.07422252,-0.023942748,9.711179
51.981,-0.08619389,-0.019154198,9.720756
52.008,-0.090982445,-0.011971374,9.708784
52.043,-0.098165266,-0.026337024,9.727939
52.082,-0.10055954,-0.019154198,9.720756
52.121,-0.07422252,-0.021548472,9.708784
52.148,-0.076616794,-0.028731298,9.727939
52.183,-0.09337672,-0.026337024,9.718362
52.223,-0.08140534,-0.028731298,9.735122
52.249,-0.083799616,-0.038308397,9.732727
52.281,-0.09337672,-0.026337024,9.730332
52.322,-0.090982445,-0.0071828244,9.711179
52.349,-0.083799616,-0.016759925,9.718362
52.383,-0.071828246,-0.026337024,9.720756
52.422,-0.08140534,-0.016759925,9.7135725
52.449,-0.098165266,-0.0071828244,9.7135725
52.481,-0.08140534,-0.031125572,9.72315
52.521,-0.08619389,-0.023942748,9.718362
52.549,-0.076616794,-0.021548472,9.732727
52.582,-0.071828246,-0.035914123,9.720756
52.625,-0.08619389,-0.016759925,9.718362
52.648,-0.102953814,-0.016759925,9.720756
52.683,-0.08858817,-0.023942748,9.73991
52.722,-0.07901107,-0.038308397,9.70639
52.749,-0.07422252,-0.023942748,9.72315
52.792,-0.08140534,-0.016759925,9.711179
52.821,-0.08140534,-0.031125572,9.715967
52.849,-0.06943397,-0.028731298,9.718362
52.882,-0.07422252,-0.026337024,9.70639
52.922,-0.09577099,-0.011971374,9.718362
52.950,-0.071828246,-0.009577099,9.718362
52.983,-0.09577099,-0.009577099,9.7135725
53.022,-0.076616794,-0.019154198,9.718362
53.062,-0.09577099,-0.0071828244,9.727939
53.090,-0.076616794,-0.026337024,9.735122
53.123,-0.08858817,-0.0023942748,9.727939
53.162,-0.102953814,-0.023942748,9.715967
53.189,-0.08619389,-0.026337024,9.730332
53.226,-0.10055954,-0.026337024,9.720756
53.265,-0.09577099,-0.014365649,9.730332
53.285,-0.08619389,-0.019154198,9.7135725
53.324,-0.071828246,-0.011971374,9.718362
53.363,-0.08140534,-0.019154198,9.730332
53.390,-0.105348095,-0.016759925,9.720756
53.423,-0.06943397,-0.016759925,9.720756
53.464,-0.071828246,-0.014365649,9.727939
53.491,-0.090982445,-0.011971374,9.720756
53.522,-0.083799616,-0.023942748,9.72315
53.565,-0.08858817,-0.0071828244,9.725544
53.590,-0.083799616,-0.016759925,9.715967
53.623,-0.07901107,-0.011971374,9.730332
53.663,-0.08619389,-0.026337024,9.715967
53.690,-0.083799616,-0.028731298,9.70639
53.724,-0.071828246,-0.014365649,9.730332
53.764,-0.07422252,-0.021548472,9.715967
53.791,-0.09337672,-0.019154198,9.718362
53.824,-0.08140534,-0.023942748,9.7135725
53.863,-0.083799616,-0.011971374,9.720756
53.890,-0.09577099,-0.009577099,9.72315
53.931,-0.062251143,-0.023942748,9.727939
53.963,-0.0670397,-0.014365649,9.715967
54.003,-0.08858817,0.0,9.727939
54.030,-0.062251143,-0.016759925,9.732727
54.063,-0.07901107,-0.014365649,9.70639
54.104,-0.090982445,-0.014365649,9.718362
54.125,-0.09337672,-0.021548472,9.703996
54.163,-0.08140534,-0.009577099,9.735122
54.203,-0.08140534,-0.023942748,9.737515
54.231,-0.08619389,-0.014365649,9.718362
54.263,-0.0670397,-0.016759925,9.7135725
54.303,-0.083799616,-0.009577099,9.718362
54.331,-0.090982445,-0.026337024,9.720756
54.363,-0.07901107,-0.014365649,9.72315
54.403,-0.083799616,-0.021548472,9.718362
54.430,-0.08619389,-0.028731298,9.718362
54.463,-0.09337672,-0.019154198,9.725544
54.503,-0.071828246,-0.014365649,9.742304
54.530,-0.08140534,-0.03351985,9.708784
54.562,-0.090982445,-0.023942748,9.72315
54.604,-0.098165266,-0.028731298,9.737515
54.630,-0.083799616,-0.021548472,9.718362
54.663,-0.090982445,-0.021548472,9.72315
54.705,-0.09337672,-0.0071828244,9.720756
54.730,-0.07901107,-0.03351985,9.7135725
54.770,-0.076616794,-0.011971374,9.732727
54.803,-0.06943397,-0.011971374,9.715967
54.844,-0.098165266,-0.026337024,9.715967
54.864,-0.07901107,-0.023942748,9.732727
54.904,-0.083799616,-0.021548472,9.72315
54.943,-0.08858817,-0.011971374,9.735122
54.970,-0.076616794,-0.023942748,9.725544
55.003,-0.09577099,-0.021548472,9.72315
55.043,-0.102953814,-0.016759925,9.720756
55.071,-0.07422252,-0.028731298,9.72315
55.103,-0.09577099,-0.019154198,9.725544
55.143,-0.08858817,-0.0047885496,9.725544
55.170,-0.098165266,-0.0047885496,9.730332
55.203,-0.08619389,-0.019154198,9.732727
55.245,-0.0670397,-0.023942748,9.725544
55.271,-0.08619389,-0.026337024,9.735122
55.303,-0.083799616,-0.016759925,9.725544
55.344,-0.083799616,-0.021548472,9.715967
55.370,-0.07901107,-0.014365649,9.727939
55.403,-0.076616794,-0.021548472,9.725544
55.443,-0.09577099,-0.014365649,9.7135725
55.470,-0.09337672,-0.03351985,9.732727
55.504,-0.09337672,-0.026337024,9.730332
55.544,-0.076616794,-0.021548472,9.715967
55.570,-0.08858817,-0.016759925,9.72315
55.604,-0.07901107,-0.019154198,9.720756
55.644,-0.05506832,-0.016759925,9.711179
55.671,-0.09577099,-0.028731298,9.708784
55.711,-0.08619389,-0.03351985,9.720756
55.744,-0.08619389,-0.011971374,9.72315
55.783,-0.098165266,-0.011971374,9.70639
55.810,-0.08140534,-0.016759925,9.727939
55.844,-0.071828246,-0.016759925,9.711179
55.884,-0.07901107,-0.019154198,9.715967
55.910,-0.08619389,-0.023942748,9.732727
55.943,-0.090982445,-0.019154198,9.7135725
55.983,-0.11013664,-0.021548472,9.72315
56.010,-0.09577099,-0.035914123,9.718362
56.043,-0.083799616,-0.014365649,9.708784
56.083,-0.09577099,-0.0047885496,9.7135725
56.111,-0.062251143,-0.016759925,9.715967
56.145,-0.071828246,-0.0071828244,9.720756
56.182,-0.08858817,-0.03351985,9.7135725
56.211,-0.08619389,-0.035914123,9.72315
56.245,-0.090982445,-0.0047885496,9.701602
56.284,-0.10055954,-0.019154198,9.742304
56.311,-0.08619389,-0.0071828244,9.725544
56.344,-0.08140534,-0.023942748,9.732727
56.383,-0.08140534,-0.014365649,9.72315
56.411,-0.090982445,-0.009577099,9.701602
56.447,-0.07901107,-0.014365649,9.715967
56.483,-0.07901107,-0.014365649,9.749487
56.511,-0.08619389,-0.019154198,9.730332
56.544,-0.08858817,-0.026337024,9.718362
56.583,-0.08619389,-0.019154198,9.72315
56.624,-0.08619389,-0.019154198,9.708784
56.645,-0.07422252,-0.014365649,9.727939
56.686,-0.08619389,-0.016759925,9.720756
56.724,-0.07901107,-0.011971374,9.715967
56.750,-0.06943397,-0.03351985,9.718362
56.783,-0.083799616,-0.028731298,9.70639
56.824,-0.08140534,-0.016759925,9.720756
56.851,-0.102953814,-0.011971374,9.711179
56.883,-0.07422252,-0.021548472,9.735122
56.922,-0.08140534,-0.021548472,9.720756
56.951,-0.07901107,-0.019154198,9.727939
56.983,-0.07422252,-0.009577099,9.718362
57.015,-0.08619389,-0.016759925,9.715967
57.050,-0.083799616,-0.016759925,9.725544
57.083,-0.08858817,-0.019154198,9.72315
57.123,-0.08140534,-0.014365649,9.725544
57.151,-0.06943397,-0.026337024,9.725544
57.183,-0.076616794,-0.019154198,9.718362
57.225,-0.08619389,-0.016759925,9.725544
57.250,-0.06943397,-0.031125572,9.732727
57.291,-0.076616794,-0.038308397,9.718362
57.323,-0.076616794,-0.031125572,9.718362
57.389,-0.09577099,-0.0023942748,9.732727
57.422,-0.07901107,-0.016759925,9.711179
57.462,-0.08140534,-0.014365649,9.730332
57.490,-0.083799616,-0.021548472,9.742304
57.526,-0.102953814,-0.019154198,9.711179
57.552,-0.10774237,-0.019154198,9.725544
57.590,-0.08858817,-0.019154198,9.725544
57.622,-0.09337672,-0.026337024,9.711179
57.663,-0.09577099,-0.011971374,9.727939
57.689,-0.06943397,-0.009577099,9.711179
57.724,-0.076616794,-0.0023942748,9.727939
57.764,-0.07901107,-0.009577099,9.720756
57.789,-0.07901107,-0.019154198,9.694419
57.822,-0.08619389,-0.023942748,9.711179
57.864,-0.076616794,-0.028731298,9.718362
57.890,-0.071828246,-0.026337024,9.720756
57.922,-0.076616794,-0.031125572,9.720756
57.964,-0.071828246,-0.0047885496,9.732727
57.990,-0.102953814,-0.014365649,9.718362
58.024,-0.08858817,-0.011971374,9.711179
58.062,-0.08619389,-0.026337024,9.727939
58.090,-0.102953814,-0.021548472,9.70639
58.125,-0.076616794,-0.016759925,9.735122
58.163,-0.08858817,-0.026337024,9.708784
58.191,-0.08858817,-0.016759925,9.730332
58.224,-0.08140534,-0.019154198,9.718362
58.265,-0.07901107,-0.03351985,9.708784
58.304,-0.071828246,-0.023942748,9.72315
58.325,-0.08858817,-0.009577099,9.703996
58.365,-0.102953814,-0.021548472,9.725544
58.403,-0.08140534,-0.021548472,9.732727
58.431,-0.076616794,-0.019154198,9.725544
58.465,-0.083799616,-0.016759925,9.70639
58.503,-0.098165266,-0.0071828244,9.725544
58.531,-0.076616794,-0.021548472,9.737515
58.565,-0.102953814,-0.028731298,9.703996
58.605,-0.098165266,-0.019154198,9.715967
58.630,-0.08140534,-0.016759925,9.7135725
58.666,-0.08858817,-0.021548472,9.703996
58.705,-0.08858817,-0.028731298,9.725544
58.731,-0.08140534,-0.026337024,9.70639
58.762,-0.07422252,-0.0047885496,9.720756
58.802,-0.09577099,-0.026337024,9.730332
58.830,-0.090982445,-0.026337024,9.732727
58.863,-0.08140534,-0.0071828244,9.72315
58.903,-0.090982445,-0.016759925,9.732727
58.931,-0.083799616,-0.019154198,9.718362
58.964,-0.08858817,-0.0071828244,9.732727
59.002,-0.090982445,-0.035914123,9.730332
59.044,-0.08858817,-0.028731298,9.715967
59.070,-0.09577099,-0.011971374,9.711179
59.105,-0.07901107,-0.03351985,9.692024
59.132,-0.06943397,-0.009577099,9.70639
59.165,-0.076616794,-0.026337024,9.718362
59.205,-0.07901107,-0.016759925,9.727939
59.244,-0.11492519,-0.0071828244,9.727939
59.267,-0.090982445,-0.009577099,9.727939
59.304,-0.11013664,-0.026337024,9.727939
59.334,-0.071828246,-0.011971374,9.708784
59.370,-0.098165266,-0.028731298,9.720756
59.405,-0.09337672,-0.011971374,9.72315
59.445,-0.08858817,-0.028731298,9.703996
59.471,-0.08619389,-0.011971374,9.7135725
59.505,-0.090982445,-0.019154198,9.727939
59.545,-0.08858817,-0.0071828244,9.725544
59.571,-0.090982445,-0.028731298,9.701602
59.605,-0.08619389,-0.023942748,9.715967
59.646,-0.076616794,-0.031125572,9.725544
59.673,-0.083799616,-0.021548472,9.708784
59.705,-0.076616794,-0.009577099,9.715967
59.747,-0.08140534,-0.021548472,9.715967
59.771,-0.06943397,-0.028731298,9.7135725
59.805,-0.098165266,-0.019154198,9.727939
59.845,-0.11013664,-0.026337024,9.730332
59.872,-0.09337672,0.0,9.72315
59.905,-0.09577099,-0.021548472,9.730332
59.945,-0.08619389,-0.028731298,9.725544
59.972,-0.08858817,-0.023942748,9.72315
