timestamp,x,y,z
00.000,0.22506183,0.25379312,9.715967
00.012,0.22985038,0.25139886,9.692024
00.052,0.21309046,0.26097596,9.7135725
00.082,0.23942748,0.24421602,9.696813
00.112,0.24900457,0.25139886,9.703996
00.152,0.22745611,0.25139886,9.727939
00.181,0.24182175,0.24421602,9.701602
00.214,0.22745611,0.25379312,9.7135725
00.252,0.2466103,0.25139886,9.703996
00.281,0.21787901,0.24182175,9.694419
00.313,0.22506183,0.26337022,9.701602
00.353,0.24421602,0.25379312,9.711179
00.382,0.21548474,0.23942748,9.703996
00.413,0.22027329,0.25379312,9.720756
00.454,0.24421602,0.27055305,9.696813
00.482,0.22745611,0.25139886,9.692024
00.522,0.2370332,0.24182175,9.684841
00.553,0.2370332,0.26097596,9.718362
00.582,0.22027329,0.25139886,9.720756
00.622,0.2466103,0.23942748,9.692024
00.653,0.22745611,0.23463893,9.7135725
00.682,0.22506183,0.23942748,9.70639
00.722,0.23463893,0.2561874,9.7135725
00.754,0.21548474,0.24900457,9.718362
00.792,0.22506183,0.24900457,9.711179
00.823,0.22266756,0.26097596,9.715967
00.852,0.2083019,0.24421602,9.715967
00.892,0.22506183,0.24182175,9.708784
00.920,0.21548474,0.23224466,9.711179
00.951,0.24182175,0.24421602,9.708784
00.993,0.23224466,0.24421602,9.694419
01.020,0.22745611,0.24182175,9.72315
01.052,0.22985038,0.24421602,9.6896305
01.092,0.21787901,0.24182175,9.701602
01.122,0.23463893,0.24421602,9.694419
01.160,0.21548474,0.24421602,9.727939
01.191,0.23942748,0.24421602,9.7135725
01.220,0.24182175,0.2370332,9.699207
01.253,0.24421602,0.24421602,9.703996
01.292,0.24421602,0.2466103,9.703996
01.322,0.24421602,0.24900457,9.72315
01.362,0.23224466,0.25858167,9.720756
01.394,0.22745611,0.23224466,9.699207
01.422,0.22506183,0.24900457,9.696813
01.461,0.2466103,0.23942748,9.694419
01.493,0.22266756,0.24900457,9.6896305
01.522,0.22027329,0.24182175,9.718362
01.562,0.26337022,0.2561874,9.699207
01.593,0.21787901,0.2466103,9.7135725
01.633,0.25139886,0.23463893,9.696813
01.661,0.24421602,0.22745611,9.70639
01.693,0.21309046,0.2561874,9.718362
01.733,0.24182175,0.2561874,9.699207
01.762,0.22027329,0.25139886,9.711179
01.793,0.22027329,0.25139886,9.711179
01.833,0.2657645,0.24182175,9.6896305
01.861,0.22506183,0.25139886,9.732727
01.894,0.23942748,0.24421602,9.711179
01.935,0.22745611,0.25379312,9.715967
01.962,0.21787901,0.26337022,9.708784
01.992,0.23942748,0.25139886,9.701602
02.032,0.22745611,0.25139886,9.70639
02.063,0.22506183,0.23942748,9.725544
02.100,0.22745611,0.24421602,9.727939
02.132,0.22745611,0.25379312,9.708784
02.160,0.23942748,0.2466103,9.692024
02.201,0.22985038,0.24182175,9.725544
02.231,0.2370332,0.27055305,9.7135725
02.261,0.2466103,0.24182175,9.694419
02.301,0.22506183,0.24182175,9.715967
02.333,0.23942748,0.24421602,9.701602
02.362,0.22745611,0.2561874,9.682447
02.402,0.2466103,0.24421602,9.699207
02.434,0.22266756,0.2561874,9.711179
02.480,0.21548474,0.26337022,9.725544
02.502,0.24182175,0.2466103,9.70639
02.533,0.24900457,0.2370332,9.70639
02.572,0.2370332,0.2370332,9.718362
02.601,0.2466103,0.24421602,9.699207
02.633,0.22985038,0.25139886,9.701602
02.674,0.22745611,0.26097596,9.711179
02.701,0.2561874,0.26097596,9.696813
02.733,0.1987248,0.2370332,9.715967
02.774,0.23942748,0.25139886,9.708784
02.802,0.23224466,0.23463893,9.7135725
02.841,0.23224466,0.24900457,9.718362
02.872,0.22506183,0.2466103,9.703996
02.902,0.23224466,0.24900457,9.7135725
02.933,0.22266756,0.23224466,9.70639
02.972,0.22745611,0.24421602,9.703996
03.001,0.21787901,0.2370332,9.727939
03.042,0.24421602,0.24900457,9.708784
03.073,0.21309046,0.2466103,9.725544
03.101,0.22745611,0.26097596,9.72315
03.140,0.22745611,0.2466103,9.718362
03.172,0.21787901,0.2561874,9.715967
03.212,0.2466103,0.26097596,9.694419
03.241,0.21787901,0.25379312,9.703996
03.272,0.24182175,0.22506183,9.711179
03.312,0.22985038,0.26097596,9.699207
03.341,0.21787901,0.25379312,9.72315
03.373,0.2370332,0.25139886,9.70639
03.413,0.23224466,0.24182175,9.725544
03.442,0.22266756,0.24182175,9.715967
03.473,0.23942748,0.23463893,9.694419
03.513,0.22266756,0.24182175,9.720756
03.542,0.23224466,0.23224466,9.715967
03.573,0.23942748,0.2561874,9.692024
03.613,0.21309046,0.25139886,9.72315
03.641,0.22506183,0.25139886,9.711179
03.672,0.22985038,0.2466103,9.684841
03.713,0.23942748,0.22985038,9.699207
03.741,0.22266756,0.24900457,9.715967
03.782,0.24182175,0.24900457,9.725544
03.814,0.23224466,0.2370332,9.70639
03.842,0.22506183,0.26097596,9.708784
03.882,0.2370332,0.25858167,9.711179
03.915,0.24421602,0.24421602,9.684841
03.942,0.21309046,0.24421602,9.730332
03.982,0.24900457,0.2466103,9.703996
04.013,0.23224466,0.25858167,9.6896305
04.054,0.2370332,0.2466103,9.6896305
04.082,0.25139886,0.25379312,9.708784
04.112,0.2370332,0.2561874,9.711179
04.152,0.24182175,0.25139886,9.711179
04.181,0.22506183,0.2561874,9.7135725
04.211,0.21787901,0.2561874,9.720756
04.251,0.24900457,0.26337022,9.699207
04.281,0.21548474,0.25139886,9.715967
04.312,0.24421602,0.25139886,9.732727
04.352,0.22027329,0.25858167,9.696813
04.382,0.22027329,0.23463893,9.727939
04.413,0.22506183,0.25858167,9.711179
04.454,0.22506183,0.25858167,9.70639
04.482,0.22266756,0.23942748,9.720756
04.513,0.25379312,0.25139886,9.725544
04.553,0.22985038,0.24900457,9.720756
04.581,0.23942748,0.24900457,9.715967
04.622,0.22985038,0.24900457,9.711179
04.654,0.2466103,0.25379312,9.718362
04.682,0.24900457,0.2370332,9.687236
04.722,0.22027329,0.25379312,9.701602
04.752,0.22506183,0.22985038,9.708784
04.781,0.23463893,0.2466103,9.701602
04.821,0.22745611,0.24421602,9.720756
04.853,0.22266756,0.2466103,9.708784
04.882,0.22506183,0.2466103,9.699207
04.922,0.2681588,0.24421602,9.708784
04.953,0.25139886,0.23942748,9.701602
04.993,0.22506183,0.25379312,9.715967
05.023,0.24421602,0.2561874,9.70639
05.054,0.23942748,0.23224466,9.708784
05.092,0.24182175,0.23463893,9.715967
05.121,0.24900457,0.23942748,9.696813
05.152,0.21069619,0.2370332,9.699207
05.191,0.23463893,0.2561874,9.677659
05.222,0.24182175,0.23942748,9.694419
05.254,0.22985038,0.25139886,9.7135725
05.294,0.24900457,0.2370332,9.696813
05.322,0.2466103,0.2466103,9.699207
05.354,0.21787901,0.25379312,9.720756
05.393,0.23224466,0.2370332,9.715967
05.422,0.22027329,0.25858167,9.708784
05.453,0.1987248,0.24900457,9.720756
05.495,0.22266756,0.24421602,9.699207
05.523,0.22745611,0.2657645,9.70639
05.554,0.23463893,0.2370332,9.72315
05.593,0.22506183,0.24421602,9.7135725
05.623,0.21309046,0.25139886,9.725544
05.655,0.22266756,0.24421602,9.703996
05.694,0.22985038,0.25858167,9.730332
05.722,0.26097596,0.22266756,9.72315
05.763,0.22985038,0.2681588,9.730332
05.793,0.23463893,0.24182175,9.7135725
05.823,0.22985038,0.24900457,9.70639
05.863,0.21069619,0.26337022,9.715967
05.896,0.22745611,0.24421602,9.70639
05.932,0.22027329,0.27055305,9.708784
05.961,0.22027329,0.2561874,9.730332
05.992,0.2370332,0.23942748,9.694419
06.033,0.22985038,0.25379312,9.72315
06.064,0.23942748,0.24421602,9.725544
06.093,0.2370332,0.23463893,9.687236
06.132,0.23224466,0.23224466,9.708784
06.162,0.2561874,0.25379312,9.708784
06.192,0.23224466,0.23463893,9.696813
06.233,0.22027329,0.26337022,9.703996
06.263,0.22506183,0.2466103,9.703996
06.294,0.22506183,0.2466103,9.696813
06.334,0.2657645,0.2466103,9.684841
06.362,0.22985038,0.27055305,9.708784
06.403,0.24182175,0.2681588,9.6896305
06.434,0.23224466,0.25858167,9.696813
06.462,0.22745611,0.24900457,9.727939
06.502,0.23224466,0.23224466,9.699207
06.533,0.22506183,0.25379312,9.708784
06.563,0.20590763,0.23463893,9.720756
06.602,0.23942748,0.2370332,9.701602
06.634,0.22027329,0.26097596,9.718362
06.673,0.25139886,0.24900457,9.708784
06.702,0.21787901,0.2466103,9.7135725
06.734,0.23224466,0.27055305,9.7135725
06.773,0.23942748,0.22266756,9.70639
06.802,0.22745611,0.24900457,9.720756
06.833,0.23224466,0.25139886,9.725544
06.874,0.20590763,0.23942748,9.699207
06.902,0.22506183,0.25379312,9.727939
06.934,0.2370332,0.24421602,9.715967
06.974,0.21309046,0.26097596,9.727939
07.014,0.22506183,0.25139886,9.692024
07.033,0.24182175,0.25139886,9.703996
07.068,0.25379312,0.2466103,9.6896305
07.102,0.22266756,0.25139886,9.701602
07.133,0.22745611,0.25379312,9.696813
07.172,0.22745611,0.27055305,9.708784
07.201,0.2657645,0.23463893,9.694419
07.235,0.2370332,0.2466103,9.696813
07.275,0.23224466,0.24421602,9.718362
07.303,0.2681588,0.2370332,9.682447
07.335,0.22027329,0.24421602,9.703996
07.374,0.23942748,0.23942748,9.70639
07.403,0.23942748,0.24900457,9.694419
07.443,0.2370332,0.25139886,9.696813
07.474,0.22745611,0.24900457,9.711179
07.506,0.21548474,0.2561874,9.699207
07.542,0.22985038,0.2466103,9.692024
07.574,0.23942748,0.26337022,9.701602
07.613,0.24900457,0.25139886,9.701602
07.643,0.2370332,0.25139886,9.6896305
07.674,0.22985038,0.2466103,9.70639
07.714,0.22745611,0.24421602,9.70639
07.743,0.22745611,0.2370332,9.708784
07.774,0.22027329,0.2561874,9.72315
07.814,0.22745611,0.2561874,9.694419
07.842,0.22027329,0.24421602,9.715967
07.875,0.20590763,0.2561874,9.718362
07.912,0.23942748,0.2561874,9.699207
07.943,0.20351335,0.25139886,9.72315
07.975,0.2083019,0.24421602,9.711179
08.022,0.24182175,0.25139886,9.708784
08.042,0.21548474,0.25858167,9.732727
08.075,0.2370332,0.2370332,9.718362
08.114,0.21069619,0.24900457,9.735122
08.143,0.23224466,0.25858167,9.715967
08.183,0.22027329,0.23463893,9.7135725
08.213,0.21787901,0.2561874,9.725544
08.243,0.23224466,0.23224466,9.701602
08.283,0.20351335,0.26097596,9.72315
08.315,0.2370332,0.23463893,9.7135725
08.345,0.24182175,0.23463893,9.694419
08.384,0.21309046,0.24182175,9.70639
08.416,0.23942748,0.22985038,9.694419
08.454,0.22027329,0.26337022,9.694419
08.484,0.22745611,0.25139886,9.730332
08.514,0.22985038,0.24182175,9.677659
08.544,0.23463893,0.24900457,9.70639
08.584,0.22985038,0.24182175,9.699207
08.616,0.23463893,0.24421602,9.699207
08.654,0.2466103,0.25139886,9.718362
08.684,0.25139886,0.23463893,9.692024
08.714,0.23942748,0.24900457,9.687236
08.755,0.24421602,0.2370332,9.7135725
08.784,0.21787901,0.25139886,9.692024
08.815,0.22745611,0.24900457,9.715967
08.855,0.25139886,0.2466103,9.708784
08.884,0.22745611,0.24182175,9.711179
08.915,0.22985038,0.2466103,9.70639
08.956,0.25858167,0.23942748,9.699207
08.984,0.21309046,0.24182175,9.711179
09.022,0.23942748,0.25139886,9.696813
09.054,0.2466103,0.23224466,9.7135725
09.093,0.22506183,0.24421602,9.72315
09.122,0.23942748,0.24182175,9.699207
09.155,0.22027329,0.2561874,9.720756
09.183,0.22985038,0.25139886,9.72315
09.222,0.21787901,0.25858167,9.687236
09.254,0.21309046,0.2370332,9.732727
09.295,0.22985038,0.25379312,9.699207
09.323,0.22266756,0.2370332,9.701602
09.354,0.23463893,0.2561874,9.72315
09.394,0.23224466,0.26097596,9.708784
09.424,0.21069619,0.24421602,9.715967
09.455,0.22027329,0.24900457,9.711179
09.495,0.21069619,0.25139886,9.727939
09.524,0.22027329,0.23463893,9.7135725
09.555,0.24421602,0.23942748,9.692024
09.595,0.21309046,0.24900457,9.725544
09.624,0.23463893,0.23942748,9.7135725
09.655,0.22745611,0.24900457,9.692024
09.695,0.23942748,0.25139886,9.727939
09.725,0.2466103,0.2561874,9.687236
09.758,0.21787901,0.23942748,9.72315
09.794,0.22027329,0.23942748,9.718362
09.824,0.23224466,0.23942748,9.687236
09.855,0.22027329,0.2561874,9.7135725
09.895,0.2370332,0.2466103,9.703996
09.924,0.22506183,0.25858167,9.699207
09.964,0.24900457,0.25139886,9.687236
09.996,0.25379312,0.2561874,9.711179
10.023,0.22506183,0.25139886,9.715967
10.071,0.21069619,0.25139886,9.725544
10.095,0.22506183,0.25139886,9.694419
10.133,0.23942748,0.2466103,9.701602
10.162,0.22985038,0.2561874,9.692024
10.194,0.22506183,0.24421602,9.703996
10.234,0.24182175,0.2561874,9.696813
10.262,0.2466103,0.26097596,9.70639
10.294,0.22506183,0.24421602,9.718362
10.333,0.22985038,0.2370332,9.687236
10.363,0.24421602,0.26097596,9.70639
10.394,0.2083019,0.24900457,9.718362
10.434,0.21787901,0.22745611,9.7135725
10.463,0.23224466,0.25858167,9.761458
10.493,0.23463893,0.25139886,9.715967
10.537,0.23463893,0.26097596,9.715967
10.562,0.22266756,0.2657645,9.732727
10.603,0.22745611,0.25858167,9.715967
10.636,0.22745611,0.24421602,9.718362
10.664,0.23463893,0.24900457,9.711179
10.696,0.25379312,0.24900457,9.680053
10.735,0.22266756,0.24182175,9.703996
10.763,0.26097596,0.2466103,9.72315
10.796,0.21548474,0.25858167,9.684841
10.834,0.2083019,0.26337022,9.692024
10.864,0.2561874,0.27055305,9.680053
10.896,0.23224466,0.25858167,9.7135725
10.934,0.2561874,0.23463893,9.703996
10.973,0.22266756,0.26337022,9.703996
11.007,0.24421602,0.25858167,9.708784
11.033,0.26097596,0.25379312,9.692024
11.074,0.23224466,0.26337022,9.727939
11.103,0.23942748,0.22745611,9.699207
11.133,0.24182175,0.23942748,9.694419
11.174,0.22985038,0.25858167,9.692024
11.203,0.25139886,0.2466103,9.696813
11.233,0.2370332,0.2466103,9.711179
11.274,0.23942748,0.2561874,9.703996
11.303,0.23942748,0.24900457,9.715967
11.334,0.20590763,0.24900457,9.7135725
11.375,0.24421602,0.26097596,9.715967
11.403,0.21787901,0.25379312,9.7135725
11.442,0.2466103,0.2370332,9.711179
11.475,0.25139886,0.23942748,9.703996
11.503,0.21069619,0.24421602,9.72315
11.543,0.24900457,0.2466103,9.6896305
11.574,0.22266756,0.2466103,9.725544
11.603,0.23463893,0.24182175,9.732727
11.643,0.23463893,0.24900457,9.699207
11.674,0.2083019,0.25379312,9.727939
11.703,0.21787901,0.24182175,9.727939
11.744,0.22745611,0.25379312,9.696813
11.773,0.21069619,0.25139886,9.725544
11.813,0.23463893,0.25139886,9.6896305
11.843,0.20590763,0.24900457,9.711179
11.874,0.22266756,0.23463893,9.73991
11.904,0.24182175,0.22985038,9.6896305
11.944,0.22027329,0.26097596,9.718362
11.976,0.23942748,0.25858167,9.72315
12.009,0.25139886,0.25858167,9.701602
12.044,0.22027329,0.25139886,9.715967
12.075,0.22027329,0.25379312,9.70639
12.113,0.2370332,0.25139886,9.737515
12.142,0.25379312,0.2370332,9.682447
12.173,0.21787901,0.25379312,9.7135725
12.213,0.22985038,0.2466103,9.72315
12.243,0.23463893,0.23942748,9.703996
12.275,0.2466103,0.24421602,9.701602
12.313,0.23224466,0.25379312,9.701602
12.343,0.22266756,0.24421602,9.708784
12.377,0.21787901,0.23463893,9.696813
12.415,0.23942748,0.26097596,9.663293
12.443,0.21309046,0.25858167,9.708784
12.484,0.23942748,0.2466103,9.708784
12.514,0.24421602,0.2561874,9.701602
12.544,0.22745611,0.24182175,9.72315
12.576,0.22266756,0.2561874,9.711179
12.616,0.22985038,0.24900457,9.699207
12.654,0.26097596,0.25858167,9.677659
12.683,0.2561874,0.25139886,9.711179
12.713,0.22985038,0.25379312,9.7135725
12.755,0.2370332,0.23224466,9.684841
12.783,0.2083019,0.25139886,9.730332
12.815,0.2083019,0.2370332,9.730332
12.855,0.23942748,0.24182175,9.682447
12.883,0.21787901,0.23224466,9.708784
12.914,0.22506183,0.24900457,9.72315
12.954,0.23224466,0.25139886,9.701602
12.983,0.21787901,0.24182175,9.732727
13.015,0.24900457,0.24182175,9.70639
13.055,0.21069619,0.26337022,9.699207
13.083,0.22506183,0.25139886,9.708784
13.122,0.2466103,0.25379312,9.708784
13.153,0.21069619,0.26337022,9.725544
13.182,0.22266756,0.24182175,9.701602
13.223,0.20590763,0.24900457,9.711179
13.255,0.23942748,0.25139886,9.718362
13.284,0.24182175,0.22745611,9.6896305
13.323,0.21069619,0.2466103,9.725544
13.357,0.21787901,0.26337022,9.72315
13.383,0.2466103,0.24900457,9.699207
13.422,0.24182175,0.25139886,9.725544
13.456,0.23942748,0.2466103,9.696813
13.495,0.2083019,0.24421602,9.732727
13.523,0.22027329,0.25858167,9.72315
13.556,0.24182175,0.24421602,9.680053
13.594,0.22745611,0.2466103,9.727939
13.623,0.25858167,0.26097596,9.701602
13.654,0.22027329,0.23224466,9.708784
13.696,0.2370332,0.24182175,9.6896305
13.724,0.23224466,0.24421602,9.711179
13.754,0.21069619,0.25139886,9.708784
13.794,0.23463893,0.2466103,9.692024
13.824,0.23942748,0.24421602,9.711179
13.854,0.21787901,0.25858167,9.711179
13.894,0.23224466,0.25139886,9.692024
13.922,0.20351335,0.24900457,9.725544
13.954,0.23224466,0.25379312,9.735122
13.995,0.22266756,0.23463893,9.699207
14.023,0.23463893,0.25139886,9.730332
14.056,0.23224466,0.2466103,9.708784
14.094,0.22985038,0.2466103,9.725544
14.122,0.21787901,0.2561874,9.70639
14.163,0.21309046,0.23942748,9.708784
14.194,0.22745611,0.2561874,9.708784
14.234,0.22985038,0.25139886,9.6896305
14.263,0.22266756,0.2561874,9.72315
14.294,0.21069619,0.2561874,9.703996
14.334,0.23224466,0.24900457,9.708784
14.363,0.21787901,0.24182175,9.70639
14.394,0.22745611,0.25379312,9.703996
14.434,0.22506183,0.24421602,9.727939
14.463,0.22027329,0.2370332,9.725544
14.494,0.24900457,0.24182175,9.699207
14.536,0.21787901,0.25139886,9.715967
14.563,0.24421602,0.24900457,9.699207
14.594,0.25379312,0.24182175,9.703996
14.636,0.21548474,0.25858167,9.718362
14.663,0.2370332,0.24421602,9.696813
14.695,0.2466103,0.23942748,9.7135725
14.734,0.24900457,0.25139886,9.730332
14.763,0.2370332,0.24421602,9.701602
14.794,0.23463893,0.25139886,9.727939
14.834,0.2561874,0.24182175,9.699207
14.864,0.23224466,0.24182175,9.703996
14.895,0.23463893,0.26337022,9.730332
14.935,0.23224466,0.25379312,9.6896305
14.963,0.2370332,0.25858167,9.703996
14.996,0.22266756,0.24900457,9.72315
15.033,0.22745611,0.26097596,9.711179
15.064,0.21787901,0.23463893,9.720756
15.103,0.2466103,0.24421602,9.699207
15.133,0.21787901,0.24421602,9.7135725
15.173,0.23463893,0.2370332,9.715967
15.204,0.20590763,0.24182175,9.687236
15.233,0.22506183,0.27055305,9.730332
15.275,0.24182175,0.23463893,9.694419
15.303,0.22266756,0.24421602,9.708784
15.334,0.20111908,0.26097596,9.737515
15.375,0.22985038,0.22985038,9.720756
15.404,0.22745611,0.22985038,9.7135725
15.435,0.22266756,0.25858167,9.727939
15.474,0.22266756,0.24421602,9.718362
15.503,0.2370332,0.24421602,9.73991
15.535,0.23463893,0.23463893,9.703996
15.575,0.2083019,0.25858167,9.72315
15.604,0.24182175,0.2466103,9.725544
15.635,0.24900457,0.2561874,9.696813
15.674,0.21548474,0.2561874,9.72315
15.705,0.24421602,0.2466103,9.694419
15.735,0.25139886,0.24421602,9.708784
15.775,0.23463893,0.22506183,9.730332
15.803,0.24421602,0.25858167,9.699207
15.843,0.22266756,0.24182175,9.715967
15.875,0.24900457,0.24182175,9.701602
15.913,0.21787901,0.24900457,9.72315
15.942,0.23224466,0.24900457,9.701602
15.973,0.22506183,0.24421602,9.708784
16.013,0.23224466,0.25379312,9.699207
16.042,0.2466103,0.24900457,9.696813
16.073,0.23942748,0.23942748,9.701602
16.114,0.21069619,0.23463893,9.708784
16.143,0.24182175,0.2561874,9.692024
16.173,0.23942748,0.26337022,9.7135725
16.213,0.23224466,0.25858167,9.701602
16.243,0.22985038,0.25379312,9.701602
16.274,0.22985038,0.2561874,9.708784
16.315,0.24900457,0.25139886,9.696813
16.344,0.22266756,0.25139886,9.715967
16.374,0.23463893,0.24900457,9.720756
16.407,0.22985038,0.2561874,9.701602
16.444,0.22266756,0.25379312,9.72315
16.474,0.22985038,0.24182175,9.727939
16.514,0.21787901,0.25379312,9.696813
16.543,0.20351335,0.2561874,9.737515
16.583,0.23463893,0.25858167,9.711179
16.614,0.21548474,0.23463893,9.715967
16.652,0.22985038,0.24900457,9.711179
16.684,0.22027329,0.25379312,9.715967
16.714,0.21069619,0.23942748,9.708784
16.743,0.23463893,0.25139886,9.708784
16.784,0.21069619,0.24182175,9.7135725
16.815,0.24900457,0.2681588,9.720756
16.844,0.22266756,0.25379312,9.703996
16.884,0.23942748,0.2370332,9.720756
16.916,0.22985038,0.23224466,9.701602
16.946,0.23224466,0.25139886,9.694419
16.983,0.22985038,0.2466103,9.711179
17.014,0.23463893,0.23463893,9.701602
17.056,0.21548474,0.24421602,9.72315
17.084,0.24421602,0.25139886,9.701602
17.113,0.24900457,0.24421602,9.718362
17.153,0.23942748,0.24900457,9.727939
17.182,0.22985038,0.23224466,9.696813
17.214,0.23463893,0.24421602,9.703996
17.254,0.2370332,0.24421602,9.7135725
17.285,0.24900457,0.2466103,9.701602
17.317,0.24421602,0.25139886,9.720756
17.354,0.25379312,0.2370332,9.70639
17.384,0.22985038,0.24900457,9.699207
17.416,0.22506183,0.24182175,9.7135725
17.455,0.22266756,0.24182175,9.708784
17.483,0.22745611,0.24182175,9.70639
17.523,0.23463893,0.2466103,9.696813
17.555,0.2370332,0.24421602,9.696813
17.583,0.22745611,0.24182175,9.727939
17.623,0.22506183,0.23224466,9.70639
17.654,0.22027329,0.24421602,9.696813
17.694,0.24900457,0.26097596,9.70639
17.724,0.21548474,0.24900457,9.708784
17.754,0.20590763,0.24900457,9.72315
17.784,0.22985038,0.23463893,9.720756
17.823,0.21787901,0.2466103,9.720756
17.854,0.22745611,0.23942748,9.727939
17.896,0.22506183,0.24182175,9.703996
17.923,0.20590763,0.26337022,9.725544
17.955,0.22745611,0.25858167,9.699207
17.997,0.21548474,0.24900457,9.708784
18.025,0.2370332,0.24182175,9.751882
18.054,0.24182175,0.22506183,9.708784
18.095,0.22506183,0.24182175,9.711179
18.122,0.23942748,0.25379312,9.718362
18.154,0.26097596,0.23942748,9.696813
18.193,0.23942748,0.24182175,9.699207
18.223,0.2370332,0.2466103,9.70639
18.262,0.22506183,0.25858167,9.715967
18.296,0.22745611,0.2561874,9.7135725
18.323,0.23224466,0.2561874,9.7135725
18.363,0.22027329,0.2561874,9.711179
18.395,0.23942748,0.24900457,9.699207
18.423,0.21069619,0.2561874,9.696813
18.463,0.22266756,0.25858167,9.694419
18.495,0.25139886,0.24421602,9.699207
18.536,0.23463893,0.25139886,9.7135725
18.564,0.24182175,0.25379312,9.699207
18.595,0.23942748,0.2466103,9.699207
18.636,0.23224466,0.24182175,9.720756
18.663,0.24182175,0.23942748,9.692024
18.694,0.22027329,0.25139886,9.708784
18.735,0.23224466,0.24421602,9.6896305
18.764,0.23224466,0.25858167,9.7135725
18.794,0.21787901,0.26097596,9.70639
18.835,0.23463893,0.26337022,9.701602
18.864,0.22985038,0.25139886,9.708784
18.894,0.21309046,0.25858167,9.725544
18.935,0.22985038,0.24421602,9.708784
18.963,0.21787901,0.26097596,9.699207
18.995,0.22745611,0.2561874,9.72315
19.037,0.22506183,0.24182175,9.730332
19.064,0.2370332,0.25139886,9.715967
19.103,0.24182175,0.24421602,9.696813
19.134,0.22745611,0.2657645,9.720756
19.162,0.21548474,0.2561874,9.708784
19.202,0.22027329,0.24900457,9.715967
19.235,0.23463893,0.26337022,9.715967
19.273,0.24182175,0.24900457,9.711179
19.303,0.22266756,0.24900457,9.699207
19.333,0.23224466,0.24900457,9.715967
19.373,0.22266756,0.26097596,9.725544
19.402,0.21309046,0.23942748,9.694419
19.434,0.21787901,0.23224466,9.708784
19.473,0.22027329,0.25858167,9.72315
19.502,0.23224466,0.25139886,9.718362
19.533,0.24182175,0.24182175,9.701602
19.574,0.22027329,0.24421602,9.720756
19.602,0.2466103,0.24421602,9.701602
19.634,0.23463893,0.25379312,9.7135725
19.675,0.23942748,0.2466103,9.718362
19.703,0.22745611,0.2657645,9.6896305
19.737,0.23463893,0.26337022,9.708784
19.775,0.24421602,0.23942748,9.687236
19.807,0.21548474,0.26097596,9.727939
19.835,0.22985038,0.23942748,9.703996
19.874,0.24421602,0.2370332,9.692024
19.904,0.22745611,0.2370332,9.70639
19.936,0.22745611,0.2466103,9.718362
19.975,0.22985038,0.24900457,9.687236
20.005,0.20351335,0.25858167,9.735122
20.043,0.24900457,0.2466103,9.718362
20.074,0.23463893,0.2466103,9.7135725
20.104,0.22985038,0.2561874,9.725544
20.143,0.24421602,0.24421602,9.7135725
20.173,0.21069619,0.2561874,9.725544
20.213,0.24421602,0.25379312,9.720756
20.242,0.20111908,0.2466103,9.718362
20.273,0.23942748,0.25858167,9.725544
20.316,0.23942748,0.23463893,9.708784
20.343,0.20590763,0.24182175,9.72315
20.376,0.22985038,0.2370332,9.715967
20.414,0.2466103,0.2561874,9.718362
20.443,0.22985038,0.24421602,9.718362
20.476,0.24900457,0.25858167,9.720756
20.515,0.22266756,0.25379312,9.730332
20.586,0.23942748,0.25379312,9.72315
20.615,0.22985038,0.2466103,9.711179
20.644,0.2466103,0.24421602,9.7135725
20.675,0.2370332,0.2466103,9.7135725
20.714,0.21069619,0.2466103,9.711179
20.743,0.24900457,0.25379312,9.682447
20.775,0.23463893,0.24182175,9.699207
20.814,0.22266756,0.24182175,9.718362
20.843,0.25379312,0.23224466,9.6896305
20.876,0.22745611,0.24182175,9.708784
20.913,0.24421602,0.24421602,9.6896305
20.943,0.22506183,0.23942748,9.725544
20.982,0.24900457,0.24900457,9.6896305
21.014,0.23463893,0.25379312,9.696813
21.053,0.24421602,0.23224466,9.725544
21.084,0.25858167,0.22506183,9.6896305
21.114,0.2370332,0.24900457,9.720756
21.154,0.2370332,0.2466103,9.72315
21.182,0.24900457,0.23942748,9.699207
21.214,0.21309046,0.2466103,9.727939
21.254,0.24900457,0.22985038,9.6896305
21.283,0.22506183,0.24421602,9.715967
21.314,0.21309046,0.23942748,9.701602
21.354,0.22745611,0.22745611,9.692024
21.383,0.22027329,0.25858167,9.7135725
21.414,0.22266756,0.2466103,9.72315
21.455,0.2370332,0.26337022,9.708784
21.484,0.21787901,0.26097596,9.73991
21.515,0.22506183,0.24421602,9.72315
21.554,0.22027329,0.22985038,9.708784
21.583,0.22745611,0.2466103,9.711179
21.624,0.1987248,0.25858167,9.730332
21.654,0.21787901,0.2466103,9.7135725
21.683,0.24421602,0.2466103,9.72315
21.723,0.22027329,0.25379312,9.7135725
21.755,0.23224466,0.25858167,9.699207
21.784,0.25139886,0.2466103,9.701602
21.823,0.21787901,0.24421602,9.715967
21.856,0.22506183,0.2466103,9.72315
21.884,0.2466103,0.24182175,9.699207
21.924,0.25379312,0.24421602,9.711179
21.954,0.24421602,0.24900457,9.699207
21.984,0.22506183,0.23942748,9.7135725
22.023,0.23463893,0.24182175,9.70639
22.057,0.22985038,0.22985038,9.6896305
22.085,0.21548474,0.25139886,9.730332
22.122,0.2561874,0.24900457,9.715967
22.154,0.24900457,0.23942748,9.701602
22.194,0.22266756,0.24182175,9.7135725
22.222,0.22266756,0.2466103,9.692024
22.253,0.21787901,0.25139886,9.715967
22.293,0.2466103,0.23942748,9.694419
22.323,0.22266756,0.24900457,9.703996
22.363,0.23463893,0.24182175,9.675264
22.393,0.24182175,0.25139886,9.7135725
22.423,0.21069619,0.24421602,9.703996
22.455,0.22266756,0.26097596,9.72315
22.494,0.22266756,0.2681588,9.708784
22.524,0.23224466,0.25139886,9.727939
22.563,0.22745611,0.2561874,9.699207
22.595,0.21548474,0.25858167,9.70639
22.623,0.21548474,0.23942748,9.7135725
22.663,0.21787901,0.2466103,9.6896305
22.695,0.23942748,0.24182175,9.72315
22.734,0.2370332,0.25858167,9.687236
22.763,0.21069619,0.2466103,9.708784
22.793,0.20111908,0.24421602,9.725544
22.835,0.22266756,0.25858167,9.682447
22.863,0.23224466,0.24182175,9.73991
22.895,0.21787901,0.26097596,9.692024
22.934,0.21069619,0.25139886,9.720756
22.963,0.23224466,0.25139886,9.720756
23.012,0.22745611,0.24421602,9.725544
23.034,0.22506183,0.2657645,9.725544
23.063,0.23224466,0.2561874,9.703996
23.094,0.24900457,0.24182175,9.703996
23.134,0.22745611,0.25858167,9.720756
23.163,0.23224466,0.2466103,9.7135725
23.194,0.24182175,0.23224466,9.696813
23.234,0.21787901,0.26097596,9.715967
23.263,0.22985038,0.22985038,9.720756
23.303,0.23463893,0.2466103,9.720756
23.334,0.2370332,0.2466103,9.694419
23.364,0.2370332,0.24900457,9.711179
23.404,0.22745611,0.23224466,9.70639
23.435,0.24182175,0.2370332,9.6896305
23.463,0.21309046,0.23942748,9.715967
23.498,0.22985038,0.25858167,9.703996
23.536,0.24182175,0.23942748,9.6896305
23.564,0.22266756,0.2561874,9.715967
23.603,0.22506183,0.23463893,9.701602
23.634,0.22506183,0.26337022,9.70639
23.664,0.21787901,0.24421602,9.730332
23.704,0.22985038,0.24182175,9.708784
23.735,0.21309046,0.25379312,9.725544
23.775,0.24900457,0.24421602,9.694419
23.803,0.23224466,0.25139886,9.727939
23.833,0.22506183,0.2466103,9.730332
23.874,0.2370332,0.25379312,9.70639
23.903,0.21787901,0.24421602,9.715967
23.935,0.24182175,0.25379312,9.703996
23.975,0.22745611,0.25139886,9.72315
24.004,0.1987248,0.23224466,9.720756
24.034,0.24900457,0.2561874,9.711179
24.074,0.23224466,0.2561874,9.730332
24.103,0.24182175,0.2466103,9.725544
24.142,0.23463893,0.2370332,9.711179
24.173,0.23463893,0.26097596,9.727939
24.203,0.22985038,0.24900457,9.7135725
24.244,0.21069619,0.2466103,9.718362
24.275,0.23463893,0.25139886,9.730332
24.304,0.23463893,0.24182175,9.696813
24.343,0.23463893,0.2561874,9.711179
24.374,0.2466103,0.25379312,9.6896305
24.414,0.21309046,0.2466103,9.72315
24.443,0.2466103,0.23942748,9.72315
24.474,0.23224466,0.23942748,9.7135725
24.515,0.22985038,0.25858167,9.727939
24.543,0.22266756,0.23942748,9.694419
24.574,0.24421602,0.2370332,9.720756
24.616,0.24182175,0.26337022,9.72315
24.644,0.22985038,0.25139886,9.692024
24.674,0.22745611,0.24900457,9.711179
24.714,0.23224466,0.2370332,9.708784
24.744,0.24421602,0.2466103,9.694419
24.774,0.1987248,0.24900457,9.718362
24.815,0.22027329,0.2370332,9.708784
24.843,0.22506183,0.25379312,9.711179
24.875,0.22027329,0.24900457,9.711179
24.914,0.22506183,0.2561874,9.701602
24.944,0.22266756,0.2561874,9.718362
24.975,0.21548474,0.25858167,9.711179
25.018,0.2370332,0.25379312,9.720756
25.044,0.21548474,0.25139886,9.711179
25.083,0.25139886,0.23224466,9.7135725
25.113,0.19633053,0.25379312,9.701602
25.143,0.24182175,0.25379312,9.730332
25.182,0.22027329,0.25139886,9.715967
25.213,0.21787901,0.22985038,9.735122
25.253,0.24182175,0.23463893,9.70639
25.284,0.21548474,0.26097596,9.744699
25.314,0.21787901,0.2777359,9.727939
25.354,0.23224466,0.25139886,9.708784
25.382,0.22985038,0.25379312,9.732727
25.416,0.22985038,0.2657645,9.7135725
25.455,0.22506183,0.2466103,9.711179
25.483,0.22027329,0.2657645,9.720756
25.517,0.2370332,0.24900457,9.703996
25.554,0.24182175,0.2466103,9.715967
25.584,0.23942748,0.27294734,9.720756
25.614,0.24421602,0.25858167,9.696813
25.654,0.22266756,0.25139886,9.720756
25.683,0.22745611,0.25858167,9.708784
25.717,0.24182175,0.24421602,9.696813
25.755,0.25139886,0.2561874,9.72315
25.783,0.24421602,0.2466103,9.696813
25.815,0.22027329,0.24421602,9.718362
25.854,0.2370332,0.24421602,9.70639
25.883,0.23463893,0.2657645,9.696813
25.922,0.24421602,0.24421602,9.701602
25.953,0.23463893,0.23942748,9.708784
25.993,0.23224466,0.24421602,9.737515
26.022,0.22985038,0.25139886,9.70639
26.054,0.22506183,0.2466103,9.70639
26.093,0.2370332,0.23942748,9.703996
26.122,0.22745611,0.2466103,9.701602
26.153,0.24182175,0.2466103,9.7135725
26.193,0.22745611,0.24182175,9.694419
26.223,0.24182175,0.24421602,9.715967
26.254,0.22506183,0.2561874,9.732727
26.294,0.23942748,0.2466103,9.699207
26.324,0.21787901,0.24900457,9.72315
26.354,0.2083019,0.27294734,9.742304
26.394,0.22027329,0.23463893,9.7135725
26.423,0.22027329,0.25139886,9.727939
26.454,0.23224466,0.25858167,9.708784
26.495,0.22506183,0.25379312,9.720756
26.523,0.22745611,0.25379312,9.711179
26.555,0.22506183,0.2466103,9.715967
26.595,0.21548474,0.24900457,9.727939
26.623,0.23463893,0.25139886,9.687236
26.664,0.22506183,0.23942748,9.7135725
26.694,0.23224466,0.24900457,9.718362
26.723,0.25379312,0.23463893,9.708784
26.763,0.21309046,0.2561874,9.715967
26.794,0.22266756,0.25379312,9.711179
26.824,0.23463893,0.25139886,9.699207
26.863,0.23463893,0.2466103,9.70639
26.894,0.23463893,0.2370332,9.699207
26.924,0.2370332,0.25139886,9.70639
26.963,0.25139886,0.25379312,9.7135725
26.995,0.23224466,0.2466103,9.708784
27.024,0.22506183,0.24421602,9.70639
27.063,0.2561874,0.25379312,9.711179
27.096,0.23463893,0.2370332,9.711179
27.133,0.25139886,0.24421602,9.711179
27.163,0.25858167,0.2466103,9.6896305
27.193,0.22266756,0.2370332,9.711179
27.234,0.2466103,0.24900457,9.696813
27.263,0.21548474,0.24182175,9.711179
27.294,0.23224466,0.25139886,9.7135725
27.335,0.23463893,0.2466103,9.680053
27.363,0.22985038,0.27294734,9.715967
27.395,0.22745611,0.26337022,9.715967
27.434,0.22745611,0.25379312,9.692024
27.463,0.21069619,0.26097596,9.725544
27.504,0.23942748,0.25139886,9.718362
27.534,0.22266756,0.24421602,9.718362
27.563,0.21309046,0.2561874,9.718362
27.604,0.22266756,0.24900457,9.715967
27.645,0.22985038,0.2657645,9.7135725
27.663,0.24182175,0.24182175,9.715967
27.704,0.23463893,0.25379312,9.725544
27.735,0.22506183,0.23942748,9.720756
27.764,0.24421602,0.25139886,9.699207
27.803,0.21787901,0.2466103,9.727939
27.834,0.2370332,0.25139886,9.718362
27.864,0.23224466,0.25379312,9.70639
27.903,0.20590763,0.25379312,9.720756
27.935,0.24421602,0.2561874,9.699207
27.975,0.20351335,0.2466103,9.725544
28.004,0.23463893,0.23463893,9.720756
28.034,0.25139886,0.23942748,9.715967
28.074,0.22745611,0.2753416,9.70639
28.104,0.22506183,0.2561874,9.708784
28.133,0.24421602,0.24421602,9.699207
28.174,0.24421602,0.2561874,9.720756
28.202,0.24182175,0.24182175,9.6896305
28.234,0.22985038,0.25858167,9.703996
28.275,0.22745611,0.25139886,9.711179
28.303,0.23463893,0.24421602,9.672871
28.343,0.23942748,0.26097596,9.696813
28.375,0.25379312,0.23224466,9.727939
28.403,0.22506183,0.2466103,9.6896305
28.442,0.23463893,0.23224466,9.708784
28.474,0.23463893,0.2561874,9.715967
28.503,0.21309046,0.2561874,9.70639
28.543,0.24421602,0.24421602,9.708784
28.575,0.23224466,0.26097596,9.72315
28.604,0.21787901,0.2370332,9.72315
28.644,0.24182175,0.24900457,9.699207
28.674,0.22506183,0.27055305,9.70639
28.714,0.24421602,0.24900457,9.699207
28.744,0.22506183,0.24900457,9.742304
28.775,0.22027329,0.25379312,9.6896305
28.814,0.22985038,0.24900457,9.732727
28.844,0.23463893,0.24900457,9.720756
28.875,0.2370332,0.2561874,9.696813
28.915,0.20590763,0.24421602,9.747093
28.943,0.22027329,0.24900457,9.720756
28.974,0.22506183,0.26097596,9.708784
29.014,0.22985038,0.26337022,9.732727
29.043,0.22985038,0.24900457,9.720756
29.074,0.24900457,0.2370332,9.711179
29.114,0.21787901,0.23942748,9.732727
29.142,0.24182175,0.2466103,9.703996
29.182,0.22027329,0.25139886,9.730332
29.214,0.2466103,0.26337022,9.732727
29.247,0.22985038,0.2466103,9.70639
29.283,0.23224466,0.24182175,9.70639
29.315,0.23463893,0.23463893,9.699207
29.344,0.24421602,0.24900457,9.687236
29.384,0.21309046,0.2561874,9.699207
29.415,0.2370332,0.25858167,9.708784
29.444,0.2370332,0.25379312,9.720756
29.483,0.2561874,0.23463893,9.675264
29.514,0.23463893,0.23224466,9.696813
29.554,0.2370332,0.23463893,9.72315
29.583,0.21069619,0.2370332,9.680053
29.615,0.24421602,0.2370332,9.694419
29.656,0.24421602,0.25139886,9.694419
29.683,0.2370332,0.24182175,9.701602
29.714,0.22266756,0.2561874,9.720756
29.753,0.22985038,0.25379312,9.70639
29.784,0.22506183,0.26097596,9.720756
29.814,0.21787901,0.24421602,9.715967
29.855,0.22985038,0.2370332,9.699207
29.883,0.22985038,0.2561874,9.718362
29.914,0.21548474,0.25139886,9.725544
29.954,0.21309046,0.24900457,9.696813
29.984,0.21787901,0.23463893,9.735122
30.018,0.2370332,0.24900457,9.72315
30.061,0.22506183,0.2370332,9.718362
30.089,0.22506183,0.2561874,9.725544
30.122,0.2083019,0.2561874,9.703996
30.154,0.21548474,0.23224466,9.715967
30.194,0.23463893,0.24182175,9.70639
30.223,0.21309046,0.25139886,9.725544
30.253,0.2370332,0.24421602,9.718362
30.284,0.23463893,0.23942748,9.696813
30.323,0.21787901,0.25379312,9.737515
30.355,0.22266756,0.2466103,9.694419
30.394,0.21309046,0.2681588,9.727939
30.424,0.22745611,0.25139886,9.727939
30.455,0.23942748,0.24182175,9.692024
30.495,0.22745611,0.24182175,9.732727
30.524,0.2370332,0.22506183,9.708784
30.555,0.22027329,0.2466103,9.701602
30.594,0.22027329,0.2681588,9.715967
30.623,0.2370332,0.2370332,9.711179
30.655,0.21787901,0.26097596,9.70639
30.696,0.23224466,0.25858167,9.715967
30.724,0.24182175,0.24421602,9.682447
30.754,0.23224466,0.25858167,9.699207
30.794,0.2370332,0.25139886,9.694419
30.823,0.22745611,0.25139886,9.711179
30.863,0.2370332,0.25139886,9.711179
30.894,0.24421602,0.2561874,9.694419
30.925,0.2370332,0.25139886,9.701602
30.963,0.22506183,0.24421602,9.692024
30.994,0.22266756,0.25379312,9.701602
31.023,0.21787901,0.25379312,9.718362
31.062,0.24182175,0.2561874,9.699207
31.095,0.22266756,0.2561874,9.737515
31.133,0.24900457,0.24421602,9.7135725
31.163,0.21787901,0.23942748,9.708784
31.192,0.21069619,0.25379312,9.711179
31.233,0.22745611,0.24421602,9.687236
31.263,0.23463893,0.2561874,9.711179
31.294,0.21548474,0.24182175,9.730332
31.335,0.23224466,0.24421602,9.720756
31.363,0.21787901,0.25379312,9.7135725
31.393,0.22985038,0.24182175,9.737515
31.437,0.22745611,0.2561874,9.744699
31.463,0.23942748,0.2681588,9.708784
31.495,0.24182175,0.24421602,9.7135725
31.534,0.20111908,0.24900457,9.732727
31.563,0.24182175,0.2466103,9.692024
31.595,0.24182175,0.2466103,9.70639
31.635,0.22506183,0.2561874,9.718362
31.663,0.24900457,0.24182175,9.684841
31.702,0.22985038,0.2561874,9.725544
31.735,0.26337022,0.23463893,9.699207
31.764,0.25379312,0.23942748,9.6896305
31.804,0.22266756,0.25379312,9.730332
31.835,0.22745611,0.2466103,9.684841
31.863,0.22506183,0.2561874,9.711179
31.903,0.2466103,0.25858167,9.715967
31.934,0.24900457,0.23463893,9.70639
31.974,0.21069619,0.23942748,9.684841
32.004,0.22266756,0.24900457,9.70639
32.033,0.24182175,0.23463893,9.692024
32.066,0.20590763,0.2466103,9.708784
32.102,0.22985038,0.25379312,9.720756
32.134,0.22506183,0.2370332,9.703996
32.174,0.2466103,0.24182175,9.699207
32.202,0.22985038,0.2561874,9.718362
32.233,0.21787901,0.2681588,9.703996
32.274,0.23463893,0.25379312,9.682447
32.303,0.22506183,0.2657645,9.711179
32.335,0.22745611,0.23942748,9.718362
32.374,0.2466103,0.25139886,9.708784
32.403,0.22985038,0.25379312,9.711179
32.434,0.21787901,0.25139886,9.730332
32.475,0.22745611,0.2657645,9.720756
32.504,0.22506183,0.24900457,9.718362
32.535,0.25139886,0.2561874,9.703996
32.574,0.22027329,0.24182175,9.72315
32.603,0.2370332,0.24421602,9.715967
32.644,0.23463893,0.24421602,9.7135725
32.674,0.22985038,0.25139886,9.727939
32.714,0.22985038,0.23942748,9.708784
32.744,0.22266756,0.24421602,9.732727
32.774,0.23463893,0.23942748,9.7135725
32.814,0.20351335,0.2466103,9.732727
32.843,0.21548474,0.26097596,9.715967
32.874,0.25379312,0.24900457,9.70639
32.904,0.25139886,0.2561874,9.701602
32.946,0.22985038,0.25139886,9.703996
32.974,0.24182175,0.25379312,9.718362
33.010,0.23942748,0.26337022,9.708784
33.042,0.2466103,0.2561874,9.711179
33.084,0.24182175,0.2370332,9.711179
33.113,0.23463893,0.25139886,9.725544
33.142,0.23224466,0.25379312,9.703996
33.176,0.21309046,0.26337022,9.70639
33.214,0.23224466,0.25379312,9.701602
33.242,0.21787901,0.22506183,9.694419
33.274,0.2370332,0.2561874,9.703996
33.315,0.22745611,0.2466103,9.720756
33.343,0.22266756,0.2466103,9.699207
33.375,0.21069619,0.25858167,9.725544
33.415,0.2370332,0.23224466,9.70639
33.443,0.21548474,0.2466103,9.715967
33.483,0.2370332,0.25379312,9.680053
33.514,0.22506183,0.25139886,9.718362
33.543,0.22985038,0.26337022,9.718362
33.584,0.22506183,0.24900457,9.708784
33.615,0.22266756,0.25139886,9.730332
33.644,0.23463893,0.24421602,9.720756
33.683,0.22266756,0.25379312,9.718362
33.714,0.22745611,0.24421602,9.718362
33.755,0.23224466,0.2466103,9.708784
33.784,0.21309046,0.24421602,9.7135725
33.814,0.21069619,0.24182175,9.711179
33.854,0.23224466,0.24421602,9.725544
33.884,0.23942748,0.26097596,9.727939
33.915,0.24900457,0.25858167,9.701602
33.954,0.23463893,0.23463893,9.737515
33.984,0.22506183,0.2561874,9.703996
34.014,0.2370332,0.2466103,9.694419
34.053,0.20590763,0.2466103,9.7135725
34.083,0.24421602,0.24182175,9.725544
34.115,0.23942748,0.22985038,9.708784
34.154,0.21787901,0.2466103,9.70639
34.182,0.25858167,0.25139886,9.696813
34.222,0.2370332,0.25858167,9.718362
34.253,0.2466103,0.24900457,9.711179
34.283,0.24421602,0.24421602,9.70639
34.323,0.2466103,0.25139886,9.720756
34.354,0.24182175,0.25139886,9.6896305
34.384,0.23224466,0.2561874,9.711179
34.423,0.23224466,0.25379312,9.708784
34.454,0.23224466,0.24900457,9.699207
34.494,0.2370332,0.2466103,9.703996
34.520,0.23224466,0.24182175,9.703996
34.554,0.23942748,0.25139886,9.715967
34.595,0.23224466,0.24182175,9.699207
34.624,0.24421602,0.24421602,9.692024
34.654,0.23463893,0.24900457,9.7135725
34.696,0.2370332,0.2561874,9.692024
34.724,0.22745611,0.25379312,9.735122
34.754,0.21069619,0.26337022,9.718362
34.795,0.22027329,0.25139886,9.7135725
34.823,0.20590763,0.25858167,9.7135725
34.854,0.22985038,0.25379312,9.730332
34.896,0.22985038,0.24900457,9.72315
34.924,0.21787901,0.24421602,9.727939
34.954,0.24182175,0.26097596,9.711179
34.997,0.22745611,0.26097596,9.711179
35.022,0.2370332,0.24421602,9.718362
35.063,0.24182175,0.25379312,9.720756
35.099,0.22745611,0.24421602,9.703996
35.123,0.22985038,0.25139886,9.70639
35.162,0.22985038,0.25379312,9.701602
35.193,0.22506183,0.24182175,9.72315
35.235,0.22266756,0.2561874,9.7135725
35.263,0.2083019,0.2466103,9.70639
35.294,0.21309046,0.2561874,9.732727
35.335,0.20590763,0.25139886,9.715967
35.364,0.24900457,0.24900457,9.730332
35.396,0.23224466,0.25379312,9.711179
35.437,0.22506183,0.2561874,9.715967
35.463,0.2561874,0.24900457,9.694419
35.495,0.22506183,0.23942748,9.699207
35.526,0.22506183,0.25139886,9.72315
35.565,0.23942748,0.25858167,9.696813
35.595,0.21309046,0.24421602,9.708784
35.635,0.23942748,0.24182175,9.735122
35.663,0.2561874,0.2370332,9.696813
35.693,0.21787901,0.2561874,9.725544
35.735,0.22027329,0.24900457,9.7135725
35.763,0.2370332,0.26097596,9.699207
35.794,0.22027329,0.24421602,9.715967
35.834,0.24182175,0.24900457,9.694419
35.863,0.22506183,0.2561874,9.70639
35.903,0.23942748,0.2370332,9.70639
35.936,0.22985038,0.24182175,9.708784
35.963,0.20590763,0.2370332,9.718362
36.003,0.24182175,0.25858167,9.699207
36.033,0.22027329,0.25139886,9.720756
36.073,0.23463893,0.26097596,9.694419
36.102,0.22985038,0.2561874,9.708784
36.134,0.21069619,0.24182175,9.708784
36.173,0.24182175,0.23463893,9.694419
36.202,0.21787901,0.25858167,9.72315
36.234,0.19633053,0.25139886,9.718362
36.274,0.24900457,0.25139886,9.692024
36.303,0.22745611,0.22985038,9.727939
36.335,0.23224466,0.25379312,9.720756
36.374,0.21787901,0.24900457,9.708784
36.404,0.22027329,0.25858167,9.732727
36.435,0.23463893,0.2561874,9.699207
36.474,0.2083019,0.24182175,9.718362
36.503,0.2466103,0.25858167,9.7135725
36.534,0.24421602,0.2466103,9.687236
36.574,0.21309046,0.2561874,9.718362
36.603,0.24182175,0.25858167,9.692024
36.635,0.25139886,0.24900457,9.715967
36.675,0.24900457,0.24900457,9.72315
36.703,0.24900457,0.25139886,9.715967
36.742,0.22745611,0.25139886,9.720756
36.775,0.22985038,0.22985038,9.708784
36.803,0.22745611,0.25379312,9.70639
36.844,0.22506183,0.25139886,9.708784
36.874,0.25379312,0.24182175,9.692024
36.903,0.24421602,0.25858167,9.7135725
36.936,0.2083019,0.2466103,9.727939
36.974,0.22745611,0.24421602,9.708784
37.005,0.22027329,0.24900457,9.727939
37.043,0.23942748,0.22745611,9.694419
37.075,0.22266756,0.2561874,9.720756
37.113,0.2466103,0.24182175,9.699207
37.142,0.23224466,0.24421602,9.6896305
37.175,0.22027329,0.24421602,9.720756
37.214,0.2466103,0.25139886,9.701602
37.242,0.22027329,0.23224466,9.718362
37.274,0.21069619,0.27294734,9.725544
37.315,0.22985038,0.24421602,9.703996
37.343,0.21548474,0.24421602,9.720756
37.374,0.22985038,0.26337022,9.725544
37.414,0.21309046,0.25858167,9.708784
37.443,0.22027329,0.24421602,9.701602
37.474,0.23942748,0.25139886,9.732727
37.515,0.22266756,0.24421602,9.744699
37.546,0.23224466,0.2466103,9.718362
37.576,0.24421602,0.24900457,9.70639
37.614,0.19393626,0.25139886,9.732727
37.643,0.22506183,0.24900457,9.701602
37.677,0.2466103,0.2466103,9.711179
37.716,0.23224466,0.24421602,9.720756
37.743,0.2466103,0.2466103,9.699207
37.783,0.23942748,0.26097596,9.715967
37.814,0.23942748,0.2561874,9.699207
37.844,0.25139886,0.24182175,9.703996
37.883,0.2370332,0.24421602,9.708784
37.914,0.23942748,0.24421602,9.696813
37.944,0.22266756,0.23942748,9.70639
37.985,0.24900457,0.25139886,9.703996
38.014,0.24182175,0.25379312,9.703996
38.057,0.24421602,0.24182175,9.725544
38.088,0.25139886,0.23463893,9.684841
38.115,0.22266756,0.24900457,9.696813
38.153,0.22266756,0.24900457,9.696813
38.182,0.2370332,0.2370332,9.708784
38.213,0.23224466,0.2466103,9.703996
38.254,0.25139886,0.24421602,9.687236
38.283,0.23224466,0.26337022,9.70639
38.314,0.22027329,0.2466103,9.720756
38.355,0.25379312,0.2466103,9.70639
38.384,0.21548474,0.24421602,9.715967
38.423,0.25379312,0.24182175,9.703996
38.454,0.2370332,0.24421602,9.6896305
38.482,0.2083019,0.23942748,9.7135725
38.523,0.24182175,0.2561874,9.682447
38.554,0.22266756,0.2657645,9.725544
38.583,0.23224466,0.27294734,9.725544
38.624,0.2561874,0.25139886,9.715967
38.656,0.22506183,0.25139886,9.727939
38.684,0.24900457,0.23224466,9.730332
38.723,0.21787901,0.25858167,9.73991
38.754,0.22027329,0.23942748,9.711179
38.795,0.25379312,0.24421602,9.72315
38.823,0.22027329,0.24421602,9.708784
38.855,0.22745611,0.24900457,9.7135725
38.895,0.20590763,0.25858167,9.725544
38.923,0.21787901,0.25379312,9.727939
38.955,0.22985038,0.23463893,9.70639
38.994,0.21787901,0.26097596,9.730332
39.022,0.22745611,0.24182175,9.72315
39.055,0.24182175,0.25139886,9.703996
39.094,0.24421602,0.3232271,9.72315
39.123,0.20590763,0.19633053,9.747093
39.162,0.20590763,0.25858167,9.70639
39.193,0.24182175,0.25379312,9.7135725
39.225,0.23942748,0.2466103,9.718362
39.256,0.22745611,0.26337022,9.701602
39.293,0.25379312,0.24900457,9.70639
39.323,0.22266756,0.26097596,9.6896305
39.363,0.23224466,0.23224466,9.6896305
39.394,0.25139886,0.26097596,9.703996
39.424,0.21069619,0.24182175,9.708784
39.463,0.25379312,0.23224466,9.6896305
39.495,0.22745611,0.26337022,9.70639
39.533,0.22506183,0.26337022,9.718362
39.564,0.23224466,0.2466103,9.708784
39.594,0.21309046,0.2777359,9.694419
39.634,0.23942748,0.24421602,9.696813
39.662,0.23942748,0.2370332,9.694419
39.696,0.20351335,0.2561874,9.70639
39.725,0.21548474,0.24421602,9.699207
39.763,0.22506183,0.23942748,9.711179
39.793,0.22745611,0.25379312,9.718362
39.834,0.22266756,0.24900457,9.7135725
39.863,0.22506183,0.24900457,9.725544
39.894,0.22985038,0.23942748,9.7135725
39.934,0.21309046,0.24900457,9.732727
39.964,0.25858167,0.2370332,9.718362
39.995,0.22985038,0.23942748,9.70639
40.033,0.22266756,0.25858167,9.715967
40.063,0.22985038,0.25379312,9.701602
40.102,0.22745611,0.25379312,9.711179
40.132,0.22985038,0.24421602,9.72315
40.162,0.23942748,0.2657645,9.708784
40.202,0.21548474,0.2681588,9.737515
40.236,0.24182175,0.24182175,9.708784
40.263,0.23463893,0.25858167,9.718362
40.304,0.2370332,0.24421602,9.7135725
40.333,0.25858167,0.24421602,9.70639
40.364,0.23224466,0.24900457,9.70639
40.403,0.24900457,0.25379312,9.720756
40.435,0.2370332,0.24900457,9.677659
40.464,0.22266756,0.25139886,9.711179
40.503,0.24421602,0.2561874,9.7135725
40.537,0.24900457,0.2370332,9.701602
40.576,0.2466103,0.2370332,9.6896305
40.604,0.23942748,0.26337022,9.699207
40.635,0.22266756,0.2466103,9.701602
40.674,0.23942748,0.25139886,9.696813
40.702,0.22985038,0.24900457,9.701602
40.735,0.23224466,0.25858167,9.715967
40.775,0.25139886,0.24421602,9.696813
40.804,0.21787901,0.25139886,9.711179
40.835,0.21309046,0.25379312,9.725544
40.880,0.23224466,0.23942748,9.6896305
40.904,0.21787901,0.25858167,9.725544
40.943,0.23942748,0.24421602,9.6896305
40.974,0.22027329,0.23463893,9.696813
41.003,0.22506183,0.2561874,9.720756
41.043,0.23224466,0.25379312,9.6896305
41.075,0.22506183,0.25379312,9.7135725
41.103,0.21309046,0.2466103,9.715967
41.143,0.22266756,0.25139886,9.70639
41.175,0.22985038,0.26097596,9.737515
41.214,0.25139886,0.25379312,9.696813
41.243,0.2083019,0.24900457,9.699207
41.276,0.23463893,0.2657645,9.725544
41.304,0.23942748,0.24182175,9.692024
41.345,0.21069619,0.2370332,9.701602
41.375,0.23942748,0.24182175,9.720756
41.415,0.21309046,0.27055305,9.725544
41.445,0.22266756,0.24421602,9.725544
41.475,0.23224466,0.24421602,9.703996
41.515,0.21069619,0.2657645,9.735122
41.544,0.22745611,0.25379312,9.699207
41.575,0.23942748,0.22985038,9.7135725
41.616,0.20351335,0.25858167,9.727939
41.645,0.25139886,0.23942748,9.682447
41.676,0.21787901,0.2466103,9.701602
41.717,0.23942748,0.24421602,9.73991
41.745,0.23942748,0.2466103,9.684841
41.776,0.21309046,0.2466103,9.7135725
41.816,0.2466103,0.24182175,9.703996
41.844,0.23463893,0.24421602,9.699207
41.876,0.21309046,0.24900457,9.718362
41.916,0.24182175,0.2561874,9.70639
41.944,0.22985038,0.24900457,9.732727
41.984,0.25139886,0.26097596,9.696813
42.015,0.22985038,0.26097596,9.720756
42.044,0.22506183,0.24182175,9.725544
42.077,0.22506183,0.25379312,9.725544
42.114,0.20590763,0.2466103,9.684841
42.145,0.2370332,0.24900457,9.727939
42.183,0.22506183,0.24421602,9.692024
42.214,0.22266756,0.23942748,9.720756
42.257,0.25139886,0.2561874,9.696813
42.285,0.22506183,0.25858167,9.696813
42.315,0.22027329,0.24182175,9.696813
42.355,0.22506183,0.23224466,9.701602
42.384,0.22027329,0.27055305,9.727939
42.415,0.20590763,0.22266756,9.768641
42.454,0.2083019,0.26097596,9.701602
42.484,0.23224466,0.26337022,9.742304
42.516,0.24421602,0.23942748,9.70639
42.555,0.22027329,0.2561874,9.7135725
42.585,0.24182175,0.23942748,9.737515
42.617,0.2657645,0.2370332,9.720756
42.656,0.22506183,0.21548474,9.718362
42.684,0.23463893,0.21787901,9.692024
42.725,0.2370332,0.22506183,9.727939
42.756,0.2657645,0.26337022,9.70639
42.785,0.22745611,0.21309046,9.7135725
42.825,0.23463893,0.2777359,9.725544
42.858,0.23463893,0.25379312,9.711179
42.884,0.22027329,0.2370332,9.699207
42.925,0.25379312,0.23463893,9.687236
42.956,0.23463893,0.25379312,9.7135725
42.985,0.22745611,0.23224466,9.711179
43.023,0.22027329,0.2370332,9.727939
43.055,0.25858167,0.2370332,9.687236
43.094,0.2370332,0.24182175,9.696813
43.124,0.24900457,0.22985038,9.696813
43.154,0.2370332,0.25379312,9.7135725
43.194,0.23463893,0.23942748,9.680053
43.223,0.22266756,0.27055305,9.737515
43.254,0.21309046,0.25858167,9.692024
43.295,0.25139886,0.23463893,9.687236
43.326,0.24182175,0.23463893,9.70639
43.356,0.25139886,0.2681588,9.70639
43.395,0.2466103,0.2657645,9.725544
43.425,0.22266756,0.26337022,9.725544
43.455,0.26337022,0.38068968,9.703996
43.496,0.20351335,0.31843856,9.699207
43.525,0.20590763,0.2777359,9.79019
43.556,0.21548474,0.28013015,9.763853
43.597,0.25139886,0.25379312,9.6896305
43.625,0.27294734,0.25379312,9.703996
43.665,0.29210153,0.2561874,9.744699
43.696,0.22745611,0.24421602,9.711179
43.724,0.29928434,0.23942748,9.680053
43.765,0.20351335,0.24421602,9.73991
43.796,0.21069619,0.28970724,9.703996
43.824,0.25858167,0.21309046,9.684841
43.864,0.23224466,0.26097596,9.727939
43.896,0.27055305,0.25379312,9.725544
43.935,0.29210153,0.2657645,9.732727
43.965,0.23942748,0.2466103,9.701602
43.995,0.2370332,0.27294734,9.708784
44.035,0.22266756,0.25858167,9.737515
44.065,0.23224466,0.2466103,9.708784
44.095,0.2561874,0.2681588,9.696813
44.135,0.24421602,0.28731298,9.701602
44.163,0.2777359,0.24182175,9.694419
44.194,0.23463893,0.24900457,9.696813
44.235,0.24182175,0.24421602,9.696813
44.263,0.2753416,0.23463893,9.701602
44.304,0.2753416,0.2561874,9.684841
44.335,0.25858167,0.27294734,9.701602
44.364,0.24900457,0.25139886,9.703996
44.403,0.25379312,0.27055305,9.701602
44.436,0.24900457,0.23942748,9.7135725
44.464,0.22027329,0.28731298,9.7135725
44.496,0.23942748,0.25858167,9.711179
44.535,0.24421602,0.23463893,9.701602
44.564,0.21787901,0.23463893,9.737515
44.604,0.24900457,0.25379312,9.7135725
44.635,0.26097596,0.25379312,9.720756
44.665,0.24182175,0.2681588,9.718362
44.704,0.24900457,0.2561874,9.718362
44.737,0.18675344,0.2370332,9.696813
44.776,0.2681588,0.2466103,9.670476
44.804,0.23224466,0.2561874,9.725544
44.835,0.23224466,0.2370332,9.694419
44.866,0.19393626,0.26337022,9.711179
44.903,0.22506183,0.22985038,9.737515
44.935,0.24421602,0.24421602,9.684841
44.977,0.23224466,0.2561874,9.715967
45.004,0.2777359,0.22745611,9.715967
45.035,0.23224466,0.21548474,9.703996
45.079,0.24182175,0.26097596,9.701602
45.103,0.24900457,0.23463893,9.701602
45.135,0.25379312,0.2370332,9.670476
45.174,0.18435916,0.24182175,9.72315
45.204,0.2777359,0.2561874,9.715967
45.243,0.23224466,0.24182175,9.727939
45.277,0.20111908,0.22745611,9.699207
45.304,0.2657645,0.23463893,9.718362
45.336,0.23224466,0.2466103,9.699207
45.375,0.23942748,0.22266756,9.675264
45.404,0.23942748,0.25139886,9.730332
45.444,0.21309046,0.22506183,9.730332
45.475,0.23942748,0.22027329,9.687236
45.516,0.26097596,0.22985038,9.692024
45.545,0.28013015,0.2466103,9.72315
45.575,0.2466103,0.24182175,9.720756
45.605,0.17717634,0.24900457,9.735122
45.645,0.21548474,0.28731298,9.692024
45.679,0.23942748,0.2370332,9.711179
45.715,0.22027329,0.22266756,9.670476
45.744,0.2370332,0.26337022,9.737515
45.776,0.2561874,0.2681588,9.699207
45.818,0.24182175,0.27055305,9.682447
45.844,0.20351335,0.2753416,9.727939
45.875,0.18675344,0.2753416,9.720756
45.914,0.2466103,0.27294734,9.708784
45.944,0.2561874,0.2561874,9.72315
45.983,0.28013015,0.24900457,9.70639
46.014,0.26337022,0.26097596,9.749487
46.043,0.23942748,0.22745611,9.727939
46.084,0.22266756,0.23224466,9.727939
46.114,0.26097596,0.27055305,9.737515
46.154,0.26097596,0.26097596,9.711179
46.182,0.20111908,0.2466103,9.70639
46.214,0.2561874,0.28252444,9.711179
46.244,0.22506183,0.2561874,9.711179
46.284,0.2370332,0.2753416,9.718362
46.315,0.23463893,0.25139886,9.70639
46.345,0.2561874,0.25139886,9.696813
46.385,0.2466103,0.24900457,9.725544
46.416,0.22745611,0.22506183,9.701602
46.445,0.24182175,0.23463893,9.696813
46.484,0.24421602,0.23942748,9.687236
46.516,0.21548474,0.27294734,9.699207
46.555,0.21787901,0.2561874,9.718362
46.584,0.2777359,0.2561874,9.687236
46.617,0.25858167,0.25379312,9.715967
46.656,0.22266756,0.25379312,9.730332
46.684,0.26097596,0.24421602,9.684841
46.715,0.22266756,0.24900457,9.708784
46.757,0.21787901,0.17478207,9.684841
46.784,0.20111908,0.21548474,9.694419
46.816,0.22985038,0.27294734,9.72315
46.855,0.23942748,0.27055305,9.703996
46.885,0.22745611,0.23942748,9.70639
46.924,0.26337022,0.24182175,9.718362
46.956,0.21787901,0.23463893,9.703996
46.985,0.22506183,0.2657645,9.725544
47.016,0.27294734,0.22985038,9.708784
47.062,0.22266756,0.24900457,9.703996
47.085,0.21069619,0.24900457,9.715967
47.123,0.20351335,0.2657645,9.715967
47.154,0.22506183,0.2681588,9.7135725
47.195,0.30167863,0.23224466,9.668081
47.223,0.19154198,0.22985038,9.715967
47.254,0.2561874,0.25858167,9.701602
47.295,0.22506183,0.25139886,9.749487
47.324,0.2370332,0.2657645,9.680053
47.355,0.17478207,0.2561874,9.715967
47.395,0.20111908,0.23463893,9.711179
47.424,0.22266756,0.24900457,9.715967
47.455,0.2370332,0.22266756,9.699207
47.495,0.19154198,0.2466103,9.73991
47.524,0.2370332,0.25379312,9.725544
47.556,0.27294734,0.23224466,9.687236
47.594,0.27055305,0.25139886,9.720756
47.624,0.27055305,0.27055305,9.684841
47.656,0.21069619,0.25139886,9.696813
47.695,0.19633053,0.2370332,9.703996
47.724,0.18914771,0.23942748,9.692024
47.756,0.23224466,0.26097596,9.694419
47.796,0.24900457,0.2466103,9.696813
47.824,0.22506183,0.21787901,9.725544
47.856,0.23463893,0.23942748,9.70639
47.894,0.28731298,0.2370332,9.699207
47.924,0.22027329,0.26097596,9.72315
47.964,0.24900457,0.24421602,9.6896305
47.995,0.2083019,0.24900457,9.70639
48.034,0.25379312,0.24900457,9.718362
48.059,0.20351335,0.25139886,9.715967
48.097,0.22985038,0.23942748,9.699207
48.134,0.26097596,0.26097596,9.699207
48.163,0.22506183,0.26337022,9.70639
48.195,0.2083019,0.24900457,9.7135725
48.234,0.22027329,0.2657645,9.694419
48.264,0.22506183,0.24421602,9.701602
48.294,0.21787901,0.25379312,9.720756
48.336,0.2466103,0.24182175,9.694419
48.364,0.23224466,0.25139886,9.708784
48.396,0.2370332,0.26097596,9.711179
48.435,0.22266756,0.26337022,9.711179
48.464,0.22266756,0.25379312,9.711179
48.495,0.25379312,0.2370332,9.682447
48.534,0.23942748,0.26097596,9.732727
48.564,0.20111908,0.22506183,9.703996
48.604,0.21309046,0.17717634,9.684841
48.635,0.2466103,0.29210153,9.725544
48.664,0.28013015,0.29928434,9.701602
48.696,0.26337022,0.2944958,9.694419
48.737,0.23463893,0.22506183,9.761458
48.764,0.22506183,0.22745611,9.711179
48.803,0.26337022,0.25139886,9.727939
48.835,0.13647367,0.20111908,9.6896305
48.865,0.37111259,0.2370332,9.701602
48.905,0.21069619,0.2466103,9.763853
48.936,0.2753416,0.2777359,9.6896305
48.974,0.17238778,0.28013015,9.73991
49.003,0.19393626,0.22985038,9.718362
49.038,0.25858167,0.2777359,9.648928
49.078,0.22266756,0.2681588,9.675264
49.103,0.17478207,0.2849187,9.775824
49.134,0.40463245,0.22985038,9.8237095
49.175,0.38068968,0.41181526,9.8548355
49.203,0.2753416,0.2849187,9.598648
49.234,0.18914771,0.21069619,9.754275
49.276,0.28252444,0.2681588,9.711179
49.303,0.27055305,0.20590763,9.7135725
49.335,0.19154198,0.23224466,9.711179
49.377,0.28013015,0.28970724,9.703996
49.403,0.2561874,0.30167863,9.727939
49.444,0.26337022,0.23463893,9.668081
49.475,0.21309046,0.22027329,9.708784
49.503,0.29928434,0.25858167,9.7135725
49.544,0.24900457,0.28013015,9.694419
49.575,0.20351335,0.23224466,9.708784
49.604,0.21548474,0.21787901,9.687236
49.644,0.17717634,0.21309046,9.725544
49.675,0.21787901,0.28013015,9.720756
49.715,0.11013664,0.25379312,9.711179
49.744,0.20111908,0.27055305,9.73991
49.776,0.16520496,0.26337022,9.703996
49.817,0.21069619,0.23463893,9.7135725
49.844,0.21548474,0.2681588,9.730332
49.874,0.24182175,0.2561874,9.703996
49.915,0.22985038,0.2561874,9.718362
49.944,0.23224466,0.2561874,9.70639
49.975,0.23224466,0.24182175,9.708784
50.015,0.2083019,0.25858167,9.7135725
50.044,0.22745611,0.2657645,9.696813
50.083,0.24900457,0.25379312,9.692024
50.114,0.23463893,0.24421602,9.708784
50.143,0.22506183,0.2466103,9.718362
50.175,0.2370332,0.22506183,9.699207
50.216,0.22266756,0.24421602,9.703996
50.244,0.22027329,0.26097596,9.687236
50.285,0.22745611,0.2753416,9.72315
50.316,0.23463893,0.26337022,9.694419
50.345,0.21069619,0.24182175,9.7135725
50.376,0.2370332,0.26337022,9.701602
50.416,0.22027329,0.25379312,9.715967
50.455,0.22506183,0.25379312,9.725544
50.478,0.21548474,0.2681588,9.703996
50.516,0.2561874,0.22266756,9.692024
50.545,0.20111908,0.2681588,9.72315
50.585,0.22745611,0.24900457,9.703996
50.616,0.22266756,0.2657645,9.699207
50.645,0.20351335,0.23942748,9.73991
50.684,0.2370332,0.25139886,9.720756
50.717,0.20111908,0.25858167,9.727939
50.755,0.1987248,0.2657645,9.701602
50.784,0.19633053,0.24182175,9.70639
50.816,0.20351335,0.26097596,9.732727
50.856,0.22985038,0.26337022,9.699207
50.887,0.22985038,0.2370332,9.696813
50.918,0.21069619,0.25139886,9.70639
50.954,0.23463893,0.2657645,9.711179
50.983,0.23463893,0.25379312,9.73991
51.024,0.21548474,0.25139886,9.718362
51.054,0.22985038,0.22985038,9.735122
51.083,0.17238778,0.21069619,9.682447
51.122,0.16520496,0.22985038,9.517242
51.154,0.3423813,0.62251145,9.9889145
51.194,0.17957062,0.22506183,9.567522
51.223,0.21309046,0.22266756,9.8237095
51.255,0.1987248,0.2370332,9.562734
51.284,0.26097596,0.25139886,9.732727
51.324,0.2681588,0.26097596,9.75667
51.355,0.24900457,0.24421602,9.7135725
51.395,0.21787901,0.27294734,9.744699
51.424,0.22506183,0.2681588,9.687236
51.455,0.23942748,0.2777359,9.7135725
51.496,0.21069619,0.28013015,9.725544
51.524,0.2370332,0.23463893,9.711179
51.555,0.24421602,0.25379312,9.687236
51.595,0.24900457,0.29689008,9.720756
51.623,0.24182175,0.25379312,9.699207
51.655,0.24182175,0.2657645,9.703996
51.695,0.23942748,0.26337022,9.692024
51.724,0.23224466,0.28013015,9.7135725
51.756,0.24182175,0.2681588,9.7135725
51.796,0.21548474,0.22985038,9.701602
51.824,0.25139886,0.27055305,9.7135725
51.864,0.2561874,0.27055305,9.70639
51.895,0.25379312,0.2561874,9.6896305
51.924,0.22027329,0.2681588,9.7135725
51.964,0.22985038,0.2466103,9.680053
51.995,0.22506183,0.27055305,9.711179
52.023,0.2466103,0.30167863,9.727939
52.057,0.23224466,0.25139886,9.735122
52.096,0.21787901,0.24900457,9.699207
52.133,0.2466103,0.2657645,9.687236
52.162,0.27294734,0.2753416,9.715967
52.194,0.23463893,0.26337022,9.73991
52.234,0.23942748,0.24182175,9.682447
52.263,0.22266756,0.28731298,9.718362
52.295,0.23224466,0.29689008,9.737515
52.337,0.23942748,0.26097596,9.694419
52.364,0.24900457,0.26337022,9.720756
52.394,0.24421602,0.2777359,9.735122
52.435,0.22506183,0.28252444,9.70639
52.464,0.24421602,0.26337022,9.699207
52.495,0.25139886,0.26337022,9.696813
52.536,0.22266756,0.2944958,9.732727
52.564,0.24900457,0.24900457,9.701602
52.596,0.23942748,0.2561874,9.687236
52.635,0.23463893,0.2849187,9.70639
52.664,0.25379312,0.25858167,9.701602
52.696,0.26337022,0.2777359,9.703996
52.734,0.2083019,0.28013015,9.737515
52.764,0.23224466,0.2561874,9.684841
52.805,0.2370332,0.28252444,9.711179
52.836,0.26337022,0.2681588,9.701602
52.864,0.22985038,0.27294734,9.696813
52.904,0.22506183,0.2657645,9.708784
52.935,0.25858167,0.2753416,9.694419
52.965,0.25379312,0.24900457,9.72315
53.004,0.23942748,0.26097596,9.6896305
53.035,0.24900457,0.26097596,9.711179
53.075,0.22985038,0.24900457,9.703996
53.103,0.2466103,0.26097596,9.684841
53.134,0.22266756,0.2849187,9.7135725
53.174,0.24900457,0.2849187,9.694419
53.203,0.23942748,0.26097596,9.725544
53.235,0.23463893,0.28731298,9.720756
53.274,0.25139886,0.2657645,9.701602
53.303,0.22985038,0.2777359,9.711179
53.335,0.25139886,0.2657645,9.735122
53.375,0.22985038,0.2777359,9.718362
53.404,0.2370332,0.2753416,9.711179
53.436,0.25139886,0.25139886,9.70639
53.475,0.23224466,0.28970724,9.70639
53.504,0.24900457,0.27055305,9.72315
53.536,0.25379312,0.2466103,9.720756
53.575,0.20590763,0.2944958,9.720756
53.604,0.2466103,0.2777359,9.70639
53.644,0.22027329,0.2849187,9.711179
53.675,0.23224466,0.27294734,9.718362
53.703,0.26097596,0.27294734,9.708784
53.736,0.21787901,0.25379312,9.694419
53.777,0.2466103,0.2657645,9.711179
53.804,0.2370332,0.26097596,9.696813
53.844,0.24182175,0.27294734,9.715967
53.877,0.25858167,0.25858167,9.696813
53.904,0.23942748,0.2777359,9.708784
53.944,0.25858167,0.28013015,9.694419
53.976,0.24900457,0.27294734,9.692024
54.005,0.23224466,0.27055305,9.720756
54.048,0.25139886,0.27055305,9.696813
54.074,0.24421602,0.2561874,9.694419
54.116,0.26097596,0.27294734,9.692024
54.143,0.2561874,0.28013015,9.696813
54.174,0.22027329,0.25858167,9.708784
54.214,0.26337022,0.26337022,9.6896305
54.244,0.24900457,0.26337022,9.7135725
54.276,0.2466103,0.2849187,9.720756
54.309,0.2561874,0.27055305,9.7135725
54.344,0.23463893,0.28013015,9.742304
54.383,0.2561874,0.2849187,9.6896305
54.414,0.23224466,0.26097596,9.703996
54.443,0.21548474,0.2753416,9.72315
54.484,0.23463893,0.26337022,9.699207
54.515,0.24182175,0.2753416,9.694419
54.545,0.23942748,0.2681588,9.72315
54.582,0.23463893,0.2657645,9.711179
54.616,0.24182175,0.29210153,9.70639
54.644,0.23463893,0.28013015,9.711179
54.684,0.22027329,0.2777359,9.7135725
54.715,0.2466103,0.28970724,9.720756
54.744,0.22506183,0.25379312,9.694419
54.783,0.22745611,0.2753416,9.735122
54.815,0.22027329,0.27055305,9.715967
54.856,0.22027329,0.29210153,9.696813
54.882,0.22027329,0.28252444,9.720756
54.914,0.2466103,0.25858167,9.711179
54.954,0.22266756,0.28013015,9.720756
54.984,0.24421602,0.27294734,9.70639
55.014,0.24900457,0.25139886,9.703996
55.055,0.23224466,0.2777359,9.732727
55.084,0.23463893,0.26337022,9.682447
55.114,0.24900457,0.27055305,9.699207
55.154,0.2370332,0.2561874,9.696813
55.183,0.26337022,0.25858167,9.670476
55.216,0.25858167,0.24900457,9.703996
55.254,0.24182175,0.26337022,9.718362
55.283,0.23224466,0.2681588,9.711179
55.325,0.24900457,0.2657645,9.684841
55.354,0.24900457,0.26097596,9.70639
55.384,0.23224466,0.29210153,9.703996
55.423,0.23224466,0.2681588,9.6896305
55.454,0.2370332,0.2561874,9.72315
55.495,0.24421602,0.26337022,9.701602
55.524,0.2466103,0.2681588,9.694419
55.554,0.24182175,0.28731298,9.718362
55.584,0.24421602,0.2681588,9.737515
55.623,0.24182175,0.2777359,9.699207
55.655,0.22985038,0.27294734,9.708784
55.695,0.2370332,0.24900457,9.684841
55.724,0.23942748,0.2753416,9.718362
55.755,0.2466103,0.28013015,9.725544
55.794,0.23463893,0.2561874,9.682447
55.823,0.2370332,0.28013015,9.720756
55.856,0.2370332,0.28013015,9.7135725
55.895,0.22506183,0.2657645,9.703996
55.925,0.24182175,0.25858167,9.70639
55.957,0.2561874,0.2561874,9.72315
55.995,0.22745611,0.27055305,9.7135725
56.023,0.21069619,0.28013015,9.72315
56.055,0.25858167,0.2681588,9.699207
56.094,0.22745611,0.28013015,9.732727
56.123,0.26337022,0.2657645,9.692024
56.163,0.22985038,0.2753416,9.715967
56.194,0.25379312,0.27294734,9.708784
56.223,0.23942748,0.25858167,9.711179
56.263,0.2370332,0.28013015,9.715967
56.295,0.23463893,0.27055305,9.7135725
56.324,0.2466103,0.2681588,9.692024
56.364,0.24182175,0.28252444,9.727939
56.394,0.23942748,0.2561874,9.696813
56.435,0.23224466,0.2777359,9.711179
56.464,0.24900457,0.27294734,9.696813
56.494,0.25858167,0.27055305,9.692024
56.534,0.24421602,0.2777359,9.70639
56.564,0.24421602,0.26337022,9.701602
56.595,0.2370332,0.26337022,9.7135725
56.635,0.23224466,0.2657645,9.701602
56.663,0.24421602,0.27055305,9.703996
56.695,0.2370332,0.2753416,9.715967
56.735,0.22266756,0.2561874,9.696813
56.765,0.22266756,0.27055305,9.727939
56.795,0.23224466,0.28731298,9.727939
56.836,0.24900457,0.27294734,9.701602
56.864,0.22745611,0.2681588,9.701602
56.896,0.22506183,0.27055305,9.7135725
56.936,0.23942748,0.26097596,9.715967
56.964,0.23224466,0.27294734,9.715967
56.996,0.23463893,0.2777359,9.735122
57.034,0.2370332,0.28013015,9.715967
57.064,0.2466103,0.26337022,9.725544
57.103,0.22985038,0.2777359,9.7135725
57.133,0.22745611,0.2849187,9.735122
57.173,0.23942748,0.2849187,9.711179
57.203,0.2370332,0.28970724,9.744699
57.234,0.24182175,0.28013015,9.732727
57.264,0.25139886,0.24900457,9.692024
57.303,0.24182175,0.27055305,9.725544
57.336,0.23463893,0.26337022,9.7135725
57.376,0.22745611,0.27055305,9.701602
57.404,0.23942748,0.2681588,9.711179
57.435,0.24421602,0.28013015,9.70639
57.475,0.21069619,0.2753416,9.735122
57.504,0.23463893,0.25139886,9.720756
57.534,0.23224466,0.25858167,9.692024
57.576,0.2370332,0.28731298,9.732727
57.603,0.22745611,0.2681588,9.687236
57.635,0.26097596,0.25379312,9.70639
57.675,0.24421602,0.2681588,9.70639
57.705,0.25139886,0.26337022,9.701602
57.737,0.24182175,0.2753416,9.703996
57.774,0.24900457,0.27055305,9.687236
57.804,0.23942748,0.27294734,9.7135725
57.844,0.24421602,0.28013015,9.701602
57.875,0.25139886,0.25379312,9.701602
57.904,0.24421602,0.27055305,9.727939
57.936,0.22745611,0.2681588,9.730332
57.975,0.25139886,0.2777359,9.699207
58.004,0.2370332,0.30167863,9.720756
58.044,0.24421602,0.27055305,9.699207
58.074,0.2466103,0.27294734,9.727939
58.114,0.2681588,0.2681588,9.701602
58.144,0.24182175,0.2777359,9.7135725
58.174,0.23224466,0.28252444,9.742304
58.213,0.24421602,0.25858167,9.701602
58.245,0.22745611,0.2849187,9.718362
58.276,0.2466103,0.27055305,9.718362
58.315,0.25139886,0.2849187,9.703996
58.344,0.22985038,0.28252444,9.735122
58.375,0.24421602,0.26097596,9.708784
58.415,0.22506183,0.28252444,9.747093
58.445,0.24182175,0.28013015,9.718362
58.475,0.26097596,0.25139886,9.696813
58.514,0.22266756,0.2753416,9.708784
58.543,0.24182175,0.27294734,9.703996
58.575,0.25858167,0.25858167,9.694419
58.615,0.2370332,0.27294734,9.72315
58.643,0.2561874,0.25858167,9.70639
58.684,0.22506183,0.29210153,9.720756
58.715,0.2370332,0.27294734,9.701602
58.744,0.22745611,0.2561874,9.699207
58.785,0.24900457,0.2657645,9.73991
58.817,0.24900457,0.27294734,9.708784
58.844,0.23224466,0.27055305,9.699207
58.884,0.24900457,0.25858167,9.694419
58.915,0.2370332,0.2657645,9.699207
58.944,0.23942748,0.26097596,9.711179
58.983,0.22985038,0.26337022,9.696813
59.015,0.23942748,0.27055305,9.7135725
59.057,0.25139886,0.28252444,9.711179
59.088,0.24900457,0.25379312,9.70639
59.114,0.23942748,0.28252444,9.718362
59.154,0.23224466,0.25858167,9.699207
59.183,0.22745611,0.28970724,9.718362
59.214,0.22266756,0.28252444,9.725544
59.255,0.25379312,0.26097596,9.694419
59.284,0.22985038,0.26097596,9.7135725
59.315,0.22027329,0.29689008,9.708784
59.355,0.24182175,0.2777359,9.7135725
59.383,0.23224466,0.27294734,9.718362
59.424,0.2370332,0.25139886,9.70639
59.456,0.23942748,0.28252444,9.7135725
59.483,0.23942748,0.2753416,9.742304
59.516,0.25139886,0.28013015,9.701602
59.556,0.23942748,0.28013015,9.715967
59.584,0.24182175,0.27055305,9.703996
59.617,0.23463893,0.2561874,9.6896305
59.656,0.22027329,0.28252444,9.725544
59.684,0.2466103,0.2657645,9.699207
59.717,0.23942748,0.27055305,9.718362
59.754,0.2466103,0.27294734,9.720756
59.784,0.2370332,0.28252444,9.701602
59.824,0.24182175,0.2657645,9.72315
59.857,0.24182175,0.26337022,9.699207
59.895,0.22985038,0.27294734,9.737515
59.925,0.2370332,0.2753416,9.711179
59.955,0.23463893,0.27294734,9.675264
59.995,0.22266756,0.2777359,9.715967
