timestamp,x,y,z
00.004,1.0799999,18.9,-27.84
00.025,1.62,18.9,-27.66
00.065,1.56,20.58,-27.359999
00.107,2.1,19.74,-28.32
00.125,1.62,19.92,-28.08
00.166,1.02,20.16,-27.84
00.208,1.8,19.32,-28.199999
00.248,1.68,19.68,-28.14
00.265,1.8,19.74,-28.8
00.304,1.62,18.539999,-27.84
00.328,1.9799999,18.96,-27.96
00.366,1.1999999,20.16,-27.359999
00.407,1.38,19.68,-28.199999
00.433,1.5,19.74,-28.199999
00.469,1.3199999,19.56,-28.5
00.506,1.5,19.199999,-28.439999
00.530,1.62,18.779999,-28.199999
00.568,1.4399999,19.619999,-28.019999
00.608,1.14,19.14,-28.08
00.647,1.86,19.68,-27.9
00.668,2.04,19.08,-28.08
00.708,1.4399999,18.96,-27.3
00.747,1.4399999,20.16,-27.779999
00.765,1.68,19.439999,-28.14
00.808,1.38,19.92,-27.779999
00.848,1.1999999,19.26,-27.9
00.866,0.17999999,19.68,-27.9
00.905,1.38,19.02,-28.019999
00.946,1.38,19.38,-27.539999
00.966,1.02,20.22,-27.42
01.006,1.5,19.859999,-28.26
01.045,0.84,19.98,-27.84
01.086,1.8,19.5,-27.9
01.106,0.96,19.8,-28.199999
01.144,1.02,19.439999,-27.539999
01.185,1.3199999,19.32,-27.359999
01.204,0.59999996,19.619999,-27.539999
01.245,0.78,19.439999,-27.9
01.285,0.59999996,19.5,-27.779999
01.305,1.26,19.38,-27.779999
01.347,0.96,18.96,-27.48
01.388,1.0799999,19.38,-28.019999
01.404,1.0799999,19.38,-27.66
01.446,1.9799999,19.74,-27.539999
01.486,1.1999999,20.1,-27.779999
01.505,0.59999996,20.16,-27.06
01.545,1.38,19.8,-27.9
01.585,1.14,19.68,-27.539999
01.605,0.65999997,20.039999,-27.48
01.645,1.56,19.859999,-27.599998
01.684,2.22,19.98,-27.359999
01.705,1.86,20.52,-27.599998
01.747,2.22,19.92,-27.9
01.784,1.62,19.26,-27.599998
01.824,1.8,20.4,-27.9
01.845,1.9799999,19.08,-27.48
01.884,1.4399999,20.4,-27.84
01.924,1.3199999,19.619999,-27.9
01.945,1.56,19.14,-28.74
01.985,1.02,19.08,-27.42
02.024,0.12,19.619999,-26.939999
02.044,0.42,19.8,-27.96
02.084,0.9,20.34,-27.66
02.124,1.1999999,18.0,-26.88
02.144,1.56,18.84,-27.48
02.185,1.5,18.539999,-27.359999
02.225,1.4399999,18.9,-27.359999
02.244,1.3199999,19.14,-27.48
02.284,1.4399999,19.56,-27.119999
02.324,2.34,19.439999,-28.439999
02.344,2.1,18.9,-28.5
02.384,1.8,19.02,-27.539999
02.424,1.62,19.32,-28.439999
02.444,2.28,19.26,-27.84
02.485,1.74,20.039999,-27.72
02.524,1.3199999,19.38,-27.18
02.545,0.59999996,18.779999,-27.9
02.584,0.84,19.38,-26.88
02.626,1.92,19.199999,-27.3
02.645,1.8,18.779999,-27.66
02.685,1.62,19.14,-27.119999
02.724,1.38,19.56,-27.18
02.763,1.56,19.439999,-27.66
02.784,2.1,19.98,-27.119999
02.824,1.4399999,19.8,-28.5
02.865,1.86,20.039999,-27.779999
02.884,1.74,19.56,-28.019999
02.925,1.26,19.859999,-26.82
02.964,1.1999999,19.38,-27.66
02.984,1.4399999,19.619999,-27.06
03.024,0.9,19.8,-27.66
03.049,1.92,19.98,-27.9
03.087,1.5,19.02,-27.96
03.125,1.8,19.74,-26.88
03.165,0.96,19.74,-27.599998
03.186,1.74,19.68,-27.9
03.225,1.1999999,19.56,-27.84
03.267,1.56,20.279999,-28.439999
03.285,1.14,19.74,-28.56
03.325,1.5,20.039999,-27.599998
03.363,1.8,20.22,-27.539999
03.384,1.62,20.1,-27.72
03.424,1.26,19.68,-27.539999
03.464,1.3199999,20.039999,-27.359999
03.504,1.14,19.5,-27.72
03.525,0.84,19.68,-27.779999
03.564,1.0799999,19.859999,-27.599998
03.604,1.38,20.22,-27.539999
03.625,1.02,20.16,-26.699999
03.663,1.74,19.8,-26.939999
03.704,0.06,19.56,-28.14
03.724,0.96,19.98,-27.42
03.764,1.68,19.98,-27.539999
03.805,0.24,19.92,-27.72
03.825,0.84,20.22,-27.96
03.864,1.0799999,20.52,-28.439999
03.904,1.26,19.26,-27.48
03.923,1.56,18.96,-28.14
03.963,1.62,19.32,-27.119999
04.005,1.62,20.4,-28.26
04.025,1.92,19.98,-28.38
04.064,1.56,19.8,-28.5
04.104,1.14,19.619999,-28.439999
04.125,1.68,19.56,-28.439999
04.165,0.71999997,20.58,-27.539999
04.204,0.42,20.039999,-27.779999
04.225,1.1999999,19.74,-27.359999
04.264,1.02,19.32,-26.58
04.304,1.56,20.279999,-28.019999
04.346,0.65999997,20.22,-28.14
04.365,1.0799999,19.859999,-28.38
04.405,1.9799999,20.22,-27.599998
04.444,1.74,19.8,-27.84
04.464,1.3199999,19.199999,-27.9
04.504,1.86,19.859999,-28.32
04.544,1.38,19.56,-27.66
04.565,1.1999999,19.619999,-27.42
04.605,1.1999999,19.74,-28.439999
04.644,1.68,19.8,-27.539999
04.664,1.1999999,18.96,-27.66
04.705,1.62,19.439999,-27.779999
04.745,0.96,19.56,-27.84
04.764,1.5,20.16,-28.14
04.804,1.26,19.56,-27.359999
04.844,1.26,19.859999,-28.199999
04.864,1.86,19.98,-27.9
04.904,1.4399999,20.64,-28.08
04.944,0.78,20.039999,-27.9
04.964,1.1999999,19.439999,-28.199999
05.004,1.14,20.46,-28.68
05.045,1.3199999,19.5,-27.66
05.065,1.8,19.74,-27.66
05.105,1.62,19.14,-27.599998
05.132,0.59999996,19.439999,-28.199999
05.184,0.59999996,19.5,-27.84
05.205,0.65999997,19.08,-28.08
05.244,1.5,19.38,-28.32
05.284,1.74,19.859999,-27.18
05.304,1.92,19.68,-27.66
05.344,1.86,19.26,-27.539999
05.385,1.4399999,19.5,-27.96
05.404,1.5,19.68,-29.039999
05.444,1.02,19.68,-27.72
05.484,0.84,19.859999,-28.26
05.506,0.35999998,19.92,-28.8
05.545,2.34,19.619999,-28.56
05.584,1.56,18.359999,-27.119999
05.607,0.96,18.66,-27.72
05.645,1.38,19.439999,-27.48
05.686,1.68,19.32,-27.9
05.706,1.62,18.6,-28.14
05.745,0.71999997,19.08,-28.199999
05.785,0.12,19.199999,-27.84
05.806,1.02,19.98,-27.72
05.845,0.78,19.98,-27.779999
05.884,1.26,19.859999,-27.84
05.904,1.92,19.08,-27.119999
05.943,1.68,19.5,-28.199999
05.984,1.38,18.96,-27.72
06.024,1.56,18.9,-28.74
06.045,1.38,18.6,-27.72
06.083,1.4399999,18.9,-28.199999
06.106,0.96,19.859999,-28.199999
06.146,1.3199999,20.279999,-28.019999
06.185,1.4399999,19.56,-28.14
06.225,1.02,19.8,-27.66
06.245,1.02,19.92,-28.14
06.284,2.22,19.199999,-27.359999
06.324,1.26,19.619999,-27.119999
06.345,1.14,19.8,-27.42
06.383,1.5,19.38,-28.56
06.424,1.86,20.88,-27.42
06.444,0.42,20.16,-27.72
06.484,2.1599998,18.359999,-27.18
06.525,1.4399999,18.9,-27.24
06.543,1.5,19.32,-27.119999
06.584,1.3199999,19.199999,-27.539999
06.624,2.22,19.14,-28.14
06.645,1.8,19.74,-28.019999
06.684,1.3199999,19.56,-28.199999
06.724,1.56,19.92,-27.359999
06.744,1.14,20.16,-28.5
06.783,1.56,20.34,-27.06
06.824,0.96,20.22,-27.72
06.864,0.9,20.46,-27.3
06.883,1.3199999,20.16,-27.84
06.924,1.62,18.779999,-27.06
06.964,0.71999997,20.279999,-28.08
06.984,1.38,19.439999,-27.66
07.024,2.3999999,18.3,-26.699999
07.064,2.1599998,18.72,-27.42
07.084,2.1,18.119999,-27.06
07.124,1.3199999,18.779999,-28.08
07.164,1.62,19.199999,-27.599998
07.184,1.74,19.199999,-27.359999
07.224,1.92,19.98,-27.48
07.264,1.26,19.26,-26.939999
07.283,0.71999997,19.92,-27.96
07.323,1.62,20.22,-27.72
07.364,1.74,20.22,-27.48
07.383,2.04,19.439999,-27.599998
07.425,1.14,19.8,-28.14
07.464,1.5,19.56,-27.9
07.484,1.56,19.02,-27.779999
07.524,1.38,19.56,-27.72
07.563,0.84,18.6,-27.48
07.585,1.02,19.32,-28.08
07.627,1.56,19.859999,-28.019999
07.665,1.9799999,20.22,-27.96
07.687,1.5,19.859999,-27.84
07.724,1.02,19.8,-28.08
07.765,0.35999998,20.16,-28.439999
07.805,1.8,19.74,-27.539999
07.824,1.1999999,19.74,-27.359999
07.864,1.38,19.439999,-27.359999
07.903,1.5,19.98,-27.66
07.924,1.5,20.46,-28.08
07.965,1.02,20.279999,-28.019999
08.005,2.46,19.619999,-27.539999
08.025,2.1,19.56,-27.119999
08.063,1.14,18.96,-27.539999
08.103,0.78,19.26,-28.38
08.124,1.0799999,19.26,-27.48
08.164,1.68,19.02,-27.84
08.207,1.86,19.14,-28.38
08.227,1.4399999,19.92,-28.199999
08.266,1.4399999,18.96,-27.84
08.307,1.38,19.08,-27.72
08.325,1.86,19.619999,-28.439999
08.365,1.92,20.039999,-28.5
08.405,2.28,19.74,-28.26
08.424,1.56,20.16,-28.26
08.463,0.84,19.619999,-27.84
08.504,2.52,19.02,-28.26
08.543,1.62,19.619999,-27.599998
08.564,1.74,19.5,-27.779999
08.604,1.74,19.38,-28.619999
08.644,1.9799999,19.439999,-27.0
08.664,1.14,19.32,-26.88
08.704,1.4399999,19.68,-27.84
08.744,1.1999999,19.619999,-27.779999
08.764,1.56,18.96,-28.26
08.804,1.56,19.56,-27.9
08.844,1.3199999,19.92,-27.66
08.865,1.4399999,19.92,-28.38
08.903,1.38,19.619999,-27.599998
08.929,1.0799999,19.32,-27.42
08.963,0.96,19.5,-27.48
09.002,1.62,20.34,-27.599998
09.043,1.3199999,19.199999,-27.3
09.063,1.68,19.439999,-28.019999
11.105,1.3199999,19.68,-27.539999
11.112,1.56,19.38,-26.76
11.162,1.38,19.859999,-28.56
11.183,1.4399999,19.8,-28.26
11.223,1.3199999,20.16,-28.14
11.263,1.56,19.38,-27.779999
11.283,1.86,19.02,-27.72
11.323,0.71999997,19.199999,-28.32
11.363,1.62,19.32,-26.88
11.383,1.68,19.5,-27.359999
11.422,1.56,18.96,-26.939999
11.462,2.1,18.66,-27.3
11.483,2.34,19.32,-27.3
11.522,0.35999998,19.74,-27.06
11.563,0.71999997,19.619999,-27.779999
11.583,0.84,20.22,-28.439999
11.624,1.02,19.619999,-27.48
11.663,0.84,20.039999,-27.66
11.703,1.74,19.439999,-28.199999
11.723,1.56,20.34,-28.5
11.763,1.14,20.279999,-28.5
11.803,1.8,19.5,-27.96
11.823,1.14,19.68,-28.08
11.863,0.53999996,19.56,-28.68
11.903,1.56,19.56,-28.019999
11.923,1.5,19.859999,-27.96
11.962,1.14,20.279999,-26.82
12.002,1.8,19.8,-27.539999
12.022,1.5,19.92,-27.779999
12.063,1.0799999,19.859999,-28.26
12.103,1.5,19.199999,-27.96
12.123,1.74,19.859999,-28.199999
12.164,1.26,20.039999,-27.48
12.203,1.5,19.68,-28.019999
12.223,1.62,20.22,-27.72
12.262,1.4399999,19.619999,-28.32
12.304,1.9799999,20.46,-28.019999
12.323,2.1599998,19.92,-27.96
12.363,2.28,19.199999,-27.72
12.404,1.14,19.439999,-28.68
12.424,1.0799999,20.039999,-29.039999
12.463,1.68,18.72,-28.199999
12.503,1.4399999,19.859999,-28.199999
12.524,0.53999996,19.74,-27.779999
12.563,1.38,19.5,-27.599998
12.604,1.1999999,19.98,-28.26
12.624,1.56,19.68,-28.5
12.663,1.38,19.92,-28.08
12.704,0.84,19.74,-27.359999
12.743,0.96,20.46,-28.199999
12.768,0.84,20.039999,-27.96
12.803,1.68,19.619999,-28.32
12.843,1.02,20.279999,-27.66
12.864,0.78,20.4,-27.119999
12.903,2.04,19.619999,-28.199999
12.944,1.26,19.74,-28.68
12.963,1.8,20.039999,-28.74
13.005,1.56,18.9,-27.9
13.046,1.14,19.98,-28.38
13.068,1.26,19.199999,-28.619999
13.104,0.78,19.02,-28.32
13.147,2.34,19.38,-28.5
13.165,1.5,19.8,-28.619999
13.205,1.5,19.8,-28.5
13.244,1.9799999,19.619999,-27.539999
13.263,1.9799999,20.1,-27.84
13.303,1.8,19.619999,-28.019999
13.343,1.5,20.1,-28.56
13.364,1.68,20.34,-28.5
13.403,1.26,19.56,-28.019999
13.443,1.1999999,19.859999,-27.9
13.483,1.8,20.76,-28.619999
13.503,0.71999997,20.22,-28.98
13.544,1.74,20.16,-28.74
13.583,1.0799999,19.98,-28.14
13.603,0.17999999,19.859999,-28.199999
13.643,1.4399999,19.68,-27.539999
13.683,1.38,19.26,-28.619999
13.704,1.1999999,18.84,-27.359999
13.744,1.5,19.5,-28.08
13.783,0.78,19.859999,-27.779999
13.803,1.5,19.92,-27.599998
13.844,1.4399999,19.74,-27.72
13.883,1.3199999,20.16,-27.96
13.904,1.62,20.4,-28.08
13.944,1.02,19.619999,-27.84
13.984,2.34,20.46,-27.84
14.005,1.02,20.22,-27.9
14.043,1.38,19.92,-28.14
14.084,1.3199999,20.76,-28.08
14.105,1.38,19.98,-27.9
14.143,1.3199999,19.199999,-27.539999
14.185,0.84,19.439999,-27.84
14.208,1.4399999,18.96,-28.199999
14.244,1.68,19.32,-27.72
14.283,1.92,19.38,-27.9
14.323,1.74,19.26,-28.08
14.344,1.9799999,20.039999,-28.019999
14.385,1.1999999,19.02,-28.439999
14.405,1.4399999,18.18,-28.08
14.444,1.3199999,18.96,-28.199999
14.483,2.1,19.439999,-28.199999
14.524,0.59999996,19.8,-27.66
14.544,0.53999996,19.68,-27.66
14.585,1.5,19.26,-28.199999
14.625,1.92,19.859999,-27.96
14.645,2.1599998,19.199999,-27.779999
14.683,1.68,19.38,-28.439999
14.726,1.02,19.74,-28.5
14.745,1.4399999,19.38,-28.019999
14.794,1.92,20.4,-28.32
14.826,1.56,20.1,-27.66
14.842,2.1,20.52,-27.48
14.884,1.56,20.039999,-26.699999
14.923,2.34,18.6,-28.68
14.943,1.8,19.5,-29.34
14.983,0.48,20.279999,-28.08
15.023,1.62,19.08,-27.66
15.063,1.14,20.58,-27.72
15.083,1.14,19.8,-27.24
15.124,1.74,19.8,-28.32
15.144,1.74,19.92,-28.199999
15.183,1.26,19.68,-27.84
15.223,0.48,20.039999,-28.26
15.263,1.74,20.279999,-27.24
15.283,1.62,19.32,-27.539999
15.323,1.3199999,19.8,-27.42
15.363,2.04,19.98,-27.3
15.382,0.84,20.82,-27.359999
15.422,0.84,18.779999,-28.08
15.463,1.38,19.439999,-27.779999
15.483,0.24,18.96,-28.26
15.523,1.4399999,20.22,-28.92
15.563,0.71999997,20.039999,-28.619999
15.583,1.62,19.56,-28.199999
15.625,0.78,19.02,-28.32
15.663,2.46,19.32,-28.14
15.685,2.52,19.619999,-28.14
15.722,1.92,19.14,-28.199999
15.763,1.3199999,19.38,-27.599998
15.784,1.5,18.84,-26.939999
15.822,1.56,19.859999,-28.38
15.862,2.34,19.68,-28.08
15.903,1.74,19.439999,-27.539999
15.925,1.4399999,19.5,-27.359999
15.963,1.56,19.32,-27.24
16.003,1.56,19.14,-27.359999
16.022,1.26,19.859999,-27.779999
16.064,1.1999999,20.1,-28.08
16.103,1.3199999,19.32,-28.439999
16.123,1.02,19.68,-28.14
16.163,0.59999996,19.859999,-27.96
16.204,1.1999999,19.14,-27.66
16.225,0.78,19.32,-27.48
16.262,1.56,19.26,-27.72
16.303,1.1999999,19.98,-28.019999
16.322,1.56,20.34,-28.38
16.363,1.68,19.199999,-27.72
16.403,1.56,20.52,-27.599998
16.423,1.38,20.699999,-27.84
16.462,1.62,19.14,-27.599998
16.503,1.5,19.98,-27.539999
16.522,1.92,19.74,-27.24
16.563,1.8,19.74,-27.66
16.604,1.74,19.98,-27.84
16.624,0.9,20.039999,-28.019999
16.664,0.9,20.16,-28.08
16.703,0.84,19.8,-28.56
16.724,0.96,19.8,-28.38
16.763,1.92,19.859999,-28.619999
16.803,2.34,19.56,-27.9
16.842,1.38,19.5,-28.38
16.863,1.02,19.32,-28.5
16.903,1.62,19.92,-28.019999
16.943,2.46,20.64,-28.14
16.962,2.52,19.619999,-27.96
17.002,1.1999999,20.1,-27.18
17.041,0.96,20.88,-27.539999
17.061,1.1999999,20.64,-27.42
17.103,1.74,19.14,-27.3
17.142,2.34,19.32,-28.14
17.163,1.68,19.859999,-28.08
17.203,1.8,19.439999,-28.14
17.242,1.68,19.38,-28.68
17.264,1.62,19.56,-28.92
17.303,0.9,19.68,-28.14
17.343,0.65999997,20.039999,-28.26
17.362,1.0799999,19.68,-28.439999
17.403,1.14,20.279999,-27.24
17.444,1.8,19.92,-27.24
17.463,1.0799999,19.5,-27.779999
17.503,1.68,18.84,-27.359999
17.542,1.62,19.98,-26.939999
17.584,1.56,19.38,-27.779999
17.604,1.1999999,19.32,-27.24
17.642,2.1599998,18.72,-28.08
17.684,2.04,18.42,-27.24
17.702,2.04,19.32,-26.64
17.742,1.26,19.859999,-26.4
17.782,1.74,20.279999,-27.3
17.802,1.1999999,19.74,-27.539999
17.842,1.68,19.08,-27.359999
17.882,1.74,19.32,-27.66
17.902,1.74,19.14,-26.939999
17.943,0.96,19.38,-27.18
17.982,1.8,19.5,-27.359999
18.002,1.62,20.52,-27.539999
18.043,1.38,18.9,-28.019999
18.082,2.22,20.279999,-27.84
18.102,1.8,20.4,-27.84
18.149,0.65999997,19.56,-27.72
18.183,0.71999997,19.56,-27.72
18.203,1.14,19.26,-27.0
18.242,0.96,19.68,-27.18
18.282,1.86,20.22,-27.539999
18.303,0.42,19.619999,-28.38
18.343,1.02,19.8,-27.24
18.383,1.5,20.34,-28.14
18.404,1.02,20.64,-27.66
18.445,1.1999999,20.039999,-28.08
18.484,1.86,19.98,-27.66
18.504,1.56,19.56,-27.84
18.544,1.86,19.38,-27.96
18.588,1.3199999,19.8,-28.08
18.624,1.9799999,19.8,-28.019999
18.644,2.04,19.859999,-27.84
18.682,1.86,19.5,-27.66
18.722,1.4399999,19.8,-28.56
18.742,1.4399999,19.199999,-28.26
18.782,1.74,19.199999,-26.939999
18.823,1.4399999,19.26,-27.42
18.842,1.68,19.68,-26.699999
18.883,0.9,20.16,-27.42
18.922,0.96,20.039999,-27.84
18.942,1.38,20.039999,-27.779999
18.982,0.65999997,20.22,-26.76
19.022,1.62,20.34,-27.72
19.042,0.78,19.74,-28.56
19.082,1.68,19.859999,-28.439999
19.123,1.3199999,20.34,-28.5
19.162,0.84,19.92,-27.779999
19.182,0.65999997,20.64,-27.84
19.221,-0.29999998,20.88,-28.199999
19.262,0.65999997,20.82,-29.099998
19.284,0.29999998,20.88,-29.279999
19.321,-0.12,21.539999,-28.619999
19.362,0.84,20.58,-27.599998
19.386,0.59999996,20.16,-28.38
19.422,0.17999999,21.6,-28.38
19.462,0.06,21.3,-28.439999
19.482,0.12,21.84,-28.98
19.522,0.24,20.58,-28.68
19.562,0.24,20.88,-29.099998
19.582,-0.12,20.939999,-28.98
19.622,-0.48,20.82,-29.34
19.662,0.59999996,21.24,-29.039999
19.682,0.29999998,20.58,-29.099998
19.722,-0.06,21.06,-29.279999
19.762,-0.17999999,20.699999,-28.74
19.783,0.0,21.06,-29.099998
19.822,1.14,21.119999,-29.939999
19.865,0.0,21.0,-29.519999
19.883,0.48,20.939999,-29.099998
19.923,0.42,20.46,-28.8
19.963,0.96,20.1,-29.519999
19.983,1.26,20.1,-29.519999
20.023,0.65999997,21.359999,-29.58
20.062,0.17999999,20.58,-29.22
20.102,0.0,21.84,-28.92
20.122,0.06,22.08,-28.92
20.162,0.48,20.34,-29.519999
20.203,0.24,21.3,-29.46
20.222,0.78,20.939999,-29.519999
20.262,0.17999999,20.52,-29.039999
20.302,0.53999996,20.279999,-29.279999
20.322,0.59999996,20.039999,-29.279999
20.362,-0.35999998,20.4,-28.8
20.402,0.59999996,20.88,-29.16
20.422,0.35999998,20.34,-29.039999
20.462,0.42,20.939999,-29.34
20.502,0.29999998,20.82,-28.38
20.522,0.29999998,20.64,-28.439999
20.564,0.0,20.52,-28.68
20.603,0.9,20.34,-28.8
20.625,0.29999998,20.58,-28.98
20.663,-0.35999998,20.939999,-28.98
20.702,0.53999996,20.46,-29.22
20.723,1.0799999,20.939999,-28.74
20.762,-0.06,20.34,-28.98
20.802,0.65999997,21.359999,-29.16
20.842,0.06,21.3,-28.859999
20.862,0.42,20.699999,-28.8
20.902,1.1999999,21.359999,-28.619999
20.942,0.0,20.939999,-28.92
20.962,0.0,20.88,-29.039999
21.002,0.84,21.24,-28.199999
21.042,0.35999998,20.279999,-29.279999
21.063,-0.29999998,20.76,-28.68
21.103,0.12,20.88,-28.56
21.142,0.35999998,21.359999,-29.939999
21.162,0.48,20.88,-29.34
21.202,1.26,19.68,-29.88
21.242,0.35999998,20.279999,-29.34
21.262,0.48,19.98,-28.199999
21.301,0.35999998,20.4,-29.22
21.341,0.71999997,20.699999,-30.3
21.363,0.29999998,20.4,-29.099998
21.402,-0.24,20.279999,-28.92
21.442,0.06,20.88,-29.16
21.463,-0.24,20.64,-28.98
21.503,0.12,20.16,-29.16
21.542,0.78,20.88,-29.039999
21.562,0.0,20.46,-28.32
21.603,0.78,20.1,-28.74
21.644,1.0799999,20.039999,-28.98
21.683,0.59999996,21.42,-29.099998
21.702,0.65999997,20.64,-28.8
21.742,-0.24,21.72,-29.46
21.781,-0.17999999,21.24,-28.439999
21.802,0.9,21.6,-29.039999
21.842,1.1999999,21.48,-29.34
21.882,-0.42,21.42,-28.5
21.902,-0.24,21.359999,-28.74
21.942,-0.06,20.22,-29.519999
21.982,1.0799999,21.359999,-29.279999
22.002,0.42,21.119999,-29.64
22.042,-0.17999999,21.18,-29.519999
22.081,-0.65999997,20.64,-29.279999
22.102,0.42,21.0,-29.039999
22.142,0.65999997,20.4,-28.5
22.182,0.48,20.4,-28.8
22.202,0.71999997,21.24,-29.22
22.243,-0.12,20.76,-29.34
22.281,1.02,20.82,-28.92
22.302,0.53999996,20.039999,-28.68
22.342,-0.06,21.0,-28.68
22.382,-0.48,20.699999,-28.32
22.422,0.17999999,20.64,-29.099998
22.442,0.17999999,20.699999,-29.46
22.482,0.42,21.84,-29.82
22.522,0.29999998,21.0,-28.859999
22.542,0.53999996,20.52,-29.039999
22.581,0.24,21.18,-29.88
22.621,-0.35999998,20.279999,-28.56
22.642,0.35999998,20.88,-28.74
22.682,0.9,21.6,-28.68
22.724,0.59999996,20.279999,-28.92
22.742,0.9,19.74,-29.22
22.782,-0.24,21.359999,-28.8
22.821,0.53999996,21.359999,-29.939999
22.842,0.53999996,21.42,-29.519999
22.882,0.29999998,20.52,-29.279999
22.921,0.48,20.88,-29.46
22.942,0.65999997,20.88,-29.519999
22.982,0.84,20.939999,-30.179998
23.022,1.14,21.3,-29.22
23.041,0.96,20.82,-28.859999
23.081,0.0,21.48,-28.26
23.121,0.06,21.3,-28.439999
23.141,0.84,20.58,-28.14
23.182,0.35999998,21.18,-29.82
23.222,0.48,21.18,-29.64
23.246,0.12,20.699999,-29.22
23.284,0.17999999,19.92,-28.199999
23.322,-0.17999999,20.46,-28.68
23.362,0.12,20.699999,-29.099998
23.382,0.9,21.42,-28.68
23.421,0.06,20.52,-28.8
23.462,0.35999998,21.06,-28.5
23.482,0.35999998,21.24,-28.68
23.522,-0.17999999,20.279999,-29.279999
23.562,-0.29999998,20.88,-28.56
23.582,-0.42,20.64,-28.5
23.622,0.65999997,20.64,-29.279999
23.661,-0.42,20.76,-29.22
23.686,-0.17999999,21.24,-28.56
23.727,0.17999999,20.76,-28.32
23.753,0.0,21.18,-28.5
23.782,0.29999998,20.88,-28.74
23.821,0.06,21.18,-29.58
23.862,-0.24,20.1,-28.5
23.882,-0.53999996,20.039999,-28.38
23.923,0.06,21.06,-29.279999
23.961,0.06,21.18,-29.22
23.983,-0.84,21.48,-28.8
24.022,0.35999998,20.58,-29.699999
24.061,-0.24,21.06,-28.38
24.082,-0.71999997,21.72,-28.859999
24.121,0.12,20.939999,-28.439999
24.163,0.35999998,20.88,-29.099998
24.183,0.59999996,20.16,-29.22
24.222,0.78,20.939999,-29.16
24.262,0.42,21.06,-29.939999
24.284,0.17999999,20.76,-30.06
24.322,0.71999997,20.64,-29.4
24.361,-0.53999996,21.06,-29.519999
24.403,0.12,20.82,-29.58
24.421,-0.29999998,21.18,-29.34
24.463,0.53999996,20.64,-29.279999
24.485,0.24,20.58,-28.98
24.526,0.06,21.0,-28.8
24.562,0.35999998,20.82,-28.5
24.603,-0.35999998,21.119999,-29.279999
24.622,0.48,21.24,-28.56
24.663,-0.42,21.539999,-28.98
24.691,-0.48,21.119999,-29.34
24.721,0.06,22.199999,-29.099998
24.768,0.48,21.18,-29.039999
24.802,1.26,21.539999,-28.26
24.822,0.59999996,20.279999,-28.98
24.862,0.29999998,20.52,-29.82
24.901,0.29999998,20.82,-29.519999
24.942,0.35999998,20.64,-28.68
24.962,0.24,20.58,-28.74
25.004,0.24,20.16,-28.68
25.044,0.71999997,20.699999,-29.34
25.064,0.9,21.24,-29.279999
25.101,0.12,20.34,-28.56
25.124,0.17999999,21.06,-29.34
25.161,0.35999998,20.939999,-28.56
25.202,0.59999996,21.3,-30.0
25.242,0.35999998,20.22,-30.119999
25.263,-0.24,20.34,-29.4
25.302,0.06,21.18,-28.619999
25.341,0.65999997,21.359999,-29.519999
25.363,0.35999998,21.359999,-29.34
25.403,0.53999996,20.82,-28.8
25.447,-0.29999998,21.539999,-29.4
25.461,-0.06,21.06,-29.279999
25.501,0.0,20.58,-29.039999
25.544,0.48,19.56,-29.34
25.562,0.0,19.5,-28.74
25.601,0.9,20.88,-29.039999
25.642,0.78,20.64,-28.619999
25.662,0.96,20.34,-28.38
25.701,0.9,20.82,-29.939999
25.741,0.35999998,21.119999,-29.46
25.762,-0.42,20.76,-29.099998
25.802,-0.35999998,21.42,-28.92
25.842,0.59999996,19.74,-28.5
25.863,0.96,20.939999,-28.38
25.901,0.35999998,21.779999,-29.46
25.943,-0.12,20.46,-29.039999
25.981,0.35999998,21.0,-29.34
26.001,0.9,20.64,-28.56
26.041,0.24,21.6,-28.38
26.084,-0.24,21.0,-28.859999
26.102,-0.12,20.699999,-29.22
26.142,0.84,19.98,-28.74
26.182,0.78,20.52,-29.34
26.201,0.48,20.46,-29.34
26.241,-0.42,20.4,-28.5
26.281,0.71999997,20.939999,-29.039999
26.302,0.65999997,20.58,-28.92
26.341,0.12,21.18,-29.58
26.382,0.42,21.119999,-28.98
26.402,0.9,21.24,-29.58
26.443,0.29999998,20.34,-29.699999
26.483,0.84,19.859999,-29.16
26.502,0.0,20.939999,-29.16
26.542,0.59999996,20.76,-28.5
26.580,0.24,20.279999,-28.26
26.622,0.17999999,20.82,-28.26
26.642,0.29999998,20.76,-27.779999
26.682,1.0799999,21.3,-29.279999
26.722,0.84,20.1,-28.8
26.742,1.3199999,20.1,-28.439999
26.783,0.06,19.98,-28.56
26.822,-0.29999998,21.18,-28.98
26.842,0.06,20.64,-28.8
26.882,0.59999996,21.42,-29.4
26.923,0.84,20.76,-29.46
26.942,0.78,21.0,-29.34
26.984,0.06,21.6,-28.8
27.025,0.96,20.88,-28.68
27.043,1.02,20.52,-28.98
27.082,-0.12,20.88,-29.039999
27.123,-0.06,20.76,-28.5
27.144,-0.06,20.699999,-28.199999
27.182,-0.48,20.88,-28.439999
27.224,0.59999996,21.0,-28.859999
27.243,0.48,19.859999,-28.32
27.283,0.24,20.34,-29.099998
27.323,0.65999997,20.82,-29.22
27.342,0.35999998,20.64,-29.279999
27.383,0.06,20.64,-27.96
27.422,0.59999996,20.939999,-29.76
27.444,0.29999998,20.76,-29.16
27.484,0.84,20.88,-29.34
27.525,0.78,20.82,-29.16
27.544,0.53999996,21.119999,-29.22
27.582,0.06,21.6,-28.98
27.624,0.59999996,20.039999,-28.439999
27.645,0.53999996,20.039999,-29.039999
27.683,0.48,20.699999,-29.34
27.725,1.0799999,21.3,-29.58
27.744,0.12,21.0,-29.82
27.785,0.35999998,20.64,-29.16
27.826,0.0,21.359999,-28.68
27.862,0.17999999,20.46,-28.199999
27.883,-0.06,20.46,-28.199999
27.925,0.29999998,21.0,-28.74
27.963,0.17999999,20.64,-29.58
27.984,0.71999997,21.359999,-29.039999
28.024,0.35999998,20.699999,-29.16
28.063,0.06,20.279999,-28.859999
28.082,0.59999996,20.82,-29.16
28.125,0.78,21.119999,-29.039999
28.166,0.84,20.699999,-30.0
28.185,1.0799999,20.699999,-29.099998
28.226,1.02,20.76,-29.64
28.263,-0.06,20.4,-29.939999
28.286,0.0,20.34,-28.98
28.323,0.78,21.06,-29.039999
28.362,0.24,20.52,-29.46
28.402,0.35999998,20.34,-28.98
28.422,-0.35999998,20.52,-28.98
28.462,0.29999998,19.8,-28.92
28.503,0.59999996,20.88,-28.859999
28.523,0.65999997,21.06,-28.92
28.562,-0.06,20.699999,-29.039999
28.584,0.0,21.24,-28.14
28.621,-0.35999998,21.96,-28.5
28.662,-0.06,20.88,-28.439999
28.701,0.29999998,21.119999,-28.14
28.722,-0.53999996,21.779999,-28.619999
28.761,0.42,21.18,-28.92
28.803,0.65999997,21.48,-28.38
28.823,0.9,21.0,-28.8
28.863,-0.12,21.24,-29.4
28.902,-0.24,21.3,-28.5
28.922,0.42,21.0,-29.16
28.964,0.84,19.92,-29.279999
29.005,0.0,19.8,-28.68
29.023,-0.06,20.279999,-28.619999
29.065,0.71999997,20.699999,-28.32
29.103,0.06,20.16,-28.14
29.124,-0.17999999,20.76,-28.68
29.163,0.48,21.359999,-28.439999
29.203,0.29999998,20.76,-30.0
29.223,-0.06,21.06,-28.8
29.263,0.59999996,20.76,-28.38
29.303,0.06,20.939999,-28.619999
29.341,0.9,21.3,-29.4
29.362,1.02,21.18,-29.76
29.402,0.65999997,21.0,-29.46
29.442,0.96,20.34,-29.279999
29.462,0.71999997,20.22,-29.699999
29.502,0.17999999,20.46,-28.619999
29.542,0.59999996,21.24,-29.64
29.562,0.29999998,20.52,-28.92
29.601,0.17999999,20.76,-28.5
29.642,-0.24,21.24,-28.56
29.661,0.59999996,21.06,-28.439999
29.702,0.24,20.76,-28.92
29.743,0.24,20.699999,-29.16
29.762,0.35999998,20.64,-29.039999
29.801,-0.71999997,20.16,-29.039999
29.841,-0.06,20.699999,-29.099998
29.863,0.24,20.4,-28.92
29.902,0.24,20.82,-29.22
29.942,0.48,21.66,-29.4
29.962,-0.17999999,21.18,-29.22
30.002,-0.17999999,20.22,-29.58
30.042,0.78,21.72,-29.58
30.082,0.48,21.48,-29.82
30.102,0.35999998,21.119999,-29.22
30.142,-0.53999996,20.46,-28.68
30.182,-0.12,20.76,-29.22
30.201,-0.48,20.58,-29.279999
30.242,0.42,21.18,-28.68
30.282,-0.17999999,20.52,-28.56
30.301,-0.48,21.18,-28.439999
30.341,-0.48,21.6,-29.519999
30.381,0.24,21.84,-28.38
30.402,0.12,21.42,-28.619999
30.442,-0.96,21.84,-28.38
30.481,-0.53999996,21.72,-28.439999
30.501,-0.17999999,21.779999,-28.019999
30.541,0.84,20.46,-29.279999
30.583,0.9,20.58,-29.16
30.601,0.59999996,20.52,-28.98
30.642,0.48,20.699999,-28.92
30.682,0.65999997,20.22,-28.619999
30.702,0.71999997,19.98,-29.039999
30.743,0.35999998,20.76,-29.34
30.782,1.38,20.939999,-29.939999
30.802,-0.12,20.939999,-29.88
30.843,0.29999998,20.939999,-28.98
30.882,0.59999996,21.66,-28.5
30.922,0.9,21.84,-30.0
30.942,0.12,21.539999,-29.64
30.983,0.53999996,20.939999,-29.82
31.024,0.53999996,20.939999,-29.22
31.045,0.71999997,20.939999,-29.58
31.082,0.78,21.0,-29.699999
31.123,-0.06,20.88,-29.099998
31.145,-0.17999999,19.859999,-28.68
31.184,1.02,21.359999,-28.92
31.223,-0.48,19.74,-28.38
31.244,-0.29999998,20.1,-27.84
31.285,0.53999996,20.82,-30.3
31.323,-0.17999999,20.1,-29.039999
31.345,0.35999998,19.68,-29.34
31.383,0.0,20.58,-28.92
31.423,0.06,21.18,-28.92
31.443,-0.29999998,21.24,-29.22
31.483,0.0,19.98,-28.199999
31.524,-0.35999998,20.699999,-27.84
31.543,0.42,20.22,-27.84
31.582,1.5,21.06,-29.039999
31.624,0.48,21.359999,-29.16
31.643,0.48,21.3,-28.619999
31.683,1.38,20.699999,-30.06
31.723,0.9,20.76,-29.279999
31.745,1.1999999,20.64,-29.099998
31.783,-0.53999996,20.76,-28.8
31.822,0.24,20.4,-29.939999
31.844,0.65999997,20.34,-29.4
31.883,1.02,20.52,-29.939999
31.923,1.1999999,21.3,-29.039999
31.965,0.12,20.58,-28.92
31.983,-0.35999998,20.46,-29.46
32.025,0.48,20.58,-29.64
32.063,-0.24,20.46,-29.699999
32.082,0.65999997,20.46,-28.98
32.122,0.48,21.3,-29.64
32.163,-0.17999999,20.699999,-28.56
32.182,-0.29999998,20.76,-29.46
32.223,0.96,20.52,-29.099998
32.263,0.17999999,19.859999,-29.46
32.283,-0.12,19.74,-29.099998
32.323,0.59999996,20.939999,-27.359999
32.362,0.06,19.619999,-29.46
32.383,0.35999998,20.039999,-29.22
32.423,-0.17999999,20.58,-29.76
32.464,0.53999996,21.48,-29.22
32.485,-0.12,20.76,-28.619999
32.525,0.84,20.4,-30.119999
32.551,0.35999998,20.46,-29.82
32.587,0.35999998,19.98,-28.92
32.628,0.59999996,21.18,-29.22
32.666,0.48,21.6,-29.22
32.685,0.24,21.48,-29.099998
32.724,0.17999999,20.58,-29.34
32.765,0.78,21.06,-28.74
32.784,0.9,21.119999,-28.68
32.824,0.71999997,21.3,-29.4
32.864,0.65999997,20.4,-28.08
32.903,0.42,20.76,-28.68
32.924,0.48,21.0,-29.099998
32.964,-0.35999998,20.46,-29.4
33.003,0.59999996,20.34,-29.88
33.023,0.65999997,20.699999,-29.099998
33.064,1.0799999,20.939999,-29.34
33.104,0.0,21.0,-29.58
33.124,0.35999998,21.0,-28.92
33.164,0.29999998,21.06,-29.64
33.204,0.48,20.46,-28.74
33.225,0.65999997,21.3,-28.92
33.264,0.53999996,21.539999,-28.38
33.304,0.71999997,20.16,-29.34
33.324,0.24,20.88,-29.22
33.364,0.84,21.539999,-29.46
33.404,0.06,20.58,-29.34
33.424,0.96,20.88,-29.46
33.465,0.65999997,20.82,-28.619999
33.505,0.42,21.06,-28.38
33.525,0.12,21.539999,-28.32
33.563,-0.06,20.82,-29.519999
33.604,0.59999996,21.06,-28.98
33.625,0.06,20.64,-28.199999
33.665,-0.17999999,21.0,-29.279999
33.705,-0.24,20.939999,-29.039999
33.725,-0.12,21.539999,-29.82
33.772,0.24,20.76,-29.34
33.793,0.42,20.58,-29.22
33.845,-0.06,21.539999,-28.32
33.866,0.24,20.82,-28.68
33.905,0.29999998,20.699999,-29.22
33.946,0.06,21.06,-29.34
33.964,0.35999998,21.359999,-29.4
34.008,0.29999998,21.42,-28.98
34.045,0.96,20.76,-29.58
34.065,0.29999998,21.119999,-28.5
34.105,0.65999997,20.76,-28.14
34.145,0.35999998,20.699999,-30.0
34.166,0.53999996,21.119999,-29.4
34.205,-0.12,20.88,-28.74
34.244,0.24,21.3,-29.64
34.265,0.35999998,21.06,-29.76
34.304,0.42,21.0,-29.279999
34.345,0.35999998,20.939999,-29.88
34.385,0.84,20.939999,-28.92
34.404,0.42,21.539999,-29.039999
34.444,0.71999997,20.4,-29.699999
34.464,0.06,21.18,-29.4
34.504,0.78,21.06,-29.58
34.544,0.35999998,20.76,-29.279999
34.586,0.53999996,20.88,-29.82
34.604,0.84,21.359999,-28.56
34.643,0.48,19.859999,-29.46
34.684,0.84,21.18,-28.92
34.704,0.53999996,20.939999,-29.22
34.743,0.48,20.82,-29.4
34.786,0.48,21.24,-29.279999
34.804,0.48,20.939999,-29.4
34.845,0.42,20.46,-29.699999
34.885,-0.71999997,20.64,-29.64
34.904,0.12,20.88,-29.4
34.945,0.17999999,20.699999,-29.099998
34.987,0.17999999,20.939999,-29.279999
35.004,-0.06,21.84,-28.92
35.046,0.24,20.82,-29.099998
35.085,0.35999998,21.3,-28.56
35.105,0.12,20.82,-28.859999
35.146,0.59999996,20.22,-28.5
35.183,0.42,20.46,-29.76
35.206,0.53999996,21.06,-29.34
35.244,0.29999998,20.699999,-29.099998
35.285,0.35999998,20.88,-29.099998
35.305,0.48,20.4,-29.22
35.343,0.59999996,20.64,-28.74
35.383,-0.06,20.16,-28.98
35.423,1.02,20.22,-29.58
35.444,0.78,20.52,-29.279999
35.483,0.84,20.699999,-29.099998
35.523,0.29999998,20.4,-29.34
35.543,0.24,20.699999,-28.98
35.583,1.02,20.939999,-29.699999
35.624,0.24,21.72,-28.92
35.644,-0.06,20.939999,-29.22
35.684,-0.06,20.64,-28.56
35.724,0.42,20.58,-28.859999
35.746,0.65999997,20.64,-28.859999
35.785,0.96,20.1,-28.08
35.824,-0.06,19.859999,-28.439999
35.844,0.0,20.16,-28.38
35.884,0.78,21.66,-28.859999
35.924,0.42,20.939999,-28.5
35.944,-0.12,20.699999,-29.4
35.986,0.42,21.779999,-29.279999
36.025,0.35999998,21.24,-29.279999
36.044,0.71999997,21.359999,-29.699999
36.085,0.78,20.64,-29.939999
36.124,0.0,20.64,-28.98
36.144,-0.06,20.939999,-28.92
36.184,0.29999998,21.06,-29.4
36.224,0.59999996,20.76,-29.76
36.264,0.53999996,20.88,-29.279999
36.284,0.59999996,21.359999,-29.76
36.325,-0.59999996,21.359999,-28.619999
36.364,0.29999998,20.4,-28.56
36.384,0.35999998,21.3,-28.859999
36.424,0.78,21.359999,-29.46
36.447,0.35999998,21.06,-28.439999
36.484,0.78,20.64,-28.8
36.525,-0.12,20.46,-28.98
36.565,0.06,21.119999,-29.64
36.584,0.12,20.88,-29.22
36.626,0.65999997,21.24,-28.68
36.665,0.42,20.76,-28.98
36.685,-0.9,20.58,-28.5
36.725,0.35999998,20.88,-29.34
36.765,0.96,20.46,-29.88
36.784,0.71999997,20.34,-29.88
36.825,0.06,21.0,-28.439999
36.864,0.0,21.539999,-29.519999
36.885,0.59999996,20.64,-29.939999
36.927,0.9,20.82,-28.439999
36.983,0.06,21.48,-30.0
36.986,0.06,21.24,-29.58
37.025,0.65999997,20.88,-29.039999
37.064,0.59999996,21.119999,-28.019999
37.104,0.35999998,21.72,-28.68
37.125,-0.53999996,20.76,-29.34
37.164,0.29999998,20.88,-28.619999
37.205,0.12,19.92,-29.34
37.226,0.48,20.22,-30.06
37.267,-0.24,20.4,-29.699999
37.287,0.71999997,20.76,-29.64
37.326,1.14,21.3,-28.439999
37.366,0.35999998,21.119999,-29.16
37.404,-0.59999996,20.039999,-29.519999
37.424,0.29999998,19.98,-28.92
37.465,0.17999999,20.34,-28.26
37.504,0.71999997,20.52,-28.199999
37.524,0.48,20.699999,-28.98
37.565,-0.12,20.58,-28.98
37.605,0.59999996,20.4,-29.58
37.625,0.42,20.58,-29.279999
37.665,1.26,20.939999,-29.34
37.705,0.71999997,20.76,-28.38
37.725,0.71999997,21.24,-28.74
37.764,0.65999997,21.0,-29.22
37.807,1.02,21.3,-29.16
37.826,1.1999999,20.76,-28.859999
37.866,1.38,21.18,-29.22
37.906,0.96,21.119999,-29.46
37.926,0.78,21.539999,-29.519999
37.965,0.06,21.06,-29.22
38.006,-0.12,20.1,-28.859999
38.026,0.29999998,20.4,-28.619999
38.065,0.0,20.82,-27.96
38.107,0.9,20.039999,-28.859999
38.145,0.65999997,21.06,-28.019999
38.164,0.53999996,20.82,-29.279999
38.206,0.24,20.58,-28.859999
38.244,0.48,21.06,-28.26
38.264,0.0,21.18,-27.84
38.304,0.35999998,20.46,-28.32
38.344,-0.35999998,19.92,-29.039999
38.364,0.0,19.859999,-28.619999
38.404,0.9,21.119999,-29.64
38.445,0.59999996,20.699999,-29.34
38.464,0.29999998,21.18,-28.74
38.506,0.78,21.0,-28.74
38.545,0.9,20.46,-29.039999
38.565,0.29999998,19.68,-28.92
38.604,0.29999998,20.16,-29.22
38.646,-0.12,21.6,-28.68
38.665,0.35999998,21.24,-28.8
38.705,0.35999998,20.76,-29.46
38.745,0.17999999,20.88,-28.859999
38.767,-0.06,20.88,-28.859999
38.812,1.3199999,20.279999,-29.34
38.846,-0.06,21.3,-29.64
38.887,0.12,20.939999,-29.76
38.909,0.0,21.48,-29.279999
38.946,0.59999996,21.18,-29.34
38.986,0.96,21.24,-28.68
39.007,0.53999996,21.06,-28.74
39.046,0.29999998,20.64,-29.519999
39.093,0.42,20.939999,-28.859999
39.108,0.84,21.24,-28.859999
39.147,0.29999998,20.64,-29.16
39.185,0.42,20.46,-28.92
39.204,-0.48,21.0,-29.16
39.244,0.9,21.0,-28.019999
39.284,-0.06,20.939999,-27.9
39.304,-0.29999998,20.4,-28.14
39.345,0.53999996,21.539999,-28.56
39.384,0.17999999,21.24,-28.74
39.404,-0.12,20.52,-28.859999
39.446,0.65999997,20.76,-29.16
39.485,1.1999999,21.06,-28.98
39.504,0.48,21.359999,-29.039999
39.545,-0.29999998,20.939999,-29.519999
39.585,0.06,20.64,-29.279999
39.605,0.35999998,21.119999,-29.4
39.646,0.24,20.82,-29.279999
39.685,0.59999996,21.66,-29.4
39.725,0.17999999,20.1,-28.5
39.744,0.24,20.76,-28.98
39.785,0.78,20.76,-27.72
39.826,0.59999996,21.539999,-29.16
39.845,0.78,21.48,-28.859999
39.886,2.1599998,22.32,-27.779999
39.926,3.54,21.66,-27.359999
39.944,3.9599998,22.199999,-27.119999
39.985,4.14,21.779999,-27.0
40.026,3.4199998,22.92,-27.779999
40.044,3.3,22.56,-27.06
40.087,3.48,22.32,-27.779999
40.126,3.78,22.92,-28.26
40.144,4.38,22.68,-27.539999
40.185,3.3,23.039999,-27.18
40.225,4.14,23.16,-27.84
40.245,3.9599998,22.8,-26.939999
40.285,3.6599998,21.3,-27.539999
40.327,3.54,23.4,-27.24
40.346,3.06,22.68,-26.699999
40.387,3.6599998,22.02,-27.84
40.426,3.0,23.34,-27.599998
40.447,2.8799999,23.82,-27.24
40.485,2.8799999,23.1,-27.119999
40.527,3.4199998,22.38,-27.359999
40.546,3.6,22.199999,-27.42
40.586,3.6,23.46,-27.42
40.627,3.36,22.56,-27.0
40.666,3.6599998,22.38,-27.24
40.686,3.8999999,22.26,-26.939999
40.726,3.36,22.619999,-27.18
40.766,3.6,22.439999,-26.88
40.785,3.4199998,22.38,-27.0
40.826,3.6,22.08,-27.119999
40.865,3.06,21.66,-26.519999
40.886,3.78,21.96,-27.18
40.925,3.36,22.08,-26.82
40.966,3.1799998,22.38,-27.06
40.985,3.6599998,22.08,-27.539999
41.027,4.38,22.26,-28.019999
41.066,4.02,23.1,-27.539999
41.086,4.68,23.22,-27.119999
41.125,2.82,23.1,-27.3
41.166,3.6,22.74,-27.84
41.185,3.4199998,22.92,-27.84
41.227,4.02,22.32,-27.42
41.265,2.8799999,22.5,-28.14
41.304,3.24,22.38,-27.42
41.324,2.6399999,22.92,-27.48
41.367,3.06,22.8,-26.82
41.404,3.36,22.439999,-26.279999
41.424,3.36,22.68,-26.099998
41.465,3.12,22.439999,-27.0
41.504,3.6,22.68,-27.599998
41.525,3.6,22.619999,-26.939999
41.565,3.54,21.66,-27.06
41.606,3.36,22.439999,-28.26
41.627,3.12,22.32,-27.84
41.666,3.6,22.02,-27.48
41.707,3.84,22.859999,-27.3
41.725,3.1799998,22.199999,-27.66
41.765,3.24,23.279999,-27.84
41.805,3.78,22.26,-27.42
41.825,3.4199998,22.619999,-27.18
41.867,2.8799999,22.439999,-27.48
41.905,4.2599998,22.32,-27.359999
41.925,3.72,21.84,-27.18
41.966,2.9399998,21.539999,-27.359999
42.006,3.6599998,21.9,-27.539999
42.025,3.9599998,22.14,-28.019999
42.067,2.6399999,22.619999,-28.08
42.105,4.44,21.539999,-27.96
42.125,4.2599998,22.199999,-27.48
42.167,3.4199998,22.199999,-27.359999
42.208,3.78,21.6,-27.18
42.227,4.2,22.14,-27.539999
42.267,4.2,22.199999,-27.119999
42.307,3.4199998,22.439999,-27.119999
42.329,3.78,22.08,-26.58
42.366,3.4199998,22.5,-27.42
42.406,3.36,22.02,-27.96
42.448,4.2599998,22.26,-27.119999
42.469,3.84,22.02,-27.24
42.510,3.24,22.199999,-27.18
42.549,3.6,22.26,-27.539999
42.565,3.6,21.9,-26.76
42.606,3.72,22.32,-27.18
42.648,3.48,22.5,-26.939999
42.667,3.4199998,22.92,-27.06
42.708,3.9599998,23.039999,-27.96
42.749,4.08,23.039999,-27.42
42.767,3.6599998,23.039999,-27.9
42.807,3.12,22.08,-27.119999
42.846,2.9399998,22.92,-27.24
42.866,3.0,22.8,-27.72
42.906,3.48,21.779999,-27.119999
42.947,4.08,22.74,-27.48
42.966,3.84,22.92,-27.24
43.006,2.9399998,21.96,-27.3
43.046,3.36,23.22,-27.06
43.067,3.8999999,22.5,-26.939999
43.105,2.82,21.779999,-26.88
43.145,3.3,22.5,-27.06
43.185,3.48,22.26,-27.9
43.205,3.24,22.08,-27.599998
43.245,3.06,22.199999,-26.82
43.285,4.2,22.98,-26.58
43.305,3.8999999,23.16,-26.4
43.345,2.6399999,22.56,-27.42
43.386,3.84,21.48,-26.939999
43.405,3.4199998,21.72,-27.539999
43.446,4.38,22.619999,-27.24
43.488,4.02,22.38,-27.9
43.507,4.3199997,22.199999,-27.84
43.545,3.6599998,23.34,-27.0
43.585,3.1799998,23.4,-26.939999
43.606,2.9399998,22.619999,-26.64
43.646,3.06,22.02,-26.76
43.688,3.36,21.84,-26.519999
43.705,3.12,22.02,-26.82
43.744,3.48,22.32,-26.76
43.785,3.72,22.8,-27.06
43.806,3.54,22.439999,-27.18
43.848,3.72,22.56,-27.66
43.886,3.6599998,23.279999,-27.9
43.906,3.8999999,23.279999,-27.779999
43.945,3.72,23.1,-27.84
43.984,3.24,22.74,-27.84
44.025,3.3,22.5,-28.14
44.044,3.36,22.56,-27.48
44.086,2.9399998,22.199999,-27.599998
44.125,3.72,22.199999,-27.48
44.145,3.6599998,22.08,-26.88
44.185,3.48,22.859999,-26.76
44.226,3.36,22.26,-26.939999
44.245,4.2,22.14,-27.96
44.285,4.02,22.14,-27.06
44.326,3.54,23.039999,-26.88
44.345,3.72,22.32,-27.599998
44.385,3.48,21.96,-27.3
44.424,3.6599998,21.72,-26.939999
44.445,3.72,21.84,-27.66
44.485,3.6,22.8,-27.66
44.526,2.8799999,22.56,-27.48
44.545,2.82,21.9,-27.779999
44.585,3.6599998,22.199999,-27.359999
44.625,3.72,23.1,-27.18
44.645,3.4199998,22.619999,-26.46
44.686,3.12,22.619999,-26.88
44.726,3.36,21.6,-27.06
44.765,3.54,22.26,-26.46
44.784,3.48,22.199999,-26.16
44.825,3.78,22.199999,-26.76
44.868,3.84,22.5,-26.939999
44.886,3.54,22.56,-27.24
44.928,3.4199998,21.84,-27.0
44.966,3.84,22.199999,-27.96
44.985,3.36,22.8,-27.06
45.025,3.12,22.98,-27.119999
45.066,4.08,22.74,-27.18
45.086,4.3199997,23.279999,-26.58
45.126,3.48,22.199999,-27.48
45.165,4.14,21.96,-26.58
45.185,4.2599998,21.119999,-26.699999
45.225,3.72,22.5,-27.24
45.265,3.78,22.32,-26.039999
45.285,3.78,22.5,-27.359999
45.325,3.84,22.38,-27.24
45.368,3.54,21.72,-27.66
45.385,3.3,22.32,-26.88
45.425,4.44,23.039999,-27.779999
45.465,3.4199998,22.199999,-28.019999
45.486,3.12,22.14,-27.359999
45.528,3.72,22.8,-27.48
45.566,3.4199998,22.199999,-27.24
45.605,4.02,22.619999,-27.42
45.626,4.3199997,22.26,-27.539999
45.666,4.08,21.84,-26.64
45.706,3.72,22.5,-27.24
45.727,3.78,23.039999,-27.18
45.765,3.4199998,22.5,-27.599998
45.805,3.36,22.199999,-27.24
45.829,3.4199998,22.08,-27.66
45.867,3.1799998,22.56,-27.66
45.892,4.44,23.22,-27.96
45.930,4.14,22.14,-27.06
45.968,4.02,22.02,-26.64
46.008,3.78,22.26,-27.359999
46.027,3.8999999,22.98,-27.359999
46.067,2.82,22.439999,-27.84
46.107,4.44,22.199999,-27.66
46.125,3.72,22.859999,-27.66
46.165,3.3,21.72,-27.18
46.204,4.3199997,22.38,-27.42
46.224,4.08,21.9,-27.599998
46.265,3.1799998,22.38,-27.359999
46.305,3.24,22.98,-27.9
46.325,2.3999999,23.4,-27.539999
46.365,2.8799999,22.8,-26.82
46.404,3.1799998,22.98,-26.099998
46.444,3.3,22.92,-26.58
46.466,3.6,22.8,-26.58
46.505,3.8999999,22.26,-26.099998
46.546,3.84,21.539999,-27.119999
46.567,4.2,22.38,-26.82
46.605,3.6599998,22.619999,-26.64
46.646,3.06,21.96,-27.539999
46.665,3.1799998,22.08,-27.599998
46.707,4.62,22.38,-27.119999
46.745,2.9399998,22.199999,-26.88
46.765,3.48,22.8,-27.599998
46.805,2.8799999,23.1,-26.82
46.845,3.6,22.439999,-26.58
46.866,3.12,22.859999,-27.06
46.906,3.78,22.74,-27.3
46.944,3.9599998,22.8,-26.699999
46.964,3.6,23.1,-26.4
47.005,2.7,23.76,-26.4
47.044,2.52,22.859999,-25.5
47.064,2.8799999,22.92,-25.14
47.104,2.76,22.439999,-25.56
47.144,2.52,22.92,-25.74
47.187,3.0,22.14,-25.74
47.204,2.46,22.26,-25.8
47.244,3.1799998,23.699999,-26.16
47.284,2.8799999,22.68,-26.22
47.304,3.54,23.519999,-26.279999
47.344,5.22,23.4,-25.439999
47.385,7.44,22.98,-25.08
47.404,8.58,23.22,-25.32
47.444,9.36,23.64,-25.68
47.485,10.139999,24.84,-26.16
47.505,9.96,24.66,-26.34
47.545,11.4,24.119999,-25.92
47.588,12.42,23.76,-26.4
47.605,12.96,23.22,-25.859999
47.647,13.259999,24.24,-25.859999
47.686,13.86,24.48,-26.64
47.707,14.28,24.66,-26.22
47.745,13.0199995,24.42,-26.16
47.785,13.5,25.14,-26.4
47.805,13.38,24.9,-26.34
47.845,13.92,24.06,-26.88
47.885,14.58,24.0,-25.98
47.905,14.16,24.119999,-25.8
47.945,12.9,24.779999,-25.98
47.985,13.679999,25.019999,-25.74
48.024,13.86,24.539999,-25.68
48.044,13.5,24.42,-26.039999
48.085,13.62,24.42,-26.16
48.124,13.08,23.58,-26.279999
48.144,13.32,23.76,-26.22
48.184,14.16,23.46,-25.98
48.224,13.98,23.279999,-25.98
48.244,14.16,23.76,-25.859999
48.285,13.5,25.14,-25.98
48.324,13.38,24.84,-25.619999
48.344,13.259999,24.9,-25.14
48.385,12.66,24.96,-25.32
48.424,13.0199995,24.18,-25.68
48.445,13.139999,24.539999,-25.859999
48.486,13.44,24.72,-26.34
48.525,12.3,24.539999,-26.699999
48.545,12.0,24.119999,-26.64
48.586,12.3,24.119999,-27.18
48.626,13.5,23.4,-27.06
48.645,13.62,23.82,-26.88
48.684,13.44,24.3,-26.039999
48.724,12.059999,24.48,-26.699999
48.745,12.599999,24.6,-26.939999
48.784,12.719999,24.3,-26.279999
48.825,12.66,24.9,-25.98
48.845,13.559999,24.9,-26.46
48.885,12.599999,24.539999,-26.4
48.925,13.259999,24.359999,-26.82
48.964,12.719999,24.48,-26.82
48.985,12.66,25.019999,-27.359999
49.028,13.44,25.019999,-27.42
49.065,13.74,24.9,-26.82
49.084,13.2,24.24,-26.82
49.127,13.44,25.08,-26.82
49.165,13.32,24.3,-27.3
49.185,13.259999,24.779999,-27.24
49.225,13.559999,23.82,-25.98
49.264,13.5,24.359999,-26.279999
49.284,13.74,24.24,-26.46
49.325,13.139999,24.42,-26.279999
49.366,12.78,24.48,-27.18
49.385,12.54,24.119999,-26.64
49.425,13.62,24.18,-27.06
49.466,13.559999,24.72,-27.42
49.484,13.139999,24.42,-27.42
49.525,13.86,24.24,-27.24
49.565,13.86,24.66,-26.46
49.584,13.38,23.939999,-26.4
49.624,13.0199995,24.9,-27.18
49.665,13.62,23.58,-27.0
49.704,12.719999,24.66,-27.24
49.726,12.84,24.72,-27.06
49.764,12.9,24.06,-26.939999
49.805,13.0199995,24.359999,-27.48
49.824,12.96,24.119999,-27.3
49.865,13.259999,23.88,-26.58
49.906,12.9,23.76,-26.939999
49.926,13.5,24.3,-26.82
49.964,13.44,23.939999,-27.72
50.005,12.719999,24.359999,-27.72
50.025,12.96,24.48,-27.42
50.064,12.9,23.82,-27.779999
50.104,12.54,24.539999,-26.64
50.124,12.54,24.24,-27.18
50.165,12.96,23.76,-26.82
50.204,13.259999,24.48,-28.019999
50.224,12.36,24.18,-27.48
50.265,13.08,23.88,-26.519999
50.304,12.42,24.66,-26.519999
50.325,12.66,24.6,-26.22
50.367,13.2,24.96,-26.64
50.405,12.42,24.6,-26.699999
50.425,12.66,24.72,-26.519999
50.464,12.12,24.18,-27.119999
50.505,12.719999,24.72,-26.82
50.545,13.139999,25.019999,-27.0
50.564,13.92,24.96,-27.24
50.606,12.96,24.539999,-27.66
50.647,13.92,24.18,-27.24
50.664,13.74,24.06,-27.06
50.706,13.0199995,24.42,-27.3
50.746,13.2,24.119999,-26.64
50.765,12.96,23.88,-26.64
50.808,12.66,24.6,-27.24
50.845,12.96,24.359999,-26.76
50.867,12.36,23.64,-27.539999
50.905,12.66,23.939999,-27.0
50.946,13.679999,24.24,-27.24
50.970,13.679999,24.06,-27.0
51.005,13.38,23.939999,-26.939999
51.048,12.84,23.34,-26.82
51.068,12.599999,24.119999,-27.24
51.106,13.74,23.939999,-26.58
51.147,11.88,24.119999,-27.18
51.166,12.719999,24.66,-27.06
51.204,13.08,23.64,-26.4
51.251,13.62,24.42,-27.18
51.265,13.2,23.939999,-26.46
51.305,12.78,24.0,-26.76
51.345,13.32,23.34,-27.119999
51.385,12.96,24.359999,-26.88
51.405,12.24,23.76,-27.96
51.446,13.259999,24.539999,-26.16
51.466,13.38,24.779999,-27.0
51.505,13.44,23.519999,-26.699999
51.545,12.96,24.72,-26.76
51.586,13.08,24.3,-27.119999
51.605,13.139999,24.6,-26.939999
51.645,13.5,23.34,-26.939999
51.685,13.139999,24.119999,-26.519999
51.707,13.2,23.939999,-26.64
51.744,13.38,25.199999,-26.22
51.784,12.84,24.18,-26.58
51.805,12.78,24.24,-26.58
51.845,13.08,24.3,-26.279999
51.886,13.0199995,24.3,-26.699999
51.906,12.9,23.64,-27.359999
51.946,12.66,24.42,-26.939999
51.984,13.0199995,24.42,-26.34
52.004,12.96,24.119999,-26.4
52.045,13.799999,24.48,-26.279999
52.084,13.0199995,24.24,-26.4
52.104,12.96,24.3,-26.46
52.144,13.139999,24.48,-25.74
52.185,12.059999,23.58,-26.64
52.224,13.559999,24.3,-26.88
52.244,13.38,24.119999,-26.939999
52.284,12.719999,25.199999,-26.519999
52.325,13.5,24.119999,-26.22
52.345,13.32,24.3,-26.939999
52.384,13.139999,23.58,-26.64
52.424,13.62,24.359999,-27.06
52.444,14.04,24.06,-26.519999
52.484,12.96,24.84,-26.519999
52.524,13.5,25.019999,-27.119999
52.546,12.84,24.24,-26.64
52.586,12.54,24.84,-26.519999
52.624,13.5,24.42,-26.82
52.644,13.559999,24.359999,-26.88
52.685,12.54,24.119999,-26.82
52.725,13.08,23.88,-26.46
52.743,12.48,23.519999,-26.939999
52.784,12.48,24.66,-25.38
52.824,13.259999,24.6,-26.039999
52.844,12.54,24.72,-25.5
52.883,13.139999,24.0,-26.279999
52.924,12.36,23.939999,-26.76
52.945,12.9,24.24,-26.519999
52.984,13.139999,25.08,-26.64
53.024,13.679999,24.6,-26.519999
53.064,13.44,24.0,-27.0
53.084,12.66,24.72,-26.46
53.124,12.78,24.42,-26.519999
53.164,13.0199995,23.699999,-26.58
53.184,13.559999,24.18,-26.699999
53.224,12.9,25.019999,-26.4
53.247,13.44,24.96,-26.279999
53.284,13.38,23.939999,-26.58
53.324,12.3,23.88,-25.859999
53.364,13.559999,24.539999,-26.16
53.384,13.38,25.439999,-26.22
53.424,12.78,24.119999,-27.0
53.463,13.32,24.24,-26.88
53.484,12.78,24.18,-26.22
53.524,13.74,23.82,-26.88
53.564,13.139999,23.1,-27.18
53.589,13.32,23.039999,-27.119999
53.624,13.5,24.48,-27.119999
53.664,13.32,24.119999,-26.34
53.684,13.139999,24.24,-26.4
53.725,12.719999,24.24,-26.22
53.763,13.38,24.24,-26.58
53.804,12.96,23.82,-26.46
53.823,12.96,24.48,-25.98
53.864,13.62,24.06,-26.519999
53.904,12.78,24.359999,-25.859999
53.924,12.54,24.06,-26.099998
53.963,12.48,23.519999,-26.82
54.003,13.259999,24.359999,-26.699999
54.024,13.08,24.3,-27.06
54.064,13.559999,24.119999,-25.98
54.103,13.38,24.42,-26.699999
54.124,13.5,24.66,-26.939999
54.166,13.32,23.939999,-26.76
54.205,12.719999,24.72,-26.58
54.226,12.54,24.779999,-27.18
54.263,12.9,23.64,-26.58
54.304,12.719999,24.24,-26.939999
54.324,13.44,24.72,-26.4
54.363,12.54,24.119999,-26.939999
54.404,13.139999,23.58,-26.46
54.424,12.96,23.16,-26.64
54.464,12.36,23.88,-26.039999
54.503,12.54,24.66,-26.519999
54.524,13.139999,25.26,-26.699999
54.564,13.139999,24.42,-26.46
54.604,12.599999,24.24,-26.16
54.644,13.32,24.119999,-27.48
54.664,13.0199995,25.38,-27.06
54.703,13.5,24.42,-27.119999
54.744,12.24,24.24,-26.519999
54.765,12.12,23.82,-26.82
54.803,13.38,24.48,-26.64
54.843,13.62,24.6,-25.98
54.863,13.32,24.9,-25.98
54.903,12.66,24.6,-26.16
54.944,14.04,23.46,-25.56
54.963,13.92,23.88,-25.92
55.004,12.66,23.16,-26.64
55.044,12.78,24.72,-26.279999
55.064,12.719999,24.66,-26.939999
55.104,12.9,24.06,-25.98
55.144,13.08,24.359999,-26.88
55.163,13.5,24.3,-26.16
55.204,13.259999,23.58,-26.82
55.245,14.04,23.58,-26.88
55.265,13.5,25.019999,-27.18
55.304,12.66,24.0,-26.279999
55.343,12.96,24.18,-26.46
55.365,13.139999,24.359999,-26.58
55.403,13.44,24.0,-26.58
55.444,12.78,24.3,-26.699999
55.464,12.84,24.0,-26.82
55.504,13.259999,23.519999,-26.699999
55.543,13.38,23.58,-26.46
55.583,11.82,23.58,-26.88
55.603,12.12,23.58,-27.0
55.644,12.84,24.96,-27.06
55.683,12.9,23.939999,-26.699999
55.703,12.66,24.18,-27.119999
55.744,12.78,24.42,-26.939999
55.783,13.32,24.72,-26.519999
55.803,12.719999,25.199999,-26.88
55.844,13.0199995,24.359999,-26.939999
55.884,13.08,23.64,-27.24
55.904,12.059999,23.82,-27.539999
55.943,12.9,24.779999,-27.42
55.984,12.3,24.359999,-27.359999
56.003,13.2,24.42,-26.58
56.044,12.9,24.779999,-26.699999
56.084,12.78,24.42,-27.0
56.104,12.96,23.46,-26.88
56.144,12.84,23.64,-26.699999
56.184,13.139999,24.48,-27.359999
56.204,13.62,24.66,-27.119999
56.243,12.96,24.72,-26.939999
56.284,13.5,24.72,-26.46
56.304,12.96,24.48,-26.76
56.345,12.9,24.06,-26.64
56.388,12.84,24.24,-26.64
56.406,12.48,24.779999,-26.939999
56.444,13.139999,23.76,-27.18
56.484,13.08,24.3,-25.98
56.525,12.179999,24.06,-27.06
56.543,12.36,24.06,-27.96
56.583,13.44,24.24,-27.42
56.624,13.259999,25.199999,-28.08
56.643,13.08,25.439999,-27.42
56.685,13.62,24.6,-26.64
56.724,13.559999,23.699999,-26.519999
56.743,12.84,24.18,-25.74
56.783,13.2,24.9,-26.939999
56.823,13.139999,24.359999,-26.939999
56.843,13.08,24.779999,-26.519999
56.884,13.38,23.88,-27.119999
56.924,13.259999,24.0,-26.46
56.944,13.08,24.0,-26.34
56.983,12.9,23.82,-27.06
57.027,12.9,24.06,-27.42
57.044,13.139999,23.88,-27.9
57.084,12.12,23.64,-26.46
57.123,13.74,24.779999,-26.64
57.163,13.2,24.359999,-26.22
57.182,13.679999,24.3,-26.46
57.224,12.84,24.3,-27.599998
57.246,12.9,23.279999,-26.64
57.284,13.08,23.58,-26.16
57.323,12.54,24.66,-26.699999
57.363,13.08,24.119999,-26.099998
57.383,13.559999,24.66,-26.46
57.423,12.9,24.18,-26.699999
57.463,12.78,24.06,-27.359999
57.483,12.84,23.22,-27.06
57.524,13.08,24.119999,-26.519999
57.563,12.66,24.3,-27.3
57.583,12.96,24.6,-26.34
57.624,13.44,24.24,-27.3
57.663,13.559999,24.3,-27.72
57.683,13.259999,24.359999,-27.0
57.723,13.0199995,23.88,-27.18
57.764,13.799999,24.18,-27.0
57.785,13.74,24.539999,-27.0
57.823,13.5,23.939999,-26.88
57.863,12.42,23.58,-26.519999
57.903,12.54,24.66,-26.519999
57.924,12.54,24.3,-27.359999
57.963,12.78,24.539999,-26.699999
58.003,12.66,24.24,-27.66
58.024,12.66,24.42,-26.82
58.063,12.3,24.18,-26.279999
58.103,12.96,23.76,-27.0
58.124,12.96,24.24,-27.0
58.163,13.2,24.06,-27.3
58.203,13.98,24.0,-26.88
58.223,13.86,23.46,-27.119999
58.263,12.78,23.039999,-27.24
58.304,13.679999,22.8,-27.539999
58.323,13.799999,24.0,-26.939999
58.364,13.32,24.24,-26.58
58.403,12.48,23.939999,-26.76
58.424,12.66,23.699999,-26.76
58.463,13.38,24.66,-27.06
58.504,13.2,24.96,-26.76
58.525,13.74,25.08,-26.82
58.564,13.32,24.06,-27.48
58.605,12.48,24.24,-27.42
58.623,13.08,24.6,-27.42
58.664,12.719999,23.88,-26.88
58.706,13.679999,24.72,-27.18
58.725,13.559999,23.939999,-26.76
58.769,13.32,24.84,-26.64
58.804,12.54,23.58,-26.46
58.824,12.54,24.06,-26.34
58.863,13.2,23.76,-26.82
58.907,12.78,24.42,-26.34
58.926,13.2,23.699999,-27.0
58.964,12.84,23.4,-26.699999
59.004,13.32,24.119999,-26.58
59.026,12.719999,24.48,-27.3
59.065,12.719999,24.539999,-27.359999
59.104,12.84,24.359999,-26.22
59.146,12.96,24.66,-27.06
59.166,12.66,24.779999,-27.599998
59.205,12.42,24.779999,-27.84
59.244,12.719999,24.119999,-26.939999
59.264,13.08,24.359999,-27.06
59.305,12.719999,24.3,-27.359999
59.347,13.32,24.3,-26.34
59.364,13.44,24.84,-26.519999
59.403,13.32,23.88,-27.3
59.445,12.84,23.939999,-26.76
59.466,13.2,24.119999,-26.76
59.505,13.259999,23.699999,-26.88
59.547,13.32,23.699999,-27.0
59.565,14.219999,23.76,-26.58
59.604,13.2,23.82,-27.18
59.643,13.259999,24.96,-26.699999
59.684,12.9,24.18,-27.0
59.703,12.84,24.3,-26.64
59.743,12.54,24.18,-27.0
59.769,12.719999,24.3,-26.16
59.803,12.96,25.26,-26.16
59.842,12.78,23.939999,-26.76
59.883,12.96,24.9,-26.519999
59.903,13.32,24.06,-26.76
59.945,13.559999,24.42,-26.58
59.985,12.96,24.42,-26.82
