timestamp,x,y,z
00.000,17.52,-15.36,-16.74
00.019,17.64,-14.94,-16.5
00.060,17.46,-14.82,-17.52
00.080,17.4,-14.4,-17.699999
00.120,17.4,-14.94,-17.699999
00.160,16.98,-15.059999,-17.1
00.181,17.64,-15.299999,-17.52
00.219,17.82,-14.639999,-17.039999
00.260,17.46,-15.0,-17.16
00.283,16.98,-14.82,-17.039999
00.320,16.859999,-14.639999,-17.699999
00.363,16.98,-14.639999,-17.58
00.381,17.22,-15.0,-17.279999
00.420,17.94,-16.74,-17.58
00.461,18.48,-16.68,-17.22
00.481,19.32,-16.5,-17.34
00.521,18.66,-16.56,-17.1
00.561,18.9,-16.5,-16.859999
00.584,18.72,-16.32,-17.58
00.621,18.6,-16.32,-16.92
00.661,18.42,-16.14,-17.52
00.701,19.26,-16.08,-18.24
00.723,18.539999,-15.96,-18.18
00.770,17.76,-15.719999,-17.52
00.785,18.0,-16.619999,-17.82
00.821,17.88,-16.199999,-17.1
00.860,18.0,-15.719999,-17.699999
00.900,18.119999,-16.02,-17.4
00.921,18.66,-16.02,-17.82
00.962,18.119999,-16.199999,-17.88
00.985,18.119999,-16.02,-17.52
01.023,18.42,-14.88,-18.48
01.063,18.24,-15.48,-17.699999
01.103,19.08,-15.599999,-17.279999
01.122,19.199999,-15.48,-17.46
01.159,18.119999,-15.78,-17.279999
01.200,18.0,-15.36,-18.539999
01.221,18.42,-15.42,-19.32
01.262,17.699999,-15.48,-18.06
01.300,17.46,-14.88,-18.48
01.322,17.279999,-13.98,-17.94
01.362,16.92,-14.639999,-18.66
01.404,16.92,-14.219999,-17.76
01.423,16.98,-14.4,-17.16
01.460,17.46,-14.16,-17.94
01.500,17.88,-13.86,-17.82
01.541,17.58,-14.7,-19.02
01.564,16.8,-14.639999,-18.539999
01.601,16.44,-14.58,-17.88
01.643,16.5,-13.62,-18.3
01.662,16.859999,-12.719999,-18.72
01.701,17.58,-14.5199995,-17.82
01.741,15.54,-13.92,-17.88
01.761,15.66,-14.4,-18.359999
01.800,16.56,-13.799999,-18.66
01.841,16.32,-13.98,-19.08
01.863,15.78,-13.5,-18.66
01.903,15.36,-13.62,-18.96
01.940,14.94,-14.219999,-18.42
01.961,14.46,-14.099999,-18.84
01.999,15.66,-14.16,-18.42
02.040,15.9,-13.98,-19.199999
02.080,16.74,-14.759999,-17.82
02.100,16.8,-15.059999,-17.76
02.140,17.64,-14.34,-16.859999
02.161,17.16,-14.46,-17.4
02.200,17.52,-14.639999,-17.4
02.239,17.1,-14.28,-17.22
02.281,17.4,-14.34,-17.4
02.304,18.0,-15.48,-17.34
02.341,18.0,-14.04,-17.279999
02.379,17.699999,-15.179999,-17.16
02.400,18.06,-14.46,-17.76
02.440,17.699999,-14.82,-17.22
02.480,17.88,-14.5199995,-16.56
02.500,18.42,-15.66,-16.68
02.541,17.82,-15.12,-16.74
02.581,17.699999,-16.14,-16.619999
02.601,17.58,-15.299999,-16.5
02.642,17.1,-14.88,-17.58
02.680,17.88,-15.0,-17.22
02.700,17.88,-15.12,-17.46
02.740,17.1,-15.54,-16.74
02.779,17.16,-15.0,-17.76
02.800,16.98,-15.0,-17.52
02.845,16.859999,-14.82,-17.58
02.881,17.039999,-15.36,-17.58
02.900,17.22,-15.12,-17.94
02.941,16.98,-15.0,-17.039999
02.981,17.82,-14.94,-16.74
03.001,17.699999,-14.94,-16.859999
03.040,17.34,-14.88,-17.279999
03.081,18.119999,-15.66,-17.16
03.102,18.18,-15.0,-16.619999
03.142,17.039999,-15.42,-16.44
03.183,18.359999,-15.42,-16.619999
03.204,18.6,-15.12,-16.44
03.245,18.24,-15.599999,-15.96
03.282,18.359999,-15.36,-16.38
03.322,17.1,-15.179999,-16.74
03.341,17.699999,-15.48,-16.98
03.381,18.24,-15.599999,-17.58
03.422,17.76,-15.059999,-17.279999
03.443,16.8,-14.46,-17.46
03.481,17.88,-14.759999,-16.74
03.524,17.16,-14.16,-16.619999
03.542,17.1,-14.7,-17.039999
03.582,17.52,-14.82,-16.859999
03.623,17.88,-14.16,-16.38
03.642,17.94,-14.16,-16.38
03.682,17.4,-14.82,-17.4
03.722,17.94,-14.5199995,-16.56
03.742,18.119999,-14.099999,-17.46
03.782,16.8,-13.98,-17.64
03.824,18.359999,-13.86,-17.46
03.843,18.72,-14.58,-17.22
03.881,17.64,-15.0,-17.279999
03.921,18.06,-15.12,-17.52
03.941,18.119999,-14.7,-16.619999
03.980,17.94,-14.34,-17.039999
04.021,17.699999,-14.58,-17.52
04.043,17.34,-15.0,-16.619999
04.084,17.1,-14.04,-16.74
04.124,17.58,-14.7,-17.58
04.143,16.859999,-14.219999,-17.82
04.182,16.98,-13.799999,-18.18
04.221,17.22,-14.58,-17.64
04.262,17.039999,-14.5199995,-17.52
04.280,16.56,-14.759999,-17.16
04.320,17.22,-14.88,-17.279999
04.360,16.14,-15.36,-16.8
04.381,15.54,-15.719999,-16.8
04.421,16.56,-14.5199995,-17.64
04.461,15.66,-14.099999,-17.64
04.480,15.719999,-14.04,-17.46
04.520,16.68,-15.0,-17.64
04.561,16.619999,-15.48,-18.84
04.581,16.02,-15.179999,-17.82
04.621,16.26,-15.24,-17.64
04.661,16.859999,-14.46,-17.46
04.681,16.56,-14.639999,-17.16
04.720,16.859999,-14.5199995,-17.58
04.761,16.74,-15.12,-17.64
04.781,16.859999,-14.94,-16.8
04.820,16.8,-15.299999,-17.1
04.861,17.76,-15.059999,-17.16
04.901,17.699999,-14.099999,-17.22
04.921,17.94,-14.04,-16.859999
04.964,17.279999,-13.44,-17.52
05.003,18.48,-14.28,-16.32
05.020,18.18,-14.58,-16.859999
05.060,19.32,-14.28,-16.26
05.101,18.42,-14.58,-15.96
05.121,19.02,-15.059999,-16.08
05.160,18.0,-15.36,-16.44
05.199,17.58,-13.679999,-16.98
05.221,18.18,-14.219999,-16.92
05.261,17.4,-14.16,-16.8
05.300,17.76,-14.46,-17.46
05.322,17.4,-14.4,-17.1
05.361,17.76,-13.32,-17.16
05.401,18.48,-15.36,-17.039999
05.420,19.08,-15.9,-17.1
05.462,18.84,-16.44,-18.3
05.502,18.48,-16.199999,-18.119999
05.522,18.539999,-15.9,-17.76
05.562,18.72,-15.0,-17.46
05.601,19.56,-16.08,-17.58
05.621,19.08,-15.719999,-18.3
05.664,18.3,-15.36,-16.98
05.705,19.14,-16.14,-16.98
05.722,18.48,-15.719999,-17.039999
05.769,19.5,-15.299999,-17.4
05.802,18.96,-15.96,-17.34
05.841,19.8,-15.78,-17.52
05.862,18.779999,-16.26,-17.64
05.903,18.3,-15.78,-17.76
05.942,17.94,-15.719999,-17.94
05.961,17.76,-15.66,-18.119999
06.002,17.16,-15.66,-17.88
06.041,18.779999,-16.199999,-17.94
06.062,18.779999,-15.48,-16.74
06.100,17.699999,-16.02,-18.0
06.142,18.24,-15.36,-18.539999
06.161,18.6,-16.02,-18.0
06.202,18.359999,-16.619999,-17.699999
06.242,18.0,-15.36,-17.279999
06.261,17.58,-15.12,-16.8
06.302,17.76,-15.42,-17.039999
06.341,16.98,-14.759999,-17.52
06.362,16.8,-15.299999,-17.76
06.401,17.46,-14.5199995,-18.0
06.443,16.98,-15.059999,-18.119999
06.461,17.34,-14.759999,-17.279999
06.501,17.34,-15.54,-18.3
06.541,17.34,-15.059999,-16.859999
06.581,17.16,-14.5199995,-16.74
06.601,18.42,-14.46,-16.68
06.641,18.48,-15.059999,-17.1
06.681,16.92,-15.12,-16.44
06.701,17.34,-14.219999,-17.76
06.743,15.54,-13.559999,-18.9
06.783,16.44,-14.4,-17.88
06.800,16.38,-15.42,-18.539999
06.840,16.74,-14.88,-17.88
06.880,17.699999,-14.5199995,-18.18
06.901,17.039999,-13.98,-17.4
06.942,17.64,-13.08,-18.119999
06.982,18.06,-13.5,-18.24
07.001,18.42,-13.799999,-18.24
07.041,18.24,-13.0199995,-18.3
07.081,18.3,-13.32,-17.58
07.102,18.84,-13.38,-17.64
07.143,18.779999,-13.5,-17.64
07.182,17.76,-14.04,-17.039999
07.204,18.0,-13.259999,-16.619999
07.242,19.38,-14.46,-16.5
07.282,18.48,-13.679999,-15.78
07.301,19.08,-13.38,-15.299999
07.342,20.16,-14.759999,-15.179999
07.381,19.74,-15.299999,-15.0
07.402,19.74,-15.54,-13.86
07.441,20.82,-15.96,-14.5199995
07.483,20.699999,-15.059999,-14.28
07.521,20.82,-16.56,-13.2
07.542,20.699999,-16.02,-13.98
07.581,19.98,-16.5,-14.4
07.621,19.68,-15.9,-14.759999
07.641,18.66,-15.36,-15.12
07.682,19.859999,-15.36,-14.639999
07.722,19.02,-15.12,-14.639999
07.751,19.02,-15.54,-14.88
07.783,19.02,-15.78,-16.08
07.821,18.66,-16.02,-15.299999
07.843,18.779999,-16.26,-16.08
07.880,17.88,-15.12,-15.36
07.907,17.88,-15.36,-15.48
07.940,18.18,-15.9,-15.179999
07.982,18.6,-17.16,-15.299999
08.020,17.82,-16.56,-14.16
08.041,18.359999,-15.839999,-14.7
08.083,18.6,-16.02,-15.48
08.121,18.84,-15.96,-14.46
08.160,19.26,-15.78,-13.92
08.181,18.48,-16.26,-14.099999
08.221,18.24,-15.9,-15.66
08.260,19.32,-15.9,-15.12
08.281,19.439999,-16.859999,-14.94
08.320,19.08,-15.78,-15.66
08.361,18.9,-15.24,-16.44
08.381,18.48,-15.54,-17.1
08.421,19.56,-15.24,-15.66
08.462,18.72,-15.42,-15.719999
08.480,18.6,-14.639999,-15.24
08.521,18.96,-14.34,-16.26
08.562,19.68,-15.599999,-15.299999
08.581,19.26,-15.36,-15.599999
08.621,19.08,-15.599999,-15.179999
08.663,17.88,-14.94,-16.44
08.684,18.0,-15.0,-16.199999
08.722,18.6,-15.24,-16.14
08.764,17.94,-15.24,-17.039999
08.783,17.58,-14.46,-16.68
08.823,18.18,-14.759999,-15.599999
08.860,19.38,-15.48,-17.16
08.881,18.9,-15.24,-17.039999
08.922,18.06,-14.639999,-16.199999
08.961,18.359999,-15.24,-16.26
08.983,18.779999,-14.219999,-16.02
09.023,18.72,-13.92,-16.859999
09.063,18.9,-14.16,-16.38
09.084,19.199999,-14.46,-15.9
09.123,18.24,-14.82,-16.14
09.161,18.9,-14.88,-15.299999
09.202,18.18,-15.36,-15.9
09.222,18.72,-16.02,-15.9
09.261,19.38,-15.12,-16.44
09.303,18.359999,-14.28,-15.48
09.321,18.48,-14.82,-16.14
09.361,18.66,-14.639999,-16.38
09.401,18.0,-13.799999,-15.12
09.422,18.06,-14.4,-16.08
09.463,19.859999,-14.82,-15.719999
09.503,18.779999,-14.94,-16.02
09.524,19.5,-14.759999,-16.199999
09.560,19.26,-14.5199995,-16.14
09.601,18.539999,-13.92,-16.56
09.621,18.539999,-13.98,-16.26
09.660,18.42,-14.82,-16.74
09.702,18.779999,-15.059999,-16.44
09.724,18.9,-14.759999,-16.08
09.762,19.08,-14.7,-16.8
09.802,19.619999,-15.719999,-15.96
09.826,19.02,-15.54,-15.66
09.860,18.48,-13.98,-16.44
09.901,18.9,-14.7,-16.56
09.940,18.9,-15.179999,-16.02
09.962,18.72,-14.46,-16.08
10.000,19.68,-14.099999,-16.14
10.041,18.9,-14.5199995,-16.14
10.061,18.6,-14.94,-15.36
10.100,19.08,-14.94,-15.78
10.141,18.72,-14.28,-15.9
10.160,18.359999,-13.86,-15.839999
10.201,18.72,-13.98,-16.199999
10.241,18.84,-14.34,-16.619999
10.260,18.48,-13.92,-16.32
10.300,18.66,-14.219999,-15.96
10.340,18.96,-14.94,-16.14
10.360,19.26,-14.94,-15.599999
10.403,19.74,-15.179999,-17.16
10.441,19.68,-17.039999,-16.859999
10.462,20.22,-16.26,-17.1
10.504,20.22,-16.56,-16.14
10.542,19.74,-16.92,-16.199999
10.562,20.039999,-16.8,-16.5
10.603,20.64,-16.38,-16.44
10.641,19.68,-16.56,-15.839999
10.681,19.8,-15.719999,-16.26
10.701,19.199999,-16.26,-16.26
10.742,19.439999,-15.36,-15.96
10.764,19.8,-15.9,-16.44
10.802,20.1,-16.26,-16.26
10.844,19.74,-16.199999,-17.34
10.884,19.92,-15.96,-16.14
10.901,20.22,-16.08,-16.26
10.944,19.8,-16.08,-16.44
10.982,20.46,-15.42,-16.38
11.001,20.22,-16.32,-16.74
11.043,19.5,-16.5,-16.68
11.083,19.68,-15.66,-16.8
11.101,20.4,-15.36,-16.8
11.140,19.98,-16.26,-15.48
11.181,20.4,-15.12,-16.14
11.200,20.16,-15.66,-15.54
11.241,20.52,-14.639999,-17.22
11.283,20.22,-14.94,-15.54
11.303,20.22,-14.88,-17.1
11.343,20.039999,-14.88,-15.96
11.382,19.32,-14.5199995,-16.5
11.405,19.199999,-14.16,-16.199999
11.441,20.52,-14.46,-16.14
11.481,19.199999,-15.0,-16.199999
11.501,19.56,-14.7,-15.719999
11.540,20.34,-14.759999,-15.179999
11.581,19.14,-14.099999,-15.96
11.621,19.32,-14.5199995,-15.839999
11.641,19.92,-14.099999,-15.42
11.682,19.98,-12.96,-15.78
11.721,20.22,-14.5199995,-16.26
11.742,20.4,-14.88,-15.599999
11.781,20.76,-14.4,-15.179999
11.820,20.939999,-13.44,-15.48
11.840,21.0,-13.86,-15.42
11.880,20.46,-13.98,-15.719999
11.920,21.06,-14.7,-15.24
11.940,20.939999,-14.7,-15.599999
11.980,21.18,-14.82,-15.0
12.020,21.06,-14.5199995,-15.059999
12.041,20.34,-14.94,-14.639999
12.079,20.88,-14.46,-14.099999
12.120,21.42,-14.5199995,-14.82
12.140,21.3,-13.74,-14.7
12.180,21.539999,-14.7,-15.48
12.220,20.52,-14.4,-15.66
12.240,21.42,-14.639999,-15.179999
12.280,20.699999,-13.62,-15.0
12.320,19.74,-13.86,-15.24
12.360,20.699999,-13.559999,-15.839999
12.381,19.74,-13.559999,-16.199999
12.421,20.34,-13.74,-16.08
12.443,19.98,-13.44,-16.199999
12.481,21.0,-14.16,-16.199999
12.522,20.279999,-13.0199995,-15.299999
12.563,20.939999,-13.98,-16.199999
12.581,20.699999,-14.34,-15.42
12.622,21.3,-14.28,-15.839999
12.661,21.3,-14.219999,-14.46
12.681,20.76,-13.86,-14.7
12.721,20.82,-13.74,-15.12
12.745,21.42,-14.099999,-14.58
12.786,21.0,-13.679999,-14.759999
12.822,21.359999,-13.139999,-14.46
12.862,21.18,-13.38,-14.88
12.883,20.939999,-13.98,-14.94
12.923,21.06,-13.08,-14.4
12.964,21.24,-13.38,-14.34
12.983,21.24,-13.98,-14.5199995
13.024,21.84,-13.44,-13.799999
13.062,21.3,-13.74,-13.86
13.095,21.72,-13.44,-14.28
13.121,21.9,-14.219999,-13.32
13.165,21.6,-14.4,-13.92
13.185,21.72,-13.92,-13.98
13.224,21.6,-13.799999,-13.559999
13.263,21.24,-14.46,-13.92
13.282,21.84,-14.34,-13.98
13.322,22.8,-13.559999,-13.62
13.360,22.92,-13.799999,-12.9
13.383,22.56,-14.58,-13.559999
13.422,21.66,-14.759999,-13.98
13.462,22.92,-14.82,-13.38
13.484,22.38,-14.28,-13.32
13.522,22.68,-14.88,-13.08
13.561,22.199999,-14.94,-14.34
13.602,22.02,-13.62,-14.58
13.621,22.08,-13.5,-14.639999
13.660,21.779999,-13.799999,-14.04
13.701,20.88,-14.639999,-13.559999
13.720,20.76,-14.28,-13.799999
13.761,21.96,-13.86,-13.32
13.802,21.72,-14.4,-14.04
13.820,21.9,-14.5199995,-12.54
13.861,21.779999,-15.36,-13.2
13.900,21.359999,-13.679999,-13.62
13.921,21.18,-14.16,-13.74
13.961,21.119999,-14.04,-13.2
14.001,21.96,-14.4,-13.86
14.041,21.48,-13.799999,-13.5
14.063,21.3,-14.04,-13.559999
14.101,21.42,-14.5199995,-13.98
14.141,20.939999,-14.94,-13.5
14.161,21.24,-13.98,-13.98
14.200,22.8,-14.28,-13.139999
14.241,21.42,-14.58,-13.139999
14.261,22.38,-13.98,-13.139999
14.301,21.24,-14.94,-13.86
14.341,21.539999,-14.46,-13.38
14.361,20.699999,-13.92,-13.2
14.401,21.42,-15.48,-13.92
14.442,21.3,-14.639999,-12.66
14.461,21.6,-14.46,-12.78
14.501,21.359999,-14.7,-13.62
14.541,21.84,-14.5199995,-13.98
14.561,21.6,-15.179999,-14.099999
14.601,21.48,-14.639999,-13.44
14.641,21.119999,-15.0,-13.44
14.661,20.88,-15.059999,-13.2
14.703,21.359999,-14.099999,-13.5
14.741,21.42,-14.759999,-13.98
14.763,21.779999,-14.099999,-14.16
14.800,21.9,-14.94,-14.219999
14.842,21.119999,-14.759999,-13.5
14.863,21.72,-14.28,-13.2
14.903,22.26,-14.82,-12.48
14.944,21.359999,-14.16,-13.559999
14.962,21.96,-14.46,-13.2
15.002,21.6,-14.759999,-12.96
15.043,21.96,-15.299999,-13.5
15.065,21.539999,-15.12,-13.679999
15.101,20.88,-14.759999,-13.08
15.143,21.42,-15.36,-14.099999
15.182,21.66,-14.88,-14.04
15.203,21.48,-15.54,-13.62
15.243,20.76,-14.639999,-13.679999
15.264,20.939999,-14.639999,-13.62
15.301,21.06,-14.04,-13.679999
15.341,21.539999,-14.82,-14.5199995
15.383,21.119999,-15.059999,-13.5
15.402,21.84,-14.82,-13.799999
15.442,22.619999,-16.8,-13.44
15.482,23.34,-16.92,-13.5
15.503,23.4,-17.039999,-13.98
15.542,23.519999,-16.8,-15.0
15.583,22.14,-15.66,-13.32
15.603,22.98,-15.96,-14.16
15.642,22.92,-16.56,-13.62
15.682,21.84,-17.1,-13.74
15.701,22.859999,-16.56,-13.559999
15.741,21.96,-16.44,-14.099999
15.781,22.5,-16.619999,-13.5
15.822,22.68,-15.96,-13.92
15.843,22.74,-15.48,-13.559999
15.883,23.22,-16.02,-13.5
15.903,22.8,-16.02,-13.259999
15.945,22.56,-16.199999,-12.9
15.983,22.56,-16.68,-13.74
16.004,22.98,-16.38,-13.38
16.043,22.32,-16.32,-13.32
16.082,23.519999,-16.98,-13.679999
16.123,23.22,-16.56,-13.62
16.142,22.92,-15.9,-13.98
16.183,22.38,-16.44,-13.32
16.222,22.98,-16.199999,-13.2
16.241,23.46,-15.9,-13.259999
16.282,21.66,-15.36,-13.32
16.323,21.779999,-15.179999,-13.799999
16.342,22.32,-15.36,-13.679999
16.382,21.48,-14.16,-14.16
16.423,21.6,-13.92,-14.94
16.441,21.66,-13.679999,-15.12
16.481,21.779999,-13.62,-14.88
16.517,20.88,-13.259999,-15.059999
16.541,21.72,-13.559999,-14.219999
16.583,21.66,-12.78,-13.92
16.621,21.9,-11.82,-15.36
16.663,21.72,-11.58,-14.58
16.681,21.72,-11.7,-14.58
16.723,22.619999,-12.42,-14.219999
16.761,22.68,-12.36,-13.44
16.784,22.32,-12.54,-14.28
16.822,23.16,-11.16,-14.219999
16.863,22.02,-11.16,-14.04
16.882,22.08,-10.679999,-14.28
16.922,22.68,-10.86,-13.86
16.961,23.16,-10.92,-13.559999
16.981,22.32,-11.7,-13.74
17.022,22.8,-11.88,-14.04
17.061,22.38,-11.82,-14.099999
17.081,21.84,-11.7,-14.759999
17.121,21.42,-11.94,-13.86
17.166,21.06,-11.88,-14.94
17.181,21.06,-11.639999,-14.58
17.221,21.0,-12.42,-15.299999
17.261,19.98,-13.0199995,-15.719999
17.282,19.74,-13.44,-16.38
17.322,19.859999,-13.92,-16.74
17.362,18.6,-15.12,-14.7
17.382,18.6,-15.0,-15.96
17.421,19.439999,-15.24,-17.039999
17.462,20.1,-14.58,-16.56
17.485,19.38,-14.5199995,-16.08
17.526,19.98,-15.36,-15.839999
17.563,19.92,-14.4,-16.08
17.602,20.039999,-14.58,-15.54
17.624,20.34,-13.74,-15.179999
17.664,20.039999,-14.759999,-15.0
17.687,19.8,-14.4,-14.639999
17.721,20.699999,-14.16,-15.299999
17.764,20.46,-14.28,-15.299999
17.803,20.699999,-13.32,-15.54
17.823,21.18,-13.559999,-15.059999
17.864,20.46,-14.46,-16.02
17.904,20.4,-13.44,-15.42
17.924,19.98,-13.679999,-15.96
17.963,19.619999,-13.08,-16.14
18.002,20.76,-12.84,-15.9
18.025,21.359999,-12.599999,-16.32
18.063,20.88,-13.2,-15.78
18.104,22.32,-13.32,-16.619999
18.124,22.02,-13.559999,-16.02
18.164,21.24,-13.86,-15.719999
18.203,20.88,-14.16,-15.599999
18.226,20.76,-14.04,-15.36
18.267,20.52,-13.5,-15.599999
18.314,19.859999,-14.28,-15.24
18.324,20.46,-14.7,-15.24
18.365,20.64,-14.34,-15.059999
18.406,21.18,-13.92,-15.059999
18.425,21.3,-14.219999,-15.599999
18.466,21.18,-14.28,-14.94
18.505,20.4,-14.04,-13.98
18.524,20.1,-14.34,-14.759999
18.565,21.359999,-14.46,-15.299999
18.605,21.119999,-13.559999,-14.88
18.644,20.64,-14.28,-15.36
18.665,20.58,-14.5199995,-14.88
18.704,20.52,-14.4,-15.48
18.746,20.88,-13.799999,-15.42
18.764,20.58,-13.679999,-15.839999
18.802,20.939999,-14.46,-15.24
18.842,21.06,-14.16,-16.08
18.862,20.939999,-14.4,-16.5
18.907,20.22,-14.16,-15.42
18.942,20.76,-15.42,-15.54
18.964,21.66,-15.0,-15.599999
19.004,19.92,-13.32,-16.02
19.044,20.279999,-13.44,-16.38
19.066,19.32,-14.219999,-15.839999
19.104,20.22,-14.5199995,-15.299999
19.145,19.98,-13.92,-16.14
19.163,19.38,-13.92,-16.26
19.206,19.8,-14.28,-16.44
19.243,20.1,-14.46,-16.08
19.264,20.4,-13.799999,-16.38
19.303,19.68,-14.5199995,-16.56
19.343,20.039999,-15.059999,-16.08
19.364,20.82,-14.219999,-15.719999
19.403,20.52,-14.28,-15.48
19.443,19.859999,-14.58,-16.02
19.483,20.4,-13.62,-15.66
19.504,20.939999,-14.5199995,-15.059999
19.547,20.699999,-14.88,-14.639999
19.582,20.22,-13.799999,-14.46
19.602,19.98,-13.74,-14.7
19.642,21.48,-14.46,-14.5199995
19.683,19.98,-15.0,-15.299999
19.702,20.939999,-15.42,-14.46
19.744,20.4,-15.48,-14.28
19.783,19.859999,-14.4,-14.82
19.802,20.58,-14.639999,-14.5199995
19.843,20.699999,-14.759999,-14.94
19.884,20.22,-14.5199995,-15.96
19.903,20.1,-14.4,-15.96
19.944,18.96,-14.099999,-15.54
19.983,19.439999,-15.299999,-16.619999
20.004,19.199999,-15.48,-16.32
20.043,19.68,-14.4,-15.9
20.083,19.08,-14.639999,-16.38
20.103,19.38,-14.58,-16.5
20.143,19.32,-14.04,-15.78
20.183,19.439999,-14.4,-16.08
20.225,19.38,-13.799999,-16.08
20.243,19.38,-13.86,-16.38
20.283,19.14,-13.139999,-16.5
20.322,18.48,-14.34,-16.98
20.344,19.32,-13.98,-16.38
20.382,18.84,-13.5,-16.44
20.422,18.42,-14.82,-16.619999
20.442,18.6,-14.7,-16.5
20.482,18.24,-13.98,-15.299999
20.523,19.02,-13.799999,-16.98
20.542,19.08,-13.86,-17.4
20.582,18.42,-13.98,-16.02
20.623,19.439999,-14.16,-15.54
20.643,18.779999,-14.759999,-16.14
20.682,19.08,-14.16,-16.56
20.722,19.74,-15.719999,-16.199999
20.742,19.68,-15.42,-15.839999
20.782,19.56,-15.36,-15.299999
20.823,20.279999,-15.299999,-14.58
20.845,20.46,-16.14,-14.28
20.883,19.859999,-16.68,-14.16
20.925,20.52,-16.619999,-13.0199995
20.943,20.279999,-16.32,-13.62
20.983,19.68,-16.08,-13.38
21.023,19.98,-15.9,-13.92
21.064,18.48,-15.9,-12.12
21.082,19.199999,-15.9,-12.179999
21.122,20.039999,-15.42,-13.38
21.162,19.439999,-16.14,-13.74
21.182,19.98,-16.26,-13.139999
21.223,19.74,-16.199999,-14.219999
21.263,20.34,-16.68,-13.799999
21.282,18.72,-15.78,-13.679999
21.322,18.359999,-15.839999,-15.719999
21.362,17.46,-16.92,-15.599999
21.382,17.88,-16.26,-15.9
21.423,17.82,-15.24,-16.199999
21.462,17.58,-16.68,-16.68
21.483,17.1,-16.32,-15.54
21.523,17.88,-15.599999,-15.599999
21.562,17.88,-15.599999,-15.839999
21.581,18.06,-15.9,-16.56
21.622,16.92,-14.82,-16.38
21.662,18.359999,-15.54,-15.9
21.701,18.359999,-14.4,-15.78
21.722,18.48,-14.94,-15.54
21.762,18.84,-15.599999,-15.599999
21.783,18.84,-15.48,-15.839999
21.822,17.699999,-16.56,-14.88
21.863,18.9,-16.38,-16.02
21.905,18.72,-16.02,-15.96
21.924,19.08,-15.96,-15.179999
21.966,19.26,-16.44,-15.059999
21.984,19.56,-16.38,-15.24
22.023,19.68,-15.66,-14.7
22.063,19.199999,-16.08,-15.0
22.085,19.26,-16.5,-15.0
22.122,19.199999,-16.199999,-15.12
22.164,19.74,-14.94,-15.059999
22.204,18.66,-15.48,-16.56
22.223,19.02,-15.599999,-16.32
22.264,18.48,-16.08,-15.96
22.303,18.539999,-16.32,-16.02
22.323,18.119999,-16.26,-15.599999
22.363,18.9,-15.54,-14.759999
22.405,19.5,-16.56,-13.74
22.426,18.96,-16.38,-14.28
22.467,19.68,-16.08,-13.86
22.507,20.22,-16.5,-13.32
22.524,20.22,-16.92,-13.44
22.565,20.279999,-16.859999,-13.62
22.606,19.68,-17.1,-13.74
22.625,19.32,-17.34,-14.28
22.663,20.039999,-17.4,-12.84
22.704,20.46,-17.16,-12.42
22.745,20.58,-16.74,-12.54
22.762,20.46,-17.16,-12.36
22.802,20.58,-16.92,-11.58
22.842,20.34,-16.8,-12.3
22.863,20.16,-16.92,-12.3
22.902,20.58,-17.76,-11.7
22.942,20.699999,-17.58,-11.94
22.963,20.52,-17.88,-12.3
23.002,20.46,-18.24,-12.059999
23.043,20.34,-17.58,-11.7
23.063,20.1,-18.48,-12.3
23.103,20.52,-18.06,-12.12
23.143,20.16,-17.4,-12.9
23.164,20.4,-16.74,-12.66
23.203,20.52,-18.119999,-12.48
23.247,20.46,-17.58,-12.719999
23.264,20.82,-17.279999,-12.599999
23.312,19.74,-18.539999,-12.3
23.345,19.68,-18.119999,-12.66
23.363,19.56,-17.64,-12.96
23.403,20.34,-17.34,-12.059999
23.442,19.98,-17.52,-12.84
23.463,20.1,-17.46,-12.54
23.503,20.46,-18.359999,-12.96
23.542,20.52,-18.66,-12.66
23.564,20.039999,-18.6,-12.059999
23.603,19.38,-18.72,-12.96
23.644,19.92,-18.18,-13.0199995
23.683,19.439999,-17.82,-13.5
23.704,19.74,-18.119999,-13.259999
23.743,20.58,-17.94,-12.0
23.782,19.56,-17.82,-12.0
23.804,19.8,-17.52,-11.82
23.842,20.699999,-17.279999,-12.0
23.883,20.279999,-18.6,-11.94
23.903,20.82,-18.3,-11.94
23.944,20.34,-18.0,-12.059999
23.984,19.98,-18.0,-12.42
24.003,19.439999,-18.0,-11.5199995
24.046,20.4,-18.06,-12.599999
24.083,20.58,-18.66,-11.82
24.103,20.88,-19.08,-11.7
24.142,20.279999,-18.539999,-11.94
24.183,19.8,-17.34,-12.059999
24.202,20.16,-17.52,-12.78
24.243,21.24,-17.1,-13.2
24.282,20.46,-19.26,-11.94
24.304,20.4,-19.14,-12.54
24.346,21.0,-18.6,-11.94
24.384,20.1,-18.9,-12.36
24.425,20.58,-18.18,-13.0199995
24.442,20.34,-18.539999,-12.24
24.483,20.64,-18.06,-11.28
24.504,20.58,-18.06,-12.059999
24.543,20.34,-17.46,-11.82
24.583,20.46,-18.42,-11.88
24.606,20.699999,-17.88,-12.24
24.643,20.699999,-18.66,-11.94
24.683,21.0,-18.18,-11.5199995
24.723,21.539999,-17.64,-12.66
24.743,21.359999,-18.0,-13.0199995
24.783,20.34,-17.76,-12.0
24.822,20.22,-17.82,-11.7
24.843,20.52,-17.699999,-11.34
24.882,20.34,-18.48,-12.78
24.922,21.18,-18.0,-12.12
24.942,21.0,-17.88,-11.5199995
24.984,20.279999,-17.76,-11.88
25.023,20.699999,-18.359999,-12.059999
25.044,20.64,-18.48,-12.78
25.083,21.0,-18.539999,-12.48
25.124,20.22,-17.88,-11.88
25.143,20.76,-18.18,-11.58
25.183,20.16,-18.0,-12.66
25.222,21.18,-18.9,-11.46
25.263,20.16,-17.94,-12.42
25.282,20.16,-17.58,-12.12
25.325,19.859999,-18.66,-12.059999
25.363,20.58,-18.48,-12.599999
25.383,20.279999,-18.66,-11.759999
25.423,20.82,-18.9,-11.88
25.462,19.68,-18.6,-12.0
25.483,20.279999,-18.66,-11.82
25.524,20.939999,-17.4,-12.719999
25.565,20.4,-18.0,-12.0
25.582,20.1,-18.24,-11.5199995
25.624,20.279999,-18.6,-11.759999
25.663,20.16,-18.06,-11.94
25.683,20.52,-17.82,-11.7
25.723,21.119999,-18.42,-12.36
25.763,21.0,-18.24,-12.12
25.783,20.4,-18.48,-12.48
25.823,20.52,-18.359999,-11.7
25.864,20.76,-18.539999,-11.5199995
25.883,20.4,-18.779999,-12.059999
25.934,21.06,-18.42,-12.0
25.962,20.039999,-18.359999,-11.099999
25.983,20.58,-18.66,-11.5199995
26.023,19.98,-18.3,-11.34
26.062,20.52,-17.82,-11.94
26.102,20.34,-18.06,-11.759999
26.122,20.52,-17.88,-11.46
26.162,20.22,-18.72,-11.46
26.202,20.58,-18.72,-11.58
26.222,21.06,-17.94,-11.5199995
26.262,20.64,-18.06,-11.759999
26.301,20.4,-18.18,-11.7
26.321,20.64,-18.24,-11.88
26.362,20.939999,-18.359999,-11.82
26.402,19.38,-18.24,-11.82
26.422,19.92,-18.18,-12.42
26.462,20.22,-18.24,-11.82
26.502,20.34,-19.02,-11.759999
26.523,20.4,-18.779999,-12.0
26.562,21.359999,-18.119999,-12.24
26.602,20.1,-18.48,-11.82
26.622,20.76,-17.699999,-12.059999
26.663,20.52,-18.84,-11.58
26.702,20.699999,-17.76,-13.0199995
26.722,19.98,-18.3,-12.42
26.762,21.6,-17.64,-12.179999
26.802,19.98,-18.42,-11.7
26.842,20.699999,-18.24,-12.059999
26.862,20.699999,-18.42,-12.42
26.902,21.24,-18.96,-11.639999
26.944,21.48,-18.6,-12.42
26.963,20.88,-18.18,-12.36
27.002,20.58,-18.6,-12.48
27.042,20.699999,-18.06,-12.179999
27.063,19.98,-18.18,-11.94
27.102,20.039999,-18.42,-11.04
27.142,20.88,-18.779999,-12.059999
27.163,20.939999,-18.0,-11.94
27.202,20.64,-18.779999,-12.42
27.243,21.3,-18.539999,-12.36
27.262,21.06,-18.9,-12.96
27.303,21.06,-18.3,-12.179999
27.343,20.82,-18.6,-13.139999
27.363,20.939999,-17.94,-12.3
27.402,19.92,-18.48,-12.54
27.443,20.76,-17.52,-12.78
27.464,20.22,-17.699999,-12.78
27.503,21.24,-18.3,-12.599999
27.542,20.76,-18.06,-13.32
27.581,20.4,-18.0,-12.78
27.602,20.34,-18.359999,-12.0
27.642,20.4,-17.76,-13.2
27.682,20.46,-17.82,-12.24
27.702,20.279999,-17.82,-12.059999
27.743,20.279999,-17.58,-13.0199995
27.783,20.1,-17.64,-13.44
27.801,20.76,-17.76,-12.84
27.842,20.58,-17.699999,-12.24
27.882,20.22,-17.4,-12.36
27.902,20.34,-17.46,-12.9
27.942,19.98,-17.94,-13.2
27.983,19.5,-18.119999,-13.32
28.002,20.4,-17.76,-12.84
28.043,20.039999,-17.279999,-13.2
28.082,20.1,-17.34,-13.559999
28.102,19.74,-17.52,-13.679999
28.142,19.619999,-18.119999,-13.92
28.181,20.46,-17.88,-13.5
28.202,20.699999,-17.4,-13.259999
28.241,20.039999,-18.42,-13.0199995
28.282,20.46,-17.58,-13.5
28.302,20.699999,-17.76,-13.5
28.343,19.74,-17.46,-14.4
28.382,20.16,-17.82,-13.44
28.402,20.1,-17.279999,-13.139999
28.442,20.34,-17.58,-13.92
28.482,19.859999,-17.16,-13.98
28.503,20.279999,-17.76,-13.679999
28.543,20.039999,-18.359999,-13.32
28.582,19.439999,-17.22,-14.219999
28.623,19.14,-17.039999,-13.74
28.644,19.74,-17.4,-12.9
28.681,20.46,-17.94,-11.94
28.722,20.58,-17.52,-13.2
28.742,20.88,-17.34,-13.38
28.781,20.16,-16.859999,-13.92
28.821,20.64,-17.279999,-13.38
28.841,20.64,-17.52,-13.38
28.882,20.22,-17.82,-14.04
28.925,20.22,-17.039999,-13.0199995
28.941,19.92,-17.34,-12.9
28.982,20.16,-17.1,-12.96
29.022,20.64,-16.44,-13.08
29.042,21.24,-17.279999,-12.9
29.082,19.859999,-16.74,-13.139999
29.121,20.699999,-16.38,-12.96
29.141,20.58,-17.039999,-13.0199995
29.184,20.46,-17.22,-13.08
29.222,20.699999,-17.699999,-13.259999
29.242,20.52,-17.58,-12.96
29.282,20.16,-17.4,-12.78
29.321,20.58,-16.26,-12.9
29.361,20.279999,-16.619999,-12.54
29.381,20.279999,-16.56,-13.08
29.422,19.92,-16.92,-13.74
29.462,19.02,-17.34,-13.86
29.482,18.359999,-16.32,-14.7
29.522,18.9,-16.98,-15.78
29.562,19.439999,-16.32,-14.7
29.584,19.8,-15.9,-14.94
29.622,18.84,-16.619999,-14.219999
29.662,18.84,-16.74,-15.059999
29.681,18.779999,-16.08,-15.42
29.722,19.199999,-16.199999,-15.059999
29.764,19.199999,-17.039999,-14.759999
29.782,18.6,-17.22,-15.0
29.822,19.199999,-16.74,-14.94
29.862,18.72,-16.38,-14.5199995
29.882,18.84,-16.5,-14.639999
29.921,20.34,-16.38,-14.099999
29.962,19.5,-17.279999,-14.28
29.982,19.98,-16.26,-13.5
30.022,20.58,-16.38,-14.759999
30.062,20.88,-16.56,-14.099999
30.082,20.52,-16.619999,-14.28
30.122,20.279999,-16.98,-15.36
30.161,19.199999,-15.96,-15.719999
30.183,19.68,-16.199999,-16.26
30.222,18.9,-15.839999,-15.42
30.262,18.9,-16.5,-15.24
30.302,19.74,-15.9,-15.48
30.322,19.439999,-16.5,-15.299999
30.363,18.9,-16.98,-15.599999
30.402,18.48,-16.92,-14.5199995
30.422,19.08,-16.859999,-14.28
30.462,19.98,-17.16,-14.5199995
30.502,19.26,-16.56,-14.04
30.523,19.56,-16.56,-14.34
30.562,20.34,-16.619999,-14.7
30.602,20.64,-16.98,-13.92
30.622,20.939999,-17.1,-14.34
30.662,20.279999,-16.92,-14.82
30.702,20.039999,-16.32,-14.219999
30.721,19.74,-16.08,-14.34
30.762,20.279999,-16.859999,-14.94
30.801,18.9,-15.839999,-14.82
30.822,19.199999,-15.48,-14.58
30.861,19.26,-16.199999,-15.299999
30.902,19.199999,-16.26,-15.12
30.924,19.14,-16.08,-15.059999
30.963,18.359999,-16.619999,-14.94
31.002,18.48,-17.46,-14.34
31.041,18.779999,-17.52,-14.759999
31.062,18.42,-17.52,-15.299999
31.102,19.02,-17.88,-14.639999
31.142,19.26,-16.98,-14.94
31.163,19.26,-17.22,-14.82
31.203,19.02,-16.8,-13.799999
31.245,19.74,-17.22,-14.4
31.263,19.439999,-18.24,-14.28
31.302,20.46,-16.8,-13.44
31.343,18.72,-16.32,-13.86
31.363,19.98,-16.619999,-14.04
31.402,19.439999,-15.599999,-14.5199995
31.442,20.1,-15.48,-14.4
31.463,19.56,-15.9,-14.34
31.503,20.34,-16.32,-14.04
31.542,20.699999,-16.8,-13.559999
31.562,19.98,-17.039999,-13.32
31.603,20.46,-17.039999,-13.44
31.642,19.68,-17.34,-13.44
31.661,20.22,-16.98,-13.5
31.702,20.22,-16.68,-13.559999
31.743,20.34,-16.5,-13.679999
31.763,19.8,-16.44,-13.5
31.805,21.119999,-16.5,-13.799999
31.845,19.92,-16.38,-13.74
31.864,20.4,-16.38,-13.92
31.903,20.22,-16.26,-13.799999
31.944,20.1,-16.38,-13.86
31.983,20.76,-16.619999,-12.719999
32.002,19.859999,-17.039999,-12.84
32.042,19.98,-15.78,-13.62
32.081,19.32,-16.68,-12.66
32.102,19.98,-15.96,-13.32
32.142,20.4,-16.74,-13.38
32.168,20.16,-17.1,-12.78
32.203,20.34,-15.78,-12.78
32.242,19.74,-16.859999,-13.559999
32.282,21.0,-16.14,-13.44
32.303,20.4,-16.26,-13.259999
32.345,20.279999,-16.32,-12.48
32.384,19.68,-16.199999,-13.0199995
32.404,19.98,-16.68,-12.9
32.442,20.52,-17.699999,-13.32
32.484,20.16,-16.08,-13.86
32.504,20.34,-16.199999,-13.62
32.544,20.82,-17.34,-13.86
32.583,20.22,-17.16,-13.08
32.602,21.539999,-17.22,-13.38
32.642,20.34,-16.44,-13.679999
32.686,19.92,-16.199999,-13.679999
32.704,20.52,-16.5,-13.62
32.744,19.92,-16.08,-13.44
32.792,20.279999,-16.44,-14.04
32.824,21.06,-16.56,-12.84
32.843,20.699999,-16.32,-13.32
32.882,20.22,-16.199999,-13.799999
32.923,20.52,-16.56,-13.92
32.944,20.34,-16.38,-13.5
32.984,20.34,-15.96,-13.38
33.022,19.74,-16.68,-13.5
33.042,19.68,-16.619999,-13.2
33.081,20.699999,-16.68,-12.96
33.122,20.279999,-16.98,-12.0
33.141,20.16,-17.1,-13.38
33.183,20.46,-16.74,-13.139999
33.221,20.039999,-16.56,-12.36
33.242,20.16,-16.5,-12.9
33.282,21.06,-16.98,-13.08
33.322,20.16,-17.64,-13.799999
33.342,20.52,-17.76,-13.74
33.389,19.08,-16.859999,-13.08
33.424,19.8,-16.619999,-12.84
33.462,20.58,-17.34,-12.54
33.482,20.279999,-17.699999,-12.84
33.521,19.439999,-17.46,-13.5
33.562,20.699999,-16.98,-13.74
33.584,20.1,-16.92,-13.559999
33.623,20.039999,-17.82,-12.36
33.666,20.16,-16.199999,-12.66
33.683,19.98,-15.96,-12.599999
33.723,20.16,-17.22,-11.94
33.746,20.4,-17.16,-12.719999
33.790,20.939999,-17.4,-11.28
33.822,20.76,-18.119999,-11.759999
33.863,20.52,-17.76,-12.0
33.885,20.279999,-17.1,-11.639999
33.922,20.4,-18.18,-12.059999
33.964,19.56,-17.88,-11.88
33.985,19.26,-17.76,-12.0
34.023,20.039999,-18.359999,-11.46
34.063,20.939999,-18.119999,-11.639999
34.082,20.52,-18.24,-12.12
34.123,20.16,-17.279999,-11.58
34.162,20.34,-17.64,-12.24
34.183,20.58,-17.22,-12.0
34.223,20.88,-18.119999,-11.94
34.266,20.16,-18.359999,-11.88
34.282,20.64,-18.24,-11.5199995
34.323,20.279999,-17.52,-12.3
34.364,20.52,-18.48,-12.3
34.386,20.76,-18.24,-12.48
34.422,20.4,-17.699999,-12.12
34.463,20.52,-18.119999,-12.24
34.503,20.46,-17.82,-13.2
34.521,20.1,-17.039999,-12.0
34.563,20.279999,-17.22,-12.059999
34.603,20.16,-18.539999,-12.719999
34.625,20.699999,-17.94,-11.7
34.667,21.18,-18.66,-11.7
34.705,20.699999,-18.24,-11.7
34.725,19.619999,-18.6,-12.0
34.768,19.859999,-17.52,-12.3
34.786,19.619999,-17.34,-12.54
34.822,19.859999,-17.1,-13.799999
34.865,19.02,-17.64,-13.74
34.902,18.6,-18.06,-13.559999
34.923,17.94,-17.88,-13.86
34.962,17.4,-18.119999,-14.04
35.003,16.5,-18.119999,-14.5199995
35.022,17.52,-17.88,-14.82
35.063,16.08,-18.539999,-14.639999
35.105,15.96,-18.119999,-15.0
35.122,16.08,-18.3,-15.0
35.164,15.66,-18.539999,-15.12
35.203,14.5199995,-18.72,-15.12
35.243,14.82,-19.92,-14.7
35.263,14.28,-20.34,-14.7
35.301,14.759999,-19.619999,-14.34
35.324,14.82,-19.199999,-14.16
35.363,15.0,-19.619999,-14.4
35.402,15.059999,-19.68,-14.099999
35.442,14.7,-19.98,-14.16
35.463,14.7,-20.34,-14.219999
35.502,13.86,-19.199999,-14.099999
35.544,14.639999,-20.34,-13.92
35.564,14.94,-20.16,-14.28
35.602,15.66,-19.68,-14.46
35.643,15.719999,-18.6,-14.16
35.664,15.54,-18.539999,-15.24
35.704,15.719999,-17.76,-14.94
35.743,16.26,-18.119999,-16.02
35.764,16.44,-16.98,-15.839999
35.801,17.1,-17.58,-16.32
35.844,16.619999,-17.16,-16.199999
35.862,16.619999,-17.16,-16.92
35.903,16.859999,-16.5,-16.14
35.944,16.68,-15.9,-15.96
35.962,17.279999,-15.9,-16.56
36.002,17.76,-15.839999,-16.14
36.041,18.0,-16.26,-15.719999
36.064,18.359999,-16.44,-16.68
36.104,18.06,-15.9,-16.26
36.141,17.699999,-15.599999,-15.36
36.183,18.24,-15.9,-16.619999
36.201,18.0,-16.8,-16.14
36.246,18.3,-15.599999,-15.719999
36.281,17.34,-15.12,-15.54
36.301,17.82,-15.66,-15.179999
36.340,18.0,-15.66,-15.78
36.380,18.84,-16.38,-15.0
36.401,18.42,-15.839999,-15.36
36.441,18.0,-15.48,-15.48
36.481,17.16,-16.199999,-15.9
36.501,17.64,-15.839999,-15.24
36.542,18.3,-15.719999,-14.94
36.581,18.9,-16.08,-14.639999
36.601,18.96,-15.78,-14.7
36.642,19.26,-16.619999,-15.42
36.681,18.119999,-15.839999,-15.78
36.703,18.24,-15.719999,-15.36
36.744,18.359999,-16.02,-15.9
36.782,19.02,-16.14,-15.719999
36.821,18.359999,-16.5,-15.599999
36.841,18.06,-15.78,-14.94
36.881,18.779999,-15.96,-15.66
36.921,18.779999,-16.199999,-15.54
36.941,19.02,-16.26,-15.599999
36.981,19.08,-15.9,-15.12
37.021,18.539999,-16.199999,-14.34
37.040,18.48,-16.44,-13.559999
37.081,19.14,-16.38,-15.179999
37.122,19.14,-15.96,-14.94
37.142,18.9,-15.719999,-15.179999
37.182,19.08,-16.26,-14.46
37.221,19.32,-17.039999,-13.08
37.241,19.439999,-17.58,-13.2
37.281,19.32,-17.4,-13.32
37.322,19.98,-17.699999,-13.0199995
37.341,19.98,-16.98,-12.96
37.381,20.4,-17.279999,-13.559999
37.422,20.279999,-17.34,-13.679999
37.441,19.619999,-17.039999,-13.92
37.482,19.98,-16.92,-12.96
37.522,20.279999,-17.1,-12.84
37.543,19.98,-17.4,-12.599999
37.585,19.14,-17.279999,-14.099999
37.622,19.439999,-17.46,-13.139999
37.642,19.02,-16.98,-13.62
37.683,19.619999,-16.98,-14.28
37.722,19.14,-17.22,-14.099999
37.743,19.5,-17.16,-14.5199995
37.783,18.66,-16.199999,-14.5199995
37.827,19.08,-16.44,-14.94
37.862,19.32,-16.199999,-15.24
37.882,18.9,-16.619999,-14.94
37.924,19.02,-16.8,-14.4
37.962,19.14,-16.92,-15.179999
37.983,19.26,-17.4,-14.7
38.021,18.6,-16.68,-14.7
38.060,18.24,-16.74,-14.88
38.082,18.539999,-17.039999,-14.759999
38.120,19.92,-16.619999,-14.759999
38.161,19.8,-16.98,-13.559999
38.181,19.32,-17.1,-14.58
38.224,19.439999,-17.22,-14.28
38.261,19.38,-16.32,-15.059999
38.281,19.439999,-16.56,-14.94
38.321,19.56,-16.68,-15.599999
38.361,18.9,-16.08,-14.639999
38.382,19.02,-15.36,-13.98
38.420,18.48,-16.56,-15.12
38.461,19.08,-16.44,-14.759999
38.500,18.359999,-16.14,-14.099999
38.524,18.9,-16.44,-14.219999
38.562,19.14,-15.719999,-14.88
38.583,19.5,-16.08,-14.58
38.623,18.84,-16.08,-14.46
38.662,19.32,-15.78,-14.46
38.706,18.72,-16.5,-14.639999
38.724,18.9,-16.32,-14.759999
38.765,18.66,-16.619999,-14.16
38.801,19.439999,-16.619999,-14.46
38.822,19.8,-16.199999,-14.58
38.863,18.72,-16.14,-15.36
38.902,19.14,-16.92,-15.36
38.921,19.14,-16.619999,-14.34
38.960,18.72,-15.719999,-14.34
39.001,19.199999,-15.599999,-15.12
39.021,19.199999,-15.24,-14.7
39.061,19.38,-16.74,-15.24
39.100,19.439999,-15.36,-15.66
39.120,18.72,-15.179999,-15.719999
39.161,19.14,-16.98,-14.88
39.201,18.779999,-16.26,-15.599999
39.221,19.199999,-16.26,-15.42
39.261,18.96,-15.42,-15.42
39.302,18.6,-15.9,-15.179999
39.342,18.24,-16.68,-14.82
39.363,18.0,-16.68,-14.219999
39.401,17.88,-16.8,-15.839999
39.440,18.06,-16.68,-14.5199995
39.461,18.6,-16.44,-15.299999
39.500,17.58,-16.859999,-15.599999
39.542,18.119999,-15.78,-15.0
39.561,18.24,-16.44,-14.759999
39.602,19.14,-16.08,-15.599999
39.640,18.84,-16.68,-15.059999
39.661,19.02,-16.14,-15.24
39.701,18.359999,-16.44,-14.5199995
39.741,18.48,-15.96,-15.78
39.760,18.48,-16.44,-15.299999
39.801,18.96,-16.44,-14.639999
39.841,19.619999,-16.199999,-14.94
39.861,19.08,-16.02,-14.7
39.902,19.439999,-15.66,-15.42
39.943,19.38,-16.859999,-14.04
39.962,19.56,-16.44,-13.559999
40.002,18.779999,-15.599999,-15.059999
40.043,19.08,-14.88,-16.02
40.061,19.56,-15.48,-15.719999
40.101,18.96,-15.599999,-15.36
40.141,18.42,-15.599999,-14.639999
40.183,19.14,-15.96,-14.759999
40.201,19.32,-15.9,-15.059999
40.241,18.779999,-16.199999,-15.24
40.285,18.84,-15.059999,-15.059999
40.301,18.06,-15.0,-15.0
40.340,19.5,-15.299999,-14.82
40.381,19.08,-15.78,-14.94
40.400,19.5,-15.24,-15.0
40.441,19.02,-16.44,-14.639999
40.480,18.539999,-15.48,-15.12
40.501,17.58,-15.719999,-14.82
40.546,19.199999,-16.38,-14.82
40.582,17.58,-15.36,-15.9
40.602,17.94,-15.599999,-16.199999
40.640,18.18,-14.94,-16.5
40.680,19.02,-15.839999,-15.179999
40.701,18.9,-16.02,-15.179999
40.741,18.66,-14.099999,-15.9
40.781,18.6,-15.179999,-14.94
40.801,18.72,-16.02,-14.82
40.840,18.72,-14.82,-15.299999
40.881,18.539999,-16.02,-15.9
40.901,18.779999,-15.66,-15.66
40.940,18.66,-15.78,-16.02
40.981,18.24,-14.7,-15.48
41.021,18.66,-15.24,-16.02
41.041,18.359999,-14.759999,-15.36
41.082,19.02,-16.08,-15.719999
41.121,18.66,-15.839999,-15.059999
41.140,18.48,-15.839999,-14.88
41.180,17.88,-16.56,-15.599999
41.221,18.72,-15.42,-14.7
41.241,17.699999,-15.179999,-15.179999
41.281,18.3,-16.199999,-14.82
41.322,19.199999,-15.9,-15.059999
41.341,19.199999,-15.599999,-15.299999
41.383,18.779999,-15.299999,-14.7
41.421,18.6,-16.02,-15.179999
41.441,18.72,-16.08,-15.059999
41.480,19.68,-15.96,-14.58
41.521,19.38,-15.599999,-14.46
41.540,19.68,-16.08,-14.5199995
41.581,19.32,-16.56,-14.28
41.621,19.08,-16.08,-14.88
41.640,18.9,-15.36,-14.219999
41.681,19.32,-15.839999,-15.54
41.720,18.6,-16.08,-14.219999
41.764,18.06,-16.619999,-14.639999
41.780,18.119999,-16.08,-15.059999
41.821,18.0,-16.38,-15.12
41.861,18.6,-16.199999,-14.16
41.880,19.199999,-15.9,-14.099999
41.920,18.9,-16.26,-14.34
41.961,18.66,-16.199999,-14.28
41.981,18.6,-16.5,-14.4
42.020,18.3,-16.14,-14.219999
42.060,18.42,-15.66,-14.7
42.079,18.18,-16.08,-15.299999
42.122,18.84,-15.78,-14.7
42.160,19.199999,-16.199999,-13.98
42.180,19.439999,-16.56,-13.259999
42.221,19.38,-16.859999,-14.82
42.260,19.14,-16.14,-13.44
42.282,18.66,-15.9,-13.62
42.320,20.1,-16.74,-13.44
42.361,19.439999,-16.92,-12.96
42.380,19.68,-16.02,-13.38
42.422,19.439999,-16.44,-13.799999
42.461,19.619999,-15.9,-12.719999
42.483,19.5,-16.5,-12.719999
42.523,19.5,-16.619999,-12.24
42.561,18.66,-18.0,-11.88
42.600,19.68,-17.82,-12.24
42.620,20.039999,-17.82,-12.36
42.660,19.98,-18.119999,-12.24
42.700,19.56,-18.539999,-12.66
42.721,19.8,-17.58,-12.78
42.760,20.22,-17.46,-12.059999
42.799,20.1,-17.76,-11.82
42.820,19.98,-17.699999,-12.9
42.861,19.38,-17.82,-12.54
42.901,19.439999,-17.82,-12.42
42.921,19.5,-17.88,-13.0199995
42.961,19.92,-17.52,-13.2
43.002,19.68,-16.98,-12.84
43.023,19.56,-17.1,-13.679999
43.061,19.74,-16.74,-13.08
43.087,20.039999,-16.92,-12.719999
43.121,20.4,-16.8,-12.66
43.161,19.14,-17.52,-13.0199995
43.204,19.619999,-17.1,-12.84
43.221,19.859999,-17.1,-12.599999
43.261,20.22,-16.619999,-13.44
43.302,19.26,-17.58,-13.259999
43.325,19.74,-17.279999,-13.08
43.361,19.68,-17.16,-13.5
43.402,19.56,-17.76,-13.139999
43.422,18.84,-16.68,-13.32
43.460,19.32,-17.52,-12.719999
43.503,19.199999,-18.119999,-12.599999
43.523,19.26,-18.0,-12.599999
43.562,19.74,-17.16,-13.679999
43.601,19.199999,-17.22,-12.84
43.623,18.84,-16.56,-13.139999
43.662,19.32,-16.619999,-12.9
43.693,19.68,-16.92,-13.139999
43.741,19.439999,-17.82,-13.2
43.763,19.68,-18.24,-13.259999
43.804,19.439999,-16.74,-13.5
43.841,20.4,-17.88,-13.559999
43.861,19.859999,-17.039999,-13.32
43.901,20.16,-17.16,-13.98
43.941,18.96,-17.16,-13.5
43.961,19.56,-17.22,-13.44
44.001,19.92,-17.16,-13.44
44.041,19.14,-17.52,-13.5
44.063,19.74,-17.52,-13.139999
44.105,19.32,-17.52,-13.559999
44.141,19.8,-17.52,-13.5
44.163,19.439999,-17.88,-13.2
44.201,19.859999,-16.619999,-13.559999
44.240,19.38,-16.68,-14.58
44.261,18.779999,-17.039999,-13.5
44.301,19.38,-16.32,-13.44
44.342,19.26,-16.32,-13.44
44.380,20.039999,-16.98,-14.58
44.404,19.439999,-17.1,-14.46
44.446,19.199999,-16.8,-13.62
44.481,19.74,-16.26,-13.62
44.504,19.8,-15.719999,-13.74
44.544,18.539999,-17.22,-13.62
44.581,19.56,-16.56,-12.96
44.601,19.92,-16.98,-13.799999
44.643,19.02,-16.859999,-12.9
44.664,18.66,-17.279999,-13.08
44.701,19.439999,-18.0,-13.62
44.742,19.26,-16.92,-14.099999
44.781,20.22,-17.22,-13.62
44.800,19.98,-16.74,-13.799999
44.844,19.5,-16.02,-13.679999
44.883,19.859999,-16.859999,-13.74
44.901,19.199999,-17.039999,-13.32
44.943,18.6,-16.68,-13.5
44.982,19.14,-16.74,-13.74
45.003,19.08,-17.1,-13.139999
45.043,19.5,-16.44,-13.2
45.082,19.92,-16.38,-13.5
45.102,19.74,-16.38,-13.38
45.153,19.68,-16.44,-13.44
45.181,19.56,-16.32,-13.98
45.221,18.84,-16.98,-14.46
45.245,19.68,-16.98,-13.559999
45.281,19.199999,-17.22,-14.5199995
45.321,20.039999,-17.46,-13.74
45.340,19.98,-17.039999,-13.2
45.381,19.14,-16.74,-13.08
45.421,19.8,-16.8,-13.62
45.442,19.38,-16.5,-13.679999
45.481,20.039999,-17.039999,-13.799999
45.521,19.619999,-18.06,-13.08
45.542,19.439999,-17.94,-13.139999
45.580,19.199999,-16.859999,-13.38
45.620,19.38,-16.859999,-13.799999
45.640,19.38,-16.199999,-13.2
45.680,19.8,-16.5,-13.259999
45.722,20.039999,-16.92,-13.92
45.741,19.38,-16.98,-13.2
45.781,18.66,-17.1,-14.04
45.822,20.16,-16.8,-12.84
45.849,19.26,-15.9,-12.9
45.883,19.26,-17.1,-13.62
45.921,19.8,-17.22,-12.66
45.944,19.26,-17.16,-12.78
45.981,20.4,-17.58,-13.62
46.022,19.859999,-16.68,-12.66
46.042,20.039999,-17.1,-13.0199995
46.082,20.34,-16.619999,-12.96
46.121,19.38,-16.44,-13.799999
46.143,18.96,-16.5,-14.04
46.182,19.859999,-16.199999,-13.559999
46.222,20.52,-17.1,-12.96
46.246,19.859999,-17.699999,-12.96
46.283,19.56,-16.5,-13.2
46.323,19.56,-17.039999,-13.139999
46.362,18.66,-16.8,-13.44
46.382,19.02,-17.64,-13.259999
46.422,19.98,-17.22,-12.9
46.461,20.58,-17.4,-13.5
46.482,20.64,-17.88,-13.2
46.524,19.98,-18.0,-12.66
46.562,20.279999,-16.619999,-12.54
46.581,20.16,-17.22,-13.0199995
46.622,20.039999,-17.64,-13.74
46.660,20.4,-16.68,-13.44
46.681,19.8,-17.279999,-13.5
46.722,20.279999,-17.1,-13.139999
46.762,19.619999,-17.22,-13.5
46.801,19.56,-16.26,-13.559999
46.821,19.56,-16.68,-12.42
46.862,19.5,-16.98,-13.62
46.903,19.8,-16.98,-14.16
46.921,20.1,-16.5,-13.2
46.962,19.5,-15.9,-12.96
46.988,19.8,-16.619999,-13.38
47.039,19.38,-16.859999,-13.62
47.060,19.74,-16.74,-14.16
47.101,20.16,-17.039999,-13.5
47.121,19.32,-17.16,-13.139999
47.161,20.16,-17.22,-13.62
47.199,20.46,-17.279999,-13.08
47.220,19.8,-17.1,-13.2
47.260,19.56,-17.1,-12.84
47.300,20.039999,-16.98,-12.54
47.320,19.8,-15.78,-12.54
47.361,19.56,-17.16,-12.24
47.401,19.199999,-17.4,-12.599999
47.421,19.199999,-17.22,-13.259999
47.461,19.26,-17.52,-12.48
47.502,19.8,-19.14,-12.24
47.521,19.859999,-18.18,-12.24
47.560,20.34,-18.84,-11.82
47.603,20.76,-18.6,-11.759999
47.640,20.52,-17.22,-11.219999
47.660,19.68,-17.279999,-11.58
47.700,20.46,-19.38,-11.5199995
47.740,19.14,-18.06,-11.7
47.760,19.26,-17.76,-11.4
47.800,20.64,-17.46,-11.4
47.839,19.8,-17.34,-11.88
47.859,19.8,-17.64,-11.759999
47.900,19.02,-17.58,-12.599999
47.940,19.5,-16.92,-12.599999
47.960,19.5,-17.46,-12.66
48.001,19.38,-17.52,-12.84
48.040,18.779999,-18.06,-12.54
48.060,18.9,-17.88,-13.38
48.100,17.52,-18.18,-14.04
48.141,18.539999,-18.42,-13.74
48.162,17.82,-17.76,-14.219999
48.203,18.0,-18.0,-15.12
48.240,17.1,-18.06,-14.88
48.260,16.38,-17.699999,-14.58
48.301,17.58,-17.58,-14.5199995
48.339,17.88,-17.82,-14.219999
48.361,17.94,-17.52,-15.12
48.399,18.0,-17.46,-14.219999
48.439,17.64,-16.859999,-14.4
48.482,17.22,-17.279999,-14.5199995
48.499,18.24,-17.4,-14.639999
48.540,18.359999,-17.52,-13.559999
48.580,18.84,-18.119999,-14.219999
48.600,19.02,-19.02,-14.5199995
48.639,19.26,-18.539999,-14.099999
48.679,18.48,-17.64,-13.38
48.700,18.84,-18.0,-13.62
48.739,19.199999,-17.699999,-13.62
48.779,18.6,-18.6,-13.559999
48.799,18.48,-18.119999,-13.2
48.841,18.539999,-17.279999,-14.099999
48.880,18.66,-18.779999,-14.4
48.899,18.48,-19.08,-14.58
48.940,18.359999,-17.52,-13.259999
48.980,17.88,-17.76,-13.38
49.000,18.24,-17.52,-12.84
49.041,18.42,-17.94,-13.38
49.080,19.32,-18.24,-13.559999
49.100,19.38,-18.779999,-13.32
49.140,18.9,-18.6,-13.32
49.178,19.38,-18.539999,-12.599999
49.219,19.08,-19.439999,-13.259999
49.239,19.08,-19.199999,-13.559999
49.279,18.9,-18.48,-13.139999
49.319,18.66,-18.6,-12.3
49.339,19.439999,-18.84,-11.94
49.379,19.26,-18.72,-12.0
49.419,19.32,-19.619999,-12.54
49.440,19.619999,-19.5,-12.66
49.478,19.02,-19.439999,-11.639999
49.518,19.199999,-19.08,-12.059999
49.539,19.56,-18.72,-12.599999
49.579,19.32,-18.9,-11.94
49.619,19.5,-19.56,-11.759999
49.640,19.98,-19.38,-11.7
49.681,19.38,-19.859999,-11.94
49.721,20.64,-20.58,-10.38
49.741,20.76,-20.58,-11.28
49.782,20.64,-19.92,-11.7
49.819,20.16,-19.92,-11.219999
49.839,20.64,-19.38,-11.16
49.879,19.92,-19.199999,-11.099999
49.920,19.619999,-19.68,-11.219999
49.960,19.8,-19.619999,-11.58
49.980,19.26,-19.74,-11.4
50.019,20.64,-20.64,-11.04
50.059,19.199999,-21.24,-11.28
50.081,19.439999,-21.119999,-10.62
50.119,18.42,-21.0,-11.88
50.162,18.539999,-21.96,-11.28
50.180,18.24,-21.96,-11.219999
50.221,17.699999,-23.039999,-11.219999
50.248,17.52,-22.68,-11.4
50.279,16.44,-23.22,-11.34
50.319,16.8,-24.24,-11.5199995
50.360,15.96,-24.84,-11.28
50.379,16.14,-24.539999,-11.219999
50.419,14.88,-25.619999,-9.599999
50.461,15.0,-25.74,-10.559999
50.482,14.639999,-25.68,-10.139999
50.521,14.16,-26.4,-9.36
50.559,14.94,-26.22,-10.44
50.580,14.5199995,-26.4,-10.38
50.619,14.5199995,-26.279999,-9.599999
50.660,14.759999,-26.22,-9.3
50.680,14.28,-26.16,-9.84
50.719,15.12,-26.46,-10.0199995
50.764,14.639999,-26.16,-10.38
50.780,15.12,-25.98,-10.0199995
50.820,13.799999,-25.74,-10.74
50.860,15.059999,-26.16,-10.26
50.900,15.54,-26.46,-10.2
50.923,15.179999,-25.56,-10.2
50.959,14.34,-26.099998,-10.62
50.981,15.12,-25.32,-10.26
51.020,15.299999,-26.279999,-10.08
51.063,15.54,-25.56,-9.719999
51.099,15.78,-25.74,-11.219999
51.121,15.599999,-25.68,-11.58
51.159,15.719999,-25.859999,-10.5
51.200,14.88,-25.619999,-10.98
51.219,14.82,-26.039999,-11.7
51.260,14.759999,-25.14,-11.16
51.300,15.179999,-24.72,-10.86
51.319,14.94,-25.619999,-10.8
51.360,15.54,-24.6,-10.86
51.399,14.58,-25.619999,-11.04
51.421,14.58,-25.5,-11.34
51.459,14.94,-24.72,-12.0
51.500,15.36,-25.619999,-10.86
51.519,15.179999,-25.5,-10.32
51.559,15.48,-24.72,-11.34
51.599,15.599999,-26.22,-11.82
51.620,14.88,-25.38,-10.62
51.660,15.66,-25.14,-11.4
51.700,15.36,-25.08,-11.82
51.720,15.179999,-25.32,-10.5
51.761,14.82,-24.96,-11.7
51.799,15.78,-25.08,-11.219999
51.821,14.94,-24.72,-11.5199995
51.860,15.54,-25.08,-11.099999
51.900,14.88,-24.9,-11.34
51.939,15.12,-24.06,-12.059999
51.960,15.36,-24.3,-11.88
52.000,13.92,-24.48,-11.04
52.040,15.36,-24.9,-12.0
52.061,15.36,-24.84,-11.34
52.100,15.24,-25.08,-11.16
52.139,15.0,-25.619999,-10.62
52.158,15.66,-25.56,-10.26
52.198,14.82,-25.92,-10.62
52.238,15.179999,-25.32,-10.62
52.259,15.42,-24.84,-10.98
52.300,15.9,-24.42,-11.5199995
52.339,15.179999,-24.96,-10.74
52.359,15.179999,-24.9,-10.86
52.399,15.12,-24.779999,-10.32
52.440,15.059999,-24.6,-10.92
52.460,15.48,-24.66,-11.5199995
52.499,15.9,-24.18,-10.8
52.538,15.42,-25.019999,-10.32
52.579,15.299999,-25.68,-10.86
52.599,14.94,-25.68,-10.74
52.638,15.24,-25.439999,-10.5
52.679,15.48,-25.8,-10.679999
52.701,15.48,-25.74,-10.8
52.739,15.719999,-25.26,-10.679999
52.779,15.719999,-25.5,-10.0199995
52.799,16.14,-25.439999,-10.26
52.840,14.7,-25.56,-10.62
52.879,15.179999,-25.019999,-11.16
52.899,15.12,-24.66,-10.08
52.939,15.54,-24.84,-10.26
52.979,15.42,-25.199999,-10.8
52.999,15.36,-25.68,-10.32
53.041,16.26,-25.56,-10.559999
53.078,14.94,-24.779999,-10.86
53.100,15.179999,-25.32,-10.98
53.141,15.78,-25.08,-9.84
53.179,15.54,-24.9,-11.34
53.199,14.94,-25.619999,-11.16
53.239,15.66,-25.98,-9.24
53.279,16.14,-25.8,-9.12
53.318,15.48,-26.22,-9.179999
53.339,15.719999,-25.5,-9.36
53.379,16.14,-24.779999,-9.66
53.400,15.54,-25.26,-9.36
53.438,15.059999,-25.68,-11.04
53.478,14.94,-24.42,-11.16
53.519,14.94,-25.14,-10.92
53.539,15.299999,-24.539999,-10.32
53.580,15.48,-25.08,-10.44
53.618,15.299999,-24.18,-10.86
53.639,14.759999,-24.48,-10.32
53.678,15.9,-24.96,-10.5
53.718,16.32,-24.66,-10.26
53.739,16.02,-25.019999,-10.92
53.778,16.5,-24.3,-11.099999
53.819,16.5,-22.92,-11.94
53.839,16.44,-22.02,-12.96
53.879,17.4,-21.06,-14.46
53.920,16.859999,-20.039999,-14.58
53.940,17.46,-19.26,-13.799999
53.979,17.16,-19.14,-14.5199995
54.019,16.74,-19.02,-15.9
54.039,16.5,-19.08,-16.38
54.080,15.24,-18.48,-17.16
54.119,14.82,-17.039999,-17.4
54.159,14.82,-16.38,-18.06
54.179,15.24,-16.92,-18.119999
54.218,15.059999,-16.98,-16.56
54.258,16.5,-16.619999,-17.52
54.279,16.38,-16.02,-18.539999
54.319,16.859999,-15.96,-16.859999
54.359,16.98,-15.839999,-18.0
54.378,17.76,-15.179999,-18.119999
54.419,16.8,-14.82,-17.76
54.459,16.619999,-15.719999,-16.98
54.480,16.92,-15.719999,-16.98
54.518,16.98,-15.36,-17.46
54.559,17.34,-15.059999,-17.22
54.578,16.44,-15.66,-16.859999
54.619,17.46,-16.26,-17.279999
54.660,15.839999,-17.46,-15.42
54.679,15.78,-17.279999,-15.54
54.720,15.9,-18.06,-15.66
54.760,15.179999,-18.84,-15.059999
54.779,15.36,-18.72,-15.24
54.819,15.179999,-18.6,-15.12
54.859,15.599999,-19.14,-15.12
54.899,15.66,-20.16,-14.46
54.919,15.48,-20.699999,-14.759999
54.959,16.92,-18.84,-14.34
55.000,15.179999,-18.6,-15.12
55.020,15.48,-18.84,-14.88
55.058,15.839999,-18.6,-16.14
55.099,16.619999,-18.24,-15.12
55.119,17.279999,-17.88,-15.059999
55.159,17.46,-18.18,-15.48
55.199,16.8,-17.699999,-15.42
55.219,16.98,-17.34,-15.299999
55.259,16.26,-19.32,-15.42
55.298,17.16,-18.119999,-15.599999
55.319,16.68,-18.24,-15.54
55.359,16.619999,-19.38,-16.02
55.399,15.839999,-20.46,-15.24
55.419,15.599999,-20.82,-14.94
55.459,15.66,-21.24,-14.28
55.499,16.56,-21.24,-15.059999
55.519,17.22,-22.859999,-14.639999
55.559,17.4,-22.74,-13.2
55.598,16.92,-22.859999,-13.86
55.619,17.52,-22.98,-13.38
55.658,16.859999,-23.22,-12.78
55.698,17.279999,-23.46,-12.24
55.720,17.1,-23.519999,-12.66
55.758,17.58,-23.82,-11.58
55.799,17.279999,-24.3,-12.12
55.838,16.619999,-24.42,-12.42
55.859,17.039999,-24.48,-11.94
55.899,17.58,-24.0,-11.94
55.939,17.46,-24.18,-12.42
55.958,17.46,-24.119999,-12.48
55.999,18.119999,-24.48,-10.44
56.039,17.279999,-24.18,-11.5199995
56.058,17.88,-24.539999,-12.059999
56.098,18.18,-24.72,-10.92
56.139,17.4,-24.359999,-11.759999
56.160,17.279999,-23.939999,-11.88
56.198,17.4,-24.3,-11.7
56.240,17.4,-23.46,-11.099999
56.259,17.34,-23.22,-11.16
56.299,18.24,-24.84,-11.34
56.341,17.82,-23.039999,-11.82
56.358,16.98,-23.34,-12.0
56.399,17.34,-22.08,-11.759999
56.439,17.34,-23.46,-11.5199995
56.459,17.52,-23.1,-11.58
56.498,16.92,-22.5,-11.4
56.537,16.56,-22.02,-11.5199995
56.578,16.38,-22.98,-11.759999
56.598,16.8,-22.5,-12.059999
56.639,17.22,-22.56,-12.3
56.678,17.22,-22.859999,-11.88
56.698,16.859999,-23.1,-11.28
56.738,16.98,-22.199999,-11.4
56.780,16.44,-22.38,-11.94
56.798,17.039999,-22.859999,-11.759999
56.838,16.8,-23.039999,-11.7
56.879,17.52,-21.72,-11.759999
56.899,17.22,-21.6,-12.179999
56.939,16.68,-22.619999,-11.58
56.979,17.46,-22.74,-12.0
56.999,17.4,-22.08,-11.94
57.038,16.92,-22.56,-11.4
57.079,16.32,-23.1,-11.28
57.098,16.74,-22.8,-11.16
57.138,15.9,-21.3,-11.639999
57.179,17.039999,-21.9,-12.36
57.199,17.52,-23.16,-11.759999
57.239,16.44,-21.9,-11.7
57.278,16.38,-22.619999,-11.7
57.298,16.44,-22.08,-11.5199995
57.339,16.5,-22.5,-12.059999
57.378,16.859999,-21.779999,-11.759999
57.399,17.279999,-22.02,-12.0
57.438,16.5,-20.88,-12.66
57.480,16.619999,-21.96,-12.599999
57.518,17.4,-22.26,-11.46
57.539,17.34,-22.32,-11.5199995
57.578,17.279999,-23.039999,-12.48
57.619,16.619999,-22.5,-12.48
57.639,16.5,-23.16,-11.5199995
57.678,17.039999,-22.38,-10.74
57.718,17.4,-22.02,-11.759999
57.739,16.92,-21.3,-12.059999
57.778,16.98,-22.92,-12.599999
57.818,17.58,-22.26,-12.36
57.838,16.74,-22.619999,-12.78
57.878,16.98,-21.72,-11.34
57.918,17.699999,-22.68,-11.94
57.939,17.34,-22.14,-12.12
57.978,16.68,-21.9,-11.7
58.019,16.859999,-22.02,-11.5199995
58.038,17.16,-21.72,-11.82
58.079,17.699999,-21.9,-12.0
58.119,17.16,-22.619999,-10.92
58.139,17.1,-22.92,-11.759999
58.179,17.52,-22.859999,-11.04
58.219,16.98,-22.68,-12.54
58.240,17.279999,-22.68,-12.48
58.279,16.56,-23.16,-12.059999
58.320,17.52,-22.74,-12.84
58.359,16.859999,-23.16,-12.0
58.381,16.98,-23.22,-11.94
58.420,15.9,-22.859999,-11.58
58.460,17.58,-24.3,-10.679999
58.479,17.34,-23.279999,-10.92
58.519,16.44,-22.619999,-11.099999
58.559,16.8,-23.039999,-10.92
58.580,16.56,-22.439999,-11.16
58.620,16.74,-22.439999,-10.8
58.659,16.92,-21.6,-11.34
58.680,16.38,-22.56,-11.16
58.720,17.22,-22.92,-11.04
58.759,17.16,-23.16,-11.28
58.779,17.279999,-23.16,-10.679999
58.819,16.5,-22.8,-11.28
58.860,16.38,-23.699999,-11.4
58.879,16.92,-23.1,-11.5199995
58.920,16.859999,-22.56,-12.179999
58.961,16.8,-21.6,-13.2
58.980,16.56,-21.72,-13.44
59.020,15.839999,-22.32,-13.2
59.062,16.44,-21.9,-12.78
59.080,15.66,-21.779999,-12.84
59.119,16.5,-21.539999,-13.32
59.161,16.02,-21.9,-13.32
59.202,15.78,-22.14,-12.66
59.221,15.66,-22.08,-12.36
59.262,16.02,-22.199999,-12.78
59.280,16.08,-22.38,-12.84
59.321,16.08,-22.14,-12.78
59.359,15.719999,-22.5,-12.66
59.401,15.78,-22.439999,-12.179999
59.419,15.719999,-23.16,-11.94
59.462,14.94,-22.439999,-12.24
59.501,15.839999,-22.5,-12.12
59.524,15.96,-22.56,-12.36
59.561,16.199999,-22.8,-12.66
59.600,15.299999,-22.26,-12.84
59.621,15.66,-21.6,-12.54
59.660,15.66,-22.619999,-13.139999
59.700,15.299999,-22.8,-12.599999
59.721,15.719999,-22.5,-12.54
59.760,15.839999,-22.38,-13.139999
59.800,14.58,-22.08,-11.46
59.820,15.24,-22.74,-12.12
59.862,15.24,-22.859999,-11.58
59.899,16.02,-22.439999,-12.66
59.923,16.44,-22.439999,-12.66
59.959,14.5199995,-22.619999,-12.059999
