timestamp,x,y,z
00.014,13.5,-33.18,-25.199999
00.035,13.38,-33.78,-25.98
00.074,13.5,-34.26,-26.519999
00.114,13.62,-34.739998,-25.8
00.134,13.559999,-34.8,-25.8
00.175,13.92,-34.559998,-26.22
00.215,13.38,-34.32,-26.039999
00.237,13.44,-34.38,-25.56
00.276,12.9,-34.26,-25.14
00.314,13.139999,-33.66,-25.92
00.334,13.679999,-33.239998,-26.16
00.374,13.38,-33.0,-26.279999
00.413,13.139999,-32.46,-26.64
00.434,13.08,-32.219997,-26.58
00.473,13.5,-33.0,-26.519999
00.514,13.62,-34.079998,-26.46
00.533,13.44,-33.84,-26.34
00.575,13.62,-34.079998,-26.279999
00.614,13.86,-34.38,-25.98
00.635,13.799999,-34.5,-26.4
00.674,13.62,-34.739998,-26.519999
00.715,13.44,-34.98,-26.46
00.754,13.5,-34.32,-26.34
00.774,14.4,-34.32,-26.4
00.814,13.799999,-33.84,-26.099998
00.853,13.08,-34.38,-25.859999
00.874,13.38,-34.5,-25.5
00.913,13.38,-33.719997,-25.439999
00.954,13.08,-33.719997,-26.4
00.974,13.2,-33.96,-26.279999
01.014,12.96,-34.38,-26.34
01.056,13.62,-34.68,-25.8
01.075,13.679999,-34.32,-25.68
01.116,13.62,-33.84,-26.519999
01.155,13.2,-34.02,-26.279999
01.174,12.96,-34.8,-26.16
01.215,13.259999,-34.2,-25.439999
01.254,13.559999,-33.18,-26.039999
01.274,13.679999,-33.12,-26.22
01.315,13.86,-32.76,-26.82
01.354,13.74,-32.64,-26.4
01.374,13.38,-32.94,-26.16
01.414,12.96,-33.239998,-26.4
01.454,13.2,-33.239998,-26.16
01.475,13.2,-33.719997,-26.46
01.514,13.259999,-33.48,-26.82
01.554,13.559999,-33.42,-27.0
01.575,13.679999,-33.96,-26.88
01.616,13.38,-34.2,-26.279999
01.662,13.08,-33.3,-26.58
01.695,13.0199995,-33.239998,-27.119999
01.718,13.559999,-33.36,-26.699999
01.754,13.679999,-33.48,-26.279999
01.794,13.2,-33.6,-26.039999
01.815,12.96,-33.899998,-25.98
01.855,13.259999,-34.26,-25.859999
01.895,13.559999,-34.5,-25.92
01.914,13.38,-34.02,-26.22
01.957,13.679999,-34.02,-26.34
01.997,13.74,-33.48,-26.76
02.016,13.679999,-33.12,-26.519999
02.055,12.42,-34.079998,-26.76
02.094,13.32,-34.079998,-25.74
02.116,13.5,-33.36,-25.439999
02.155,13.559999,-33.059998,-26.34
02.195,13.32,-33.48,-26.699999
02.213,13.62,-33.6,-26.88
02.254,13.679999,-33.239998,-26.039999
02.296,12.84,-32.399998,-25.619999
02.314,12.84,-32.579998,-25.08
02.353,12.599999,-33.6,-25.439999
02.393,12.9,-34.2,-25.98
02.415,13.2,-34.02,-26.099998
02.454,13.2,-33.54,-26.16
02.493,13.139999,-33.54,-25.8
02.534,13.98,-33.36,-26.46
02.554,13.679999,-33.12,-26.82
02.594,13.559999,-33.36,-26.519999
02.633,13.74,-33.899998,-26.22
02.654,13.98,-33.84,-26.64
02.693,13.679999,-33.3,-26.279999
02.735,13.139999,-32.7,-26.58
02.754,13.32,-33.239998,-26.64
02.794,13.44,-33.78,-26.34
02.835,13.86,-33.42,-26.34
02.854,13.98,-33.54,-26.46
02.894,13.559999,-33.84,-26.519999
02.934,13.0199995,-34.2,-26.22
02.955,13.08,-33.899998,-25.98
02.994,13.38,-33.6,-26.099998
03.036,13.5,-32.88,-26.4
03.056,13.74,-32.76,-25.619999
03.097,13.74,-33.0,-25.56
03.135,13.799999,-33.239998,-26.279999
03.154,13.86,-33.3,-26.64
03.195,13.5,-33.42,-26.64
03.240,13.38,-33.3,-26.64
03.277,13.259999,-33.059998,-26.88
03.296,13.139999,-32.52,-27.359999
03.334,12.599999,-32.64,-27.06
03.374,12.78,-32.82,-26.58
03.394,12.66,-33.0,-26.58
03.434,13.08,-33.719997,-25.68
03.456,12.66,-33.899998,-25.74
03.495,13.44,-34.079998,-26.88
03.536,13.5,-33.78,-27.0
03.574,13.559999,-33.96,-26.039999
03.595,13.74,-33.899998,-26.099998
03.635,13.2,-33.3,-25.56
03.675,12.9,-33.0,-25.68
03.695,13.0199995,-33.3,-25.68
03.735,12.84,-33.719997,-25.92
03.775,12.96,-33.899998,-26.76
03.794,12.96,-34.5,-26.519999
03.833,13.74,-34.92,-26.46
03.875,13.98,-33.899998,-26.4
03.894,13.679999,-33.54,-26.58
03.935,13.74,-33.239998,-25.619999
03.960,13.0199995,-33.48,-25.8
03.994,12.3,-34.2,-25.38
04.035,12.9,-34.44,-25.619999
04.074,13.139999,-34.32,-26.4
04.115,12.78,-33.42,-26.82
04.134,12.9,-33.3,-26.939999
04.175,14.099999,-33.719997,-26.699999
04.214,14.34,-34.2,-26.039999
04.233,14.7,-33.6,-26.4
04.274,13.74,-33.18,-26.519999
04.317,12.96,-33.12,-25.92
04.334,13.62,-33.54,-25.68
04.375,13.98,-33.36,-25.439999
04.415,13.559999,-33.12,-26.279999
04.434,13.62,-33.3,-26.099998
04.473,13.259999,-33.54,-26.039999
04.515,13.259999,-34.32,-25.8
04.535,13.44,-34.38,-26.039999
04.574,13.259999,-34.5,-25.68
04.614,13.32,-33.78,-25.56
04.635,13.559999,-33.84,-25.859999
04.675,14.4,-33.6,-26.099998
04.714,14.34,-33.239998,-26.279999
04.734,13.799999,-33.54,-26.22
04.774,13.38,-34.14,-26.099998
04.814,13.5,-34.32,-26.4
04.835,13.2,-34.32,-26.22
04.877,13.2,-34.2,-26.279999
04.915,13.74,-34.02,-26.22
04.939,13.799999,-34.2,-26.34
04.973,13.139999,-34.14,-26.279999
05.016,13.44,-33.42,-26.279999
05.036,13.98,-33.84,-26.58
05.076,13.799999,-34.02,-26.099998
05.115,14.04,-33.84,-25.619999
05.137,14.099999,-34.079998,-25.74
05.174,15.0,-33.96,-26.46
05.216,14.759999,-33.239998,-26.34
05.254,13.62,-33.42,-26.34
05.278,13.259999,-33.54,-26.34
05.317,13.0199995,-34.02,-26.279999
05.353,13.44,-33.84,-25.98
05.375,13.259999,-34.26,-26.22
05.414,13.62,-34.44,-26.82
05.453,14.16,-33.719997,-26.58
05.474,14.4,-33.48,-26.64
05.516,13.799999,-33.36,-25.859999
05.554,13.92,-33.059998,-26.4
05.577,13.86,-33.239998,-26.58
05.616,13.08,-33.12,-26.64
05.654,12.66,-33.78,-26.76
05.676,13.38,-33.899998,-26.64
05.714,12.719999,-33.78,-26.88
05.757,13.0199995,-32.76,-26.699999
05.777,13.38,-32.82,-26.699999
05.815,14.04,-33.059998,-26.16
05.854,14.28,-33.36,-25.92
05.899,14.16,-33.42,-25.98
05.915,13.559999,-33.719997,-25.619999
05.956,14.219999,-34.2,-25.8
05.994,13.92,-34.26,-25.98
06.014,13.679999,-33.84,-25.98
06.054,14.5199995,-33.66,-26.4
06.095,14.58,-33.6,-27.24
06.115,14.5199995,-33.719997,-27.3
06.155,14.16,-33.6,-26.16
06.194,14.16,-33.899998,-25.8
06.214,14.28,-33.6,-26.099998
06.253,14.34,-33.96,-25.859999
06.294,13.86,-33.96,-25.92
06.312,13.92,-33.78,-26.16
06.353,14.099999,-33.54,-26.58
06.393,13.86,-32.7,-26.4
06.413,13.799999,-33.0,-26.88
06.453,13.799999,-32.64,-27.3
06.493,13.74,-32.7,-26.64
06.514,13.62,-32.579998,-26.699999
06.553,12.78,-32.94,-26.099998
06.594,12.9,-32.64,-25.5
06.634,13.0199995,-33.54,-25.439999
06.653,13.259999,-33.6,-25.5
06.693,12.96,-32.82,-25.619999
06.734,13.5,-32.82,-26.16
06.753,13.44,-33.54,-26.039999
06.793,13.74,-33.96,-26.279999
06.833,13.92,-33.239998,-26.76
06.853,13.5,-33.18,-26.88
06.893,13.559999,-33.36,-25.92
06.933,13.92,-33.54,-26.279999
06.953,13.259999,-33.719997,-26.099998
06.993,12.84,-33.66,-26.099998
07.032,13.08,-33.3,-25.859999
07.053,13.5,-33.18,-25.56
07.092,13.08,-33.3,-25.98
07.133,13.86,-33.66,-26.519999
07.153,13.74,-33.66,-26.939999
07.193,13.86,-33.719997,-26.76
07.234,13.799999,-33.3,-27.06
07.253,13.32,-33.36,-26.88
07.293,12.719999,-33.36,-26.039999
07.332,12.54,-33.059998,-25.98
07.373,12.9,-32.82,-26.279999
07.392,13.08,-33.48,-26.279999
07.433,13.38,-33.18,-25.859999
07.472,13.0199995,-32.76,-25.98
07.493,13.2,-33.42,-25.98
07.533,13.559999,-34.14,-26.039999
07.574,13.62,-33.899998,-26.279999
07.596,13.62,-33.6,-26.82
07.633,13.86,-33.84,-27.119999
07.675,13.74,-33.96,-25.92
07.693,13.2,-33.78,-25.859999
07.733,13.98,-33.6,-26.039999
07.774,14.4,-33.54,-26.039999
07.793,14.46,-33.6,-26.039999
07.833,13.139999,-33.3,-25.439999
07.873,13.08,-33.6,-25.859999
07.895,13.86,-33.719997,-26.58
07.935,14.34,-33.719997,-25.74
07.975,13.86,-33.36,-26.34
07.993,13.74,-33.36,-26.88
08.034,13.86,-33.18,-26.699999
08.074,13.86,-33.36,-25.74
08.094,13.38,-33.48,-25.619999
08.134,13.08,-33.48,-25.98
08.173,13.2,-33.42,-26.64
08.194,13.08,-33.48,-26.16
08.232,13.5,-33.78,-26.699999
08.273,14.099999,-33.78,-27.06
08.313,13.38,-33.719997,-25.98
08.332,13.259999,-34.32,-25.38
08.374,12.96,-34.14,-24.72
08.412,13.74,-33.36,-24.359999
08.434,13.5,-32.94,-25.08
08.473,13.86,-33.66,-26.099998
08.513,13.559999,-34.62,-26.039999
08.533,13.259999,-33.96,-25.439999
08.573,12.9,-33.42,-26.4
08.613,13.38,-33.18,-26.099998
08.633,12.9,-33.42,-25.8
08.673,12.84,-33.54,-25.859999
08.713,13.559999,-33.3,-26.039999
08.733,13.38,-33.42,-26.46
08.773,12.66,-33.36,-27.06
08.813,13.44,-33.54,-26.76
08.833,13.559999,-33.36,-26.76
08.883,13.559999,-33.059998,-26.699999
08.916,13.679999,-33.6,-26.64
08.953,14.099999,-33.899998,-26.58
08.973,14.099999,-33.54,-26.519999
09.014,13.62,-34.02,-26.099998
09.053,13.08,-34.44,-25.98
09.073,13.2,-34.2,-26.34
09.113,12.42,-34.02,-26.939999
09.154,13.259999,-34.02,-26.699999
09.172,13.62,-33.6,-26.519999
09.214,14.16,-33.84,-26.64
09.253,14.46,-34.26,-26.22
09.273,13.92,-33.84,-26.22
09.312,13.44,-34.079998,-25.98
09.352,13.62,-34.2,-26.039999
09.372,14.04,-34.2,-26.039999
09.413,13.98,-33.6,-25.92
09.453,13.74,-33.3,-26.76
09.473,13.38,-33.18,-26.519999
09.514,13.32,-33.78,-26.64
09.553,13.2,-34.26,-25.8
09.574,13.139999,-33.84,-25.5
09.613,13.139999,-33.6,-25.56
09.653,12.96,-33.48,-25.92
09.673,13.2,-33.18,-25.74
09.714,12.84,-33.36,-26.279999
09.754,13.139999,-33.36,-27.0
09.773,13.2,-32.94,-27.24
09.814,13.679999,-33.059998,-26.34
09.855,14.46,-33.66,-25.859999
09.874,15.059999,-33.6,-25.619999
09.913,15.299999,-33.899998,-25.56
09.953,15.12,-34.02,-25.98
09.993,15.059999,-34.14,-26.16
10.015,14.759999,-34.5,-26.22
10.055,14.94,-34.44,-25.859999
10.095,14.82,-33.719997,-24.779999
10.113,14.5199995,-33.12,-25.08
10.153,14.099999,-33.54,-25.38
10.193,14.58,-34.2,-24.84
10.212,14.759999,-34.38,-24.42
10.256,15.24,-34.02,-25.08
10.293,15.059999,-33.48,-25.74
10.312,14.5199995,-33.84,-26.039999
10.352,14.639999,-33.48,-26.22
10.392,14.46,-33.719997,-26.22
10.413,14.759999,-33.6,-26.519999
10.452,14.7,-33.66,-26.099998
10.493,15.0,-33.48,-26.099998
10.512,14.099999,-33.36,-25.98
10.552,13.559999,-34.02,-26.039999
10.593,14.099999,-33.899998,-25.68
10.632,13.679999,-33.3,-25.859999
10.654,13.86,-33.0,-26.279999
10.693,13.679999,-34.02,-26.34
10.733,13.92,-34.68,-26.22
10.752,13.86,-33.899998,-26.22
10.793,13.679999,-33.3,-26.519999
10.834,13.559999,-33.0,-25.56
10.854,13.62,-33.36,-25.98
10.895,13.74,-33.12,-26.34
10.917,14.099999,-33.36,-26.46
10.954,13.2,-32.7,-26.64
10.993,13.259999,-32.94,-26.699999
11.035,13.679999,-33.48,-26.699999
11.054,13.38,-34.2,-26.4
11.093,13.5,-34.14,-26.16
11.136,14.34,-33.42,-26.46
11.153,14.639999,-33.84,-26.279999
11.195,14.28,-34.68,-26.22
11.233,14.219999,-34.92,-27.18
11.255,13.98,-34.44,-27.06
11.303,14.219999,-34.32,-25.859999
11.332,14.46,-33.78,-26.22
11.354,14.16,-33.84,-26.34
11.392,13.62,-34.2,-26.939999
11.434,13.92,-34.26,-26.34
11.453,14.04,-34.32,-26.88
11.494,14.04,-34.8,-26.76
11.535,14.28,-34.38,-26.4
11.555,14.34,-34.44,-26.34
11.593,14.099999,-34.079998,-26.039999
11.634,14.04,-33.719997,-26.58
11.657,13.98,-33.54,-27.119999
11.694,13.32,-33.18,-26.22
11.735,13.08,-33.54,-26.099998
11.779,13.2,-34.079998,-26.519999
11.794,13.44,-33.84,-26.58
11.833,13.38,-34.26,-26.76
11.873,13.86,-33.84,-26.58
11.894,14.16,-33.54,-26.519999
11.933,14.219999,-33.899998,-26.34
11.973,14.28,-33.78,-26.039999
11.992,13.98,-34.32,-26.34
12.032,13.5,-33.96,-26.16
12.072,13.74,-33.84,-25.619999
12.093,13.559999,-34.32,-25.8
12.132,13.74,-34.68,-25.439999
12.172,14.219999,-33.48,-26.16
12.192,14.16,-32.7,-25.8
12.232,14.4,-33.12,-26.279999
12.273,13.92,-33.96,-27.359999
12.312,13.0199995,-34.2,-27.539999
12.332,12.179999,-34.2,-26.82
12.372,12.78,-34.38,-25.92
12.412,13.92,-33.78,-25.38
12.432,13.799999,-33.719997,-25.08
12.473,13.32,-32.64,-24.9
12.512,13.679999,-32.7,-25.56
12.532,13.5,-33.3,-25.859999
12.573,13.32,-33.42,-26.58
12.613,13.92,-33.0,-26.279999
12.633,13.98,-33.0,-25.98
12.673,13.5,-34.02,-26.039999
12.712,13.38,-33.719997,-26.88
12.732,13.559999,-33.42,-27.18
12.772,13.559999,-33.059998,-26.34
12.813,13.86,-33.3,-25.68
12.832,13.5,-33.6,-25.439999
12.873,13.5,-33.54,-24.9
12.915,13.62,-33.42,-25.14
12.936,13.92,-33.42,-25.859999
12.972,14.099999,-33.6,-26.039999
13.013,13.2,-33.719997,-26.34
13.034,13.2,-33.239998,-26.46
13.072,14.04,-33.3,-26.76
13.114,14.16,-33.36,-26.16
13.133,14.099999,-33.48,-26.099998
13.175,13.5,-33.0,-26.519999
13.212,13.38,-33.18,-26.699999
13.254,13.259999,-33.0,-26.099998
13.275,13.98,-32.94,-26.22
13.313,13.98,-33.12,-26.64
13.353,13.38,-33.18,-26.4
13.373,13.38,-33.6,-26.279999
13.412,13.259999,-33.719997,-26.279999
13.454,13.86,-33.66,-26.88
13.474,13.98,-33.48,-26.88
13.512,13.92,-33.66,-26.699999
13.553,13.799999,-33.3,-26.519999
13.573,13.5,-33.12,-27.119999
13.620,13.38,-33.36,-26.88
13.653,13.74,-33.96,-26.279999
13.675,14.04,-34.2,-26.279999
13.714,13.86,-34.079998,-25.92
13.752,13.62,-34.2,-25.38
13.772,13.559999,-34.38,-25.8
13.812,13.62,-34.14,-26.64
13.853,13.559999,-33.899998,-26.46
13.873,13.559999,-33.719997,-26.279999
13.914,12.96,-34.02,-26.58
13.955,12.719999,-33.42,-26.939999
13.973,13.2,-33.48,-26.939999
14.014,14.4,-33.36,-26.64
14.057,13.86,-33.66,-26.76
14.074,13.559999,-34.14,-26.58
14.115,13.5,-34.62,-26.16
14.153,13.08,-34.079998,-25.619999
14.196,13.44,-34.02,-25.92
14.216,13.32,-34.079998,-26.64
14.254,13.259999,-34.92,-26.4
14.292,13.38,-34.26,-25.619999
14.313,13.799999,-33.6,-25.98
14.352,13.86,-33.18,-26.64
14.396,13.62,-33.6,-26.099998
14.412,13.2,-33.84,-25.5
14.452,12.78,-33.78,-25.8
14.494,13.259999,-33.78,-26.58
14.513,13.44,-33.6,-26.279999
14.554,14.04,-33.12,-25.74
14.595,13.559999,-33.239998,-26.16
14.614,13.32,-33.18,-26.34
14.654,12.78,-33.48,-26.46
14.692,13.44,-33.719997,-25.92
14.713,13.679999,-33.36,-25.74
14.753,13.799999,-33.0,-26.279999
14.794,13.86,-33.719997,-26.76
14.814,13.74,-34.26,-26.64
14.854,13.38,-34.079998,-26.4
14.895,12.78,-34.02,-25.74
14.933,13.44,-33.84,-25.619999
14.953,14.099999,-33.719997,-25.98
14.993,13.679999,-33.84,-26.939999
15.032,13.38,-33.18,-26.46
15.052,13.5,-33.18,-26.16
15.092,13.62,-33.66,-25.8
15.133,13.139999,-33.42,-25.98
15.152,13.38,-33.18,-26.099998
15.192,13.5,-33.12,-26.16
15.232,13.38,-33.059998,-25.859999
15.252,13.74,-33.36,-26.34
15.292,13.5,-33.6,-26.039999
15.332,13.62,-33.96,-26.099998
15.351,13.74,-33.84,-25.92
15.392,14.04,-33.84,-25.439999
15.432,13.98,-33.48,-25.26
15.452,13.62,-33.54,-25.38
15.492,13.08,-33.239998,-25.32
15.532,13.139999,-33.0,-25.32
15.552,12.96,-33.48,-25.8
15.593,12.84,-33.899998,-26.099998
15.632,12.66,-33.0,-26.58
15.672,13.08,-33.48,-26.46
15.692,13.139999,-33.899998,-25.859999
15.731,13.5,-34.559998,-25.619999
15.772,13.92,-34.62,-26.039999
15.794,13.74,-34.2,-25.92
15.832,13.559999,-33.6,-26.58
15.873,13.259999,-33.6,-26.58
15.892,13.44,-33.3,-26.46
15.933,13.44,-33.0,-26.4
15.972,13.679999,-33.36,-26.039999
15.992,13.62,-33.54,-25.38
16.032,13.44,-33.899998,-25.5
16.072,13.679999,-33.36,-26.4
16.091,13.38,-33.48,-26.519999
16.131,13.62,-33.54,-26.939999
16.172,13.74,-33.18,-26.64
16.192,13.5,-33.18,-26.46
16.233,13.62,-32.7,-26.58
16.272,13.5,-33.239998,-26.22
16.292,12.84,-33.239998,-26.34
16.331,12.48,-33.54,-26.58
16.372,13.259999,-34.14,-26.22
16.412,13.44,-33.66,-25.32
16.431,13.74,-33.719997,-25.32
16.472,13.86,-33.66,-26.34
16.511,13.92,-33.899998,-26.699999
16.532,14.099999,-34.079998,-27.06
16.571,13.74,-33.96,-25.92
16.612,13.44,-33.96,-25.5
16.632,13.2,-33.719997,-25.74
16.672,12.78,-32.94,-25.98
16.713,13.799999,-33.059998,-26.34
16.732,14.219999,-33.36,-26.519999
16.773,14.5199995,-33.6,-26.22
16.812,14.04,-33.54,-26.46
16.832,13.44,-33.66,-26.22
16.871,12.78,-34.2,-25.56
16.911,13.92,-34.32,-25.439999
16.932,14.219999,-34.26,-25.68
16.971,14.34,-33.6,-26.4
17.012,13.92,-33.42,-26.939999
17.033,13.679999,-33.059998,-27.06
17.073,13.2,-33.6,-26.46
17.112,13.259999,-34.2,-26.099998
17.133,13.2,-33.96,-26.58
17.173,13.2,-33.239998,-27.0
17.211,13.559999,-32.88,-26.34
17.252,13.44,-32.76,-26.039999
17.271,14.099999,-32.7,-26.099998
17.312,14.46,-33.12,-26.64
17.351,14.16,-33.12,-26.699999
17.371,14.04,-33.48,-27.359999
17.411,14.219999,-33.18,-27.24
17.453,14.28,-32.7,-27.119999
17.473,14.28,-33.059998,-27.48
17.513,13.559999,-33.66,-27.3
17.553,13.38,-33.54,-27.0
17.572,13.62,-33.239998,-27.119999
17.612,13.32,-33.48,-26.76
17.652,13.139999,-33.54,-25.5
17.677,13.2,-33.96,-25.019999
17.713,14.28,-33.899998,-25.74
17.753,14.88,-33.719997,-26.099998
17.771,14.34,-34.079998,-25.56
17.812,14.16,-33.84,-25.32
17.852,14.16,-33.719997,-26.279999
17.871,13.679999,-33.78,-26.22
17.911,13.38,-33.84,-26.34
17.952,12.84,-34.8,-26.4
17.972,12.66,-34.8,-26.519999
18.012,13.62,-33.78,-26.88
18.053,14.219999,-33.48,-26.76
18.073,14.34,-33.18,-26.82
18.117,13.74,-33.78,-26.46
18.155,13.38,-33.78,-26.099998
18.175,13.44,-33.78,-26.46
18.218,14.46,-33.3,-26.4
18.251,14.16,-33.239998,-26.519999
18.277,13.799999,-33.42,-25.98
18.313,12.84,-33.54,-25.92
18.352,13.5,-33.3,-26.64
18.396,13.2,-33.84,-26.699999
18.413,13.08,-34.079998,-26.82
18.452,12.9,-34.02,-26.34
18.491,13.32,-33.3,-26.279999
18.513,13.44,-33.6,-26.4
18.552,13.74,-33.059998,-26.58
18.595,13.86,-32.88,-26.519999
18.614,13.5,-32.82,-26.58
18.655,12.78,-32.94,-26.82
18.693,12.599999,-33.239998,-26.519999
18.713,13.38,-33.42,-26.16
18.757,13.32,-33.36,-26.58
18.794,13.139999,-33.059998,-26.939999
18.813,13.44,-32.52,-26.76
18.854,13.559999,-32.52,-26.939999
18.894,13.259999,-33.36,-26.939999
18.917,13.08,-33.18,-27.48
18.958,13.2,-33.66,-27.779999
18.993,12.96,-34.14,-27.42
19.033,13.2,-34.5,-27.42
19.053,12.96,-34.44,-27.48
19.093,12.719999,-33.18,-27.9
19.135,12.719999,-32.82,-27.599998
19.152,12.719999,-32.7,-27.779999
19.193,12.96,-32.82,-26.88
19.232,13.139999,-32.34,-27.18
19.253,13.44,-32.52,-27.84
19.292,13.5,-32.399998,-28.14
19.333,13.08,-32.64,-27.359999
19.354,12.96,-32.28,-27.359999
19.393,12.66,-31.92,-27.48
19.433,12.0,-32.28,-27.72
19.453,12.36,-32.219997,-27.72
19.492,12.48,-31.98,-27.96
19.533,12.24,-31.74,-28.08
19.552,12.54,-32.28,-27.779999
19.593,12.24,-32.34,-27.9
19.633,12.24,-32.76,-28.26
19.656,12.24,-32.76,-28.14
19.692,13.2,-31.859999,-28.68
19.733,13.5,-31.26,-28.619999
19.752,13.38,-32.1,-28.199999
19.793,12.3,-32.64,-28.5
19.838,12.24,-32.46,-28.32
19.855,12.179999,-32.76,-27.779999
19.895,11.759999,-33.239998,-27.72
19.933,11.94,-32.82,-28.019999
19.972,11.88,-32.46,-28.199999
19.993,12.0,-32.28,-28.32
20.033,11.759999,-32.34,-28.74
20.073,10.62,-32.219997,-28.8
20.093,10.139999,-32.64,-29.039999
20.132,10.2,-32.579998,-29.099998
20.173,9.9,-32.219997,-28.019999
20.194,9.24,-32.1,-28.32
20.237,9.84,-33.18,-28.38
20.274,10.62,-33.3,-28.859999
20.297,10.5,-33.3,-28.859999
20.331,10.8,-32.76,-28.8
20.373,11.219999,-32.579998,-28.26
20.391,11.28,-32.82,-28.74
20.431,10.679999,-32.219997,-28.74
20.471,10.8,-31.92,-29.099998
20.511,11.16,-32.34,-29.16
20.531,11.04,-32.88,-28.74
20.571,11.5199995,-33.059998,-28.619999
20.593,11.28,-33.18,-28.199999
20.631,10.86,-33.3,-27.9
20.673,11.34,-32.94,-28.439999
20.712,12.36,-32.7,-28.08
20.733,12.179999,-32.7,-28.26
20.775,12.12,-32.579998,-28.619999
20.811,12.179999,-32.219997,-28.14
20.832,12.179999,-32.16,-27.72
20.872,12.059999,-32.28,-28.14
20.913,11.82,-32.76,-28.74
20.931,12.24,-33.36,-28.68
20.971,12.719999,-33.3,-28.619999
21.011,14.34,-32.64,-28.08
21.031,15.059999,-32.88,-27.96
21.071,16.32,-32.64,-28.38
21.111,16.14,-32.04,-28.5
21.131,15.96,-31.92,-28.439999
21.171,16.68,-31.199999,-27.96
21.211,17.58,-31.199999,-27.84
21.251,17.699999,-31.14,-27.66
21.271,18.06,-31.26,-27.599998
21.311,18.119999,-31.859999,-27.9
21.351,18.42,-31.32,-27.66
21.371,18.84,-30.66,-27.48
21.411,19.199999,-30.179998,-27.779999
21.452,18.84,-30.24,-28.26
21.471,19.14,-30.119999,-28.859999
21.511,20.22,-29.82,-28.98
21.551,20.4,-29.88,-27.84
21.571,20.82,-29.4,-27.24
21.612,21.779999,-28.859999,-27.24
21.651,22.859999,-29.039999,-27.96
21.671,22.74,-29.16,-28.14
21.711,24.3,-29.039999,-27.9
21.751,25.14,-28.619999,-28.08
21.771,25.38,-28.439999,-28.14
21.813,26.34,-27.18,-28.439999
21.851,26.88,-26.279999,-29.34
21.871,27.42,-25.98,-29.22
21.911,27.66,-24.24,-29.519999
21.951,28.199999,-22.92,-29.4
21.971,28.5,-23.279999,-29.519999
22.011,29.82,-23.279999,-28.619999
22.051,30.72,-22.26,-28.439999
22.071,31.199999,-21.42,-28.8
22.126,31.38,-21.42,-29.16
22.150,31.859999,-21.18,-29.46
22.192,32.04,-20.1,-29.22
22.210,32.64,-19.56,-28.98
22.251,33.42,-19.56,-28.08
22.291,33.66,-19.14,-28.74
22.310,34.26,-18.539999,-28.859999
22.351,34.5,-18.359999,-28.859999
22.392,34.92,-18.48,-28.019999
22.412,35.46,-18.24,-27.9
22.452,35.82,-18.3,-28.019999
22.492,36.54,-17.64,-27.539999
22.511,36.66,-16.92,-27.66
22.552,36.48,-16.68,-27.42
22.592,36.48,-16.859999,-27.119999
22.612,37.14,-16.619999,-27.359999
22.652,37.44,-16.32,-27.0
22.692,37.559998,-16.32,-26.64
22.714,37.739998,-16.199999,-26.88
22.752,37.8,-17.039999,-27.06
22.792,37.86,-16.74,-26.88
22.813,37.62,-16.38,-26.76
22.851,37.86,-15.9,-26.58
22.892,38.04,-15.78,-26.82
22.911,37.8,-15.36,-27.18
22.952,37.739998,-15.48,-27.18
22.991,38.04,-15.12,-27.42
23.012,37.68,-14.4,-27.599998
23.052,37.5,-14.82,-26.88
23.091,37.44,-15.36,-27.0
23.112,37.92,-15.059999,-27.119999
23.151,37.68,-15.48,-26.76
23.192,37.26,-15.599999,-25.68
23.232,37.14,-15.96,-25.56
23.251,37.14,-16.02,-25.74
23.290,37.14,-15.42,-26.16
23.330,36.719997,-15.179999,-26.22
23.350,36.6,-15.48,-25.98
23.390,36.96,-16.26,-25.56
23.432,37.02,-15.599999,-25.92
23.452,37.739998,-15.24,-25.98
23.491,37.38,-15.24,-26.039999
23.531,36.899998,-15.66,-25.439999
23.551,37.559998,-16.02,-25.5
23.591,37.38,-15.42,-25.26
23.631,37.02,-15.24,-25.859999
23.651,37.2,-15.839999,-26.22
23.691,38.1,-16.08,-26.699999
23.731,38.82,-15.179999,-26.34
23.751,38.76,-14.639999,-26.58
23.791,38.7,-14.5199995,-26.279999
23.831,38.28,-14.58,-25.8
23.871,38.1,-14.28,-25.74
23.891,38.399998,-14.34,-25.14
23.932,38.16,-14.58,-25.14
23.971,38.46,-14.639999,-26.099998
23.991,38.34,-14.94,-25.74
24.031,38.04,-14.7,-25.32
24.071,38.219997,-15.42,-25.56
24.091,38.16,-15.66,-25.8
24.130,38.399998,-15.179999,-26.76
24.171,37.62,-15.059999,-26.519999
24.191,37.62,-14.759999,-26.22
24.230,37.38,-15.0,-26.279999
24.271,37.86,-15.839999,-26.279999
24.290,38.219997,-15.48,-26.099998
24.331,37.68,-15.12,-25.68
24.371,37.32,-15.599999,-25.5
24.391,37.38,-15.839999,-25.98
24.431,37.62,-16.08,-26.34
24.471,38.04,-15.36,-26.64
24.491,37.86,-15.54,-26.279999
24.530,38.16,-14.5199995,-25.8
24.571,38.82,-13.86,-26.22
24.611,39.18,-14.34,-25.98
24.631,39.0,-14.639999,-25.8
24.671,38.52,-15.059999,-25.56
24.712,38.46,-14.34,-25.98
24.731,38.399998,-14.16,-26.22
24.771,38.46,-14.28,-25.98
24.812,38.219997,-14.5199995,-26.22
24.830,38.579998,-14.4,-26.4
24.871,38.219997,-15.059999,-26.279999
24.911,37.44,-15.24,-26.64
24.931,37.5,-15.179999,-26.4
24.971,37.98,-14.7,-25.98
25.011,37.98,-14.94,-26.279999
25.030,37.8,-14.82,-26.4
25.071,38.46,-14.46,-25.98
25.112,38.219997,-14.759999,-26.34
25.131,37.86,-15.299999,-27.119999
25.171,38.04,-15.36,-26.279999
25.211,38.16,-15.54,-25.92
25.231,37.8,-15.299999,-26.4
25.270,37.98,-14.759999,-25.92
25.312,38.82,-14.219999,-25.56
25.330,39.059998,-14.7,-25.92
25.370,38.1,-14.82,-25.859999
25.411,37.739998,-14.7,-25.74
25.431,37.86,-14.639999,-25.8
25.471,37.8,-14.16,-25.439999
25.511,38.04,-14.46,-25.619999
25.550,38.28,-14.58,-26.279999
25.570,38.1,-15.179999,-26.4
25.611,38.46,-16.74,-25.859999
25.632,38.94,-16.859999,-25.74
25.671,39.6,-16.68,-25.199999
25.713,38.94,-16.38,-24.96
25.750,39.059998,-17.1,-25.5
25.771,39.059998,-16.92,-25.68
25.812,39.36,-16.619999,-25.56
25.850,39.0,-15.9,-25.32
25.870,39.18,-16.08,-25.619999
25.912,39.0,-16.98,-25.8
25.951,38.52,-17.16,-25.5
25.970,38.76,-16.859999,-25.439999
26.011,38.879997,-15.66,-25.439999
26.050,40.02,-15.9,-25.98
26.071,39.78,-15.9,-26.519999
26.111,39.78,-15.42,-26.699999
26.151,39.48,-16.02,-26.34
26.170,39.42,-16.199999,-26.4
26.210,39.059998,-16.44,-25.68
26.251,39.059998,-16.32,-25.74
26.271,38.52,-16.26,-26.279999
26.311,39.48,-15.719999,-26.22
26.351,39.78,-15.96,-25.5
26.372,39.6,-16.32,-25.199999
26.411,39.36,-17.039999,-25.5
26.453,39.48,-16.38,-25.26
26.472,39.78,-15.9,-25.199999
26.511,39.719997,-14.5199995,-25.619999
26.560,39.18,-14.5199995,-26.039999
26.592,38.94,-14.46,-25.32
26.613,39.36,-14.219999,-25.019999
26.651,39.0,-14.639999,-25.08
26.691,38.76,-14.58,-24.96
26.711,39.12,-14.34,-24.84
26.751,39.239998,-14.28,-25.14
26.791,39.18,-14.34,-25.32
26.812,38.76,-14.639999,-25.26
26.852,39.059998,-14.58,-25.5
26.891,38.219997,-14.46,-25.859999
26.913,38.34,-14.46,-25.92
26.952,37.8,-15.059999,-25.92
26.992,38.82,-14.7,-25.32
27.011,39.18,-14.58,-25.32
27.053,39.54,-15.12,-24.96
27.092,39.239998,-16.02,-24.6
27.112,39.12,-16.44,-24.18
27.153,39.059998,-15.9,-23.58
27.191,38.28,-15.299999,-23.34
27.212,38.16,-15.839999,-23.76
27.251,39.059998,-16.74,-23.4
27.293,40.379997,-17.1,-22.32
27.331,40.02,-17.58,-21.96
27.351,39.6,-18.06,-21.0
27.392,40.14,-17.58,-20.039999
27.413,40.26,-17.4,-19.74
27.453,40.2,-18.18,-19.8
27.493,40.26,-18.06,-19.38
27.533,40.5,-18.0,-19.32
27.553,40.98,-18.06,-19.619999
27.593,41.34,-17.64,-18.96
27.632,41.28,-17.699999,-18.72
27.652,40.559998,-17.52,-19.08
27.694,40.14,-17.76,-19.199999
27.732,40.62,-17.52,-19.439999
27.753,40.62,-17.16,-19.98
27.791,40.8,-16.56,-19.619999
27.831,41.1,-16.68,-18.96
27.851,40.8,-16.619999,-19.26
27.891,40.44,-16.56,-19.26
27.932,39.84,-16.74,-19.199999
27.951,39.78,-17.4,-19.38
27.992,39.719997,-17.88,-20.22
28.032,39.54,-17.279999,-20.58
28.053,39.239998,-16.98,-20.76
28.092,39.3,-16.859999,-21.72
28.133,39.18,-16.68,-22.98
28.152,39.059998,-16.8,-23.34
28.192,38.64,-16.44,-23.58
28.232,38.219997,-16.44,-25.26
28.274,37.559998,-17.039999,-25.68
28.292,37.14,-17.22,-26.22
28.331,36.42,-17.279999,-25.92
28.371,35.52,-16.56,-26.34
28.391,35.88,-16.8,-26.16
28.431,36.3,-16.92,-26.279999
28.471,36.54,-17.52,-26.64
28.493,36.66,-17.279999,-26.939999
28.531,36.899998,-17.22,-26.4
28.571,36.54,-17.46,-26.16
28.591,36.899998,-17.279999,-26.22
28.632,37.38,-16.5,-26.039999
28.672,37.2,-16.5,-26.58
28.692,36.84,-16.98,-26.46
28.731,36.42,-16.199999,-26.039999
28.772,36.6,-16.26,-26.82
28.793,36.54,-16.08,-27.3
28.833,36.6,-15.719999,-27.72
28.872,36.78,-15.24,-28.439999
28.893,36.6,-14.88,-28.98
28.932,35.579998,-14.34,-29.519999
28.973,34.62,-14.099999,-30.24
28.992,34.44,-14.28,-30.0
29.033,33.78,-14.82,-29.82
29.073,33.6,-15.36,-30.359999
29.093,33.66,-14.88,-30.9
29.133,33.84,-14.099999,-31.439999
29.172,33.36,-13.86,-32.16
29.216,32.82,-14.16,-32.28
29.231,33.0,-14.4,-32.04
29.271,33.12,-14.04,-32.579998
29.311,32.88,-13.62,-32.28
29.330,33.059998,-13.86,-31.679998
29.372,32.88,-14.7,-30.599998
29.411,33.42,-14.639999,-30.599998
29.431,33.6,-14.34,-30.599998
29.472,33.66,-14.4,-30.9
29.513,33.239998,-13.679999,-31.92
29.531,33.18,-13.259999,-31.5
29.572,33.3,-14.46,-30.72
29.613,33.0,-14.94,-29.939999
29.632,33.54,-14.639999,-30.119999
29.672,33.899998,-14.58,-30.84
29.714,32.88,-15.54,-31.38
29.732,32.219997,-15.42,-30.9
29.772,33.18,-15.059999,-30.9
29.811,33.66,-15.059999,-31.56
29.851,33.0,-14.7,-32.34
29.871,32.64,-13.92,-31.98
29.912,33.12,-13.679999,-31.56
29.951,33.42,-13.559999,-31.8
29.972,32.64,-13.139999,-31.8
30.012,33.54,-12.24,-31.8
30.052,34.079998,-12.3,-31.56
30.072,33.96,-13.08,-31.439999
30.110,33.3,-13.98,-31.619999
30.151,33.239998,-14.28,-31.56
30.171,33.3,-13.62,-32.16
30.211,33.0,-13.74,-31.74
30.251,33.059998,-13.92,-31.019999
30.277,33.0,-13.5,-31.439999
30.311,33.36,-13.98,-32.1
30.350,32.82,-14.219999,-32.579998
30.371,32.88,-14.46,-31.98
30.411,32.64,-14.88,-31.439999
30.453,33.12,-14.28,-31.08
30.471,33.12,-15.0,-30.779999
30.512,33.36,-15.0,-30.48
30.551,33.78,-14.88,-30.96
30.573,33.66,-14.82,-31.5
30.613,34.26,-14.4,-30.9
30.654,34.98,-14.58,-29.64
30.674,35.399998,-15.24,-29.519999
30.712,35.94,-15.299999,-29.22
30.752,35.76,-14.94,-28.74
30.793,35.28,-14.5199995,-28.859999
30.814,34.8,-14.639999,-28.68
30.851,34.86,-15.299999,-29.34
30.893,34.92,-15.299999,-29.039999
30.914,35.219997,-15.48,-28.8
30.952,35.52,-15.54,-29.039999
30.992,35.219997,-15.299999,-29.34
31.010,35.28,-15.24,-28.56
31.052,35.46,-15.599999,-28.439999
31.092,35.46,-15.599999,-29.4
31.114,35.46,-15.719999,-29.039999
31.153,36.18,-15.54,-28.5
31.193,36.6,-15.059999,-28.68
31.213,35.579998,-15.42,-28.32
31.253,35.76,-15.599999,-28.199999
31.293,36.18,-15.0,-27.9
31.311,35.94,-15.0,-27.84
31.351,35.94,-14.4,-27.599998
31.392,36.6,-14.82,-27.9
31.430,37.14,-15.719999,-27.72
31.452,37.44,-15.0,-27.359999
31.491,37.38,-14.7,-27.779999
31.513,37.98,-14.5199995,-27.48
31.552,37.2,-16.02,-27.24
31.592,36.719997,-16.38,-26.76
31.632,37.44,-16.32,-26.099998
31.654,37.62,-16.08,-25.8
31.692,37.44,-16.26,-25.92
31.731,37.02,-17.16,-26.039999
31.752,37.32,-17.34,-25.74
31.792,37.079998,-17.64,-25.8
31.834,37.44,-17.039999,-25.56
31.856,38.16,-17.279999,-25.14
31.893,37.5,-17.4,-24.539999
31.933,36.899998,-17.22,-24.66
31.955,36.899998,-17.4,-24.539999
31.993,37.02,-17.279999,-25.08
32.031,37.32,-17.039999,-25.019999
32.052,37.26,-17.52,-24.9
32.091,36.84,-17.64,-24.96
32.131,37.14,-17.82,-25.26
32.152,37.44,-17.46,-24.66
32.198,37.44,-17.279999,-25.019999
32.231,37.2,-17.16,-25.019999
32.275,37.62,-16.98,-24.48
32.291,37.38,-17.52,-24.84
32.332,36.66,-17.16,-24.0
32.373,36.12,-16.98,-24.18
32.391,36.12,-17.22,-24.539999
32.432,36.719997,-16.56,-24.06
32.472,36.54,-16.199999,-24.06
32.492,36.42,-16.02,-24.359999
32.533,37.02,-17.16,-25.14
32.574,38.1,-16.92,-24.9
32.592,38.219997,-16.26,-24.359999
32.632,37.98,-16.08,-24.539999
32.672,37.8,-17.76,-25.26
32.694,37.86,-17.88,-25.439999
32.733,37.92,-17.58,-25.38
32.773,38.1,-17.279999,-24.539999
32.793,37.739998,-17.279999,-24.18
32.831,37.559998,-16.859999,-24.66
32.874,37.8,-17.1,-24.96
32.893,37.68,-17.279999,-25.14
32.932,37.68,-16.26,-25.32
32.973,37.92,-16.26,-25.439999
32.993,37.98,-16.68,-25.14
33.038,37.8,-16.08,-25.199999
33.072,37.739998,-15.36,-25.199999
33.093,37.8,-15.42,-25.08
33.133,36.96,-16.08,-24.779999
33.173,36.899998,-16.74,-24.9
33.195,37.02,-16.26,-25.56
33.232,37.559998,-16.199999,-25.68
33.273,37.079998,-17.64,-25.8
33.312,36.66,-17.699999,-25.5
33.331,36.84,-17.34,-25.38
33.372,36.78,-16.26,-25.199999
33.411,37.32,-15.96,-24.9
33.431,37.92,-16.5,-24.539999
33.471,37.32,-16.74,-24.48
33.512,37.559998,-17.279999,-25.199999
33.532,37.44,-17.34,-24.9
33.573,37.98,-17.1,-24.66
33.616,37.86,-16.98,-24.06
33.633,37.86,-16.8,-24.359999
33.672,38.399998,-16.08,-25.26
33.713,38.16,-16.199999,-25.619999
33.733,37.86,-16.14,-25.619999
33.772,37.2,-16.44,-25.38
33.813,38.46,-16.5,-25.32
33.831,38.64,-16.98,-24.66
33.873,37.32,-17.22,-24.42
33.914,37.38,-17.1,-24.24
33.933,37.98,-17.46,-24.24
33.971,38.04,-17.1,-24.3
34.012,37.26,-16.74,-24.66
34.032,36.96,-17.1,-24.9
34.071,37.32,-17.4,-25.26
34.112,37.26,-16.5,-25.38
34.151,37.44,-16.56,-25.08
34.173,37.86,-16.8,-25.26
34.211,37.8,-16.199999,-26.099998
34.251,37.559998,-15.719999,-26.22
34.271,37.86,-15.9,-26.279999
34.312,37.44,-16.08,-25.619999
34.351,37.14,-16.14,-25.92
34.371,37.14,-15.9,-25.14
34.412,36.899998,-16.32,-25.38
34.451,36.84,-16.859999,-25.8
34.472,36.78,-16.859999,-25.32
34.512,36.84,-16.14,-25.74
34.553,37.02,-16.44,-25.14
34.573,37.38,-16.619999,-25.619999
34.613,37.8,-16.32,-25.5
34.654,37.44,-16.619999,-25.32
34.673,37.26,-16.92,-25.26
34.713,37.44,-16.26,-25.26
34.752,37.559998,-16.56,-25.199999
34.774,37.92,-16.92,-25.199999
34.813,37.26,-16.98,-25.199999
34.855,37.5,-16.14,-25.56
34.873,37.559998,-15.96,-26.099998
34.914,37.559998,-16.02,-25.439999
34.954,36.84,-16.619999,-24.9
34.973,36.6,-16.44,-25.019999
35.014,37.38,-16.98,-25.019999
35.053,38.1,-17.22,-24.779999
35.093,38.04,-17.46,-24.539999
35.113,38.1,-17.76,-24.48
35.156,38.04,-17.4,-25.98
35.193,37.739998,-17.4,-26.16
35.212,37.2,-17.46,-25.56
35.252,37.5,-17.46,-25.14
35.291,38.28,-16.619999,-25.26
35.312,38.04,-15.96,-25.26
35.351,37.5,-15.9,-24.3
35.391,37.14,-16.38,-23.76
35.411,37.2,-16.92,-24.42
35.451,37.559998,-16.619999,-24.9
35.492,37.5,-16.38,-25.08
35.512,37.68,-16.26,-24.66
35.553,38.399998,-16.44,-25.14
35.591,37.32,-16.98,-24.779999
35.631,37.26,-17.279999,-23.82
35.652,37.739998,-17.58,-24.24
35.691,38.579998,-17.16,-24.9
35.731,38.16,-16.5,-24.779999
35.751,38.04,-16.199999,-24.6
35.791,37.5,-16.68,-24.6
35.832,36.96,-16.859999,-24.359999
35.854,36.66,-16.74,-24.119999
35.891,36.84,-16.26,-24.359999
35.932,37.26,-16.14,-24.72
35.954,37.62,-16.08,-24.359999
35.991,37.02,-16.32,-24.24
36.032,37.02,-16.74,-24.539999
36.051,37.559998,-16.8,-25.019999
36.091,38.1,-17.46,-25.019999
36.131,37.98,-17.039999,-24.119999
36.152,38.04,-16.56,-24.66
36.194,38.28,-16.68,-24.539999
36.231,38.16,-16.8,-23.939999
36.251,38.399998,-16.859999,-23.1
36.293,38.219997,-16.859999,-23.34
36.331,37.92,-15.839999,-24.6
36.351,37.62,-15.78,-24.6
36.392,38.04,-16.619999,-23.519999
36.431,38.34,-16.26,-23.82
36.452,38.1,-16.32,-24.24
36.492,37.5,-16.74,-24.66
36.531,37.559998,-16.56,-24.0
36.572,37.44,-16.02,-23.939999
36.591,37.739998,-16.14,-23.939999
36.632,38.219997,-16.32,-23.88
36.673,38.04,-16.92,-24.3
36.692,37.98,-16.5,-24.6
36.733,38.46,-16.199999,-24.9
36.772,38.219997,-16.26,-24.18
36.793,38.399998,-16.08,-24.119999
36.832,38.16,-15.719999,-24.72
36.872,37.92,-16.56,-25.38
36.891,37.8,-16.74,-25.74
36.931,37.98,-16.26,-25.199999
36.971,37.38,-16.619999,-24.3
36.991,37.32,-16.74,-24.3
37.031,37.86,-16.8,-24.84
37.071,37.68,-16.38,-24.6
37.091,37.739998,-16.5,-24.48
37.132,37.98,-17.039999,-24.539999
37.172,37.559998,-17.22,-24.66
37.191,37.38,-16.92,-24.72
37.233,36.96,-16.8,-24.18
37.271,37.44,-16.859999,-24.3
37.293,37.38,-17.16,-24.18
37.331,37.92,-16.8,-24.6
37.371,37.98,-16.14,-25.26
37.392,37.559998,-16.14,-24.779999
37.431,37.559998,-16.8,-23.88
37.471,37.5,-17.039999,-23.88
37.512,37.68,-16.56,-24.48
37.531,37.86,-16.44,-24.48
37.571,37.44,-16.38,-25.08
37.612,37.2,-16.619999,-25.26
37.632,37.44,-16.619999,-25.199999
37.670,37.68,-17.22,-25.26
37.713,37.2,-16.8,-25.26
37.732,36.899998,-16.859999,-24.96
37.773,37.079998,-16.619999,-24.84
37.820,37.26,-16.32,-24.72
37.831,37.5,-16.02,-24.72
37.871,37.26,-15.96,-24.3
37.911,37.38,-16.8,-24.9
37.932,37.14,-17.279999,-25.019999
37.971,37.739998,-16.98,-25.5
38.012,37.5,-17.16,-25.14
38.031,37.32,-17.58,-25.32
38.071,37.559998,-17.4,-24.84
38.110,37.2,-16.98,-24.6
38.151,37.079998,-17.039999,-25.08
38.171,37.14,-16.74,-25.32
38.210,37.86,-16.26,-25.32
38.251,38.64,-16.08,-25.08
38.271,38.76,-15.839999,-24.84
38.311,38.1,-15.66,-24.96
38.351,37.739998,-15.719999,-25.14
38.371,37.62,-15.719999,-25.14
38.411,37.559998,-16.26,-25.08
38.451,37.86,-16.32,-24.96
38.471,37.68,-16.44,-25.26
38.510,37.32,-16.08,-25.439999
38.551,38.28,-15.78,-25.26
38.572,38.04,-15.299999,-25.38
38.612,37.62,-15.42,-25.56
38.650,37.2,-15.66,-25.14
38.671,37.26,-15.719999,-24.779999
38.712,37.739998,-15.66,-25.199999
38.751,38.16,-15.299999,-25.5
38.771,38.219997,-15.78,-25.5
38.812,37.62,-16.38,-25.619999
38.851,37.8,-16.68,-25.32
38.871,37.44,-16.859999,-25.26
38.912,37.739998,-17.34,-25.14
38.951,38.64,-17.22,-25.26
38.972,38.52,-16.92,-25.619999
39.010,37.86,-16.38,-25.56
39.050,37.68,-16.199999,-25.199999
39.092,37.38,-16.08,-25.08
39.111,36.899998,-15.96,-25.08
39.151,36.84,-15.78,-25.38
39.191,36.84,-16.08,-25.619999
39.211,37.14,-15.96,-25.619999
39.250,37.92,-16.619999,-25.56
39.290,37.559998,-16.199999,-25.38
39.311,37.079998,-15.839999,-25.98
39.350,37.02,-15.48,-26.099998
39.392,37.5,-15.839999,-25.619999
39.412,37.2,-16.08,-24.9
39.451,37.32,-16.68,-24.779999
39.491,37.8,-16.26,-24.539999
39.511,38.1,-16.5,-25.08
39.550,37.14,-16.8,-25.5
39.591,36.6,-17.1,-25.98
39.611,36.96,-16.92,-25.439999
39.651,37.98,-17.279999,-25.26
39.692,37.98,-17.039999,-25.74
39.712,37.62,-16.859999,-25.439999
39.751,36.899998,-16.859999,-25.859999
39.790,37.68,-17.279999,-25.14
39.831,38.16,-17.82,-24.24
39.852,38.219997,-17.58,-24.42
39.892,38.52,-17.22,-25.08
39.932,38.46,-16.44,-25.56
39.952,38.399998,-16.98,-25.98
39.995,37.92,-17.039999,-25.92
40.030,37.2,-17.039999,-25.26
40.051,36.96,-17.22,-25.38
40.093,37.32,-17.76,-24.66
40.130,38.04,-17.58,-24.84
40.151,38.28,-17.34,-25.14
40.191,38.1,-17.1,-25.5
40.231,37.2,-17.039999,-24.9
40.251,37.5,-17.039999,-25.019999
40.293,37.14,-17.279999,-24.72
40.331,37.26,-17.22,-25.14
40.351,37.739998,-17.279999,-25.38
40.390,37.32,-17.52,-25.439999
40.431,36.96,-18.0,-25.439999
40.450,36.96,-18.06,-25.439999
40.490,37.26,-17.88,-25.92
40.531,37.739998,-17.76,-25.14
40.551,37.92,-17.76,-25.019999
40.591,37.739998,-18.0,-24.779999
40.631,36.96,-17.88,-24.3
40.670,36.66,-17.1,-24.119999
40.691,36.899998,-16.859999,-24.359999
40.731,37.32,-17.1,-24.66
40.771,37.62,-17.1,-24.18
40.792,37.98,-16.92,-24.18
40.830,37.92,-17.22,-24.06
40.870,37.68,-17.34,-24.119999
40.891,37.559998,-17.46,-24.18
40.931,38.28,-16.92,-24.42
40.971,38.28,-16.68,-24.3
40.991,37.739998,-16.859999,-24.42
41.031,37.38,-17.1,-24.48
41.071,37.38,-17.279999,-24.24
41.091,37.38,-17.52,-24.119999
41.131,37.2,-17.4,-24.3
41.172,37.739998,-17.46,-24.72
41.193,37.98,-17.46,-24.539999
41.232,37.92,-17.82,-24.539999
41.271,37.44,-17.039999,-24.539999
41.292,37.5,-16.859999,-24.779999
41.331,37.86,-16.56,-25.199999
41.371,37.739998,-16.619999,-25.26
41.411,37.62,-17.039999,-25.32
41.432,37.98,-17.039999,-24.96
41.471,37.8,-16.8,-24.119999
41.493,37.68,-16.92,-24.18
41.534,37.38,-17.4,-24.9
41.573,37.32,-17.58,-25.32
41.592,37.2,-17.46,-25.439999
41.632,37.86,-16.859999,-25.8
41.672,38.16,-17.039999,-24.84
41.693,38.46,-17.039999,-24.779999
41.732,38.46,-15.96,-25.26
41.772,38.76,-15.9,-25.74
41.813,38.1,-16.199999,-26.279999
41.831,37.62,-16.32,-26.16
41.872,36.899998,-16.08,-25.439999
41.913,37.02,-16.26,-25.26
41.932,36.899998,-15.96,-25.5
41.974,37.44,-16.92,-25.5
42.012,37.079998,-17.4,-25.26
42.033,37.02,-17.16,-25.019999
42.072,37.26,-17.34,-25.26
42.111,37.8,-16.92,-24.6
42.131,37.32,-16.859999,-25.14
42.172,37.8,-16.44,-25.74
42.212,38.04,-16.68,-25.92
42.232,37.8,-16.56,-25.859999
42.273,37.559998,-16.5,-25.32
42.311,37.62,-17.4,-24.66
42.350,37.44,-17.34,-25.5
42.371,37.38,-17.22,-25.859999
42.411,37.739998,-16.74,-25.56
42.432,37.44,-16.44,-25.14
42.471,37.44,-16.14,-24.84
42.513,37.26,-16.44,-25.199999
42.552,36.899998,-16.74,-25.439999
42.572,36.719997,-16.5,-24.9
42.612,36.78,-16.14,-25.32
42.652,37.2,-16.619999,-25.5
42.671,36.96,-16.8,-25.38
42.712,37.26,-16.8,-24.72
42.752,37.92,-16.38,-25.08
42.770,37.44,-16.199999,-25.859999
42.811,37.8,-16.32,-26.22
42.852,37.38,-16.5,-25.08
42.871,37.14,-16.56,-25.14
42.912,37.8,-16.859999,-25.38
42.951,38.16,-16.199999,-25.14
42.972,38.16,-16.199999,-24.96
43.012,37.98,-16.02,-25.439999
43.052,37.739998,-16.5,-25.68
43.072,37.92,-16.26,-25.439999
43.111,37.38,-15.9,-25.56
43.151,37.14,-16.14,-25.08
43.174,36.78,-16.32,-25.199999
43.210,37.02,-16.44,-24.779999
43.251,37.079998,-16.14,-24.9
43.273,37.02,-16.14,-25.14
43.310,37.14,-15.839999,-25.14
43.350,37.38,-16.619999,-25.619999
43.390,37.079998,-16.56,-25.8
43.411,36.66,-16.14,-25.439999
43.451,36.42,-15.96,-24.84
43.490,37.26,-16.32,-24.42
43.511,37.02,-16.56,-24.66
43.553,37.32,-16.8,-25.32
43.591,37.739998,-16.619999,-25.5
43.610,37.44,-16.44,-25.56
43.651,37.38,-15.839999,-25.199999
43.691,37.8,-16.14,-25.019999
43.718,37.8,-16.44,-25.199999
43.752,37.14,-16.56,-25.14
43.790,37.26,-16.619999,-24.9
43.810,37.26,-16.5,-24.66
43.851,36.96,-16.08,-24.66
43.890,37.62,-16.68,-24.96
43.930,37.8,-16.74,-24.66
43.951,37.8,-16.74,-24.42
43.991,37.98,-16.8,-24.66
44.031,37.26,-16.56,-25.199999
44.050,36.84,-16.74,-25.199999
44.091,37.26,-17.22,-25.439999
44.131,37.86,-16.14,-24.72
44.163,37.86,-15.9,-24.539999
44.191,38.04,-16.32,-24.84
44.230,37.38,-17.16,-24.66
44.250,37.02,-16.56,-24.42
44.290,37.2,-16.98,-24.779999
44.329,36.3,-17.22,-24.42
44.350,36.36,-16.56,-24.539999
44.389,36.36,-16.859999,-24.06
44.430,36.78,-16.08,-24.9
44.450,37.079998,-15.66,-25.439999
44.491,37.92,-16.44,-25.08
44.530,38.219997,-16.98,-24.96
44.551,38.7,-16.56,-25.439999
44.590,38.28,-15.78,-25.74
44.630,38.04,-16.32,-25.439999
44.650,37.44,-16.38,-25.439999
44.690,36.899998,-16.859999,-25.14
44.731,37.32,-16.56,-25.019999
44.771,37.32,-15.719999,-25.019999
44.792,37.5,-15.719999,-25.199999
44.830,37.739998,-16.199999,-25.92
44.870,37.44,-16.26,-25.38
44.892,37.44,-16.08,-24.96
44.930,37.86,-16.02,-24.84
44.971,37.92,-16.68,-24.66
44.992,37.62,-16.98,-24.96
45.031,37.739998,-17.22,-25.199999
45.071,37.26,-16.92,-24.9
45.091,37.26,-17.22,-24.9
45.130,37.62,-16.8,-24.96
45.171,36.96,-16.74,-24.359999
45.191,37.26,-17.52,-25.14
45.231,37.2,-16.619999,-25.619999
45.271,37.32,-16.14,-25.32
45.290,37.14,-16.14,-25.14
45.330,36.899998,-15.9,-24.9
45.370,37.2,-15.9,-24.9
45.391,37.68,-16.08,-24.96
45.431,37.92,-16.08,-24.9
45.471,37.98,-16.26,-24.66
45.492,37.92,-16.199999,-24.84
45.532,37.62,-16.56,-24.96
45.572,36.719997,-17.039999,-25.74
45.591,36.6,-17.16,-25.92
45.631,36.6,-17.34,-25.74
45.671,36.3,-16.859999,-25.38
45.710,36.78,-16.8,-25.439999
45.731,37.14,-16.859999,-25.38
45.771,37.079998,-16.56,-25.26
45.812,36.899998,-16.859999,-25.5
45.831,36.48,-17.039999,-25.32
45.871,36.96,-17.1,-26.16
45.911,37.079998,-16.44,-25.92
45.932,37.32,-16.44,-25.5
45.971,38.28,-16.74,-24.9
46.010,37.68,-17.279999,-24.48
46.030,37.14,-17.039999,-24.84
46.071,37.44,-17.279999,-25.98
46.111,37.62,-16.74,-25.38
46.131,37.559998,-16.56,-25.199999
46.172,36.899998,-16.44,-24.779999
46.209,36.84,-15.9,-24.779999
46.230,37.079998,-16.38,-25.199999
46.271,37.62,-16.68,-26.22
46.309,37.26,-16.74,-26.16
46.349,37.62,-16.32,-24.66
46.369,37.62,-16.32,-24.119999
46.410,37.02,-16.8,-24.06
46.449,36.6,-16.56,-23.939999
46.470,36.899998,-16.68,-24.3
46.510,37.2,-17.1,-24.84
46.550,37.44,-16.44,-25.08
46.570,37.62,-16.26,-24.48
46.610,37.2,-16.44,-23.88
46.632,37.079998,-16.859999,-24.18
46.669,37.62,-16.8,-24.48
46.710,37.32,-17.1,-24.84
46.749,37.26,-16.98,-25.26
46.772,37.559998,-16.74,-25.08
46.811,37.5,-16.98,-25.08
46.850,37.8,-17.22,-25.199999
46.870,37.92,-16.92,-25.32
46.910,38.04,-17.039999,-25.14
46.951,37.8,-16.74,-25.199999
46.973,37.92,-16.38,-25.32
47.010,38.28,-16.8,-25.019999
47.050,37.98,-17.1,-25.14
47.071,37.86,-17.22,-25.68
47.113,37.8,-16.98,-25.38
47.150,37.559998,-17.34,-25.08
47.170,37.14,-16.859999,-25.08
47.210,37.98,-16.38,-24.72
47.250,38.1,-16.26,-25.26
47.289,37.68,-15.66,-25.5
47.310,37.98,-16.199999,-25.32
47.349,37.98,-17.279999,-24.9
47.390,38.04,-16.56,-24.0
47.409,38.219997,-16.56,-24.119999
47.450,38.28,-16.32,-24.72
47.490,37.68,-16.199999,-24.72
47.510,38.28,-16.5,-24.84
47.550,38.1,-16.5,-24.06
47.591,38.04,-16.44,-24.18
47.610,38.28,-16.38,-24.0
47.651,38.1,-16.44,-25.199999
47.690,38.28,-16.44,-25.68
47.710,37.92,-16.56,-25.38
47.750,37.98,-16.02,-25.859999
47.791,37.92,-16.14,-25.8
47.810,37.98,-16.26,-25.619999
47.851,38.64,-16.26,-25.8
47.891,38.579998,-16.98,-25.619999
47.912,38.399998,-16.92,-25.32
47.950,37.68,-16.619999,-25.5
47.991,37.92,-15.719999,-25.74
48.013,38.52,-15.54,-25.74
48.051,37.739998,-16.5,-25.32
48.091,37.5,-17.039999,-24.84
48.111,37.44,-16.92,-25.14
48.151,38.219997,-16.8,-25.98
48.190,38.16,-16.02,-26.16
48.230,38.1,-15.839999,-26.16
48.251,38.52,-16.02,-26.4
48.290,38.28,-16.26,-26.279999
48.330,38.1,-15.9,-25.859999
48.350,37.68,-15.96,-25.619999
48.391,37.68,-16.44,-25.199999
48.431,38.64,-16.68,-25.859999
48.451,38.579998,-16.26,-26.22
48.490,37.739998,-16.859999,-26.46
48.530,36.719997,-17.34,-26.039999
48.554,37.5,-16.92,-25.98
48.590,37.2,-16.8,-25.38
48.631,36.96,-16.38,-24.42
48.651,37.02,-16.5,-24.779999
48.692,36.66,-16.68,-25.74
48.731,37.02,-16.68,-26.16
48.752,37.14,-16.74,-26.16
48.791,37.26,-16.619999,-26.039999
48.831,37.26,-16.44,-25.5
48.858,37.62,-16.14,-25.019999
48.891,37.5,-16.199999,-25.32
48.931,37.38,-16.44,-25.859999
48.951,37.32,-16.199999,-25.92
48.992,37.739998,-16.5,-25.5
49.032,37.38,-16.92,-25.439999
49.053,37.38,-16.56,-25.439999
49.091,37.44,-16.8,-25.56
49.131,38.34,-17.46,-25.32
49.171,38.219997,-16.92,-24.779999
49.191,38.34,-16.8,-24.6
49.232,37.98,-16.199999,-25.38
49.271,37.68,-16.199999,-25.74
49.291,37.86,-16.5,-26.4
49.330,37.559998,-17.039999,-25.68
49.370,37.739998,-16.56,-25.32
49.390,37.92,-16.5,-24.84
49.430,37.68,-16.32,-25.68
49.470,37.32,-16.32,-25.92
49.490,37.62,-16.26,-25.74
49.532,37.68,-16.38,-25.859999
49.572,37.559998,-16.5,-25.5
49.590,37.559998,-16.5,-25.26
49.631,37.86,-16.02,-25.019999
49.674,38.1,-15.66,-25.14
49.691,37.98,-15.719999,-25.5
49.731,37.62,-16.44,-25.32
49.771,37.98,-16.68,-25.56
49.791,38.219997,-16.38,-25.8
49.834,37.86,-15.78,-25.56
49.870,37.92,-15.839999,-25.5
49.909,38.04,-15.599999,-25.32
49.930,37.98,-15.78,-24.539999
49.970,38.1,-16.619999,-24.0
50.011,37.98,-16.92,-25.019999
50.030,37.68,-16.74,-25.08
50.070,37.02,-16.5,-24.96
50.110,36.48,-17.16,-24.9
50.130,36.719997,-16.98,-24.96
50.170,37.44,-15.9,-24.779999
50.209,38.219997,-15.42,-25.08
50.229,37.86,-15.599999,-25.56
50.269,37.559998,-16.38,-25.26
50.310,38.04,-17.16,-25.019999
50.329,37.559998,-17.64,-25.26
50.369,37.26,-17.82,-24.6
50.410,37.62,-17.279999,-24.6
50.431,37.32,-16.92,-24.779999
50.469,37.559998,-16.68,-25.38
50.511,37.8,-16.74,-25.32
50.531,37.62,-16.44,-25.199999
50.570,37.86,-16.14,-25.26
50.612,37.86,-16.199999,-24.72
50.650,37.86,-16.68,-24.72
50.671,37.92,-17.039999,-24.84
50.710,37.739998,-16.859999,-25.08
50.750,37.559998,-16.38,-25.14
50.770,37.62,-16.02,-25.38
50.812,38.399998,-16.98,-25.32
50.833,38.34,-16.92,-24.84
50.870,37.739998,-16.98,-24.48
50.911,37.62,-16.38,-24.779999
50.950,37.92,-15.719999,-25.56
50.972,37.32,-15.839999,-25.32
51.010,37.5,-15.839999,-24.72
51.050,37.92,-15.36,-24.48
51.069,37.739998,-15.719999,-24.6
51.111,37.92,-16.26,-24.42
51.151,37.92,-15.78,-25.08
51.170,38.04,-16.08,-24.779999
51.211,38.1,-16.44,-24.9
51.250,38.34,-16.32,-25.08
51.269,38.34,-16.199999,-24.72
51.309,38.34,-16.859999,-23.82
51.349,37.62,-16.56,-23.64
51.371,37.2,-16.619999,-24.119999
51.410,37.86,-16.56,-24.84
51.450,38.16,-17.1,-24.96
51.489,37.62,-16.68,-25.08
51.510,37.739998,-16.5,-24.72
51.550,37.5,-16.38,-24.6
51.590,37.86,-16.199999,-24.3
51.609,38.46,-16.38,-23.4
51.649,38.579998,-16.68,-23.699999
51.689,38.16,-16.38,-24.72
51.711,37.559998,-16.14,-24.72
51.749,37.26,-16.44,-24.48
51.790,37.92,-16.8,-25.26
51.810,37.62,-16.5,-24.6
51.850,37.02,-16.56,-24.359999
51.890,37.26,-16.74,-24.539999
51.911,37.26,-16.68,-24.779999
51.950,37.68,-16.859999,-24.24
51.990,38.219997,-16.68,-24.779999
52.013,38.1,-16.92,-25.08
52.052,38.16,-16.8,-25.199999
52.090,38.04,-16.619999,-25.619999
52.110,38.1,-16.74,-25.98
52.149,37.5,-17.4,-24.9
52.189,36.54,-16.92,-24.72
52.211,36.84,-16.68,-24.9
52.251,37.44,-16.26,-24.539999
52.289,37.86,-16.859999,-24.6
52.328,37.5,-16.74,-24.96
52.350,37.44,-16.26,-24.3
52.390,37.68,-16.32,-24.539999
52.428,37.8,-16.5,-25.14
52.449,37.739998,-16.5,-25.08
52.489,37.739998,-16.68,-25.5
52.530,37.98,-16.5,-25.92
52.549,37.559998,-16.56,-25.92
52.589,36.96,-16.619999,-25.56
52.629,37.38,-16.859999,-25.74
52.650,37.739998,-16.92,-25.859999
52.692,37.8,-16.619999,-25.98
52.728,37.5,-17.039999,-25.8
52.749,37.62,-17.16,-25.859999
52.790,37.2,-17.279999,-25.199999
52.830,37.38,-16.619999,-24.9
52.849,37.559998,-16.02,-25.32
52.891,37.38,-16.859999,-25.68
52.929,37.68,-17.039999,-25.619999
52.949,37.92,-16.44,-25.56
52.989,38.16,-15.839999,-25.14
53.029,37.5,-16.199999,-25.38
53.069,37.8,-16.8,-25.26
53.089,37.8,-16.98,-25.199999
53.129,37.68,-17.16,-24.66
53.169,38.1,-16.5,-24.66
53.190,37.62,-16.44,-24.66
53.229,37.92,-16.68,-24.66
53.268,38.219997,-16.08,-25.199999
53.289,37.98,-15.96,-25.199999
53.329,36.899998,-16.56,-25.08
53.369,37.14,-16.5,-24.42
53.388,37.5,-16.32,-24.779999
53.430,37.44,-16.38,-24.9
53.469,37.44,-16.44,-24.359999
53.489,37.44,-16.44,-24.48
53.530,38.04,-16.74,-24.6
53.569,38.399998,-16.98,-25.14
53.589,38.46,-16.98,-25.5
53.629,38.1,-16.5,-25.26
53.670,37.86,-16.74,-25.68
53.689,37.739998,-16.74,-25.98
53.730,37.62,-16.26,-25.32
53.769,36.96,-16.859999,-24.6
53.789,38.1,-16.56,-24.72
53.830,37.739998,-16.44,-25.68
53.869,37.62,-16.68,-25.019999
53.911,37.8,-17.46,-25.14
53.929,37.739998,-17.22,-24.96
53.970,37.38,-16.38,-25.08
54.009,38.46,-16.38,-24.84
54.031,38.879997,-16.38,-25.019999
54.069,38.34,-16.02,-25.199999
54.110,37.8,-16.199999,-24.66
54.129,37.98,-16.38,-24.0
54.169,38.399998,-16.199999,-24.6
54.210,38.04,-16.14,-25.38
54.231,37.44,-16.38,-25.32
54.270,37.739998,-16.619999,-25.26
54.309,37.739998,-15.9,-25.019999
54.329,37.559998,-15.839999,-25.38
54.369,37.5,-15.839999,-24.119999
54.408,37.92,-16.68,-24.42
54.430,37.44,-16.619999,-24.359999
54.469,37.8,-16.32,-24.9
54.510,37.86,-16.32,-24.84
54.529,37.739998,-16.98,-24.48
54.570,37.68,-16.98,-24.779999
54.609,37.68,-16.68,-25.32
54.630,37.92,-16.74,-25.14
54.670,37.5,-17.4,-24.84
54.709,37.32,-17.34,-25.019999
54.730,37.8,-17.58,-25.199999
54.769,37.86,-17.22,-25.38
54.810,37.86,-17.279999,-25.199999
54.850,37.68,-17.64,-25.32
54.870,37.98,-17.4,-25.439999
54.910,38.04,-17.22,-24.9
54.949,38.46,-17.1,-24.72
54.969,37.98,-17.4,-24.9
55.008,37.26,-17.76,-24.84
55.050,37.5,-16.98,-24.84
55.069,37.62,-16.98,-24.9
55.109,37.92,-16.92,-24.779999
55.149,37.86,-16.44,-25.439999
55.169,37.86,-16.74,-25.199999
55.209,38.04,-16.74,-24.96
55.248,38.46,-16.56,-25.68
55.268,38.399998,-16.38,-25.98
55.308,38.28,-15.9,-25.38
55.349,38.28,-16.32,-24.3
55.368,38.219997,-16.5,-24.119999
55.409,38.879997,-16.56,-25.199999
55.450,38.52,-17.88,-26.16
55.469,38.64,-17.52,-25.92
55.509,38.219997,-17.94,-25.38
55.550,37.92,-17.699999,-25.14
55.591,37.98,-17.64,-24.779999
55.611,37.739998,-17.34,-24.3
55.650,37.98,-17.52,-24.3
55.689,38.52,-17.279999,-24.779999
55.710,38.34,-17.22,-24.72
55.748,38.82,-16.98,-25.68
55.789,38.1,-17.22,-25.56
55.809,38.16,-16.8,-25.019999
55.849,37.98,-16.02,-25.08
55.891,38.16,-16.26,-25.019999
55.910,38.16,-16.8,-24.779999
55.949,38.399998,-17.64,-25.32
55.990,38.7,-17.279999,-25.92
56.010,38.82,-17.039999,-25.92
56.054,38.76,-16.859999,-25.8
56.090,38.04,-17.34,-25.26
56.110,38.1,-17.58,-25.019999
56.149,37.98,-17.94,-24.779999
56.198,37.32,-17.94,-24.539999
56.209,37.8,-17.4,-24.72
56.249,38.28,-17.58,-24.72
56.289,39.18,-17.94,-24.66
56.310,39.12,-17.76,-25.019999
56.349,38.64,-16.859999,-25.32
56.390,38.46,-16.8,-25.26
56.410,38.219997,-16.619999,-25.439999
56.449,38.04,-16.26,-25.14
56.489,38.16,-15.9,-24.42
56.529,38.399998,-16.74,-25.14
56.549,37.86,-17.1,-25.199999
56.589,37.8,-16.98,-25.38
56.629,38.219997,-16.8,-25.019999
56.649,38.399998,-17.039999,-24.84
56.689,37.559998,-16.859999,-25.68
56.729,37.62,-16.5,-24.96
56.748,38.04,-16.5,-24.48
56.789,38.46,-16.08,-24.72
56.828,37.62,-16.619999,-24.66
56.849,37.2,-16.74,-24.24
56.889,37.14,-16.32,-23.939999
56.928,37.98,-16.56,-23.82
56.948,37.559998,-16.619999,-24.18
56.988,36.899998,-16.74,-25.08
57.028,37.079998,-16.68,-25.14
57.048,37.5,-16.5,-25.74
57.091,38.16,-17.34,-25.56
57.128,37.98,-17.94,-24.6
57.149,37.5,-17.46,-24.779999
57.188,38.1,-17.4,-24.84
57.228,37.92,-17.279999,-24.96
57.270,37.2,-17.039999,-24.84
57.289,37.62,-17.16,-25.199999
57.329,37.62,-16.26,-25.619999
57.368,37.44,-16.199999,-25.68
57.389,37.62,-16.68,-25.439999
57.429,37.92,-16.859999,-25.14
57.468,38.219997,-16.68,-25.439999
57.490,38.52,-17.16,-25.56
57.531,38.579998,-17.52,-24.48
57.569,38.52,-16.74,-24.72
57.589,38.76,-16.56,-25.439999
57.630,37.98,-16.08,-25.08
57.670,37.62,-16.8,-25.08
57.693,37.68,-16.8,-25.32
57.731,37.44,-16.98,-24.84
57.754,37.5,-16.74,-25.439999
57.791,37.559998,-16.32,-26.039999
57.835,37.86,-16.619999,-25.199999
57.871,37.32,-16.98,-25.08
57.890,37.32,-17.1,-25.5
57.930,37.5,-17.1,-25.8
57.972,37.559998,-17.1,-25.859999
57.993,37.68,-17.039999,-26.16
58.031,37.8,-17.46,-25.92
58.071,37.98,-16.5,-25.74
58.090,37.98,-16.02,-26.099998
58.131,37.38,-16.44,-25.619999
58.171,37.559998,-16.859999,-25.68
58.193,37.559998,-17.279999,-26.16
58.231,37.739998,-17.82,-26.16
58.271,37.32,-17.4,-25.619999
58.309,36.899998,-16.619999,-25.619999
58.330,37.02,-16.68,-25.019999
58.369,36.719997,-16.859999,-25.38
58.410,37.02,-16.859999,-26.039999
58.429,36.84,-15.9,-26.039999
58.471,37.079998,-15.54,-26.519999
58.511,37.86,-15.54,-26.46
58.532,38.04,-15.78,-27.0
58.571,38.579998,-15.78,-26.279999
58.611,38.1,-16.38,-26.22
58.632,37.62,-16.56,-26.34
58.671,37.44,-16.14,-26.039999
58.712,37.5,-16.14,-25.56
58.731,37.5,-16.56,-25.68
58.771,37.02,-16.56,-25.92
58.811,36.84,-16.44,-26.279999
58.833,36.6,-16.68,-26.039999
58.870,36.899998,-16.68,-25.439999
58.911,37.14,-16.56,-25.14
58.950,36.719997,-16.26,-25.68
58.970,37.559998,-16.199999,-25.8
59.011,37.86,-16.26,-26.16
59.049,37.5,-17.22,-26.519999
59.071,37.5,-17.4,-26.039999
59.110,37.5,-17.16,-25.92
59.150,37.079998,-16.44,-25.98
59.172,36.84,-16.619999,-25.859999
59.212,36.66,-16.92,-25.38
59.249,37.02,-16.199999,-25.199999
59.269,37.26,-16.199999,-25.38
59.309,37.2,-15.599999,-24.6
59.349,36.719997,-16.08,-24.779999
59.369,37.079998,-16.859999,-24.9
59.409,37.5,-16.8,-25.019999
59.449,37.32,-16.8,-24.6
59.469,37.079998,-16.68,-24.72
59.509,37.739998,-16.74,-25.859999
59.552,37.62,-16.56,-25.98
59.571,37.62,-16.619999,-25.5
59.610,37.44,-16.38,-25.38
59.651,37.5,-16.5,-25.56
59.671,37.8,-16.32,-25.859999
59.710,37.559998,-16.32,-26.039999
59.750,37.2,-16.26,-25.5
59.791,37.44,-16.5,-25.56
59.814,37.44,-16.26,-25.98
59.853,37.2,-16.8,-25.68
59.871,37.02,-16.56,-25.38
59.911,37.559998,-16.8,-24.96
59.950,37.8,-17.4,-25.8
59.990,37.68,-17.4,-25.68
