timestamp,x,y,z
00.000,-1.234375,-1.015625,0.0
00.031,-1.0625,-1.015625,0.046875
00.062,-1.03125,-1.046875,0.0
00.093,-0.65625,-1.015625,0.171875
00.125,-0.484375,-1.0,0.203125
00.156,-0.21875,-0.875,0.3125
00.187,-0.046875,-0.828125,0.328125
00.218,-0.140625,-0.796875,0.25
00.250,-0.078125,-0.625,0.28125
00.281,-0.046875,-0.59375,0.28125
00.312,-0.171875,-0.5625,0.28125
00.343,-0.359375,-0.59375,0.3125
00.375,-0.328125,-0.609375,0.40625
00.406,-0.25,-0.65625,0.59375
00.437,-0.28125,-0.703125,0.59375
00.468,-0.328125,-0.78125,0.515625
00.500,-0.421875,-0.796875,0.46875
00.531,-0.578125,-0.828125,0.40625
00.562,-0.484375,-0.8125,0.484375
00.593,-0.34375,-0.8125,0.515625
00.625,-0.28125,-0.84375,0.5
00.656,-0.25,-0.890625,0.421875
00.687,-0.25,-0.90625,0.390625
00.718,-0.234375,-0.859375,0.421875
00.750,-0.265625,-0.828125,0.421875
00.781,-0.296875,-0.8125,0.4375
00.812,-0.34375,-0.84375,0.4375
00.843,-0.359375,-0.828125,0.421875
00.875,-0.34375,-0.828125,0.40625
00.906,-0.328125,-0.8125,0.421875
00.937,-0.328125,-0.828125,0.421875
00.968,-0.3125,-0.828125,0.4375
01.000,-0.3125,-0.84375,0.4375
01.031,-0.328125,-0.84375,0.421875
01.062,-0.3125,-0.859375,0.4375
01.093,-0.3125,-0.859375,0.421875
01.125,-0.3125,-0.859375,0.40625
01.156,-0.28125,-0.859375,0.40625
01.187,-0.28125,-0.859375,0.421875
01.218,-0.3125,-0.84375,0.421875
01.250,-0.3125,-0.8125,0.421875
01.281,-0.296875,-0.828125,0.421875
01.312,-0.296875,-0.828125,0.421875
01.343,-0.296875,-0.828125,0.421875
01.375,-0.296875,-0.828125,0.40625
01.406,-0.3125,-0.8125,0.421875
01.437,-0.34375,-0.796875,0.4375
01.468,-0.359375,-0.8125,0.421875
01.500,-0.375,-0.828125,0.390625
01.531,-0.46875,-0.84375,0.28125
01.562,-0.28125,-0.8125,0.421875
01.593,-0.25,-0.796875,0.53125
01.625,-0.0625,-0.9375,0.546875
01.656,-0.015625,-0.796875,0.8125
01.687,-0.046875,-0.890625,0.625
01.718,0.03125,-0.921875,0.5
01.750,-0.046875,-0.875,0.421875
01.781,-0.21875,-0.859375,0.296875
01.812,-0.359375,-0.859375,0.203125
01.843,-0.4375,-0.765625,0.3125
01.875,0.0,-0.78125,0.515625
01.906,-0.15625,-0.8125,0.53125
01.937,-0.3125,-0.84375,0.5
01.968,-0.171875,-0.921875,0.4375
02.000,-0.1875,-0.953125,0.390625
02.031,-0.15625,-0.9375,0.375
02.062,-0.203125,-0.921875,0.375
02.093,-0.25,-0.890625,0.375
02.125,-0.25,-0.875,0.40625
02.156,-0.234375,-0.859375,0.40625
02.187,-0.28125,-0.859375,0.4375
02.218,-0.265625,-0.875,0.421875
02.250,-0.25,-0.859375,0.421875
02.281,-0.25,-0.84375,0.4375
02.312,-0.265625,-0.84375,0.4375
02.343,-0.28125,-0.828125,0.421875
02.375,-0.296875,-0.828125,0.4375
02.406,-0.296875,-0.84375,0.453125
02.437,-0.296875,-0.828125,0.4375
02.468,-0.296875,-0.828125,0.4375
02.500,-0.28125,-0.8125,0.453125
02.531,-0.265625,-0.8125,0.46875
02.562,-0.265625,-0.828125,0.453125
02.593,-0.265625,-0.828125,0.453125
02.625,-0.25,-0.828125,0.453125
02.656,-0.28125,-0.828125,0.453125
02.687,-0.28125,-0.859375,0.4375
02.718,-0.265625,-0.859375,0.4375
02.750,-0.28125,-0.859375,0.4375
02.781,-0.296875,-0.859375,0.453125
02.812,-0.265625,-0.84375,0.453125
02.843,-0.296875,-0.84375,0.4375
02.875,-0.3125,-0.828125,0.421875
02.906,-0.328125,-0.859375,0.328125
02.937,-0.328125,-0.84375,0.390625
02.968,-0.265625,-0.859375,0.40625
03.000,0.03125,-0.734375,0.65625
03.031,0.15625,-0.71875,0.671875
03.062,-0.125,-0.84375,0.3125
03.093,-0.5,-0.84375,0.328125
03.125,-0.390625,-0.953125,0.46875
03.156,-0.578125,-0.90625,0.4375
03.187,-0.234375,-0.859375,0.546875
03.218,-0.125,-0.9375,0.453125
03.250,-0.203125,-0.875,0.375
03.281,-0.140625,-0.890625,0.3125
03.312,-0.28125,-0.84375,0.375
03.343,-0.40625,-0.8125,0.390625
03.375,-0.328125,-0.765625,0.46875
03.406,-0.328125,-0.78125,0.4375
03.437,-0.3125,-0.8125,0.4375
03.468,-0.359375,-0.90625,0.359375
03.500,-0.296875,-0.921875,0.359375
03.531,-0.28125,-0.9375,0.375
03.562,-0.34375,-0.890625,0.34375
03.593,-0.328125,-0.859375,0.359375
03.625,-0.390625,-0.828125,0.390625
03.656,-0.390625,-0.8125,0.4375
03.687,-0.375,-0.8125,0.46875
03.718,-0.328125,-0.828125,0.484375
03.750,-0.28125,-0.84375,0.515625
03.781,-0.28125,-0.859375,0.484375
03.812,-0.296875,-0.859375,0.4375
03.843,-0.296875,-0.84375,0.421875
03.875,-0.296875,-0.8125,0.453125
03.906,-0.265625,-0.8125,0.484375
03.937,-0.25,-0.8125,0.484375
03.968,-0.25,-0.84375,0.46875
04.000,-0.203125,-0.828125,0.484375
04.031,-0.1875,-0.8125,0.46875
04.062,-0.203125,-0.828125,0.46875
04.093,-0.203125,-0.828125,0.453125
04.125,-0.203125,-0.828125,0.453125
04.156,-0.203125,-0.828125,0.453125
04.187,-0.203125,-0.828125,0.46875
04.218,-0.1875,-0.828125,0.5
04.250,-0.1875,-0.8125,0.5
04.281,-0.171875,-0.8125,0.484375
04.312,-0.203125,-0.796875,0.453125
04.343,-0.234375,-0.765625,0.46875
04.375,-0.21875,-0.75,0.453125
04.406,-0.1875,-0.75,0.4375
04.437,-0.203125,-0.765625,0.40625
04.468,-0.25,-0.75,0.390625
04.500,-0.21875,-0.765625,0.4375
04.531,-0.21875,-0.828125,0.4375
04.562,-0.234375,-0.8125,0.4375
04.593,-0.359375,-0.765625,0.4375
04.625,-0.5,-0.75,0.390625
04.656,-0.5625,-0.75,0.375
04.687,-0.578125,-0.75,0.390625
04.718,-0.578125,-0.71875,0.328125
04.750,-0.625,-0.703125,0.328125
04.781,-0.578125,-0.671875,0.296875
04.812,-0.5625,-0.703125,0.234375
04.843,-0.609375,-0.765625,0.40625
04.875,-0.671875,-0.78125,0.328125
04.906,-0.671875,-0.78125,0.359375
04.937,-0.640625,-0.765625,0.359375
04.968,-0.625,-0.703125,0.375
05.000,-0.671875,-0.625,0.28125
05.031,-0.8125,-0.625,0.171875
05.062,-0.765625,-0.671875,0.1875
05.093,-0.734375,-0.65625,0.15625
05.125,-0.75,-0.625,0.125
05.156,-0.84375,-0.640625,0.09375
05.187,-0.859375,-0.59375,0.140625
05.218,-0.84375,-0.578125,0.140625
05.250,-0.84375,-0.609375,0.109375
05.281,-0.859375,-0.5625,0.09375
05.312,-0.875,-0.546875,0.09375
05.343,-0.84375,-0.53125,0.078125
05.375,-0.84375,-0.53125,0.078125
05.406,-0.859375,-0.53125,0.09375
05.437,-0.875,-0.4375,0.140625
05.468,-0.921875,-0.421875,0.171875
05.500,-1.125,-0.46875,0.28125
05.531,-1.15625,-0.515625,0.21875
05.562,-1.140625,-0.609375,0.109375
05.593,-1.234375,-0.765625,-0.03125
05.625,-1.25,-0.828125,-0.015625
05.656,-1.046875,-0.890625,-0.0625
05.687,-0.71875,-0.953125,0.0
05.718,-0.609375,-0.953125,0.0625
05.750,-0.484375,-0.859375,0.0
05.781,-0.25,-0.796875,0.015625
05.812,0.03125,-0.78125,0.15625
05.843,0.09375,-0.703125,0.3125
05.875,0.140625,-0.65625,0.359375
05.906,0.109375,-0.5625,0.484375
05.937,0.125,-0.5625,0.53125
05.968,-0.03125,-0.640625,0.5
06.000,-0.203125,-0.671875,0.46875
06.031,-0.25,-0.734375,0.484375
06.062,-0.265625,-0.78125,0.46875
06.093,-0.234375,-0.765625,0.484375
06.125,-0.203125,-0.8125,0.5
06.156,-0.234375,-0.765625,0.53125
06.187,-0.078125,-0.78125,0.625
06.218,-0.25,-0.765625,0.609375
06.250,-0.203125,-0.765625,0.578125
06.281,-0.234375,-0.78125,0.546875
06.312,-0.25,-0.765625,0.5
06.343,-0.359375,-0.765625,0.453125
06.375,-0.375,-0.796875,0.484375
06.406,-0.328125,-0.828125,0.4375
06.437,-0.375,-0.8125,0.40625
06.468,-0.484375,-0.796875,0.4375
06.500,-0.359375,-0.765625,0.5
06.531,-0.453125,-0.71875,0.421875
06.562,-0.609375,-0.71875,0.328125
06.593,-0.59375,-0.71875,0.3125
06.625,-0.578125,-0.75,0.375
06.656,-0.625,-0.75,0.265625
06.687,-0.171875,-0.765625,0.46875
06.718,-0.359375,-0.8125,0.515625
06.750,-0.5,-0.8125,0.453125
06.781,-0.234375,-0.734375,0.65625
06.812,-0.390625,-0.703125,0.5625
06.843,-0.421875,-0.703125,0.546875
06.875,-0.296875,-0.6875,0.59375
06.906,-0.390625,-0.6875,0.5625
06.937,-0.5,-0.6875,0.4375
06.968,-0.5,-0.65625,0.46875
07.000,-0.484375,-0.640625,0.484375
07.031,-0.578125,-0.625,0.453125
07.062,-0.6875,-0.65625,0.421875
07.093,-0.703125,-0.59375,0.5
07.125,-0.515625,-0.46875,0.5
07.156,-0.40625,-0.40625,0.515625
07.187,-0.25,-0.34375,0.546875
07.218,-0.265625,-0.375,0.609375
07.250,-0.375,-0.375,0.53125
07.281,-0.40625,-0.359375,0.328125
07.312,-0.515625,-0.375,0.234375
07.343,-0.84375,-0.40625,0.171875
07.375,-0.6875,-0.21875,0.40625
07.406,-0.796875,0.0,0.484375
07.437,-1.34375,0.109375,0.296875
07.468,-1.03125,0.203125,0.65625
07.500,-0.9375,0.25,0.734375
07.531,-0.8125,0.34375,0.84375
07.562,-0.71875,0.390625,0.890625
07.593,-0.578125,0.5,0.953125
07.625,-0.4375,0.53125,0.859375
07.656,-0.390625,0.546875,0.8125
07.687,-0.375,0.53125,0.78125
07.718,-0.265625,0.515625,0.8125
07.750,-0.140625,0.53125,0.8125
07.781,-0.046875,0.59375,0.8125
07.812,0.109375,0.609375,0.8125
07.843,0.125,0.640625,0.84375
07.875,0.171875,0.6875,0.84375
07.906,0.296875,0.703125,0.8125
07.937,0.390625,0.703125,0.96875
07.968,0.28125,0.71875,0.9375
08.000,0.03125,0.6875,0.828125
08.031,0.15625,0.71875,0.859375
08.062,0.140625,0.6875,0.796875
08.093,0.078125,0.71875,0.734375
08.125,0.0625,0.71875,0.71875
08.156,0.125,0.71875,0.703125
08.187,0.203125,0.703125,0.75
08.218,0.21875,0.703125,0.75
08.250,0.140625,0.6875,0.71875
08.281,0.25,0.6875,0.734375
08.312,0.109375,0.703125,0.671875
08.343,0.09375,0.71875,0.84375
08.375,0.09375,0.703125,0.875
08.406,0.234375,0.640625,0.796875
08.437,0.109375,0.640625,0.625
08.468,0.265625,0.640625,0.734375
08.500,0.234375,0.6875,0.75
08.531,0.25,0.6875,0.75
08.562,0.265625,0.671875,0.703125
08.593,0.234375,0.671875,0.71875
08.625,0.265625,0.65625,0.734375
08.656,0.234375,0.65625,0.71875
08.687,0.171875,0.671875,0.734375
08.718,0.140625,0.703125,0.828125
08.750,0.078125,0.671875,0.859375
08.781,0.171875,0.671875,0.796875
08.812,0.25,0.703125,0.78125
08.843,0.1875,0.703125,0.796875
08.875,0.171875,0.703125,0.8125
08.906,0.1875,0.734375,0.84375
08.937,0.25,0.75,0.859375
08.968,0.1875,0.6875,0.78125
09.000,0.171875,0.671875,0.796875
09.031,0.125,0.65625,0.796875
09.062,0.203125,0.578125,0.890625
09.093,0.125,0.609375,0.90625
09.125,0.171875,0.59375,0.90625
09.156,0.140625,0.5625,0.921875
09.187,0.125,0.59375,0.890625
09.218,-0.078125,0.609375,0.890625
09.250,-0.140625,0.609375,0.875
09.281,-0.265625,0.59375,0.921875
09.312,-0.34375,0.5625,0.921875
09.343,-0.3125,0.5625,0.953125
09.375,-0.375,0.453125,0.875
09.406,-0.53125,0.34375,0.6875
09.437,-0.578125,0.328125,0.71875
09.468,-0.890625,0.3125,0.671875
09.500,-0.953125,0.3125,0.703125
09.531,-1.0,0.296875,0.6875
09.562,-1.125,0.15625,0.578125
09.593,-1.25,0.09375,0.546875
09.625,-1.09375,0.09375,0.65625
09.656,-1.046875,0.03125,0.671875
09.687,-0.71875,-0.125,0.71875
09.718,-0.40625,-0.203125,0.734375
09.750,-0.34375,-0.234375,0.671875
09.781,-0.09375,-0.328125,0.65625
09.812,-0.015625,-0.390625,0.609375
09.843,0.078125,-0.546875,0.625
09.875,0.171875,-0.609375,0.625
09.906,0.03125,-0.59375,0.671875
09.937,0.015625,-0.75,0.5625
09.968,-0.0625,-0.515625,0.734375
10.000,-0.203125,-0.578125,0.59375
10.031,-0.015625,-0.59375,0.53125
10.062,-0.03125,-0.5625,0.5
10.093,0.015625,-0.59375,0.5625
10.125,0.0625,-0.625,0.5625
10.156,0.09375,-0.65625,0.59375
10.187,0.140625,-0.625,0.546875
10.218,0.265625,-0.671875,0.59375
10.250,0.3125,-0.640625,0.65625
10.281,0.171875,-0.609375,0.609375
10.312,0.140625,-0.640625,0.625
10.343,0.0,-0.625,0.625
10.375,0.1875,-0.640625,0.765625
10.406,0.125,-0.65625,0.765625
10.437,0.125,-0.6875,0.734375
10.468,0.171875,-0.671875,0.6875
10.500,0.265625,-0.65625,0.640625
10.531,0.109375,-0.5625,0.671875
10.562,0.1875,-0.546875,0.71875
10.593,0.140625,-0.59375,0.703125
10.625,0.125,-0.640625,0.6875
10.656,0.0625,-0.703125,0.640625
10.687,0.03125,-0.734375,0.6875
10.718,-0.046875,-0.765625,0.71875
10.750,-0.171875,-0.75,0.78125
10.781,-0.234375,-0.75,0.75
10.812,-0.1875,-0.75,0.71875
10.843,-0.109375,-0.765625,0.71875
10.875,-0.109375,-0.71875,0.671875
10.906,-0.046875,-0.71875,0.6875
10.937,-0.109375,-0.65625,0.671875
10.968,-0.125,-0.640625,0.75
11.000,-0.125,-0.546875,0.84375
11.031,-0.15625,-0.59375,0.734375
11.062,-0.109375,-0.65625,0.734375
11.093,-0.015625,-0.75,0.59375
11.125,0.0625,-0.71875,0.703125
11.156,-0.171875,-0.75,0.640625
11.187,-0.203125,-0.703125,0.6875
11.218,-0.125,-0.703125,0.734375
11.250,-0.140625,-0.671875,0.703125
11.281,-0.125,-0.65625,0.703125
11.312,-0.15625,-0.65625,0.65625
11.343,-0.15625,-0.65625,0.671875
11.375,-0.15625,-0.65625,0.671875
11.406,-0.1875,-0.671875,0.703125
11.437,-0.203125,-0.6875,0.703125
11.468,-0.203125,-0.6875,0.703125
11.500,-0.203125,-0.703125,0.703125
11.531,-0.21875,-0.6875,0.671875
11.562,-0.25,-0.640625,0.6875
11.593,-0.25,-0.640625,0.703125
11.625,-0.21875,-0.640625,0.6875
11.656,-0.25,-0.640625,0.671875
11.687,-0.234375,-0.640625,0.671875
11.718,-0.25,-0.640625,0.671875
11.750,-0.21875,-0.625,0.65625
11.781,-0.21875,-0.609375,0.65625
11.812,-0.234375,-0.5625,0.625
11.843,-0.1875,-0.53125,0.609375
11.875,-0.0625,-0.5,0.53125
11.906,-0.21875,-0.421875,0.546875
11.937,-0.34375,-0.40625,0.625
11.968,-0.578125,-0.46875,0.796875
12.000,-0.875,-0.703125,0.859375
12.031,-0.953125,-0.875,0.84375
12.062,-0.859375,-1.140625,0.75
12.093,-0.8125,-1.15625,0.65625
12.125,-0.6875,-1.0625,0.5
12.156,-0.53125,-0.96875,0.453125
12.187,-0.171875,-0.859375,0.4375
12.218,-0.109375,-0.8125,0.421875
12.250,-0.140625,-0.8125,0.359375
12.281,-0.1875,-0.8125,0.25
12.312,-0.1875,-0.765625,0.453125
12.343,-0.21875,-0.78125,0.484375
12.375,-0.203125,-0.765625,0.515625
12.406,-0.25,-0.703125,0.609375
12.437,-0.265625,-0.625,0.734375
12.468,-0.21875,-0.59375,0.71875
12.500,-0.1875,-0.578125,0.734375
12.531,-0.0625,-0.5625,0.75
12.562,-0.03125,-0.5625,0.71875
12.593,-0.09375,-0.59375,0.59375
12.625,-0.09375,-0.609375,0.5625
12.656,-0.125,-0.625,0.5625
12.687,-0.03125,-0.671875,0.8125
12.718,-0.09375,-0.765625,0.671875
12.750,0.046875,-0.765625,0.671875
12.781,-0.03125,-0.734375,0.640625
12.812,-0.0625,-0.75,0.671875
12.843,-0.09375,-0.71875,0.734375
12.875,-0.125,-0.703125,0.71875
12.906,-0.125,-0.71875,0.71875
12.937,-0.09375,-0.671875,0.75
12.968,-0.15625,-0.65625,0.71875
13.000,-0.171875,-0.703125,0.625
13.031,-0.09375,-0.734375,0.609375
13.062,-0.078125,-0.75,0.609375
13.093,-0.046875,-0.828125,0.625
13.125,-0.078125,-0.8125,0.609375
13.156,-0.09375,-0.765625,0.609375
13.187,-0.109375,-0.703125,0.609375
13.218,-0.09375,-0.6875,0.625
13.250,-0.046875,-0.671875,0.65625
13.281,0.015625,-0.6875,0.671875
13.312,0.0,-0.640625,0.8125
13.343,-0.21875,-0.78125,0.5625
13.375,-0.09375,-0.828125,0.59375
13.406,-0.078125,-0.703125,0.75
13.437,-0.171875,-0.734375,0.625
13.468,-0.09375,-0.734375,0.5625
13.500,0.046875,-0.59375,0.71875
13.531,0.0,-0.53125,0.8125
13.562,-0.0625,-0.625,0.671875
13.593,0.09375,-0.59375,0.734375
13.625,0.078125,-0.671875,0.703125
13.656,0.09375,-0.796875,0.6875
13.687,0.140625,-0.828125,0.71875
13.718,0.078125,-0.8125,0.71875
13.750,0.046875,-0.734375,0.71875
13.781,0.03125,-0.65625,0.78125
13.812,0.046875,-0.65625,0.75
13.843,0.140625,-0.609375,0.765625
13.875,0.109375,-0.59375,0.75
13.906,0.078125,-0.609375,0.78125
13.937,0.078125,-0.625,0.75
13.968,0.125,-0.625,0.765625
14.000,0.125,-0.640625,0.75
14.031,0.125,-0.625,0.765625
14.062,0.125,-0.609375,0.78125
14.093,0.125,-0.625,0.765625
14.125,0.109375,-0.59375,0.734375
14.156,0.203125,-0.609375,0.796875
14.187,0.09375,-0.640625,0.671875
14.218,0.125,-0.65625,0.671875
14.250,0.234375,-0.640625,0.765625
14.281,0.234375,-0.609375,0.8125
14.312,0.078125,-0.640625,0.703125
14.343,0.140625,-0.625,0.71875
14.375,0.125,-0.625,0.734375
14.406,0.078125,-0.671875,0.6875
14.437,0.09375,-0.6875,0.6875
14.468,0.109375,-0.671875,0.703125
14.500,0.09375,-0.65625,0.703125
14.531,0.078125,-0.640625,0.71875
14.562,0.0625,-0.65625,0.703125
14.593,0.109375,-0.65625,0.71875
14.625,0.078125,-0.640625,0.796875
14.656,-0.046875,-0.6875,0.65625
14.687,0.046875,-0.6875,0.65625
14.718,0.234375,-0.65625,0.984375
14.750,0.09375,-0.609375,0.875
14.781,0.0,-0.65625,0.6875
14.812,0.015625,-0.640625,0.65625
14.843,0.109375,-0.65625,0.703125
14.875,0.046875,-0.65625,0.6875
14.906,-0.015625,-0.65625,0.65625
14.937,0.0,-0.671875,0.65625
14.968,0.078125,-0.671875,0.6875
15.000,0.09375,-0.671875,0.71875
15.031,0.078125,-0.65625,0.71875
15.062,0.046875,-0.65625,0.734375
15.093,0.0,-0.6875,0.65625
15.125,0.0625,-0.71875,0.6875
15.156,0.046875,-0.65625,0.734375
15.187,0.0,-0.75,0.65625
15.218,0.0,-0.6875,0.71875
15.250,-0.03125,-0.71875,0.671875
15.281,0.0,-0.71875,0.6875
15.312,0.015625,-0.65625,0.71875
15.343,0.09375,-0.65625,0.734375
15.375,0.078125,-0.640625,0.71875
15.406,0.046875,-0.65625,0.71875
15.437,0.0625,-0.65625,0.65625
15.468,0.03125,-0.609375,0.671875
15.500,0.046875,-0.625,0.734375
15.531,-0.125,-0.5,0.734375
15.562,-0.25,-0.625,0.546875
15.593,0.046875,-0.78125,0.53125
15.625,0.09375,-0.953125,0.46875
15.656,0.1875,-0.953125,0.484375
15.687,0.34375,-0.796875,0.765625
15.718,0.296875,-0.78125,0.875
15.750,0.203125,-0.71875,0.828125
15.781,0.15625,-0.640625,0.796875
15.812,0.125,-0.5625,0.875
15.843,0.0625,-0.5625,0.71875
15.875,0.234375,-0.5625,0.765625
15.906,0.296875,-0.546875,0.796875
15.937,0.171875,-0.53125,0.671875
15.968,0.234375,-0.65625,0.625
16.000,0.1875,-0.65625,0.59375
16.031,0.125,-0.65625,0.640625
16.062,0.15625,-0.65625,0.671875
16.093,0.25,-0.640625,0.765625
16.125,0.296875,-0.609375,0.875
16.156,0.03125,-0.640625,0.65625
16.187,0.25,-0.671875,0.734375
16.218,0.1875,-0.671875,0.6875
16.250,0.109375,-0.703125,0.640625
16.281,0.140625,-0.703125,0.65625
16.312,0.15625,-0.703125,0.671875
16.343,0.171875,-0.6875,0.71875
16.375,0.1875,-0.671875,0.734375
16.406,0.140625,-0.65625,0.734375
16.437,0.09375,-0.625,0.78125
16.468,0.125,-0.640625,0.75
16.500,0.203125,-0.640625,0.71875
16.531,0.171875,-0.625,0.8125
16.562,0.09375,-0.609375,0.671875
16.593,0.171875,-0.640625,0.6875
16.625,0.21875,-0.625,0.703125
16.656,0.203125,-0.625,0.75
16.687,0.21875,-0.640625,0.78125
16.718,0.171875,-0.578125,0.796875
16.750,0.1875,-0.609375,0.65625
16.781,0.15625,-0.609375,0.46875
16.812,-0.0625,-0.625,0.546875
16.843,0.28125,-0.8125,0.625
16.875,0.4375,-0.75,0.71875
16.906,0.484375,-0.6875,0.828125
16.937,0.46875,-0.703125,0.875
16.968,0.34375,-0.609375,0.84375
17.000,0.25,-0.5625,0.796875
17.031,0.265625,-0.515625,0.78125
17.062,0.359375,-0.546875,0.6875
17.093,0.328125,-0.515625,0.609375
17.125,0.484375,-0.578125,0.671875
17.156,0.421875,-0.6875,0.515625
17.187,0.34375,-0.65625,0.5
17.218,0.375,-0.640625,0.578125
17.250,0.40625,-0.609375,0.6875
17.281,0.375,-0.609375,0.6875
17.312,0.296875,-0.609375,0.625
17.343,0.28125,-0.609375,0.59375
17.375,0.34375,-0.640625,0.65625
17.406,0.375,-0.609375,0.6875
17.437,0.28125,-0.578125,0.703125
17.468,0.359375,-0.65625,0.703125
17.500,0.40625,-0.65625,0.71875
17.531,0.328125,-0.640625,0.703125
17.562,0.265625,-0.578125,0.703125
17.593,0.375,-0.578125,0.734375
17.625,0.3125,-0.65625,0.640625
17.656,0.3125,-0.640625,0.65625
17.687,0.328125,-0.59375,0.671875
17.718,0.296875,-0.65625,0.65625
17.750,0.296875,-0.625,0.65625
17.781,0.296875,-0.625,0.640625
17.812,0.3125,-0.625,0.65625
17.843,0.328125,-0.609375,0.703125
17.875,0.375,-0.625,0.734375
17.906,0.359375,-0.640625,0.6875
17.937,0.25,-0.625,0.65625
17.968,0.3125,-0.625,0.671875
18.000,0.3125,-0.609375,0.65625
18.031,0.359375,-0.625,0.671875
18.062,0.40625,-0.65625,0.671875
18.093,0.28125,-0.65625,0.65625
18.125,0.3125,-0.5625,0.703125
18.156,0.390625,-0.71875,0.640625
18.187,0.34375,-0.59375,0.703125
18.218,0.265625,-0.578125,0.765625
18.250,0.3125,-0.59375,0.75
18.281,0.390625,-0.625,0.671875
18.312,0.359375,-0.640625,0.671875
18.343,0.34375,-0.578125,0.734375
18.375,0.359375,-0.625,0.765625
18.406,0.34375,-0.5625,0.75
18.437,0.28125,-0.59375,0.625
18.468,0.375,-0.640625,0.734375
18.500,0.140625,-0.640625,0.625
18.531,0.28125,-0.75,0.53125
18.562,0.34375,-0.734375,0.5625
18.593,0.265625,-0.625,0.703125
18.625,0.28125,-0.59375,0.78125
18.656,0.359375,-0.578125,0.734375
18.687,0.28125,-0.6875,0.625
18.718,0.265625,-0.65625,0.65625
18.750,0.25,-0.671875,0.640625
18.781,0.21875,-0.6875,0.671875
18.812,0.265625,-0.640625,0.734375
18.843,0.25,-0.609375,0.75
18.875,0.203125,-0.625,0.703125
18.906,0.25,-0.640625,0.671875
18.937,0.25,-0.609375,0.6875
18.968,0.234375,-0.59375,0.671875
19.000,0.328125,-0.640625,0.703125
19.031,0.34375,-0.640625,0.6875
19.062,0.234375,-0.671875,0.6875
19.093,0.1875,-0.71875,0.609375
19.125,0.28125,-0.75,0.546875
19.156,0.3125,-0.671875,0.625
19.187,0.265625,-0.609375,0.6875
19.218,0.296875,-0.609375,0.71875
19.250,0.3125,-0.578125,0.78125
19.281,0.28125,-0.625,0.734375
19.312,0.203125,-0.703125,0.65625
19.343,0.1875,-0.703125,0.625
19.375,0.21875,-0.703125,0.640625
19.406,0.234375,-0.6875,0.71875
19.437,0.15625,-0.671875,0.671875
19.468,0.28125,-0.71875,0.6875
19.500,0.25,-0.6875,0.71875
19.531,0.171875,-0.6875,0.671875
19.562,0.203125,-0.65625,0.671875
19.593,0.265625,-0.671875,0.65625
19.625,0.3125,-0.625,0.703125
19.656,0.234375,-0.640625,0.640625
19.687,0.203125,-0.65625,0.609375
19.718,0.28125,-0.640625,0.65625
19.750,0.25,-0.65625,0.6875
19.781,0.234375,-0.625,0.6875
19.812,0.21875,-0.6875,0.6875
19.843,0.203125,-0.6875,0.671875
19.875,0.265625,-0.625,0.671875
19.906,0.28125,-0.65625,0.6875
19.937,0.28125,-0.625,0.703125
19.968,0.25,-0.671875,0.6875
20.000,0.25,-0.65625,0.703125
20.031,0.28125,-0.65625,0.71875
20.062,0.1875,-0.703125,0.703125
20.093,0.125,-0.671875,0.671875
20.125,0.21875,-0.625,0.703125
20.156,0.3125,-0.609375,0.609375
20.187,0.359375,-0.609375,0.546875
20.218,0.34375,-0.609375,0.546875
20.250,0.3125,-0.625,0.5
20.281,0.3125,-0.75,0.46875
20.312,0.453125,-0.828125,0.5
20.343,0.4375,-0.8125,0.546875
20.375,0.421875,-0.765625,0.65625
20.406,0.390625,-0.71875,0.6875
20.437,0.453125,-0.65625,0.703125
20.468,0.515625,-0.625,0.671875
20.500,0.5,-0.59375,0.65625
20.531,0.46875,-0.59375,0.5625
20.562,0.546875,-0.578125,0.578125
20.593,0.578125,-0.609375,0.578125
20.625,0.5,-0.609375,0.484375
20.656,0.5,-0.65625,0.515625
20.687,0.65625,-0.578125,0.671875
20.718,0.234375,-0.65625,0.4375
20.750,0.21875,-0.65625,0.46875
20.781,0.515625,-0.59375,0.671875
20.812,0.46875,-0.671875,0.59375
20.843,0.359375,-0.625,0.546875
20.875,0.5,-0.65625,0.578125
20.906,0.4375,-0.609375,0.609375
20.937,0.5,-0.65625,0.59375
20.968,0.4375,-0.65625,0.59375
21.000,0.453125,-0.671875,0.5625
21.031,0.5,-0.625,0.546875
21.062,0.453125,-0.65625,0.515625
21.093,0.421875,-0.59375,0.515625
21.125,0.453125,-0.65625,0.59375
21.156,0.421875,-0.671875,0.5625
21.187,0.453125,-0.640625,0.59375
21.218,0.484375,-0.640625,0.59375
21.250,0.484375,-0.671875,0.5625
21.281,0.5,-0.640625,0.546875
21.312,0.4375,-0.671875,0.546875
21.343,0.46875,-0.609375,0.578125
21.375,0.5,-0.625,0.5625
21.406,0.453125,-0.625,0.578125
21.437,0.484375,-0.6875,0.59375
21.468,0.40625,-0.671875,0.53125
21.500,0.453125,-0.59375,0.515625
21.531,0.453125,-0.53125,0.421875
21.562,0.5,-0.515625,0.46875
21.593,0.65625,-0.59375,0.453125
21.625,0.6875,-0.625,0.484375
21.656,0.53125,-0.640625,0.421875
21.687,0.59375,-0.6875,0.421875
21.718,0.578125,-0.65625,0.421875
21.750,0.6875,-0.640625,0.453125
21.781,0.71875,-0.65625,0.484375
21.812,0.5625,-0.65625,0.421875
21.843,0.5,-0.609375,0.40625
21.875,0.515625,-0.609375,0.328125
21.906,0.71875,-0.515625,0.34375
21.937,0.8125,-0.46875,0.390625
21.968,0.890625,-0.46875,0.390625
22.000,0.84375,-0.59375,0.359375
22.031,0.8125,-0.625,0.390625
22.062,0.625,-0.59375,0.375
22.093,0.71875,-0.546875,0.421875
22.125,0.75,-0.46875,0.46875
22.156,0.734375,-0.453125,0.25
22.187,0.734375,-0.375,0.234375
22.218,0.921875,-0.3125,0.34375
22.250,0.8125,-0.296875,0.265625
22.281,0.875,-0.28125,0.234375
22.312,0.9375,-0.296875,0.234375
22.343,0.921875,-0.296875,0.171875
22.375,0.984375,-0.25,0.109375
22.406,0.96875,-0.09375,0.1875
22.437,0.9375,-0.125,0.171875
22.468,1.046875,-0.03125,0.390625
22.500,1.078125,-0.078125,0.234375
22.531,1.109375,-0.15625,0.1875
22.562,1.171875,-0.1875,0.09375
22.593,1.0625,-0.234375,0.046875
22.625,1.015625,-0.359375,0.09375
22.656,0.875,-0.4375,0.15625
22.687,0.75,-0.46875,0.140625
22.718,0.640625,-0.453125,0.265625
22.750,0.59375,-0.453125,0.328125
22.781,0.5625,-0.46875,0.515625
22.812,0.578125,-0.453125,0.59375
22.843,0.59375,-0.453125,0.59375
22.875,0.546875,-0.46875,0.515625
22.906,0.59375,-0.484375,0.515625
22.937,0.671875,-0.484375,0.53125
22.968,0.75,-0.515625,0.53125
23.000,0.78125,-0.515625,0.53125
23.031,0.78125,-0.515625,0.5
23.062,0.734375,-0.46875,0.5
23.093,0.734375,-0.453125,0.515625
23.125,0.6875,-0.4375,0.515625
23.156,0.65625,-0.4375,0.515625
23.187,0.59375,-0.46875,0.53125
23.218,0.578125,-0.515625,0.53125
23.250,0.59375,-0.53125,0.546875
23.281,0.640625,-0.53125,0.5625
23.312,0.671875,-0.5625,0.5625
23.343,0.6875,-0.53125,0.546875
23.375,0.671875,-0.484375,0.53125
23.406,0.65625,-0.46875,0.515625
23.437,0.625,-0.453125,0.515625
23.468,0.640625,-0.46875,0.53125
23.500,0.65625,-0.484375,0.53125
23.531,0.65625,-0.5,0.53125
23.562,0.671875,-0.5,0.53125
23.593,0.671875,-0.515625,0.5
23.625,0.703125,-0.484375,0.46875
23.656,0.703125,-0.484375,0.4375
23.687,0.6875,-0.46875,0.390625
23.718,0.703125,-0.46875,0.359375
23.750,0.703125,-0.5,0.34375
23.781,0.6875,-0.5,0.4375
23.812,0.6875,-0.484375,0.46875
23.843,0.765625,-0.546875,0.5625
23.875,0.703125,-0.609375,0.609375
23.906,0.671875,-0.65625,0.59375
23.937,0.71875,-0.609375,0.546875
23.968,0.75,-0.578125,0.515625
24.000,0.6875,-0.53125,0.515625
24.031,0.65625,-0.515625,0.484375
24.062,0.640625,-0.53125,0.515625
24.093,0.578125,-0.5,0.515625
24.125,0.53125,-0.5,0.5625
24.156,0.53125,-0.53125,0.609375
24.187,0.375,-0.59375,0.515625
24.218,0.25,-0.53125,0.484375
24.250,0.234375,-0.484375,0.46875
24.281,0.21875,-0.375,0.640625
24.312,0.484375,-0.28125,0.9375
24.343,0.625,-0.40625,0.90625
24.375,0.53125,-0.546875,0.78125
24.406,0.65625,-0.625,0.734375
24.437,0.734375,-0.6875,0.703125
24.468,0.671875,-0.65625,0.671875
24.500,0.609375,-0.609375,0.515625
24.531,0.546875,-0.5625,0.46875
24.562,0.328125,-0.453125,0.46875
24.593,0.25,-0.296875,0.609375
24.625,0.1875,-0.109375,0.90625
24.656,0.390625,-0.140625,1.015625
24.687,0.484375,-0.265625,0.9375
24.718,0.390625,-0.4375,0.796875
24.750,0.5,-0.5625,0.875
24.781,0.546875,-0.546875,0.84375
24.812,0.609375,-0.59375,0.6875
24.843,0.609375,-0.5625,0.546875
24.875,0.5625,-0.53125,0.453125
24.906,0.421875,-0.46875,0.375
24.937,0.3125,-0.390625,0.375
24.968,0.3125,-0.328125,0.515625
25.000,0.46875,-0.140625,1.015625
25.031,0.71875,-0.21875,1.046875
25.062,0.65625,-0.453125,0.6875
25.093,0.59375,-0.5,0.59375
25.125,0.625,-0.421875,0.625
25.156,0.734375,-0.421875,0.578125
25.187,0.8125,-0.421875,0.5625
25.218,0.765625,-0.40625,0.453125
25.250,0.6875,-0.328125,0.421875
25.281,0.671875,-0.359375,0.375
25.312,0.625,-0.40625,0.4375
25.343,0.46875,-0.4375,0.390625
25.375,0.34375,-0.796875,0.390625
25.406,0.109375,-0.828125,0.671875
25.437,0.03125,-0.90625,0.640625
25.468,0.125,-1.125,0.71875
25.500,0.140625,-1.015625,0.765625
25.531,0.171875,-0.96875,0.734375
25.562,0.265625,-0.890625,0.71875
25.593,0.234375,-0.84375,0.671875
25.625,0.125,-0.765625,0.578125
25.656,0.046875,-0.765625,0.5
25.687,0.046875,-0.75,0.515625
25.718,0.078125,-0.75,0.53125
25.750,0.078125,-0.765625,0.515625
25.781,0.09375,-0.765625,0.546875
25.812,0.109375,-0.78125,0.578125
25.843,0.109375,-0.796875,0.5625
25.875,0.125,-0.796875,0.59375
25.906,0.109375,-0.78125,0.609375
25.937,0.109375,-0.78125,0.59375
25.968,0.078125,-0.765625,0.5625
26.000,0.078125,-0.765625,0.5625
26.031,0.078125,-0.796875,0.546875
26.062,0.078125,-0.796875,0.53125
26.093,0.09375,-0.8125,0.5625
26.125,0.140625,-0.78125,0.625
26.156,0.109375,-0.78125,0.625
26.187,0.109375,-0.75,0.625
26.218,0.125,-0.71875,0.625
26.250,0.109375,-0.71875,0.609375
26.281,0.109375,-0.734375,0.609375
26.312,0.109375,-0.75,0.609375
26.343,0.0625,-0.8125,0.5625
26.375,0.046875,-0.828125,0.5625
26.406,0.0,-0.8125,0.5625
26.437,0.09375,-0.765625,0.671875
26.468,0.171875,-0.734375,0.734375
26.500,0.09375,-0.703125,0.65625
26.531,0.109375,-0.734375,0.609375
26.562,0.125,-0.765625,0.578125
26.593,0.0625,-0.796875,0.546875
26.625,0.09375,-0.796875,0.546875
26.656,0.09375,-0.796875,0.578125
26.687,0.171875,-0.734375,0.703125
26.718,0.171875,-0.71875,0.640625
26.750,0.1875,-0.671875,0.625
26.781,0.15625,-0.671875,0.578125
26.812,0.109375,-0.65625,0.578125
26.843,0.109375,-0.640625,0.546875
26.875,0.15625,-0.609375,0.53125
26.906,0.15625,-0.515625,0.546875
26.937,0.046875,-0.515625,0.546875
26.968,-0.015625,-0.515625,0.5
27.000,-0.15625,-0.578125,0.40625
27.031,-0.234375,-0.59375,0.40625
27.062,-0.4375,-0.578125,0.3125
27.093,-0.671875,-0.59375,0.234375
27.125,-0.734375,-0.609375,0.1875
27.156,-0.71875,-0.75,0.109375
27.187,-0.875,-0.75,0.109375
27.218,-0.96875,-0.765625,0.09375
27.250,-1.046875,-0.828125,-0.078125
27.281,-0.984375,-0.828125,-0.078125
27.312,-1.078125,-0.765625,-0.109375
27.343,-1.203125,-0.71875,-0.09375
27.375,-1.171875,-0.703125,-0.046875
27.406,-1.078125,-0.59375,0.03125
27.437,-1.015625,-0.578125,0.046875
27.468,-0.9375,-0.515625,0.078125
27.500,-0.859375,-0.46875,0.078125
27.531,-0.875,-0.453125,0.046875
27.562,-0.8125,-0.453125,0.0
27.593,-0.828125,-0.4375,-0.015625
27.625,-0.78125,-0.421875,-0.046875
27.656,-0.75,-0.453125,-0.03125
27.687,-0.734375,-0.453125,-0.046875
27.718,-0.6875,-0.4375,-0.015625
27.750,-0.734375,-0.4375,-0.0625
27.781,-0.734375,-0.421875,-0.078125
27.812,-0.78125,-0.40625,-0.0625
27.843,-0.78125,-0.359375,0.015625
27.875,-0.671875,-0.25,0.015625
27.906,-0.8125,-0.171875,-0.28125
27.937,-0.8125,-0.140625,-0.34375
27.968,-0.765625,-0.046875,-0.40625
28.000,-0.875,0.109375,-0.4375
28.031,-0.828125,0.15625,-0.453125
28.062,-0.859375,0.203125,-0.484375
28.093,-0.9375,0.203125,-0.546875
28.125,-0.953125,0.234375,-0.546875
28.156,-0.8125,0.34375,-0.46875
28.187,-0.84375,0.359375,-0.53125
28.218,-0.90625,0.359375,-0.6875
28.250,-0.859375,0.359375,-0.734375
28.281,-0.765625,0.34375,-0.71875
28.312,-0.8125,0.34375,-0.703125
28.343,-0.8125,0.375,-0.71875
28.375,-0.796875,0.390625,-0.6875
28.406,-0.78125,0.390625,-0.671875
28.437,-0.75,0.390625,-0.65625
28.468,-0.765625,0.421875,-0.671875
28.500,-0.765625,0.421875,-0.6875
28.531,-0.75,0.4375,-0.703125
28.562,-0.734375,0.484375,-0.6875
28.593,-0.703125,0.484375,-0.671875
28.625,-0.6875,0.46875,-0.671875
28.656,-0.671875,0.46875,-0.671875
28.687,-0.671875,0.453125,-0.671875
28.718,-0.640625,0.453125,-0.65625
28.750,-0.625,0.453125,-0.640625
28.781,-0.640625,0.4375,-0.65625
28.812,-0.625,0.453125,-0.640625
28.843,-0.65625,0.453125,-0.65625
28.875,-0.734375,0.4375,-0.609375
28.906,-0.78125,0.4375,-0.5625
28.937,-0.890625,0.40625,-0.515625
28.968,-1.109375,0.421875,-0.53125
29.000,-1.4375,0.296875,-0.6875
29.031,-1.46875,0.296875,-1.0
29.062,-1.375,0.3125,-1.0
29.093,-1.28125,0.171875,-1.046875
29.125,-1.171875,0.046875,-0.765625
29.156,-1.15625,-0.03125,-0.78125
29.187,-1.046875,-0.15625,-0.75
29.218,-0.96875,-0.265625,-0.71875
29.250,-0.75,-0.515625,-0.6875
29.281,-0.578125,-0.640625,-0.421875
29.312,-0.65625,-0.5625,-0.359375
29.343,-0.546875,-0.546875,-0.5625
29.375,-0.234375,-0.4375,-0.515625
29.406,-0.40625,-0.359375,-0.25
29.437,-0.40625,-0.359375,-0.15625
29.468,-0.546875,-0.359375,-0.140625
29.500,-0.484375,-0.640625,-0.15625
29.531,-0.59375,-0.625,0.0625
29.562,-0.640625,-0.625,0.171875
29.593,-0.453125,-0.5625,0.265625
29.625,-0.546875,-0.59375,0.09375
29.656,-0.703125,-0.71875,0.09375
29.687,-0.34375,-0.703125,0.328125
29.718,-0.40625,-0.71875,0.328125
29.750,-0.46875,-0.6875,0.359375
29.781,-0.546875,-0.65625,0.375
29.812,-0.671875,-0.625,0.28125
29.843,-0.5,-0.625,0.328125
29.875,-0.453125,-0.640625,0.3125
29.906,-0.5,-0.703125,0.171875
29.937,-0.390625,-0.796875,0.265625
29.968,-0.140625,-0.75,0.4375
30.000,0.1875,-0.671875,0.640625
30.031,0.21875,-0.6875,0.609375
30.062,0.5625,-0.578125,0.8125
30.093,0.578125,-0.59375,0.703125
30.125,0.40625,-0.609375,0.5625
30.156,0.25,-0.5625,0.40625
30.187,0.359375,-0.5,0.421875
30.218,0.71875,-0.390625,0.515625
30.250,0.828125,-0.390625,0.421875
30.281,0.78125,-0.359375,0.359375
30.312,0.921875,-0.296875,0.234375
30.343,1.0,-0.34375,0.203125
30.375,0.953125,-0.53125,0.140625
30.406,1.140625,-0.578125,0.28125
30.437,1.109375,-0.59375,0.265625
30.468,0.890625,-0.671875,0.25
30.500,0.71875,-0.703125,0.359375
30.531,0.640625,-0.71875,0.375
30.562,0.578125,-0.671875,0.453125
30.593,0.453125,-0.609375,0.515625
30.625,0.453125,-0.53125,0.546875
30.656,0.46875,-0.40625,0.671875
30.687,0.53125,-0.359375,0.671875
30.718,0.625,-0.328125,0.734375
30.750,0.609375,-0.328125,0.703125
30.781,0.734375,-0.359375,0.546875
30.812,0.6875,-0.359375,0.515625
30.843,0.59375,-0.375,0.453125
30.875,0.671875,-0.390625,0.4375
30.906,0.796875,-0.375,0.390625
30.937,0.90625,-0.375,0.40625
30.968,0.953125,-0.328125,0.359375
31.000,0.65625,-0.359375,0.3125
31.031,0.4375,-0.359375,0.234375
31.062,0.59375,-0.3125,0.1875
31.093,0.71875,-0.296875,0.203125
31.125,0.828125,-0.3125,0.15625
31.156,0.875,-0.359375,0.171875
31.187,0.9375,-0.34375,0.25
31.218,0.984375,-0.34375,0.234375
31.250,1.03125,-0.328125,0.203125
31.281,1.046875,-0.25,0.15625
31.312,1.09375,-0.140625,0.109375
31.343,1.09375,-0.171875,0.046875
31.375,0.84375,-0.203125,0.03125
31.406,0.765625,-0.234375,0.03125
31.437,0.640625,-0.34375,0.015625
31.468,0.53125,-0.359375,-0.046875
31.500,0.484375,-0.421875,-0.046875
31.531,0.40625,-0.453125,-0.03125
31.562,0.34375,-0.5,-0.03125
31.593,0.0625,-0.46875,0.140625
31.625,-0.453125,-0.34375,0.53125
31.656,-0.71875,-0.3125,0.671875
31.687,-0.796875,-0.265625,0.671875
31.718,-0.90625,-0.078125,0.546875
31.750,-1.234375,0.21875,0.15625
31.781,-1.296875,0.640625,0.359375
31.812,-1.40625,0.890625,0.453125
31.843,-1.4375,0.890625,0.546875
31.875,-1.234375,0.875,0.421875
31.906,-1.140625,0.875,0.453125
31.937,-1.0,0.71875,0.640625
31.968,-1.0625,0.703125,0.609375
32.000,-1.140625,0.5625,0.5625
32.031,-1.0625,0.3125,1.390625
32.062,-1.640625,0.5625,0.59375
32.093,-1.09375,0.484375,-0.015625
32.125,-1.109375,0.46875,-0.265625
32.156,-1.234375,0.46875,-0.59375
32.187,-1.078125,0.484375,-0.3125
32.218,-0.984375,0.421875,-0.1875
32.250,-0.765625,0.421875,-0.203125
32.281,-0.609375,0.3125,-0.1875
32.312,-0.6875,0.3125,-0.234375
32.343,-0.921875,0.4375,-0.25
32.375,-0.75,0.5,-0.0625
32.406,-0.890625,0.5625,-0.03125
32.437,-0.90625,0.5,-0.046875
32.468,-0.84375,0.46875,0.0
32.500,-0.828125,0.28125,0.0625
32.531,-0.828125,0.203125,0.078125
32.562,-0.921875,0.1875,-0.015625
32.593,-0.96875,0.140625,-0.09375
32.625,-0.890625,0.140625,-0.03125
32.656,-0.765625,0.28125,0.046875
32.687,-0.9375,0.296875,-0.140625
32.718,-1.09375,0.34375,-0.21875
32.750,-0.921875,0.40625,-0.09375
32.781,-0.796875,0.421875,0.015625
32.812,-0.765625,0.515625,0.078125
32.843,-0.984375,0.59375,-0.25
32.875,-1.03125,0.625,-0.328125
32.906,-1.015625,0.640625,-0.21875
32.937,-0.921875,0.6875,-0.1875
32.968,-0.625,0.6875,-0.1875
33.000,-0.53125,0.765625,-0.234375
33.031,-0.625,0.78125,-0.28125
33.062,-0.84375,0.875,-0.265625
33.093,-0.953125,0.890625,-0.3125
33.125,-1.046875,0.703125,-0.28125
33.156,-0.875,0.578125,-0.15625
33.187,-0.90625,0.484375,-0.125
33.218,-0.890625,0.390625,-0.078125
33.250,-0.84375,0.34375,-0.125
33.281,-0.84375,0.359375,-0.125
33.312,-0.90625,0.34375,-0.0625
33.343,-0.90625,0.296875,0.015625
33.375,-0.859375,0.234375,0.0625
33.406,-0.765625,0.359375,0.046875
33.437,-0.90625,0.4375,-0.03125
33.468,-1.125,0.484375,-0.046875
33.500,-1.078125,0.46875,-0.0625
33.531,-1.09375,0.53125,-0.234375
33.562,-1.171875,0.625,-0.3125
33.593,-1.046875,0.6875,-0.265625
33.625,-0.890625,0.6875,-0.15625
33.656,-0.65625,0.640625,-0.109375
33.687,-0.59375,0.578125,-0.09375
33.718,-0.671875,0.46875,-0.140625
33.750,-0.75,0.453125,-0.140625
33.781,-0.9375,0.375,-0.046875
33.812,-1.3125,0.4375,-0.234375
33.843,-1.234375,0.40625,-0.265625
33.875,-1.09375,0.3125,-0.28125
33.906,-0.984375,0.265625,-0.09375
33.937,-0.8125,0.234375,0.09375
33.968,-0.96875,0.125,-0.125
34.000,-1.03125,0.078125,-0.078125
34.031,-0.890625,0.125,0.046875
34.062,-0.84375,0.09375,0.09375
34.093,-0.796875,0.09375,0.125
34.125,-0.8125,0.125,0.203125
34.156,-0.84375,0.125,0.171875
34.187,-0.828125,0.125,0.21875
34.218,-0.921875,0.15625,0.40625
34.250,-0.828125,0.171875,0.5625
34.281,-0.828125,0.171875,0.71875
34.312,-0.921875,0.1875,0.703125
34.343,-1.0625,0.25,0.578125
34.375,-1.25,0.359375,0.296875
34.406,-1.140625,0.359375,0.203125
34.437,-0.6875,0.21875,0.15625
34.468,-0.546875,0.171875,0.203125
34.500,-0.703125,0.203125,0.203125
34.531,-1.078125,0.28125,0.296875
34.562,-1.1875,0.328125,0.234375
34.593,-1.171875,0.234375,0.09375
34.625,-0.84375,0.1875,0.1875
34.656,-0.75,0.15625,0.265625
34.687,-0.796875,0.125,0.3125
34.718,-0.890625,0.109375,0.234375
34.750,-1.125,0.078125,0.109375
34.781,-1.171875,0.0625,0.0625
34.812,-1.09375,0.046875,0.109375
34.843,-1.015625,0.03125,0.1875
34.875,-1.015625,0.046875,0.1875
34.906,-1.0,0.0625,0.1875
34.937,-1.015625,0.078125,0.15625
34.968,-1.015625,0.078125,0.171875
35.000,-1.109375,0.125,0.125
35.031,-1.15625,0.140625,0.015625
35.062,-1.109375,0.140625,0.0
35.093,-1.015625,0.171875,0.0
35.125,-1.046875,0.171875,0.015625
35.156,-1.046875,0.203125,0.046875
35.187,-0.953125,0.21875,0.046875
35.218,-0.890625,0.21875,0.0625
35.250,-0.765625,0.203125,0.09375
35.281,-0.78125,0.203125,0.125
35.312,-0.875,0.171875,0.125
35.343,-1.03125,0.15625,0.03125
35.375,-1.15625,0.171875,-0.015625
35.406,-1.1875,0.171875,0.0
35.437,-1.09375,0.15625,0.109375
35.468,-1.046875,0.140625,0.1875
35.500,-0.921875,0.0625,0.203125
35.531,-0.890625,0.078125,0.1875
35.562,-0.96875,0.078125,0.078125
35.593,-0.953125,0.109375,0.078125
35.625,-1.0,0.140625,0.0625
35.656,-0.875,0.203125,0.078125
35.687,-0.734375,0.25,0.109375
35.718,-0.71875,0.453125,0.125
35.750,-0.984375,0.703125,0.0625
35.781,-0.9375,0.6875,0.125
35.812,-0.9375,0.71875,0.09375
35.843,-0.96875,0.6875,0.09375
35.875,-0.96875,0.59375,0.0
35.906,-0.890625,0.546875,-0.203125
35.937,-0.828125,0.5625,-0.21875
35.968,-0.84375,0.53125,-0.28125
36.000,-0.671875,0.515625,-0.28125
36.031,-0.578125,0.515625,-0.21875
36.062,-0.484375,0.6875,-0.140625
36.093,-0.578125,0.875,-0.0625
36.125,-0.75,1.078125,0.234375
36.156,-0.765625,1.28125,0.375
36.187,-0.796875,1.265625,0.375
36.218,-0.734375,0.921875,0.15625
36.250,-0.71875,0.828125,0.109375
36.281,-0.875,0.671875,-0.203125
36.312,-0.65625,0.53125,0.15625
36.343,-0.515625,0.65625,0.28125
36.375,-0.90625,0.75,0.203125
36.406,-0.53125,0.671875,-0.03125
36.437,-0.140625,1.015625,0.0
36.468,-0.65625,1.015625,-0.1875
36.500,-0.375,1.015625,-0.09375
36.531,-0.546875,1.078125,0.015625
36.562,-0.171875,0.90625,-0.015625
36.593,-0.4375,0.984375,-0.109375
36.625,-0.640625,0.859375,-0.40625
36.656,-1.0,0.78125,-0.59375
36.687,-0.5625,0.6875,-0.515625
36.718,-0.34375,0.625,-0.03125
36.750,-0.3125,0.609375,0.140625
36.781,-0.75,0.546875,0.15625
36.812,-0.59375,0.46875,-0.015625
36.843,-0.8125,0.5625,-0.46875
36.875,-0.90625,1.078125,-0.328125
36.906,-0.828125,1.1875,-0.265625
36.937,-0.328125,1.03125,-0.234375
36.968,-0.53125,0.890625,-0.515625
37.000,-0.765625,0.796875,-0.65625
37.031,-0.78125,0.6875,-0.390625
37.062,-0.671875,0.609375,-0.34375
37.093,-0.15625,0.40625,-0.171875
37.125,-0.546875,0.328125,0.203125
37.156,-0.71875,0.328125,-0.0625
37.187,-0.5,0.609375,-0.296875
37.218,-0.4375,0.609375,-0.21875
37.250,-0.453125,0.421875,0.21875
37.281,-0.515625,0.671875,-0.203125
37.312,-0.65625,0.71875,-0.328125
37.343,-0.71875,0.734375,-0.234375
37.375,-0.8125,0.890625,-0.296875
37.406,-0.671875,1.25,-0.171875
37.437,-0.78125,1.28125,-0.234375
37.468,-0.6875,1.453125,-0.125
37.500,-0.453125,1.140625,-0.015625
37.531,-0.359375,0.9375,-0.015625
37.562,-0.4375,0.828125,-0.046875
37.593,-0.609375,0.734375,-0.1875
37.625,-0.578125,0.71875,-0.171875
37.656,-0.6875,0.8125,-0.125
37.687,-0.53125,0.875,-0.046875
37.718,-0.484375,0.890625,-0.03125
37.750,-0.484375,0.890625,-0.046875
37.781,-0.515625,0.890625,-0.078125
37.812,-0.5625,0.875,-0.078125
37.843,-0.578125,0.84375,-0.078125
37.875,-0.546875,0.828125,-0.09375
37.906,-0.484375,0.84375,-0.0625
37.937,-0.484375,0.875,-0.046875
37.968,-0.5,0.875,-0.046875
38.000,-0.5,0.890625,-0.0625
38.031,-0.515625,0.890625,-0.0625
38.062,-0.53125,0.859375,-0.046875
38.093,-0.5,0.859375,-0.078125
38.125,-0.5,0.84375,-0.09375
38.156,-0.546875,0.875,-0.109375
38.187,-0.53125,0.890625,-0.09375
38.218,-0.46875,0.90625,-0.109375
38.250,-0.40625,0.921875,-0.109375
38.281,-0.40625,0.9375,-0.125
38.312,-0.46875,0.953125,-0.171875
38.343,-0.546875,0.921875,-0.1875
38.375,-0.578125,0.828125,-0.1875
38.406,-0.71875,0.640625,-0.234375
38.437,-0.734375,0.625,-0.265625
38.468,-0.703125,0.625,-0.296875
38.500,-0.515625,0.703125,-0.1875
38.531,-0.59375,0.75,-0.21875
38.562,-0.640625,0.90625,-0.28125
38.593,-0.671875,0.9375,-0.234375
38.625,-0.796875,0.859375,-0.203125
38.656,-0.734375,0.796875,-0.234375
38.687,-0.640625,0.78125,-0.234375
38.718,-0.546875,0.765625,-0.265625
38.750,-0.484375,0.765625,-0.28125
38.781,-0.453125,0.796875,-0.28125
38.812,-0.609375,0.796875,-0.28125
38.843,-0.640625,0.78125,-0.265625
38.875,-0.71875,0.734375,-0.28125
38.906,-0.703125,0.703125,-0.3125
38.937,-0.671875,0.703125,-0.3125
38.968,-0.625,0.703125,-0.3125
39.000,-0.609375,0.703125,-0.328125
39.031,-0.625,0.703125,-0.328125
39.062,-0.671875,0.703125,-0.296875
39.093,-0.6875,0.703125,-0.296875
39.125,-0.703125,0.6875,-0.28125
39.156,-0.703125,0.6875,-0.28125
39.187,-0.6875,0.71875,-0.21875
39.218,-0.65625,0.71875,-0.171875
39.250,-0.609375,0.703125,-0.171875
39.281,-0.515625,0.734375,-0.125
39.312,-0.578125,0.828125,-0.125
39.343,-0.59375,0.875,-0.109375
39.375,-0.578125,0.921875,-0.0625
39.406,-0.546875,0.9375,-0.0625
39.437,-0.546875,0.96875,-0.109375
39.468,-0.625,1.0,-0.09375
39.500,-0.609375,1.0,-0.09375
39.531,-0.578125,0.90625,-0.109375
39.562,-0.546875,0.859375,-0.140625
39.593,-0.484375,0.828125,-0.125
39.625,-0.5625,0.8125,-0.15625
39.656,-0.59375,0.8125,-0.171875
39.687,-0.609375,0.765625,-0.171875
39.718,-0.609375,0.78125,-0.140625
39.750,-0.609375,0.78125,-0.109375
39.781,-0.640625,0.78125,-0.125
39.812,-0.640625,0.78125,-0.140625
39.843,-0.625,0.765625,-0.125
39.875,-0.625,0.765625,-0.140625
39.906,-0.625,0.78125,-0.15625
39.937,-0.640625,0.78125,-0.140625
39.968,-0.625,0.78125,-0.140625
40.000,-0.609375,0.78125,-0.125
40.031,-0.625,0.796875,-0.140625
40.062,-0.625,0.796875,-0.15625
40.093,-0.625,0.8125,-0.140625
40.125,-0.625,0.8125,-0.140625
40.156,-0.609375,0.796875,-0.140625
40.187,-0.59375,0.8125,-0.140625
40.218,-0.609375,0.8125,-0.140625
40.250,-0.609375,0.828125,-0.109375
40.281,-0.640625,0.828125,-0.125
40.312,-0.640625,0.8125,-0.109375
40.343,-0.65625,0.796875,-0.125
40.375,-0.65625,0.78125,-0.125
40.406,-0.625,0.765625,-0.140625
40.437,-0.59375,0.765625,-0.125
40.468,-0.59375,0.78125,-0.125
40.500,-0.625,0.796875,-0.125
40.531,-0.625,0.796875,-0.140625
40.562,-0.59375,0.828125,-0.140625
40.593,-0.578125,0.84375,-0.140625
40.625,-0.5625,0.84375,-0.125
40.656,-0.578125,0.828125,-0.140625
40.687,-0.5625,0.828125,-0.140625
40.718,-0.5625,0.828125,-0.140625
40.750,-0.546875,0.84375,-0.140625
40.781,-0.546875,0.859375,-0.125
40.812,-0.5625,0.859375,-0.140625
40.843,-0.546875,0.859375,-0.140625
40.875,-0.546875,0.875,-0.140625
40.906,-0.546875,0.84375,-0.140625
40.937,-0.546875,0.828125,-0.140625
40.968,-0.5625,0.8125,-0.140625
41.000,-0.578125,0.828125,-0.125
41.031,-0.578125,0.828125,-0.125
41.062,-0.578125,0.828125,-0.140625
41.093,-0.5625,0.84375,-0.140625
41.125,-0.5625,0.84375,-0.140625
41.156,-0.5625,0.84375,-0.140625
41.187,-0.5625,0.828125,-0.140625
41.218,-0.578125,0.828125,-0.125
41.250,-0.578125,0.828125,-0.140625
41.281,-0.59375,0.828125,-0.140625
41.312,-0.578125,0.828125,-0.125
41.343,-0.578125,0.828125,-0.140625
41.375,-0.578125,0.84375,-0.140625
41.406,-0.578125,0.828125,-0.125
41.437,-0.578125,0.84375,-0.140625
41.468,-0.578125,0.84375,-0.140625
41.500,-0.578125,0.84375,-0.140625
41.531,-0.59375,0.859375,-0.125
41.562,-0.640625,0.9375,-0.125
41.593,-0.625,0.96875,-0.15625
41.625,-0.578125,1.140625,-0.125
41.656,-0.546875,1.171875,-0.046875
41.687,-0.46875,1.203125,-0.046875
41.718,-0.53125,1.0,-0.328125
41.750,-0.671875,0.890625,-0.390625
41.781,-0.5625,0.890625,-0.390625
41.812,-0.5625,0.765625,-0.40625
41.843,-0.515625,0.765625,-0.375
41.875,-0.40625,0.671875,-0.28125
41.906,-0.421875,0.59375,-0.234375
41.937,-0.3125,0.484375,-0.21875
41.968,-0.265625,0.453125,-0.46875
42.000,-0.21875,0.53125,-0.5625
42.031,-0.453125,0.640625,-0.609375
42.062,-0.21875,0.859375,-1.0
42.093,-0.3125,0.75,-1.140625
42.125,-0.453125,0.5,-1.03125
42.156,-0.546875,0.5,-0.890625
42.187,-0.359375,0.609375,-0.28125
42.218,-0.21875,1.265625,0.046875
42.250,0.421875,1.21875,-0.234375
42.281,0.375,1.125,-0.921875
42.312,0.34375,0.96875,-0.71875
42.343,0.140625,0.65625,-0.5625
42.375,0.265625,0.609375,-0.65625
42.406,0.25,0.6875,-0.640625
42.437,0.140625,0.84375,-0.578125
42.468,0.125,0.890625,-0.65625
42.500,0.171875,0.84375,-0.703125
42.531,0.25,0.6875,-0.78125
42.562,0.21875,0.671875,-0.71875
42.593,0.140625,0.65625,-0.609375
42.625,0.125,0.640625,-0.65625
42.656,0.15625,0.640625,-0.6875
42.687,0.15625,0.609375,-0.6875
42.718,0.171875,0.609375,-0.640625
42.750,0.140625,0.59375,-0.65625
42.781,0.171875,0.59375,-0.703125
42.812,0.171875,0.625,-0.734375
42.843,0.28125,0.703125,-0.828125
42.875,0.3125,0.734375,-0.8125
42.906,0.34375,0.796875,-0.75
42.937,0.421875,0.765625,-0.703125
42.968,0.46875,0.75,-0.625
43.000,0.375,0.578125,-0.53125
43.031,0.296875,0.453125,-0.625
43.062,0.3125,0.453125,-0.65625
43.093,0.40625,0.5625,-0.65625
43.125,0.40625,0.640625,-0.625
43.156,0.34375,0.671875,-0.640625
43.187,0.328125,0.5625,-0.734375
43.218,0.390625,0.484375,-0.765625
43.250,0.640625,0.40625,-0.796875
43.281,0.734375,0.421875,-0.796875
43.312,0.734375,0.546875,-0.640625
43.343,0.546875,0.578125,-0.53125
43.375,0.53125,0.546875,-0.546875
43.406,0.546875,0.5,-0.640625
43.437,0.640625,0.5,-0.671875
43.468,0.609375,0.515625,-0.671875
43.500,0.578125,0.59375,-0.609375
43.531,0.59375,0.578125,-0.625
43.562,0.5625,0.515625,-0.65625
43.593,0.578125,0.4375,-0.6875
43.625,0.578125,0.40625,-0.671875
43.656,0.546875,0.40625,-0.65625
43.687,0.546875,0.40625,-0.65625
43.718,0.546875,0.421875,-0.703125
43.750,0.53125,0.4375,-0.71875
43.781,0.484375,0.4375,-0.671875
43.812,0.515625,0.453125,-0.703125
43.843,0.65625,0.453125,-0.71875
43.875,0.65625,0.4375,-0.625
43.906,0.65625,0.4375,-0.609375
43.937,0.53125,0.625,-0.65625
43.968,0.21875,0.921875,-0.703125
44.000,0.59375,0.703125,-0.640625
44.031,0.515625,0.640625,-0.5625
44.062,0.453125,0.65625,-0.515625
44.093,0.390625,0.71875,-0.59375
44.125,0.40625,1.0,-0.625
44.156,0.359375,1.015625,-0.546875
44.187,0.390625,0.90625,-0.515625
44.218,0.203125,0.640625,-0.515625
44.250,0.09375,0.546875,-0.53125
44.281,0.21875,0.515625,-0.578125
44.312,0.25,0.625,-0.671875
44.343,0.265625,0.703125,-0.671875
44.375,0.390625,0.84375,-0.59375
44.406,-0.015625,0.75,-0.625
44.437,-0.015625,0.703125,-0.625
44.468,-0.078125,0.5625,-0.640625
44.500,-0.0625,0.546875,-0.609375
44.531,-0.140625,0.5625,-0.5625
44.562,-0.1875,0.59375,-0.484375
44.593,-0.3125,0.609375,-0.46875
44.625,-0.484375,0.578125,-0.765625
44.656,-0.34375,0.53125,-0.921875
44.687,-0.5,0.984375,-0.734375
44.718,-0.96875,0.984375,-0.703125
44.750,-0.921875,0.921875,-0.515625
44.781,-0.625,0.921875,-0.328125
44.812,-0.65625,0.9375,-0.328125
44.843,-0.703125,0.84375,-0.453125
44.875,-0.5,0.734375,-0.46875
44.906,-0.5,0.71875,-0.4375
44.937,-0.578125,0.671875,-0.4375
44.968,-0.453125,0.71875,-0.515625
45.000,-0.4375,0.765625,-0.46875
45.031,-0.4375,0.8125,-0.328125
45.062,-0.421875,0.796875,-0.28125
45.093,-0.390625,0.703125,-0.171875
45.125,-0.390625,0.640625,-0.140625
45.156,-0.359375,0.671875,-0.15625
45.187,-0.359375,0.75,-0.15625
45.218,-0.421875,0.703125,-0.125
45.250,-0.515625,0.71875,-0.015625
45.281,-0.40625,0.828125,0.03125
45.312,-0.375,0.890625,0.015625
45.343,-0.359375,1.0,-0.046875
45.375,-0.328125,1.125,0.015625
45.406,-0.25,1.0625,0.09375
45.437,-0.046875,1.015625,0.109375
45.468,-0.125,1.0,0.078125
45.500,-0.296875,1.046875,0.03125
45.531,-0.328125,0.96875,-0.015625
45.562,-0.390625,0.953125,-0.046875
45.593,-0.390625,1.171875,0.0
45.625,-0.421875,1.28125,0.0
45.656,-0.4375,1.28125,-0.171875
45.687,-0.546875,1.265625,-0.046875
45.718,-0.515625,1.21875,-0.0625
45.750,-0.359375,1.078125,-0.046875
45.781,-0.4375,1.0625,0.015625
45.812,-0.625,1.0,-0.15625
45.843,-0.65625,1.0,-0.09375
45.875,-0.640625,1.0,-0.0625
45.906,-0.609375,0.9375,-0.203125
45.937,-0.515625,0.90625,-0.265625
45.968,-0.453125,0.984375,-0.15625
46.000,-0.671875,1.0,-0.25
46.031,-0.703125,0.90625,-0.25
46.062,-0.5625,0.828125,-0.328125
46.093,-0.671875,0.78125,-0.34375
46.125,-0.734375,0.734375,-0.203125
46.156,-0.296875,0.640625,-0.140625
46.187,-0.4375,0.71875,-0.125
46.218,-0.890625,0.75,-0.3125
46.250,-0.453125,0.90625,-0.109375
46.281,-0.640625,0.78125,-0.40625
46.312,-0.59375,0.796875,-0.421875
46.343,-0.546875,0.875,-0.046875
46.375,-0.6875,0.828125,-0.140625
46.406,-0.390625,0.875,-0.171875
46.437,-0.59375,0.84375,-0.265625
46.468,-0.6875,0.640625,-0.21875
46.500,-0.71875,0.625,-0.171875
46.531,-0.828125,0.671875,-0.171875
46.562,-0.75,0.828125,-0.21875
46.593,-0.75,0.734375,-0.203125
46.625,-0.84375,0.734375,-0.171875
46.656,-0.703125,0.65625,-0.296875
46.687,-0.796875,0.671875,-0.296875
46.718,-0.625,0.609375,-0.125
46.750,-0.625,0.609375,-0.15625
46.781,-0.734375,0.625,-0.109375
46.812,-0.734375,0.640625,-0.21875
46.843,-0.734375,0.671875,-0.1875
46.875,-0.78125,0.703125,-0.296875
46.906,-0.625,0.6875,-0.21875
46.937,-0.609375,0.6875,-0.25
46.968,-0.765625,0.6875,-0.171875
47.000,-0.703125,0.515625,-0.203125
47.031,-0.6875,0.53125,-0.234375
47.062,-0.71875,0.59375,-0.1875
47.093,-0.6875,0.640625,-0.140625
47.125,-0.640625,0.6875,-0.296875
47.156,-0.5625,0.75,-0.25
47.187,-0.734375,0.71875,-0.109375
47.218,-0.90625,0.734375,-0.015625
47.250,-0.921875,0.65625,-0.140625
47.281,-0.75,0.703125,-0.125
47.312,-0.78125,0.6875,-0.1875
47.343,-0.78125,0.671875,-0.15625
47.375,-0.796875,0.59375,-0.171875
47.406,-0.734375,0.546875,-0.125
47.437,-0.859375,0.640625,-0.03125
47.468,-1.171875,0.65625,-0.328125
47.500,-0.84375,0.671875,-0.15625
47.531,-0.375,0.796875,-0.09375
47.562,-0.546875,0.828125,-0.125
47.593,-0.625,0.5625,-0.140625
47.625,-0.8125,0.65625,-0.109375
47.656,-0.6875,0.625,0.03125
47.687,-0.734375,0.71875,-0.25
47.718,-0.765625,0.671875,-0.078125
47.750,-0.40625,0.6875,0.109375
47.781,-0.703125,0.640625,-0.1875
47.812,-0.734375,0.734375,-0.21875
47.843,-0.6875,0.765625,-0.390625
47.875,-0.5625,0.765625,-0.421875
47.906,-0.59375,0.78125,-0.5
47.937,-0.75,0.734375,-0.625
47.968,-0.625,0.75,-0.578125
48.000,-0.6875,0.75,-0.4375
48.031,-0.59375,0.765625,-0.421875
48.062,-0.734375,0.953125,-0.375
48.093,-0.46875,0.859375,-0.328125
48.125,-0.34375,0.890625,-0.234375
48.156,-0.5,0.84375,-0.21875
48.187,-0.453125,1.046875,-0.140625
48.218,-0.609375,1.0,-0.140625
48.250,-0.484375,0.78125,-0.234375
48.281,-0.75,0.71875,-0.3125
48.312,-0.546875,0.65625,-0.234375
48.343,-0.390625,0.734375,0.109375
48.375,-0.46875,0.796875,0.171875
48.406,-0.71875,0.765625,-0.1875
48.437,-1.03125,0.59375,-0.578125
48.468,-0.78125,0.625,-0.484375
48.500,-0.75,0.640625,-0.625
48.531,-0.65625,0.65625,-0.59375
48.562,-0.5625,0.734375,-0.34375
48.593,-0.484375,0.78125,-0.1875
48.625,-0.484375,0.8125,-0.1875
48.656,-0.453125,0.875,0.0
48.687,-0.3125,0.96875,0.140625
48.718,-0.09375,0.96875,0.09375
48.750,-0.5,0.96875,-0.3125
48.781,-0.609375,1.109375,-0.1875
48.812,-0.6875,0.953125,-0.1875
48.843,-0.59375,0.921875,-0.078125
48.875,-0.46875,0.84375,-0.109375
48.906,-0.78125,0.796875,0.109375
48.937,-0.578125,0.828125,0.34375
48.968,-0.453125,0.765625,0.03125
49.000,-0.859375,0.875,-0.40625
49.031,-0.828125,0.96875,-0.375
49.062,-0.4375,0.828125,-0.15625
49.093,-0.5,0.75,-0.078125
49.125,-0.53125,0.78125,-0.09375
49.156,-0.671875,0.6875,-0.15625
49.187,-0.84375,0.65625,-0.34375
49.218,-0.765625,0.703125,-0.390625
49.250,-0.4375,0.6875,-0.03125
49.281,-0.296875,0.734375,0.203125
49.312,-0.6875,0.859375,0.078125
49.343,-0.765625,0.828125,0.046875
49.375,-0.71875,0.78125,-0.21875
49.406,-0.6875,0.8125,-0.34375
49.437,-0.796875,0.84375,-0.546875
49.468,-0.578125,0.953125,-0.40625
49.500,-0.75,0.953125,-0.421875
49.531,-0.59375,0.96875,-0.03125
49.562,-0.515625,0.859375,0.421875
49.593,-0.671875,0.84375,0.53125
49.625,-0.53125,0.703125,0.34375
49.656,-0.796875,0.5625,0.15625
49.687,-0.640625,0.578125,0.25
49.718,-0.6875,0.65625,-0.03125
49.750,-0.8125,0.796875,-0.03125
49.781,-0.5,0.859375,0.0625
49.812,-0.546875,1.03125,0.4375
49.843,-0.546875,0.859375,0.21875
49.875,-0.28125,0.53125,0.375
49.906,-0.09375,0.640625,0.5625
49.937,-0.78125,0.734375,0.609375
49.968,-0.875,0.703125,0.390625
50.000,-0.671875,0.65625,0.21875
50.031,-0.8125,0.703125,0.046875
50.062,-0.6875,0.78125,0.203125
50.093,-0.5,0.734375,0.234375
50.125,-0.578125,0.765625,0.1875
50.156,-0.78125,0.734375,0.171875
50.187,-0.578125,0.71875,0.28125
50.218,-0.90625,0.734375,0.0625
50.250,-0.65625,0.671875,0.203125
50.281,-0.609375,0.78125,0.25
50.312,-0.78125,0.859375,0.09375
50.343,-0.59375,0.828125,0.0625
50.375,-0.609375,0.765625,-0.03125
50.406,-0.5,0.6875,-0.1875
50.437,-0.3125,0.828125,0.328125
50.468,-0.546875,0.90625,0.453125
50.500,-0.46875,0.875,0.421875
50.531,-0.5,0.71875,0.28125
50.562,-0.890625,0.6875,0.0625
50.593,-0.796875,0.84375,0.265625
50.625,-0.546875,0.78125,0.125
50.656,-0.5625,0.875,0.125
50.687,-0.4375,0.828125,0.25
50.718,-0.546875,0.828125,0.421875
50.750,-0.65625,0.90625,0.34375
50.781,-0.625,0.765625,0.28125
50.812,-0.609375,0.796875,0.171875
50.843,-0.546875,0.890625,0.3125
50.875,-0.203125,0.921875,0.28125
50.906,-0.3125,0.875,0.203125
50.937,-0.5,0.859375,0.53125
50.968,-0.46875,0.875,0.671875
51.000,-0.671875,0.703125,0.0625
51.031,-0.734375,0.5,-0.25
51.062,-1.0,0.5625,-0.421875
51.093,-0.71875,0.625,-0.1875
51.125,-0.359375,0.46875,-0.34375
51.156,-0.65625,0.421875,-0.84375
51.187,-0.625,0.296875,-0.921875
51.218,-0.625,0.234375,-1.171875
51.250,-1.125,0.359375,-1.515625
51.281,-0.875,0.53125,-0.984375
51.312,-0.34375,0.65625,0.171875
51.343,-0.171875,0.625,-0.3125
51.375,-0.515625,0.65625,-0.234375
51.406,-0.203125,0.765625,-0.046875
51.437,-0.84375,0.71875,-0.578125
51.468,-0.59375,0.890625,-0.28125
51.500,-0.84375,0.703125,-0.296875
51.531,-0.859375,0.546875,-0.421875
51.562,-0.546875,0.40625,0.25
51.593,-1.28125,0.609375,0.078125
51.625,-1.109375,0.546875,-0.015625
51.656,-0.640625,0.546875,0.25
51.687,-0.609375,0.609375,0.296875
51.718,-0.796875,0.625,0.28125
51.750,-0.421875,0.640625,0.78125
51.781,-0.296875,0.546875,0.65625
51.812,-0.359375,0.5625,0.421875
51.843,-0.5,0.703125,0.328125
51.875,-0.5625,1.46875,0.390625
51.906,-0.71875,1.53125,0.3125
51.937,-0.421875,1.1875,1.0625
51.968,-0.125,1.03125,0.34375
52.000,-0.453125,0.90625,0.609375
52.031,-0.28125,0.796875,0.46875
52.062,-0.546875,0.78125,0.3125
52.093,-0.59375,0.921875,0.421875
52.125,-0.46875,0.859375,0.609375
52.156,-0.28125,0.78125,0.171875
52.187,-0.34375,0.796875,0.203125
52.218,-0.296875,0.875,0.8125
52.250,-0.859375,0.796875,-0.015625
52.281,-0.515625,0.84375,0.421875
52.312,-0.53125,0.8125,0.40625
52.343,-0.5625,0.796875,0.390625
52.375,-0.359375,0.734375,0.515625
52.406,-0.375,0.546875,0.65625
52.437,-0.28125,0.53125,0.59375
52.468,-0.4375,0.53125,0.75
52.500,-0.28125,0.453125,0.640625
52.531,-0.484375,0.46875,0.375
52.562,-0.5,0.671875,0.53125
52.593,-0.4375,0.78125,0.640625
52.625,-0.515625,0.9375,0.703125
52.656,-0.515625,0.953125,0.65625
52.687,-0.484375,0.90625,0.65625
52.718,-0.40625,0.84375,0.796875
52.750,-0.640625,0.6875,0.515625
52.781,-0.53125,0.625,0.59375
52.812,-0.609375,0.609375,0.625
52.843,-0.609375,0.65625,0.65625
52.875,-0.453125,0.515625,0.21875
52.906,-0.71875,0.640625,0.09375
52.937,-0.546875,0.609375,0.125
52.968,-1.0625,0.71875,0.328125
53.000,-0.859375,0.625,0.921875
53.031,-0.546875,0.4375,1.15625
53.062,-0.625,0.453125,1.140625
53.093,-0.546875,0.265625,0.75
53.125,-0.71875,0.296875,0.46875
53.156,-0.8125,0.359375,0.4375
53.187,-0.796875,0.484375,0.46875
53.218,-0.71875,0.515625,0.5
53.250,-0.453125,0.53125,0.453125
53.281,-0.421875,0.4375,0.53125
53.312,-0.34375,0.375,0.546875
53.343,-0.546875,0.375,0.53125
53.375,-1.109375,0.46875,0.453125
53.406,-0.953125,0.453125,0.578125
53.437,-0.8125,0.46875,0.40625
53.468,-0.703125,0.515625,0.46875
53.500,-0.640625,0.703125,0.921875
53.531,-0.765625,0.453125,0.46875
53.562,-0.59375,0.453125,0.421875
53.593,-0.6875,0.84375,0.375
53.625,-0.625,0.640625,0.21875
53.656,-0.75,0.78125,0.625
53.687,-0.625,0.484375,0.21875
53.718,-0.609375,0.3125,-0.046875
53.750,-0.609375,0.734375,0.578125
53.781,-0.9375,0.859375,0.296875
53.812,-0.46875,0.796875,0.484375
53.843,-0.125,0.71875,0.640625
53.875,-0.8125,0.84375,0.453125
53.906,0.203125,0.6875,1.171875
53.937,-0.640625,0.640625,0.484375
53.968,-0.5625,0.828125,0.609375
54.000,-0.484375,0.828125,0.671875
54.031,-0.34375,0.78125,0.59375
54.062,-0.359375,0.859375,0.53125
54.093,-0.640625,0.734375,0.203125
54.125,-0.65625,0.578125,0.203125
54.156,-1.015625,0.453125,0.078125
54.187,-1.171875,0.515625,0.1875
54.218,-0.921875,0.40625,0.65625
54.250,-0.984375,0.8125,0.1875
54.281,-0.71875,0.78125,0.28125
54.312,-0.765625,0.4375,0.21875
54.343,-0.484375,0.59375,0.078125
54.375,0.03125,0.5,-0.5
54.406,-1.4375,0.8125,-0.375
54.437,-0.625,1.015625,-0.171875
54.468,-0.953125,0.625,-0.203125
54.500,-1.0625,0.84375,-0.09375
54.531,-1.3125,0.421875,-0.140625
54.562,-1.140625,0.765625,-0.203125
54.593,-0.9375,0.625,-0.046875
54.625,-0.828125,0.53125,-0.0625
54.656,-1.015625,0.4375,-0.171875
54.687,-0.828125,0.390625,0.0
54.718,-0.609375,0.421875,-0.03125
54.750,-0.921875,0.359375,-0.09375
54.781,-0.78125,0.28125,-0.0625
54.812,-0.875,0.453125,0.078125
54.843,-0.984375,0.5,0.21875
54.875,-0.734375,0.65625,0.515625
54.906,-0.71875,0.6875,0.296875
54.937,-0.71875,0.703125,0.296875
54.968,-0.859375,0.65625,0.25
55.000,-0.859375,0.625,0.265625
55.031,-0.625,0.578125,0.171875
55.062,-0.984375,0.75,-0.046875
55.093,-0.96875,0.546875,0.0625
55.125,-0.25,0.453125,0.515625
55.156,-0.484375,0.296875,-0.0625
55.187,-0.53125,0.28125,-0.171875
55.218,-0.5625,0.171875,-0.125
55.250,-0.640625,0.15625,-0.171875
55.281,-0.28125,0.265625,0.078125
55.312,-0.484375,0.46875,-0.078125
55.343,-0.5625,0.71875,-0.0625
55.375,-0.65625,0.875,-0.109375
55.406,-0.75,1.09375,0.09375
55.437,-0.796875,1.171875,0.046875
55.468,-0.6875,1.109375,-0.046875
55.500,-0.734375,1.0,-0.0625
55.531,-0.6875,1.1875,-0.03125
55.562,-0.59375,1.203125,0.078125
55.593,-0.359375,1.046875,0.0625
55.625,-0.375,1.25,0.15625
55.656,-0.28125,1.171875,0.171875
55.687,-0.25,1.03125,0.0625
55.718,-0.359375,1.09375,0.09375
55.750,-0.34375,1.0625,0.140625
55.781,-0.1875,1.078125,0.15625
55.812,-0.4375,1.109375,-0.15625
55.843,-0.1875,1.0625,0.203125
55.875,-0.25,1.03125,0.109375
55.906,-0.203125,1.0,0.125
55.937,-0.234375,0.984375,0.171875
55.968,-0.203125,0.96875,0.140625
56.000,-0.265625,1.015625,0.109375
56.031,-0.21875,1.109375,0.125
56.062,-0.484375,1.109375,0.109375
56.093,-0.265625,1.015625,0.078125
56.125,-0.375,1.09375,0.1875
56.156,-0.4375,1.1875,0.359375
56.187,-0.15625,1.28125,0.515625
56.218,0.03125,1.34375,0.421875
56.250,-0.59375,1.375,0.640625
56.281,-0.78125,1.078125,0.4375
56.312,-0.890625,0.859375,0.328125
56.343,-0.78125,0.5625,0.34375
56.375,-0.59375,0.421875,0.359375
56.406,-0.46875,0.1875,0.15625
56.437,-0.46875,0.203125,0.203125
56.468,-0.5625,0.25,0.171875
56.500,-0.640625,0.25,0.125
56.531,-0.515625,0.21875,0.15625
56.562,-0.3125,0.234375,0.140625
56.593,-0.765625,0.4375,0.21875
56.625,-0.890625,0.5625,0.25
56.656,-0.78125,0.8125,0.125
56.687,-0.875,0.671875,0.0
56.718,-1.078125,0.75,-0.09375
56.750,-0.890625,0.703125,-0.0625
56.781,-0.84375,0.609375,-0.015625
56.812,-0.875,0.640625,-0.046875
56.843,-0.84375,0.734375,0.109375
56.875,-0.859375,0.78125,0.078125
56.906,-0.671875,0.71875,-0.015625
56.937,-0.640625,0.765625,0.046875
56.968,-0.671875,0.8125,-0.34375
57.000,-1.203125,0.796875,-0.046875
57.031,-0.90625,0.765625,-0.046875
57.062,-0.828125,0.90625,-0.40625
57.093,-0.96875,0.734375,-0.140625
57.125,-1.0625,0.671875,-0.3125
57.156,-0.6875,0.625,-0.046875
57.187,-0.796875,0.625,0.140625
57.218,-0.78125,0.390625,-0.171875
57.250,-0.75,0.421875,-0.21875
57.281,-0.546875,0.34375,-0.328125
57.312,-0.15625,0.140625,-0.46875
57.343,0.0,0.34375,-0.6875
57.375,-0.5625,0.328125,-0.828125
57.406,-0.6875,0.59375,-0.8125
57.437,-0.625,0.625,-0.875
57.468,-0.609375,0.484375,-0.6875
57.500,-0.78125,0.234375,-0.953125
57.531,-0.78125,0.203125,-0.65625
57.562,-0.5625,-0.015625,-0.609375
57.593,-0.21875,-0.140625,-0.546875
57.625,-0.953125,0.421875,-0.234375
57.656,-0.796875,0.765625,-0.1875
57.687,-0.6875,0.859375,0.015625
57.718,-0.75,0.875,0.046875
57.750,-0.953125,0.90625,-0.0625
57.781,-0.796875,1.15625,0.109375
57.812,-1.34375,1.390625,-0.03125
57.843,-1.3125,1.5,0.140625
57.875,-1.109375,1.53125,-0.25
57.906,-0.359375,1.25,0.421875
57.937,-0.875,0.78125,0.484375
57.968,-0.796875,0.28125,0.46875
58.000,-0.453125,0.078125,0.3125
58.031,-0.5625,0.0,0.171875
58.062,-0.484375,0.09375,0.28125
58.093,-0.390625,0.203125,0.46875
58.125,-0.484375,0.296875,0.484375
58.156,-0.328125,0.265625,0.421875
58.187,-0.375,0.46875,0.53125
58.218,-0.28125,0.765625,0.53125
58.250,-0.34375,0.875,0.125
58.281,-1.0,0.8125,-0.0625
58.312,-0.8125,0.890625,0.109375
58.343,-0.765625,0.859375,0.09375
58.375,-0.5625,0.859375,0.21875
58.406,-0.5625,0.8125,0.375
58.437,-0.828125,0.890625,0.546875
58.468,-0.734375,0.78125,0.3125
58.500,-0.828125,0.6875,0.28125
58.531,-0.5625,0.703125,0.328125
58.562,-0.25,0.78125,0.515625
58.593,-0.296875,0.921875,0.578125
58.625,0.03125,1.015625,0.828125
58.656,-0.265625,1.015625,0.578125
58.687,-0.875,1.125,0.40625
58.718,-0.625,1.109375,0.515625
58.750,-0.671875,0.84375,0.265625
58.781,-0.609375,0.71875,0.28125
58.812,-0.765625,0.8125,0.28125
58.843,-0.609375,0.609375,0.328125
58.875,-0.5625,0.671875,0.125
58.906,-0.578125,0.671875,0.09375
58.937,-0.796875,0.5625,0.125
58.968,-0.875,0.59375,-0.015625
59.000,-0.6875,0.640625,0.234375
59.031,-1.03125,0.65625,-0.015625
59.062,-1.359375,0.671875,-0.1875
59.093,-0.546875,0.609375,-0.1875
59.125,-0.75,0.53125,-0.15625
59.156,-0.5625,0.453125,-0.0625
59.187,-0.5625,0.359375,-0.234375
59.218,-0.609375,0.375,-0.203125
59.250,-0.75,0.421875,-0.3125
59.281,-0.6875,0.40625,-0.328125
59.312,-0.609375,0.4375,-0.53125
59.343,-0.453125,0.40625,-0.53125
59.375,-0.375,0.515625,-0.71875
59.406,-0.75,0.71875,-0.734375
59.437,-0.953125,0.703125,-0.53125
59.468,-0.875,0.703125,-0.421875
59.500,-0.46875,0.984375,-0.515625
59.531,-0.671875,0.890625,-0.390625
59.562,-0.671875,0.765625,-0.3125
59.593,-0.328125,0.828125,-0.40625
59.625,-0.453125,0.90625,-0.390625
59.656,-0.578125,0.953125,-0.21875
59.687,-0.421875,0.953125,-0.265625
59.718,-0.828125,1.140625,-0.8125
59.750,0.09375,1.015625,0.140625
59.781,0.234375,0.921875,0.09375
59.812,-0.140625,1.203125,0.25
59.843,-0.109375,1.171875,0.109375
59.875,-0.234375,1.15625,0.03125
59.906,-0.375,1.078125,0.0
59.937,-0.34375,1.015625,-0.078125
59.968,-0.09375,1.0625,0.21875
