timestamp,value
00.000,-87.11
00.015,-93.8
00.031,-98.62
00.046,-99.94
00.062,-96.33
00.078,-87.02
00.093,-72.29
00.109,-53.41
00.125,-32.26
00.140,-10.83
00.156,9.28
00.171,27.08
00.187,42.07
00.203,54.06
00.218,63.06
00.234,69.2
00.250,72.74
00.265,74.06
00.281,73.64
00.296,71.91
00.312,69.16
00.328,65.53
00.343,61.01
00.359,55.57
00.375,49.34
00.390,42.65
00.406,36.07
00.421,30.22
00.437,25.57
00.453,22.29
00.468,20.16
00.484,18.59
00.500,17.01
00.515,14.94
00.531,12.16
00.546,8.76
00.562,4.94
00.578,0.91
00.593,-3.21
00.609,-7.42
00.625,-11.84
00.640,-16.58
00.656,-21.78
00.671,-27.47
00.687,-33.57
00.703,-39.86
00.718,-46.03
00.734,-51.79
00.750,-57.04
00.765,-61.9
00.781,-66.69
00.796,-71.91
00.812,-77.92
00.828,-84.74
00.843,-91.97
00.859,-98.55
00.875,-103.04
00.890,-103.86
00.906,-99.72
00.921,-89.99
00.937,-75.02
00.953,-56.03
00.968,-34.82
00.984,-13.4
01.000,6.6
01.015,24.02
01.031,38.32
01.046,49.44
01.062,57.6
01.078,63.1
01.093,66.3
01.109,67.62
01.125,67.46
01.140,66.2
01.156,64.1
01.171,61.28
01.187,57.68
01.203,53.25
01.218,48.03
01.234,42.38
01.250,36.85
01.265,32.01
01.281,28.34
01.296,25.94
01.312,24.55
01.328,23.66
01.343,22.65
01.359,21.02
01.375,18.54
01.390,15.29
01.406,11.55
01.421,7.7
01.437,4.07
01.453,0.72
01.468,-2.46
01.484,-5.8
01.500,-9.59
01.515,-13.97
01.531,-18.88
01.546,-24.07
01.562,-29.2
01.578,-33.97
01.593,-38.25
01.609,-42.07
01.625,-45.63
01.640,-49.28
01.656,-53.34
01.671,-58.07
01.687,-63.43
01.703,-68.91
01.718,-73.51
01.734,-75.88
01.750,-74.57
01.765,-68.52
01.781,-57.44
01.796,-41.9
01.812,-23.2
01.828,-3.06
01.843,16.85
01.859,35.18
01.875,51.03
01.890,63.97
01.906,73.86
01.921,80.71
01.937,84.68
01.953,86.08
01.968,85.3
01.984,82.79
02.000,78.92
02.015,74.0
02.031,68.17
02.046,61.61
02.062,54.57
02.078,47.42
02.093,40.68
02.109,34.77
02.125,30.0
02.140,26.39
02.156,23.72
02.171,21.6
02.187,19.53
02.203,17.11
02.218,14.08
02.234,10.43
02.250,6.31
02.265,2.01
02.281,-2.23
02.296,-6.33
02.312,-10.38
02.328,-14.61
02.343,-19.2
02.359,-24.17
02.375,-29.32
02.390,-34.46
02.406,-39.37
02.421,-44.02
02.437,-48.54
02.453,-53.18
02.468,-58.23
02.484,-63.89
02.500,-70.15
02.515,-76.63
02.531,-82.46
02.546,-86.38
02.562,-86.86
02.578,-82.64
02.593,-73.09
02.609,-58.54
02.625,-40.19
02.640,-19.91
02.656,0.38
02.671,19.07
02.687,35.15
02.703,48.15
02.718,58.02
02.734,64.96
02.750,69.23
02.765,71.13
02.781,70.95
02.796,69.0
02.812,65.54
02.828,60.82
02.843,55.06
02.859,48.43
02.875,41.3
02.890,34.06
02.906,27.23
02.921,21.32
02.937,16.66
02.953,13.35
02.968,11.1
02.984,9.48
03.000,7.88
03.015,5.88
03.031,3.26
03.046,0.08
03.062,-3.52
03.078,-7.4
03.093,-11.55
03.109,-16.07
03.125,-21.06
03.140,-26.57
03.156,-32.44
03.171,-38.45
03.187,-44.34
03.203,-49.84
03.218,-54.84
03.234,-59.35
03.250,-63.47
03.265,-67.51
03.281,-71.86
03.296,-76.87
03.312,-82.76
03.328,-89.11
03.343,-94.86
03.359,-98.38
03.375,-97.92
03.390,-92.15
03.406,-80.71
03.421,-64.29
03.437,-44.5
03.453,-23.35
03.468,-2.7
03.484,16.1
03.500,32.27
03.515,45.56
03.531,55.97
03.546,63.66
03.562,68.83
03.578,71.81
03.593,72.9
03.609,72.43
03.625,70.6
03.640,67.44
03.656,62.92
03.671,57.05
03.687,50.02
03.703,42.34
03.718,34.86
03.734,28.39
03.750,23.6
03.765,20.67
03.781,19.32
03.796,18.96
03.812,18.87
03.828,18.51
03.843,17.58
03.859,16.02
03.875,13.82
03.890,10.96
03.906,7.26
03.921,2.52
03.937,-3.34
03.953,-10.2
03.968,-17.74
03.984,-25.47
04.000,-32.88
04.015,-39.61
04.031,-45.46
04.046,-50.5
04.062,-55.06
04.078,-59.67
04.093,-64.87
04.109,-71.05
04.125,-78.15
04.140,-85.4
04.156,-91.42
04.171,-94.32
04.187,-92.36
04.203,-84.43
04.218,-70.53
04.234,-51.82
04.250,-30.2
04.265,-7.9
04.281,13.19
04.296,31.74
04.312,47.11
04.328,59.22
04.343,68.27
04.359,74.66
04.375,78.77
04.390,81.01
04.406,81.7
04.421,81.1
04.437,79.3
04.453,76.32
04.468,72.19
04.484,67.04
04.500,61.24
04.515,55.41
04.531,50.19
04.546,46.08
04.562,43.32
04.578,41.75
04.593,40.98
04.609,40.57
04.625,40.1
04.640,39.39
04.656,38.39
04.671,37.09
04.687,35.46
04.703,33.37
04.718,30.66
04.734,27.13
04.750,22.76
04.765,17.64
04.781,12.04
04.796,6.28
04.812,0.64
04.828,-4.71
04.843,-9.78
04.859,-14.75
04.875,-19.92
04.890,-25.67
04.906,-32.25
04.921,-39.56
04.937,-46.98
04.953,-53.31
04.968,-56.9
04.984,-56.19
05.000,-50.19
05.015,-38.8
05.031,-22.93
05.046,-4.3
05.062,15.12
05.078,33.52
05.093,49.56
05.109,62.53
05.125,72.18
05.140,78.61
05.156,82.08
05.171,82.93
05.187,81.49
05.203,78.1
05.218,73.07
05.234,66.62
05.250,58.99
05.265,50.47
05.281,41.38
05.296,32.15
05.312,23.23
05.328,15.07
05.343,8.02
05.359,2.24
05.375,-2.3
05.390,-5.77
05.406,-8.47
05.421,-10.71
05.437,-12.78
05.453,-15.01
05.468,-17.67
05.484,-21.03
05.500,-25.28
05.515,-30.53
05.531,-36.68
05.546,-43.48
05.562,-50.57
05.578,-57.53
05.593,-64.13
05.609,-70.3
05.625,-76.25
05.640,-82.3
05.656,-88.79
05.671,-95.9
05.687,-103.41
05.703,-110.66
05.718,-116.44
05.734,-119.3
05.750,-117.89
05.765,-111.39
05.781,-99.86
05.796,-84.19
05.812,-65.91
05.828,-46.67
05.843,-27.82
05.859,-10.02
05.875,6.58
05.890,22.2
05.906,37.0
05.921,50.84
05.937,63.34
05.953,73.95
05.968,82.28
05.984,88.2
06.000,92.05
06.015,94.39
06.031,95.93
06.046,97.26
06.062,98.59
06.078,99.87
06.093,100.82
06.109,101.21
06.125,100.95
06.140,100.25
06.156,99.42
06.171,98.69
06.187,98.09
06.203,97.19
06.218,95.35
06.234,91.96
06.250,86.71
06.265,79.71
06.281,71.52
06.296,62.94
06.312,54.8
06.328,47.77
06.343,42.13
06.359,37.77
06.375,34.19
06.390,30.55
06.406,25.78
06.421,18.79
06.437,8.74
06.453,-4.6
06.468,-20.65
06.484,-37.91
06.500,-54.3
06.515,-67.71
06.531,-76.77
06.546,-81.22
06.562,-82.05
06.578,-81.01
06.593,-79.91
06.609,-79.89
06.625,-81.1
06.640,-82.63
06.656,-83.02
06.671,-80.87
06.687,-75.27
06.703,-66.23
06.718,-54.73
06.734,-42.52
06.750,-31.77
06.765,-24.48
06.781,-22.02
06.796,-24.66
06.812,-31.53
06.828,-40.81
06.843,-50.2
06.859,-57.53
06.875,-61.17
06.890,-60.21
06.906,-54.31
06.921,-43.58
06.937,-28.28
06.953,-8.8
06.968,14.46
06.984,41.27
07.000,71.47
07.015,104.79
07.031,140.11
07.046,174.97
07.062,205.27
07.078,225.82
07.093,231.76
07.109,220.26
07.125,191.54
07.140,148.92
07.156,97.86
07.171,44.11
07.187,-7.58
07.203,-54.33
07.218,-94.8
07.234,-128.56
07.250,-155.24
07.265,-174.35
07.281,-185.45
07.296,-188.37
07.312,-183.71
07.328,-172.69
07.343,-157.05
07.359,-138.61
07.375,-118.96
07.390,-99.28
07.406,-80.38
07.421,-62.88
07.437,-47.4
07.453,-34.53
07.468,-24.77
07.484,-18.31
07.500,-14.88
07.515,-13.83
07.531,-14.29
07.546,-15.43
07.562,-16.64
07.578,-17.62
07.593,-18.49
07.609,-19.44
07.625,-20.63
07.640,-22.06
07.656,-23.42
07.671,-24.31
07.687,-24.36
07.703,-23.43
07.718,-21.64
07.734,-19.5
07.750,-17.65
07.765,-16.71
07.781,-17.09
07.796,-18.95
07.812,-22.09
07.828,-26.12
07.843,-30.45
07.859,-34.64
07.875,-38.37
07.890,-41.59
07.906,-44.5
07.921,-47.42
07.937,-50.73
07.953,-54.72
07.968,-59.57
07.984,-65.06
08.000,-70.57
08.015,-75.01
08.031,-76.89
08.046,-74.78
08.062,-67.72
08.078,-55.56
08.093,-39.19
08.109,-20.25
08.125,-0.7
08.140,17.68
08.156,33.66
08.171,46.56
08.187,56.31
08.203,63.08
08.218,67.29
08.234,69.34
08.250,69.67
08.265,68.69
08.281,66.76
08.296,64.15
08.312,61.02
08.328,57.45
08.343,53.47
08.359,49.16
08.375,44.58
08.390,39.88
08.406,35.2
08.421,30.73
08.437,26.71
08.453,23.31
08.468,20.59
08.484,18.44
08.500,16.58
08.515,14.51
08.531,11.78
08.546,8.1
08.562,3.45
08.578,-1.85
08.593,-7.34
08.609,-12.56
08.625,-17.25
08.640,-21.38
08.656,-25.16
08.671,-28.98
08.687,-33.33
08.703,-38.6
08.718,-44.96
08.734,-52.14
08.750,-59.23
08.765,-64.81
08.781,-67.15
08.796,-64.74
08.812,-56.81
08.828,-43.65
08.843,-26.53
08.859,-7.34
08.875,11.9
08.890,29.56
08.906,44.56
08.921,56.44
08.937,65.22
08.953,71.16
08.968,74.62
08.984,75.89
09.000,75.27
09.015,72.96
09.031,69.19
09.046,64.2
09.062,58.29
09.078,51.83
09.093,45.2
09.109,38.75
09.125,32.71
09.140,27.2
09.156,22.3
09.171,18.11
09.187,14.69
09.203,12.13
09.218,10.42
09.234,9.37
09.250,8.63
09.265,7.7
09.281,6.09
09.296,3.46
09.312,-0.22
09.328,-4.77
09.343,-9.86
09.359,-15.13
09.375,-20.32
09.390,-25.3
09.406,-30.11
09.421,-34.95
09.437,-40.08
09.453,-45.7
09.468,-51.89
09.484,-58.43
09.500,-64.73
09.515,-69.77
09.531,-72.22
09.546,-70.74
09.562,-64.42
09.578,-53.08
09.593,-37.4
09.609,-18.82
09.625,0.81
09.640,19.66
09.656,36.31
09.671,49.96
09.687,60.34
09.703,67.62
09.718,72.17
09.734,74.47
09.750,74.98
09.765,74.12
09.781,72.25
09.796,69.58
09.812,66.28
09.828,62.4
09.843,58.05
09.859,53.37
09.875,48.64
09.890,44.16
09.906,40.28
09.921,37.24
09.937,35.09
09.953,33.73
09.968,32.92
09.984,32.31
10.000,31.62
10.015,30.59
10.031,29.01
10.046,26.73
10.062,23.64
10.078,19.7
10.093,14.98
10.109,9.68
10.125,4.16
10.140,-1.23
10.156,-6.16
10.171,-10.49
10.187,-14.27
10.203,-17.77
10.218,-21.31
10.234,-25.28
10.250,-29.94
10.265,-35.11
10.281,-40.22
10.296,-44.18
10.312,-45.64
10.328,-43.44
10.343,-36.97
10.359,-26.39
10.375,-12.7
10.390,2.62
10.406,18.02
10.421,32.25
10.437,44.49
10.453,54.36
10.468,61.8
10.484,66.88
10.500,69.82
10.515,70.86
10.531,70.32
10.546,68.5
10.562,65.63
10.578,61.88
10.593,57.45
10.609,52.52
10.625,47.35
10.640,42.25
10.656,37.44
10.671,33.12
10.687,29.34
10.703,25.97
10.718,22.91
10.734,20.0
10.750,17.04
10.765,13.9
10.781,10.44
10.796,6.6
10.812,2.4
10.828,-1.97
10.843,-6.32
10.859,-10.32
10.875,-13.69
10.890,-16.3
10.906,-18.24
10.921,-19.72
10.937,-21.22
10.953,-23.31
10.968,-26.52
10.984,-31.26
11.000,-37.46
11.015,-44.48
11.031,-51.15
11.046,-55.91
11.062,-57.25
11.078,-54.29
11.093,-46.93
11.109,-35.9
11.125,-22.62
11.140,-8.67
11.156,4.53
11.171,15.98
11.187,25.19
11.203,32.09
11.218,36.86
11.234,39.75
11.250,41.04
11.265,40.86
11.281,39.3
11.296,36.39
11.312,32.18
11.328,26.85
11.343,20.65
11.359,13.96
11.375,7.19
11.390,0.74
11.406,-5.09
11.421,-10.02
11.437,-13.94
11.453,-16.82
11.468,-18.77
11.484,-20.04
11.500,-21.03
11.515,-22.22
11.531,-24.09
11.546,-27.01
11.562,-31.0
11.578,-35.86
11.593,-41.19
11.609,-46.47
11.625,-51.35
11.640,-55.65
11.656,-59.41
11.671,-62.8
11.687,-66.11
11.703,-69.62
11.718,-73.61
11.734,-78.25
11.750,-83.43
11.765,-88.67
11.781,-92.97
11.796,-94.99
11.812,-93.34
11.828,-87.05
11.843,-75.9
11.859,-60.57
11.875,-42.47
11.890,-23.41
11.906,-5.12
11.921,11.11
11.937,24.58
11.953,35.06
11.968,42.77
11.984,47.99
12.000,51.11
12.015,52.37
12.031,52.0
12.046,50.22
12.062,47.29
12.078,43.54
12.093,39.24
12.109,34.7
12.125,30.08
12.140,25.53
12.156,21.15
12.171,17.06
12.187,13.39
12.203,10.34
12.218,8.05
12.234,6.56
12.250,5.81
12.265,5.57
12.281,5.42
12.296,4.88
12.312,3.48
12.328,0.97
12.343,-2.64
12.359,-7.07
12.375,-11.97
12.390,-17.0
12.406,-22.01
12.421,-26.99
12.437,-31.96
12.453,-36.94
12.468,-41.94
12.484,-47.06
12.500,-52.41
12.515,-58.06
12.531,-63.73
12.546,-68.68
12.562,-71.61
12.578,-71.05
12.593,-65.79
12.609,-55.43
12.625,-40.58
12.640,-22.8
12.656,-4.15
12.671,13.37
12.687,28.25
12.703,39.65
12.718,47.44
12.734,52.02
12.750,54.08
12.765,54.36
12.781,53.54
12.796,52.08
12.812,50.22
12.828,48.0
12.843,45.39
12.859,42.34
12.875,38.95
12.890,35.36
12.906,31.88
12.921,28.81
12.937,26.35
12.953,24.64
12.968,23.61
12.984,23.12
13.000,22.96
13.015,22.93
13.031,22.89
13.046,22.73
13.062,22.32
13.078,21.45
13.093,19.95
13.109,17.6
13.125,14.31
13.140,10.12
13.156,5.28
13.171,0.13
13.187,-4.97
13.203,-9.79
13.218,-14.27
13.234,-18.5
13.250,-22.77
13.265,-27.45
13.281,-32.87
13.296,-39.04
13.312,-45.43
13.328,-50.92
13.343,-53.87
13.359,-52.65
13.375,-46.13
13.390,-34.23
13.406,-17.98
13.421,0.71
13.437,19.62
13.453,36.85
13.468,51.16
13.484,62.1
13.500,69.8
13.515,74.72
13.531,77.38
13.546,78.26
13.562,77.7
13.578,75.83
13.593,72.76
13.609,68.43
13.625,62.81
13.640,55.92
13.656,47.92
13.671,39.18
13.687,30.27
13.703,21.82
13.718,14.3
13.734,8.05
13.750,3.03
13.765,-1.07
13.781,-4.74
13.796,-8.48
13.812,-12.63
13.828,-17.38
13.843,-22.65
13.859,-28.25
13.875,-33.82
13.890,-38.96
13.906,-43.33
13.921,-46.68
13.937,-48.94
13.953,-50.3
13.968,-51.19
13.984,-52.17
14.000,-53.85
14.015,-56.7
14.031,-60.86
14.046,-66.0
14.062,-71.21
14.078,-75.19
14.093,-76.38
14.109,-73.5
14.125,-65.8
14.140,-53.38
14.156,-37.18
14.171,-18.74
14.187,0.22
14.203,18.12
14.218,33.77
14.234,46.51
14.250,56.15
14.265,62.82
14.281,66.8
14.296,68.37
14.312,67.8
14.328,65.28
14.343,61.03
14.359,55.36
14.375,48.69
14.390,41.51
14.406,34.32
14.421,27.44
14.437,21.08
14.453,15.33
14.468,10.26
14.484,5.98
14.500,2.58
14.515,0.06
14.531,-1.79
14.546,-3.35
14.562,-5.11
14.578,-7.49
14.593,-10.69
14.609,-14.74
14.625,-19.47
14.640,-24.62
14.656,-29.99
14.671,-35.38
14.687,-40.68
14.703,-45.7
14.718,-50.36
14.734,-54.62
14.750,-58.75
14.765,-63.08
14.781,-67.9
14.796,-73.17
14.812,-78.26
14.828,-81.92
14.843,-82.52
14.859,-78.62
14.875,-69.4
14.890,-55.09
14.906,-36.86
14.921,-16.53
14.937,3.91
14.953,22.76
14.968,38.92
14.984,51.88
15.000,61.58
15.015,68.34
15.031,72.52
15.046,74.49
15.062,74.58
15.078,73.01
15.093,69.97
15.109,65.59
15.125,60.08
15.140,53.62
15.156,46.52
15.171,39.14
15.187,31.87
15.203,25.05
15.218,18.99
15.234,13.87
15.250,9.74
15.265,6.52
15.281,3.96
15.296,1.75
15.312,-0.49
15.328,-3.09
15.343,-6.29
15.359,-10.22
15.375,-14.8
15.390,-19.89
15.406,-25.27
15.421,-30.72
15.437,-36.02
15.453,-41.02
15.468,-45.64
15.484,-49.92
15.500,-54.02
15.515,-58.2
15.531,-62.81
15.546,-68.11
15.562,-74.08
15.578,-80.15
15.593,-85.2
15.609,-87.69
15.625,-86.09
15.640,-79.38
15.656,-67.39
15.671,-50.95
15.687,-31.6
15.703,-11.23
15.718,8.45
15.734,26.06
15.750,40.72
15.765,52.06
15.781,60.06
15.796,65.03
15.812,67.52
15.828,68.1
15.843,67.26
15.859,65.26
15.875,62.17
15.890,57.96
15.906,52.72
15.921,46.64
15.937,40.12
15.953,33.64
15.968,27.62
15.984,22.35
16.000,17.94
16.015,14.36
16.031,11.42
16.046,8.9
16.062,6.55
16.078,4.14
16.093,1.55
16.109,-1.23
16.125,-4.17
16.140,-7.25
16.156,-10.45
16.171,-13.85
16.187,-17.5
16.203,-21.48
16.218,-25.84
16.234,-30.56
16.250,-35.6
16.265,-40.87
16.281,-46.27
16.296,-51.74
16.312,-57.36
16.328,-63.28
16.343,-69.6
16.359,-76.12
16.375,-82.13
16.390,-86.43
16.406,-87.44
16.421,-83.8
16.437,-74.73
16.453,-60.48
16.468,-42.22
16.484,-21.85
16.500,-1.37
16.515,17.55
16.531,33.77
16.546,46.83
16.562,56.7
16.578,63.72
16.593,68.3
16.609,70.93
16.625,72.03
16.640,71.92
16.656,70.84
16.671,68.9
16.687,66.09
16.703,62.42
16.718,58.0
16.734,53.02
16.750,47.88
16.765,43.07
16.781,39.02
16.796,36.07
16.812,34.24
16.828,33.32
16.843,32.85
16.859,32.37
16.875,31.5
16.890,30.04
16.906,28.09
16.921,25.82
16.937,23.47
16.953,21.07
16.968,18.57
16.984,15.73
17.000,12.31
17.015,8.22
17.031,3.52
17.046,-1.5
17.062,-6.54
17.078,-11.31
17.093,-15.72
17.109,-19.83
17.125,-23.92
17.140,-28.34
17.156,-33.38
17.171,-39.07
17.187,-44.99
17.203,-50.19
17.218,-53.25
17.234,-52.68
17.250,-47.29
17.265,-36.72
17.281,-21.56
17.296,-3.26
17.312,16.22
17.328,34.96
17.343,51.41
17.359,64.69
17.375,74.51
17.390,81.02
17.406,84.69
17.421,86.05
17.437,85.66
17.453,83.9
17.468,81.07
17.484,77.19
17.500,72.22
17.515,66.04
17.531,58.64
17.546,50.28
17.562,41.38
17.578,32.64
17.593,24.62
17.609,17.81
17.625,12.32
17.640,7.96
17.656,4.36
17.671,1.13
17.687,-2.04
17.703,-5.25
17.718,-8.48
17.734,-11.71
17.750,-14.97
17.765,-18.34
17.781,-22.04
17.796,-26.21
17.812,-30.88
17.828,-35.97
17.843,-41.3
17.859,-46.64
17.875,-51.77
17.890,-56.57
17.906,-60.95
17.921,-64.94
17.937,-68.67
17.953,-72.34
17.968,-76.12
17.984,-80.0
18.000,-83.47
18.015,-85.49
18.031,-84.71
18.046,-79.77
18.062,-69.93
18.078,-55.34
18.093,-37.21
18.109,-17.41
18.125,2.04
18.140,19.46
18.156,33.88
18.171,45.02
18.187,53.06
18.203,58.35
18.218,61.2
18.234,61.84
18.250,60.45
18.265,57.24
18.281,52.48
18.296,46.47
18.312,39.56
18.328,32.11
18.343,24.47
18.359,17.06
18.375,10.41
18.390,5.01
18.406,1.15
18.421,-1.22
18.437,-2.58
18.453,-3.62
18.468,-5.06
18.484,-7.39
18.500,-10.6
18.515,-14.33
18.531,-18.03
18.546,-21.3
18.562,-24.0
18.578,-26.34
18.593,-28.73
18.609,-31.49
18.625,-34.76
18.640,-38.25
18.656,-41.49
18.671,-43.92
18.687,-45.22
18.703,-45.36
18.718,-44.73
18.734,-44.08
18.750,-44.14
18.765,-45.5
18.781,-48.26
18.796,-51.95
18.812,-55.62
18.828,-57.98
18.843,-57.74
18.859,-54.04
18.875,-46.66
18.890,-36.01
18.906,-23.04
18.921,-8.86
18.937,5.41
18.953,18.8
18.968,30.59
18.984,40.13
19.000,46.98
19.015,50.94
19.031,52.21
19.046,51.29
19.062,48.86
19.078,45.58
19.093,41.82
19.109,37.67
19.125,33.02
19.140,27.76
19.156,21.92
19.171,15.85
19.187,9.99
19.203,4.92
19.218,1.17
19.234,-1.0
19.250,-1.54
19.265,-0.81
19.281,0.62
19.296,2.07
19.312,2.97
19.328,2.95
19.343,1.98
19.359,0.22
19.375,-2.11
19.390,-4.83
19.406,-8.02
19.421,-11.78
19.437,-16.24
19.453,-21.36
19.468,-26.93
19.484,-32.61
19.500,-38.06
19.515,-43.1
19.531,-47.7
19.546,-52.03
19.562,-56.31
19.578,-60.81
19.593,-65.77
19.609,-71.29
19.625,-77.25
19.640,-83.15
19.656,-88.06
19.671,-90.67
19.687,-89.64
19.703,-83.96
19.718,-73.36
19.734,-58.49
19.750,-40.77
19.765,-22.04
19.781,-4.05
19.796,11.86
19.812,24.98
19.828,35.11
19.843,42.47
19.859,47.51
19.875,50.74
19.890,52.68
19.906,53.71
19.921,54.1
19.937,53.89
19.953,52.96
19.968,51.09
19.984,48.15
20.000,44.28
20.015,39.85
20.031,35.45
20.046,31.63
20.062,28.74
20.078,26.83
20.093,25.6
20.109,24.57
20.125,23.33
20.140,21.66
20.156,19.56
20.171,17.27
20.187,15.1
20.203,13.3
20.218,11.95
20.234,10.87
20.250,9.67
20.265,7.88
20.281,5.17
20.296,1.43
20.312,-3.17
20.328,-8.26
20.343,-13.49
20.359,-18.61
20.375,-23.48
20.390,-28.09
20.406,-32.6
20.421,-37.23
20.437,-42.2
20.453,-47.61
20.468,-53.2
20.484,-58.25
20.500,-61.56
20.515,-61.54
20.531,-56.85
20.546,-46.82
20.562,-31.76
20.578,-12.94
20.593,7.77
20.609,28.43
20.625,47.44
20.640,63.7
20.656,76.77
20.671,86.61
20.687,93.48
20.703,97.85
20.718,100.24
20.734,101.03
20.750,100.51
20.765,98.76
20.781,95.71
20.796,91.31
20.812,85.56
20.828,78.61
20.843,70.81
20.859,62.64
20.875,54.63
20.890,47.35
20.906,41.21
20.921,36.27
20.937,32.34
20.953,29.03
20.968,25.94
20.984,22.86
21.000,19.74
21.015,16.59
21.031,13.44
21.046,10.16
21.062,6.47
21.078,2.17
21.093,-2.87
21.109,-8.51
21.125,-14.44
21.140,-20.34
21.156,-25.98
21.171,-31.31
21.187,-36.47
21.203,-41.82
21.218,-47.76
21.234,-54.57
21.250,-62.16
21.265,-69.85
21.281,-76.42
21.296,-80.31
21.312,-80.05
21.328,-74.75
21.343,-64.39
21.359,-49.88
21.375,-32.66
21.390,-14.47
21.406,3.22
21.421,19.31
21.437,33.01
21.453,43.89
21.468,51.75
21.484,56.66
21.500,58.9
21.515,58.95
21.531,57.3
21.546,54.38
21.562,50.43
21.578,45.59
21.593,39.98
21.609,33.81
21.625,27.4
21.640,21.14
21.656,15.44
21.671,10.5
21.687,6.37
21.703,2.9
21.718,-0.13
21.734,-2.88
21.750,-5.45
21.765,-7.9
21.781,-10.27
21.796,-12.64
21.812,-15.27
21.828,-18.39
21.843,-22.2
21.859,-26.71
21.875,-31.72
21.890,-37.0
21.906,-42.25
21.921,-47.25
21.937,-51.86
21.953,-56.09
21.968,-59.97
21.984,-63.7
22.000,-67.6
22.015,-72.08
22.031,-77.38
22.046,-83.32
22.062,-89.09
22.078,-93.24
22.093,-94.06
22.109,-90.04
22.125,-80.48
22.140,-65.78
22.156,-47.37
22.171,-27.2
22.187,-7.21
22.203,11.05
22.218,26.68
22.234,39.32
22.250,49.01
22.265,55.93
22.281,60.38
22.296,62.62
22.312,62.95
22.328,61.67
22.343,58.98
22.359,55.1
22.375,50.22
22.390,44.53
22.406,38.28
22.421,31.91
22.437,25.88
22.453,20.67
22.468,16.69
22.484,14.01
22.500,12.43
22.515,11.48
22.531,10.52
22.546,9.07
22.562,6.91
22.578,4.09
22.593,0.85
22.609,-2.55
22.625,-6.0
22.640,-9.51
22.656,-13.19
22.671,-17.13
22.687,-21.31
22.703,-25.58
22.718,-29.77
22.734,-33.72
22.750,-37.34
22.765,-40.73
22.781,-44.08
22.796,-47.71
22.812,-52.04
22.828,-57.4
22.843,-63.82
22.859,-70.89
22.875,-77.53
22.890,-82.21
22.906,-83.38
22.921,-79.78
22.937,-70.96
22.953,-57.41
22.968,-40.44
22.984,-21.74
23.000,-3.07
23.015,14.14
23.031,28.96
23.046,40.87
23.062,49.77
23.078,55.89
23.093,59.62
23.109,61.48
23.125,62.0
23.140,61.55
23.156,60.32
23.171,58.27
23.187,55.28
23.203,51.36
23.218,46.71
23.234,41.72
23.250,37.0
23.265,33.12
23.281,30.4
23.296,28.91
23.312,28.39
23.328,28.34
23.343,28.28
23.359,27.75
23.375,26.52
23.390,24.54
23.406,21.93
23.421,18.84
23.437,15.42
23.453,11.78
23.468,7.98
23.484,4.04
23.515,-4.08
23.531,-8.09
23.546,-11.96
23.562,-15.66
23.578,-19.15
23.593,-22.58
23.609,-26.13
23.625,-30.11
23.640,-34.84
23.656,-40.49
23.671,-46.85
23.687,-53.18
23.703,-58.16
23.718,-60.12
23.734,-57.56
23.750,-49.62
23.765,-36.4
23.781,-19.06
23.796,0.58
23.812,20.48
23.828,38.92
23.843,54.8
23.859,67.61
23.875,77.4
23.890,84.35
23.906,88.75
23.921,90.83
23.937,90.85
23.953,89.03
23.968,85.63
23.984,80.92
24.000,75.1
24.015,68.37
24.031,61.01
24.046,53.33
24.062,45.72
24.078,38.64
24.093,32.37
24.109,27.02
24.125,22.48
24.140,18.54
24.156,14.95
24.171,11.56
24.187,8.31
24.203,5.15
24.218,2.04
24.234,-1.13
24.250,-4.54
24.265,-8.36
24.281,-12.64
24.296,-17.32
24.312,-22.2
24.328,-27.0
24.343,-31.51
24.359,-35.64
24.375,-39.51
24.390,-43.33
24.406,-47.45
24.421,-52.16
24.437,-57.58
24.453,-63.42
24.468,-68.99
24.484,-73.07
24.500,-74.25
24.515,-71.26
24.531,-63.36
24.546,-50.79
24.562,-34.69
24.578,-16.81
24.593,0.93
24.609,17.04
24.625,30.6
24.640,41.36
24.656,49.38
24.671,54.87
24.687,57.95
24.703,58.72
24.718,57.33
24.734,54.07
24.750,49.37
24.765,43.69
24.781,37.45
24.796,30.9
24.812,24.28
24.828,17.83
24.843,11.9
24.859,6.88
24.875,3.01
24.890,0.3
24.906,-1.46
24.921,-2.77
24.937,-4.16
24.953,-5.97
24.968,-8.31
24.984,-11.07
25.000,-14.04
25.015,-17.18
25.031,-20.53
25.046,-24.25
25.062,-28.49
25.078,-33.25
25.093,-38.3
25.109,-43.33
25.125,-48.06
25.140,-52.35
25.156,-56.31
25.171,-60.17
25.187,-64.24
25.203,-68.85
25.218,-74.16
25.234,-80.03
25.250,-85.92
25.265,-90.86
25.281,-93.5
25.296,-92.46
25.312,-86.74
25.328,-76.07
25.343,-61.05
25.359,-42.98
25.375,-23.52
25.390,-4.28
25.406,13.45
25.421,28.85
25.437,41.42
25.453,50.99
25.468,57.59
25.484,61.43
25.500,62.92
25.515,62.51
25.531,60.61
25.546,57.55
25.562,53.5
25.578,48.56
25.593,42.9
25.609,36.85
25.625,30.89
25.640,25.61
25.656,21.43
25.671,18.57
25.687,16.91
25.703,16.03
25.718,15.33
25.734,14.28
25.750,12.56
25.765,10.11
25.781,7.09
25.796,3.7
25.812,0.12
25.828,-3.67
25.843,-7.74
25.859,-12.28
25.875,-17.32
25.890,-22.8
25.906,-28.49
25.921,-34.08
25.937,-39.35
25.953,-44.17
25.968,-48.57
25.984,-52.75
26.000,-57.02
26.015,-61.71
26.031,-67.03
26.046,-72.89
26.062,-78.68
26.078,-83.28
26.093,-85.19
26.109,-82.9
26.125,-75.5
26.140,-62.98
26.156,-46.37
26.171,-27.45
26.187,-8.31
26.203,9.3
26.218,24.18
26.234,35.81
26.250,44.25
26.265,49.82
26.281,53.01
26.296,54.38
26.312,54.49
26.328,53.76
26.343,52.47
26.359,50.63
26.375,48.09
26.390,44.6
26.406,40.12
26.421,34.84
26.437,29.34
26.453,24.28
26.468,20.33
26.484,17.89
26.500,16.92
26.515,17.05
26.531,17.66
26.546,18.11
26.562,17.97
26.578,17.03
26.593,15.34
26.609,13.1
26.625,10.54
26.640,7.76
26.656,4.69
26.671,1.21
26.687,-2.77
26.703,-7.23
26.718,-11.93
26.734,-16.57
26.750,-20.88
26.765,-24.73
26.781,-28.2
26.796,-31.64
26.812,-35.49
26.828,-40.17
26.843,-45.95
26.859,-52.71
26.875,-59.74
26.890,-65.81
26.906,-69.28
26.921,-68.5
26.937,-62.3
26.953,-50.42
26.968,-33.56
26.984,-13.32
27.000,8.27
27.015,29.3
27.031,48.18
27.046,63.92
27.062,76.13
27.078,84.82
27.093,90.3
27.109,93.12
27.125,93.89
27.140,93.26
27.156,91.71
27.171,89.47
27.187,86.56
27.203,82.8
27.218,78.08
27.234,72.38
27.250,65.97
27.265,59.22
27.281,52.64
27.296,46.63
27.312,41.42
27.328,37.07
27.343,33.49
27.359,30.58
27.375,28.16
27.390,26.09
27.406,24.21
27.421,22.35
27.437,20.39
27.453,18.22
27.468,15.77
27.484,13.08
27.500,10.21
27.515,7.27
27.531,4.3
27.546,1.28
27.562,-1.93
27.578,-5.48
27.593,-9.65
27.609,-14.68
27.625,-20.67
27.640,-27.38
27.656,-34.17
27.671,-39.85
27.687,-42.98
27.703,-42.3
27.718,-37.06
27.734,-27.47
27.750,-14.64
27.765,-0.26
27.781,13.83
27.796,26.09
27.812,35.55
27.828,41.78
27.843,44.7
27.859,44.61
27.875,41.99
27.890,37.37
27.906,31.34
27.921,24.44
27.937,17.05
27.953,9.52
27.968,2.16
27.984,-4.76
28.000,-10.9
28.015,-15.96
28.031,-19.77
28.046,-22.34
28.062,-23.83
28.078,-24.55
28.093,-24.81
28.109,-24.9
28.125,-25.09
28.140,-25.57
28.156,-26.44
28.171,-27.84
28.187,-29.85
28.203,-32.54
28.218,-35.96
28.234,-39.98
28.250,-44.37
28.265,-48.76
28.281,-52.72
28.296,-55.98
28.312,-58.53
28.328,-60.62
28.343,-62.73
28.359,-65.42
28.375,-69.07
28.390,-73.77
28.406,-79.1
28.421,-84.12
28.437,-87.51
28.453,-87.85
28.468,-83.96
28.484,-75.22
28.500,-61.84
28.515,-44.76
28.531,-25.55
28.546,-5.97
28.562,12.37
28.578,28.33
28.593,41.31
28.609,51.16
28.625,58.1
28.640,62.52
28.656,64.82
28.671,65.34
28.687,64.26
28.703,61.71
28.718,57.84
28.734,52.85
28.750,47.01
28.765,40.65
28.781,34.17
28.796,27.93
28.812,22.3
28.828,17.47
28.843,13.58
28.859,10.59
28.875,8.32
28.890,6.52
28.906,4.82
28.921,2.9
28.937,0.48
28.953,-2.64
28.968,-6.58
28.984,-11.31
29.000,-16.7
29.015,-22.51
29.031,-28.41
29.046,-34.14
29.062,-39.48
29.078,-44.33
29.093,-48.74
29.109,-52.88
29.125,-57.04
29.140,-61.59
29.156,-66.86
29.171,-72.94
29.187,-79.41
29.203,-85.25
29.218,-88.91
29.234,-88.71
29.250,-83.37
29.265,-72.49
29.281,-56.77
29.296,-37.84
29.312,-17.68
29.328,1.83
29.343,19.34
29.359,34.14
29.375,45.98
29.390,54.94
29.406,61.25
29.421,65.17
29.437,67.06
29.453,67.34
29.468,66.4
29.484,64.45
29.500,61.58
29.515,57.76
29.531,53.0
29.546,47.46
29.562,41.5
29.578,35.65
29.593,30.45
29.609,26.29
29.625,23.27
29.640,21.26
29.656,19.89
29.671,18.8
29.687,17.68
29.703,16.3
29.718,14.55
29.734,12.39
29.750,9.76
29.765,6.61
29.781,2.9
29.796,-1.43
29.812,-6.31
29.828,-11.62
29.843,-17.18
29.859,-22.74
29.875,-28.1
29.890,-33.22
29.906,-38.22
29.921,-43.36
29.937,-49.0
29.953,-55.26
29.968,-61.91
29.984,-68.15
30.000,-72.69
30.015,-73.99
30.031,-70.72
30.046,-62.18
30.062,-48.52
30.078,-30.83
30.093,-10.82
30.109,9.6
30.125,28.71
30.140,45.31
30.156,58.76
30.171,68.9
30.187,75.95
30.203,80.34
30.218,82.61
30.234,83.29
30.250,82.81
30.265,81.43
30.281,79.23
30.296,76.17
30.312,72.21
30.328,67.43
30.343,62.1
30.359,56.66
30.375,51.56
30.390,47.21
30.406,43.79
30.421,41.32
30.437,39.62
30.453,38.48
30.468,37.65
30.484,36.97
30.500,36.21
30.515,35.19
30.531,33.72
30.546,31.62
30.562,28.79
30.578,25.2
30.593,20.94
30.609,16.22
30.625,11.29
30.640,6.32
30.656,1.46
30.671,-3.3
30.687,-8.07
30.703,-13.14
30.718,-18.85
30.734,-25.48
30.750,-33.09
30.765,-41.29
30.781,-49.17
30.796,-55.33
30.812,-58.2
30.828,-56.47
30.843,-49.58
30.859,-37.83
30.875,-22.41
30.890,-5.07
30.906,12.4
30.921,28.46
30.937,42.1
30.953,52.9
30.968,60.8
30.984,66.02
31.000,68.85
31.015,69.53
31.031,68.24
31.046,65.15
31.062,60.42
31.078,54.24
31.093,46.92
31.109,38.81
31.125,30.38
31.140,22.0
31.156,14.08
31.171,6.92
31.187,0.78
31.203,-4.2
31.218,-8.01
31.234,-10.74
31.250,-12.64
31.265,-14.07
31.281,-15.47
31.296,-17.25
31.312,-19.71
31.328,-22.96
31.343,-26.99
31.359,-31.62
31.375,-36.63
31.390,-41.82
31.406,-46.98
31.421,-51.96
31.437,-56.67
31.453,-61.1
31.468,-65.36
31.484,-69.62
31.500,-74.11
31.515,-78.84
31.531,-83.48
31.546,-87.21
31.562,-88.81
31.578,-86.94
31.593,-80.58
31.609,-69.45
31.625,-54.09
31.640,-35.83
31.656,-16.38
31.671,2.55
31.687,19.63
31.703,34.02
31.718,45.32
31.734,53.54
31.750,58.93
31.765,61.93
31.781,62.98
31.796,62.5
31.812,60.74
31.828,57.79
31.843,53.59
31.859,48.09
31.875,41.45
31.890,33.99
31.906,26.26
31.921,18.8
31.937,12.09
31.953,6.35
31.968,1.63
31.984,-2.18
32.000,-5.28
32.015,-7.82
32.031,-9.93
32.046,-11.74
32.062,-13.49
32.078,-15.5
32.093,-18.11
32.109,-21.55
32.125,-25.85
32.140,-30.77
32.156,-35.91
32.171,-40.9
32.187,-45.43
32.203,-49.45
32.218,-53.12
32.234,-56.68
32.250,-60.44
32.265,-64.7
32.281,-69.7
32.296,-75.4
32.312,-81.36
32.328,-86.55
32.343,-89.51
32.359,-88.76
32.375,-83.21
32.390,-72.64
32.406,-57.8
32.421,-40.21
32.437,-21.7
32.453,-3.9
32.468,12.03
32.484,25.54
32.500,36.45
32.515,44.85
32.531,50.91
32.546,54.85
32.562,56.93
32.578,57.47
32.593,56.69
32.609,54.81
32.625,51.9
32.640,48.03
32.656,43.28
32.671,37.89
32.687,32.15
32.703,26.5
32.718,21.41
32.734,17.2
32.750,14.06
32.765,11.95
32.781,10.64
32.796,9.77
32.812,8.99
32.828,8.0
32.843,6.59
32.859,4.71
32.875,2.3
32.890,-0.67
32.906,-4.21
32.921,-8.3
32.937,-12.85
32.953,-17.68
32.968,-22.52
32.984,-27.2
33.000,-31.62
33.015,-35.86
33.031,-40.21
33.046,-45.03
33.062,-50.56
33.078,-56.75
33.093,-63.02
33.109,-68.28
33.125,-71.14
33.140,-70.21
33.156,-64.63
33.171,-54.28
33.187,-40.02
33.203,-23.3
33.218,-5.8
33.234,10.97
33.250,25.93
33.265,38.44
33.281,48.34
33.296,55.68
33.312,60.7
33.328,63.73
33.343,65.16
33.359,65.32
33.375,64.45
33.390,62.66
33.406,60.0
33.421,56.51
33.437,52.34
33.453,47.75
33.468,43.09
33.484,38.72
33.500,34.94
33.515,31.92
33.531,29.68
33.546,28.1
33.562,27.02
33.578,26.29
33.593,25.77
33.609,25.39
33.625,25.06
33.640,24.6
33.656,23.77
33.671,22.35
33.687,20.14
33.703,17.01
33.718,13.01
33.734,8.29
33.750,3.15
33.765,-2.08
33.781,-7.13
33.796,-11.9
33.812,-16.56
33.828,-21.53
33.843,-27.29
33.859,-34.03
33.875,-41.33
33.890,-48.05
33.906,-52.54
33.921,-53.2
33.937,-48.97
33.953,-39.71
33.968,-26.27
33.984,-10.13
34.000,6.98
34.015,23.48
34.031,38.16
34.046,50.26
34.062,59.42
34.078,65.6
34.093,69.0
34.109,69.91
34.125,68.77
34.140,65.91
34.156,61.6
34.171,56.02
34.187,49.29
34.203,41.65
34.218,33.41
34.234,25.05
34.250,17.08
34.265,10.04
34.281,4.28
34.296,-0.05
34.312,-3.08
34.328,-5.19
34.343,-6.86
34.359,-8.54
34.375,-10.55
34.390,-13.12
34.406,-16.35
34.421,-20.27
34.437,-24.84
34.453,-29.91
34.468,-35.25
34.484,-40.54
34.500,-45.57
34.515,-50.15
34.531,-54.31
34.546,-58.22
34.562,-62.17
34.578,-66.45
34.593,-71.3
34.609,-76.73
34.625,-82.35
34.640,-87.34
34.656,-90.39
34.671,-90.09
34.687,-85.25
34.703,-75.42
34.718,-61.03
34.734,-43.34
34.750,-24.08
34.765,-5.0
34.781,12.53
34.796,27.61
34.812,39.84
34.828,49.2
34.843,55.77
34.859,59.79
34.875,61.53
34.890,61.24
34.906,59.19
34.921,55.59
34.937,50.67
34.953,44.69
34.968,38.02
34.984,31.08
35.000,24.28
35.015,17.95
35.031,12.25
35.046,7.32
35.062,3.16
35.078,-0.22
35.093,-2.84
35.109,-4.79
35.125,-6.31
35.140,-7.7
35.156,-9.31
35.171,-11.46
35.187,-14.31
35.203,-17.93
35.218,-22.2
35.234,-27.0
35.250,-32.11
35.265,-37.35
35.281,-42.56
35.296,-47.57
35.312,-52.33
35.328,-56.82
35.343,-61.25
35.359,-65.9
35.375,-71.16
35.390,-77.23
35.406,-83.92
35.421,-90.43
35.437,-95.36
35.453,-97.07
35.468,-94.09
35.484,-85.67
35.500,-71.99
35.515,-54.25
35.531,-34.25
35.546,-13.93
35.562,5.07
35.578,21.61
35.593,35.12
35.609,45.5
35.625,52.89
35.640,57.67
35.656,60.23
35.671,61.06
35.687,60.55
35.703,59.03
35.718,56.64
35.734,53.39
35.750,49.29
35.765,44.46
35.781,39.19
35.796,33.98
35.812,29.39
35.828,25.89
35.843,23.65
35.859,22.52
35.875,22.06
35.890,21.7
35.906,20.97
35.921,19.55
35.937,17.34
35.953,14.42
35.968,10.97
35.984,7.09
36.000,2.76
36.015,-2.04
36.031,-7.39
36.046,-13.25
36.062,-19.42
36.078,-25.63
36.093,-31.59
36.109,-37.15
36.125,-42.43
36.140,-47.71
36.156,-53.42
36.171,-59.92
36.187,-67.31
36.203,-75.15
36.218,-82.49
36.234,-87.95
36.250,-90.01
36.265,-87.41
36.281,-79.48
36.296,-66.43
36.312,-49.29
36.328,-29.66
36.343,-9.34
36.359,10.06
36.375,27.34
36.390,41.84
36.406,53.41
36.421,62.17
36.437,68.48
36.453,72.72
36.468,75.33
36.484,76.66
36.500,76.95
36.515,76.33
36.531,74.72
36.546,71.98
36.562,68.05
36.578,63.04
36.593,57.4
36.609,51.81
36.625,46.97
36.640,43.4
36.656,41.18
36.671,40.0
36.687,39.34
36.703,38.69
36.718,37.72
36.734,36.4
36.750,34.91
36.765,33.41
36.781,31.97
36.796,30.39
36.812,28.36
36.828,25.54
36.843,21.75
36.859,16.97
36.875,11.44
36.890,5.48
36.906,-0.56
36.921,-6.5
36.937,-12.3
36.953,-18.13
36.968,-24.3
36.984,-31.12
37.000,-38.68
37.015,-46.63
37.031,-54.08
37.046,-59.65
37.062,-61.73
37.078,-58.93
37.093,-50.6
37.109,-37.08
37.125,-19.64
37.140,-0.15
37.156,19.4
37.171,37.38
37.187,52.71
37.203,64.92
37.218,73.97
37.234,80.05
37.250,83.43
37.265,84.4
37.281,83.23
37.296,80.23
37.312,75.72
37.328,70.01
37.343,63.39
37.359,56.15
37.375,48.55
37.390,40.86
37.406,33.37
37.421,26.41
37.437,20.25
37.453,15.09
37.468,10.95
37.484,7.64
37.500,4.86
37.515,2.19
37.531,-0.76
37.546,-4.35
37.562,-8.79
37.578,-14.17
37.593,-20.39
37.609,-27.22
37.625,-34.35
37.640,-41.39
37.656,-48.02
37.671,-53.99
37.687,-59.18
37.703,-63.63
37.718,-67.6
37.734,-71.44
37.750,-75.47
37.765,-79.89
37.781,-84.39
37.796,-88.15
37.812,-89.84
37.828,-88.0
37.843,-81.42
37.859,-69.75
37.875,-53.48
37.890,-34.06
37.906,-13.4
37.921,6.59
37.937,24.37
37.953,39.08
37.968,50.47
37.984,58.73
38.000,64.25
38.015,67.49
38.031,68.8
38.046,68.45
38.062,66.61
38.078,63.37
38.093,58.86
38.109,53.27
38.125,46.78
38.140,39.66
38.156,32.24
38.171,24.87
38.187,17.95
38.203,11.84
38.218,6.73
38.234,2.65
38.250,-0.53
38.265,-3.12
38.281,-5.48
38.296,-7.95
38.312,-10.8
38.328,-14.17
38.343,-18.07
38.359,-22.57
38.375,-27.62
38.390,-33.16
38.406,-39.1
38.421,-45.29
38.437,-51.49
38.453,-57.48
38.468,-63.07
38.484,-68.18
38.500,-73.01
38.515,-77.91
38.531,-83.33
38.546,-89.44
38.562,-95.92
38.578,-101.75
38.593,-105.46
38.609,-105.43
38.625,-100.41
38.640,-90.0
38.656,-74.74
38.671,-56.03
38.687,-35.65
38.703,-15.34
38.718,3.56
38.734,20.13
38.750,33.92
38.765,44.82
38.781,52.9
38.796,58.38
38.812,61.48
38.828,62.47
38.843,61.61
38.859,59.1
38.875,55.11
38.890,49.85
38.906,43.65
38.921,36.94
38.937,30.28
38.953,24.2
38.968,19.08
38.984,15.12
39.000,12.32
39.015,10.43
39.031,9.05
39.046,7.82
39.062,6.4
39.078,4.65
39.093,2.48
39.109,-0.13
39.125,-3.23
39.140,-6.8
39.156,-10.83
39.171,-15.21
39.187,-19.66
39.203,-23.95
39.218,-27.82
39.234,-31.16
39.250,-33.99
39.265,-36.49
39.281,-38.92
39.296,-41.64
39.312,-45.05
39.328,-49.41
39.343,-54.75
39.359,-60.51
39.375,-65.46
39.390,-67.95
39.406,-66.28
39.421,-59.28
39.437,-46.83
39.453,-29.85
39.468,-10.12
39.484,10.26
39.500,29.48
39.515,46.26
39.531,59.95
39.546,70.44
39.562,77.97
39.578,82.92
39.593,85.79
39.609,87.06
39.625,87.1
39.640,86.14
39.656,84.16
39.671,80.96
39.687,76.43
39.703,70.61
39.718,63.87
39.734,56.86
39.750,50.28
39.765,44.7
39.781,40.43
39.796,37.45
39.812,35.47
39.828,34.22
39.843,33.42
39.859,32.96
39.875,32.78
39.890,32.8
39.906,32.85
39.921,32.74
39.937,32.26
39.953,31.2
39.968,29.34
39.984,26.48
40.000,22.57
40.015,17.72
40.031,12.2
40.046,6.42
40.062,0.74
40.078,-4.67
40.093,-9.93
40.109,-15.47
40.125,-21.8
40.140,-29.12
40.156,-37.14
40.171,-44.95
40.187,-51.18
40.203,-54.41
40.218,-53.59
40.234,-48.34
40.250,-39.09
40.265,-26.91
40.281,-13.09
40.296,1.08
40.312,14.61
40.328,26.94
40.343,37.79
40.359,47.0
40.375,54.42
40.390,59.81
40.406,62.95
40.421,63.73
40.437,62.27
40.453,58.87
40.468,54.01
40.484,48.09
40.500,41.35
40.515,33.93
40.531,25.89
40.546,17.41
40.562,8.77
40.578,0.4
40.593,-7.31
40.609,-14.06
40.625,-19.75
40.640,-24.42
40.656,-28.16
40.671,-31.21
40.687,-33.83
40.703,-36.31
40.718,-38.89
40.734,-41.7
40.750,-44.71
40.765,-47.82
40.781,-50.85
40.796,-53.64
40.812,-56.25
40.828,-58.86
40.843,-61.83
40.859,-65.54
40.875,-70.32
40.890,-76.21
40.906,-82.81
40.921,-89.2
40.937,-93.93
40.953,-95.4
40.968,-92.19
40.984,-83.58
41.000,-69.78
41.015,-51.88
41.031,-31.6
41.046,-10.75
41.062,9.02
41.078,26.59
41.093,41.33
41.109,53.06
41.125,61.82
41.140,67.8
41.156,71.28
41.171,72.54
41.187,71.88
41.203,69.46
41.218,65.45
41.234,60.02
41.250,53.42
41.265,46.06
41.281,38.5
41.296,31.3
41.312,24.94
41.328,19.71
41.343,15.61
41.359,12.45
41.375,9.92
41.390,7.74
41.406,5.71
41.421,3.71
41.437,1.68
41.453,-0.52
41.468,-3.05
41.484,-6.13
41.500,-9.95
41.515,-14.56
41.531,-19.87
41.546,-25.62
41.562,-31.5
41.578,-37.22
41.593,-42.66
41.609,-47.81
41.625,-52.85
41.640,-58.03
41.656,-63.63
41.671,-69.82
41.687,-76.49
41.703,-83.1
41.718,-88.64
41.734,-91.68
41.750,-90.71
41.765,-84.67
41.781,-73.29
41.796,-57.27
41.812,-38.2
41.828,-18.07
41.843,1.27
41.859,18.43
41.875,32.65
41.890,43.78
41.906,51.93
41.921,57.5
41.937,60.99
41.953,62.82
41.968,63.37
41.984,62.9
42.000,61.45
42.015,58.96
42.031,55.37
42.046,50.62
42.062,44.9
42.078,38.65
42.093,32.43
42.109,26.87
42.125,22.53
42.140,19.62
42.156,18.01
42.171,17.32
42.187,16.95
42.203,16.41
42.218,15.4
42.234,13.86
42.250,11.89
42.265,9.56
42.281,6.86
42.296,3.66
42.312,-0.12
42.328,-4.51
42.343,-9.29
42.359,-14.16
42.375,-18.84
42.390,-23.11
42.406,-27.05
42.421,-30.89
42.437,-35.03
42.453,-39.82
42.468,-45.53
42.484,-52.1
42.500,-59.01
42.515,-65.22
42.531,-69.17
42.546,-69.24
42.562,-64.14
42.578,-53.39
42.593,-37.6
42.609,-18.32
42.625,2.42
42.640,22.66
42.656,40.85
42.671,56.21
42.687,68.45
42.703,77.69
42.718,84.23
42.734,88.47
42.750,90.83
42.765,91.72
42.781,91.52
42.796,90.32
42.812,88.06
42.828,84.51
42.843,79.49
42.859,73.02
42.875,65.46
42.890,57.48
42.906,49.8
42.921,43.08
42.937,37.64
42.953,33.52
42.968,30.45
42.984,28.07
43.000,25.98
43.015,23.88
43.031,21.66
43.046,19.25
43.062,16.6
43.078,13.65
43.093,10.31
43.109,6.47
43.125,2.15
43.140,-2.59
43.156,-7.59
43.171,-12.68
43.187,-17.74
43.203,-22.72
43.218,-27.68
43.234,-32.72
43.250,-38.08
43.265,-43.98
43.281,-50.49
43.296,-57.32
43.312,-63.66
43.328,-68.13
43.343,-69.19
43.359,-65.56
43.375,-56.7
43.390,-43.09
43.406,-26.12
43.421,-7.73
43.437,10.17
43.453,26.06
43.468,39.04
43.484,48.89
43.500,55.69
43.515,59.75
43.531,61.34
43.546,60.68
43.562,57.97
43.578,53.46
43.593,47.5
43.609,40.5
43.625,32.94
43.640,25.22
43.656,17.65
43.671,10.46
43.687,3.87
43.703,-1.92
43.718,-6.76
43.734,-10.55
43.750,-13.31
43.765,-15.28
43.781,-16.8
43.796,-18.24
43.812,-19.98
43.828,-22.22
43.843,-25.05
43.859,-28.47
43.875,-32.39
43.890,-36.68
43.906,-41.23
43.921,-45.93
43.937,-50.65
43.953,-55.23
43.968,-59.58
43.984,-63.6
44.000,-67.43
44.015,-71.27
44.031,-75.45
44.046,-80.05
44.062,-84.77
44.078,-88.7
44.093,-90.44
44.109,-88.48
44.125,-81.69
44.140,-69.8
44.156,-53.52
44.171,-34.41
44.187,-14.34
44.203,4.97
44.218,22.24
44.234,36.75
44.250,48.22
44.265,56.6
44.281,62.0
44.296,64.7
44.312,65.08
44.328,63.62
44.343,60.8
44.359,56.95
44.375,52.23
44.390,46.7
44.406,40.4
44.421,33.52
44.437,26.47
44.453,19.7
44.468,13.62
44.484,8.49
44.500,4.34
44.515,1.02
44.531,-1.67
44.546,-4.02
44.562,-6.26
44.578,-8.61
44.593,-11.34
44.609,-14.69
44.625,-18.79
44.640,-23.69
44.656,-29.2
44.671,-34.98
44.687,-40.6
44.703,-45.75
44.718,-50.31
44.734,-54.42
44.750,-58.39
44.765,-62.52
44.781,-67.13
44.796,-72.42
44.812,-78.36
44.828,-84.62
44.843,-90.42
44.859,-94.54
44.875,-95.51
44.890,-91.93
44.906,-83.01
44.921,-68.92
44.937,-50.77
44.953,-30.44
44.968,-9.98
44.984,8.88
45.000,25.08
45.015,38.2
45.031,48.37
45.046,55.9
45.062,61.11
45.078,64.27
45.093,65.61
45.109,65.29
45.125,63.53
45.140,60.56
45.156,56.55
45.171,51.68
45.187,46.21
45.203,40.37
45.218,34.56
45.234,29.16
45.250,24.48
45.265,20.73
45.281,17.93
45.296,15.96
45.312,14.53
45.328,13.33
45.343,12.03
45.359,10.43
45.375,8.34
45.390,5.63
45.406,2.23
45.421,-1.94
45.437,-6.79
45.453,-12.17
45.468,-17.79
45.484,-23.38
45.500,-28.67
45.515,-33.54
45.531,-38.06
45.546,-42.45
45.562,-47.09
45.578,-52.33
45.593,-58.4
45.609,-65.08
45.625,-71.63
45.640,-76.67
45.656,-78.45
45.671,-75.42
45.687,-66.68
45.703,-52.5
45.718,-34.16
45.734,-13.69
45.750,6.78
45.765,25.54
45.781,41.58
45.796,54.55
45.812,64.56
45.828,71.98
45.843,77.16
45.859,80.49
45.875,82.34
45.890,82.92
45.906,82.36
45.921,80.55
45.937,77.35
45.953,72.68
45.968,66.67
45.984,59.72
46.000,52.38
46.015,45.37
46.031,39.18
46.046,34.14
46.062,30.28
46.078,27.45
46.093,25.41
46.109,23.92
46.125,22.78
46.140,21.77
46.156,20.71
46.171,19.31
46.187,17.32
46.203,14.53
46.218,10.91
46.234,6.57
46.250,1.77
46.265,-3.18
46.281,-8.08
46.296,-12.86
46.312,-17.7
46.328,-22.87
46.343,-28.75
46.359,-35.55
46.375,-43.22
46.390,-51.24
46.406,-58.51
46.421,-63.59
46.437,-64.92
46.453,-61.33
46.468,-52.42
46.484,-38.74
46.500,-21.68
46.515,-3.02
46.531,15.43
46.546,32.31
46.562,46.75
46.578,58.31
46.593,66.85
46.609,72.35
46.625,74.94
46.640,74.8
46.656,72.3
46.671,67.84
46.687,61.86
46.703,54.77
46.718,46.96
46.734,38.76
46.750,30.46
46.765,22.37
46.781,14.84
46.796,8.18
46.812,2.59
46.828,-1.85
46.843,-5.23
46.859,-7.74
46.875,-9.7
46.890,-11.5
46.906,-13.55
46.921,-16.22
46.937,-19.72
46.953,-24.14
46.968,-29.34
46.984,-35.02
47.000,-40.76
47.015,-46.17
47.031,-51.01
47.046,-55.19
47.062,-58.86
47.078,-62.2
47.093,-65.58
47.109,-69.32
47.125,-73.69
47.140,-78.69
47.156,-83.87
47.171,-88.18
47.187,-90.1
47.203,-88.11
47.218,-81.05
47.234,-68.71
47.250,-51.85
47.265,-32.14
47.281,-11.59
47.296,7.93
47.312,25.14
47.328,39.43
47.343,50.63
47.359,58.87
47.375,64.36
47.390,67.38
47.406,68.23
47.421,67.25
47.437,64.77
47.453,61.12
47.468,56.46
47.484,50.93
47.500,44.67
47.515,37.91
47.531,31.01
47.546,24.44
47.562,18.5
47.578,13.37
47.593,9.01
47.609,5.25
47.625,1.92
47.640,-1.1
47.656,-3.97
47.671,-6.8
47.687,-9.75
47.703,-13.03
47.718,-16.8
47.734,-21.11
47.750,-25.86
47.765,-30.84
47.781,-35.85
47.796,-40.77
47.812,-45.6
47.828,-50.45
47.843,-55.44
47.859,-60.71
47.875,-66.5
47.890,-73.03
47.906,-80.35
47.921,-88.15
47.937,-95.53
47.953,-101.08
47.968,-103.08
47.984,-99.95
48.000,-90.79
48.015,-75.77
48.031,-56.14
48.046,-33.85
48.062,-11.11
48.078,10.12
48.093,28.49
48.109,43.24
48.125,54.18
48.140,61.61
48.156,66.03
48.171,68.05
48.187,68.34
48.203,67.4
48.218,65.54
48.234,62.91
48.250,59.45
48.265,55.14
48.281,50.08
48.296,44.52
48.312,38.89
48.328,33.69
48.343,29.3
48.359,25.96
48.375,23.7
48.390,22.27
48.406,21.34
48.421,20.5
48.437,19.47
48.453,18.06
48.468,16.18
48.484,13.67
48.500,10.42
48.515,6.28
48.531,1.18
48.546,-4.82
48.562,-11.44
48.578,-18.3
48.593,-24.97
48.609,-31.14
48.625,-36.71
48.640,-41.82
48.656,-46.76
48.671,-51.99
48.687,-57.9
48.703,-64.64
48.718,-71.85
48.734,-78.56
48.750,-83.23
48.765,-84.11
48.781,-79.76
48.796,-69.54
48.812,-53.94
48.828,-34.43
48.843,-13.02
48.859,8.3
48.875,27.97
48.890,45.12
48.906,59.44
48.921,70.91
48.937,79.66
48.953,85.81
48.968,89.6
48.984,91.29
49.000,91.24
49.015,89.74
49.031,86.98
49.046,83.0
49.062,77.81
49.078,71.55
49.093,64.57
49.109,57.49
49.125,50.96
49.140,45.48
49.156,41.3
49.171,38.36
49.187,36.36
49.203,34.96
49.218,33.81
49.234,32.6
49.250,31.16
49.265,29.31
49.281,26.91
49.296,23.95
49.312,20.4
49.328,16.26
49.343,11.57
49.359,6.42
49.375,0.93
49.390,-4.72
49.406,-10.44
49.421,-16.19
49.437,-22.12
49.453,-28.47
49.468,-35.51
49.484,-43.37
49.500,-51.82
49.515,-60.16
49.531,-67.08
49.546,-71.06
49.562,-70.53
49.578,-64.47
49.593,-52.72
49.609,-36.15
49.625,-16.4
49.640,4.47
49.656,24.44
49.671,42.03
49.687,56.21
49.703,66.59
49.718,73.15
49.734,76.16
49.750,76.06
49.765,73.43
49.781,68.83
49.796,62.75
49.812,55.64
49.828,47.84
49.843,39.69
49.859,31.55
49.875,23.79
49.890,16.78
49.906,10.78
49.921,5.9
49.937,2.05
49.953,-0.94
49.968,-3.33
49.984,-5.33
50.000,-7.12
50.015,-8.86
50.031,-10.78
50.046,-13.16
50.062,-16.28
50.078,-20.3
50.093,-25.19
50.109,-30.72
50.125,-36.49
50.140,-42.16
50.156,-47.43
50.171,-52.24
50.187,-56.66
50.203,-60.85
50.218,-65.09
50.234,-69.64
50.250,-74.7
50.265,-80.15
50.281,-85.43
50.296,-89.36
50.312,-90.43
50.328,-87.15
50.343,-78.48
50.359,-64.42
50.375,-45.95
50.390,-24.88
50.406,-3.33
50.421,16.77
50.437,34.07
50.453,47.95
50.468,58.34
50.484,65.54
50.500,69.98
50.515,72.05
50.531,72.06
50.546,70.34
50.562,67.13
50.578,62.72
50.593,57.36
50.609,51.31
50.625,44.83
50.640,38.14
50.656,31.56
50.671,25.42
50.687,19.97
50.703,15.37
50.718,11.59
50.734,8.45
50.750,5.68
50.765,3.04
50.781,0.28
50.796,-2.7
50.812,-5.96
50.828,-9.61
50.843,-13.65
50.859,-18.1
50.875,-22.9
50.890,-27.91
50.906,-32.94
50.921,-37.87
50.937,-42.61
50.953,-47.2
50.968,-51.75
50.984,-56.43
51.000,-61.42
51.015,-67.04
51.031,-73.55
51.046,-81.0
51.062,-88.92
51.078,-96.22
51.093,-101.26
51.109,-102.18
51.125,-97.5
51.140,-86.65
51.156,-70.24
51.171,-49.87
51.187,-27.68
51.203,-5.75
51.218,14.31
51.234,31.47
51.250,45.3
51.265,55.79
51.281,63.1
51.296,67.58
51.312,69.7
51.328,69.91
51.343,68.6
51.359,66.07
51.375,62.41
51.390,57.7
51.406,52.02
51.421,45.57
51.437,38.73
51.453,32.01
51.468,25.94
51.484,20.9
51.500,17.15
51.515,14.6
51.531,12.94
51.546,11.68
51.562,10.4
51.578,8.85
51.593,6.98
51.609,4.85
51.625,2.44
51.640,-0.3
51.656,-3.63
51.671,-7.74
51.687,-12.71
51.703,-18.38
51.718,-24.39
51.734,-30.35
51.750,-35.97
51.765,-41.17
51.781,-46.04
51.796,-50.95
51.812,-56.3
51.828,-62.45
51.843,-69.48
51.859,-76.98
51.875,-83.95
51.890,-88.83
51.906,-89.85
51.921,-85.55
51.937,-75.26
51.953,-59.4
51.968,-39.47
51.984,-17.62
52.000,3.88
52.015,23.17
52.031,39.11
52.046,51.35
52.062,60.1
52.078,65.93
52.093,69.42
52.109,71.14
52.125,71.46
52.140,70.66
52.156,68.87
52.171,66.07
52.187,62.16
52.203,57.05
52.218,50.78
52.234,43.71
52.250,36.51
52.265,30.01
52.281,24.99
52.296,21.9
52.312,20.68
52.328,20.82
52.343,21.54
52.359,22.14
52.375,22.19
52.390,21.55
52.406,20.29
52.421,18.49
52.437,16.14
52.453,13.14
52.468,9.41
52.484,4.92
52.500,-0.14
52.515,-5.45
52.531,-10.75
52.546,-15.78
52.562,-20.53
52.578,-25.07
52.593,-29.65
52.609,-34.55
52.625,-40.14
52.640,-46.59
52.656,-53.61
52.671,-60.41
52.687,-65.52
52.703,-67.2
52.718,-63.92
52.734,-54.91
52.750,-40.4
52.765,-21.61
52.781,-0.4
52.796,21.35
52.812,41.96
52.828,60.27
52.843,75.55
52.859,87.41
52.875,95.71
52.890,100.61
52.906,102.49
52.921,101.93
52.937,99.56
52.953,95.91
52.968,91.32
52.984,85.86
53.000,79.44
53.015,72.06
53.031,63.89
53.046,55.41
53.062,47.22
53.078,39.95
53.093,33.94
53.109,29.22
53.125,25.49
53.140,22.24
53.156,19.09
53.171,15.85
53.187,12.59
53.203,9.42
53.218,6.44
53.234,3.53
53.250,0.46
53.265,-3.03
53.281,-7.07
53.296,-11.58
53.312,-16.3
53.328,-20.96
53.343,-25.35
53.359,-29.54
53.375,-33.75
53.390,-38.3
53.406,-43.53
53.421,-49.62
53.437,-56.44
53.453,-63.43
53.468,-69.52
53.484,-73.29
53.500,-73.25
53.515,-68.37
53.531,-58.38
53.546,-43.89
53.562,-26.33
53.578,-7.56
53.593,10.63
53.609,26.85
53.625,40.2
53.640,50.3
53.656,57.12
53.671,60.85
53.687,61.87
53.703,60.6
53.718,57.47
53.734,52.87
53.750,47.19
53.765,40.67
53.781,33.57
53.796,26.17
53.812,18.72
53.828,11.56
53.843,5.02
53.859,-0.63
53.875,-5.21
53.890,-8.68
53.906,-11.18
53.921,-13.07
53.937,-14.72
53.953,-16.58
53.968,-18.96
53.984,-22.06
54.000,-25.91
54.015,-30.38
54.031,-35.32
54.046,-40.5
54.062,-45.69
54.078,-50.63
54.093,-55.17
54.109,-59.16
54.125,-62.66
54.140,-65.87
54.156,-69.18
54.171,-73.09
54.187,-77.89
54.203,-83.5
54.218,-89.21
54.234,-93.73
54.250,-95.47
54.265,-92.94
54.281,-85.28
54.296,-72.45
54.312,-55.42
54.328,-35.71
54.343,-15.16
54.359,4.55
54.375,22.2
54.390,37.02
54.406,48.77
54.421,57.43
54.437,63.22
54.453,66.4
54.468,67.32
54.484,66.31
54.500,63.68
54.515,59.73
54.531,54.68
54.546,48.73
54.562,42.09
54.578,35.05
54.593,28.03
54.609,21.5
54.625,15.91
54.640,11.49
54.656,8.14
54.671,5.52
54.687,3.11
54.703,0.51
54.718,-2.51
54.734,-5.86
54.750,-9.34
54.765,-12.77
54.781,-16.13
54.796,-19.58
54.812,-23.34
54.828,-27.53
54.843,-32.1
54.859,-36.8
54.875,-41.33
54.890,-45.56
54.906,-49.59
54.921,-53.78
54.937,-58.59
54.953,-64.42
54.968,-71.46
54.984,-79.48
55.000,-87.78
55.015,-95.11
55.031,-99.89
55.046,-100.45
55.062,-95.57
55.078,-84.82
55.093,-68.79
55.109,-49.0
55.125,-27.47
55.140,-6.28
55.156,12.95
55.171,29.2
55.187,42.09
55.203,51.7
55.218,58.41
55.234,62.69
55.250,65.05
55.265,65.93
55.281,65.64
55.296,64.32
55.312,61.95
55.328,58.44
55.343,53.74
55.359,47.98
55.375,41.56
55.390,35.09
55.406,29.23
55.421,24.55
55.437,21.34
55.453,19.57
55.468,18.85
55.484,18.63
55.500,18.4
55.515,17.79
55.531,16.58
55.546,14.71
55.562,12.11
55.578,8.67
55.593,4.36
55.609,-0.8
55.625,-6.65
55.640,-12.88
55.656,-19.06
55.671,-24.88
55.687,-30.12
55.703,-34.81
55.718,-39.15
55.734,-43.56
55.750,-48.47
55.765,-54.25
55.781,-60.96
55.796,-68.12
55.812,-74.52
55.828,-78.45
55.843,-78.07
55.859,-71.97
55.875,-59.77
55.890,-42.28
55.906,-21.25
55.921,1.07
55.937,22.53
55.953,41.62
55.968,57.55
55.984,70.12
56.000,79.55
56.015,86.16
56.031,90.37
56.046,92.57
56.062,93.12
56.078,92.27
56.093,90.07
56.109,86.52
56.125,81.55
56.140,75.25
56.156,67.93
56.171,60.24
56.187,52.96
56.203,46.76
56.218,42.04
56.234,38.77
56.250,36.55
56.265,34.84
56.281,33.21
56.296,31.45
56.312,29.56
56.328,27.63
56.343,25.58
56.359,23.25
56.375,20.31
56.390,16.51
56.406,11.78
56.421,6.3
56.437,0.41
56.453,-5.54
56.468,-11.34
56.484,-16.93
56.500,-22.37
56.515,-27.85
56.531,-33.57
56.546,-39.7
56.562,-46.33
56.578,-53.17
56.593,-59.52
56.609,-64.19
56.625,-65.76
56.640,-62.91
56.656,-54.98
56.671,-42.25
56.687,-25.88
56.703,-7.67
56.718,10.5
56.734,27.08
56.750,41.05
56.765,51.99
56.781,59.84
56.796,64.78
56.812,67.02
56.828,66.85
56.843,64.47
56.859,60.23
56.875,54.5
56.890,47.72
56.906,40.37
56.921,32.83
56.937,25.44
56.953,18.39
56.968,11.89
56.984,6.09
57.000,1.12
57.015,-2.92
57.031,-6.02
57.046,-8.34
57.062,-10.14
57.078,-11.82
57.093,-13.76
57.109,-16.23
57.125,-19.38
57.140,-23.19
57.156,-27.6
57.171,-32.45
57.187,-37.61
57.203,-42.89
57.218,-48.05
57.234,-52.84
57.250,-57.02
57.265,-60.55
57.281,-63.6
57.296,-66.61
57.312,-70.13
57.328,-74.45
57.343,-79.34
57.359,-83.85
57.375,-86.57
57.390,-85.89
57.406,-80.6
57.421,-70.21
57.437,-55.23
57.453,-36.93
57.468,-17.08
57.484,2.53
57.500,20.48
57.515,35.78
57.531,47.98
57.546,57.02
57.562,63.16
57.578,66.76
57.593,68.24
57.609,67.93
57.625,66.02
57.640,62.69
57.656,58.07
57.671,52.37
57.687,45.84
57.703,38.88
57.718,31.94
57.734,25.46
57.750,19.77
57.765,15.05
57.781,11.29
57.796,8.27
57.812,5.7
57.828,3.22
57.843,0.56
57.859,-2.44
57.875,-5.81
57.890,-9.48
57.906,-13.44
57.921,-17.64
57.937,-22.1
57.953,-26.75
57.968,-31.52
57.984,-36.3
58.000,-40.97
58.015,-45.43
58.031,-49.66
58.046,-53.82
58.062,-58.13
58.078,-62.92
58.093,-68.45
58.109,-74.8
58.125,-81.65
58.140,-88.17
58.156,-92.99
58.171,-94.49
58.187,-91.26
58.203,-82.53
58.218,-68.51
58.234,-50.37
58.250,-29.95
58.265,-9.24
58.281,10.04
58.296,26.73
58.312,40.33
58.328,50.71
58.343,58.09
58.359,62.78
58.375,65.17
58.390,65.69
58.406,64.73
58.421,62.53
58.437,59.23
58.453,54.87
58.468,49.46
58.484,43.19
58.500,36.41
58.515,29.63
58.531,23.35
58.546,17.97
58.562,13.65
58.578,10.4
58.593,8.04
58.609,6.38
58.625,5.22
58.640,4.35
58.656,3.53
58.671,2.53
58.687,1.07
58.703,-1.11
58.718,-4.21
58.734,-8.31
58.750,-13.4
58.765,-19.27
58.781,-25.62
58.796,-32.12
58.812,-38.42
58.828,-44.3
58.843,-49.73
58.859,-54.86
58.875,-60.0
58.890,-65.53
58.906,-71.64
58.921,-78.11
58.937,-84.16
58.953,-88.41
58.968,-89.25
58.984,-85.28
59.000,-75.83
59.015,-61.25
59.031,-42.84
59.046,-22.5
59.062,-2.22
59.078,16.41
59.093,32.39
59.109,45.25
59.125,54.97
59.140,61.74
59.156,65.88
59.171,67.83
59.187,68.1
59.203,67.15
59.218,65.3
59.234,62.71
59.250,59.29
59.265,54.94
59.281,49.68
59.296,43.78
59.312,37.8
59.328,32.46
59.343,28.38
59.359,25.9
59.375,24.9
59.390,24.88
59.406,25.12
59.421,24.91
59.437,23.75
59.453,21.49
59.468,18.26
59.484,14.37
59.500,10.11
59.515,5.58
59.531,0.79
59.546,-4.39
59.562,-10.01
59.578,-15.98
59.593,-22.01
59.609,-27.78
59.625,-33.02
59.640,-37.65
59.656,-41.86
59.671,-46.1
59.687,-50.88
59.703,-56.6
59.718,-63.24
59.734,-70.15
59.750,-76.03
59.765,-79.16
59.781,-77.78
59.796,-70.72
59.812,-57.84
59.828,-40.11
59.843,-19.36
59.859,2.22
59.875,22.69
59.890,40.65
59.906,55.44
59.921,66.96
59.937,75.53
59.953,81.59
59.968,85.63
59.984,88.0
