timestamp,x,y,z
00.015,-2.1599998,-57.0,-69.0
00.036,-2.1599998,-56.94,-68.88
00.058,-2.82,-56.76,-69.0
00.095,-1.92,-56.94,-68.28
00.135,-2.1599998,-57.6,-68.88
00.154,-2.3999999,-56.76,-69.299995
00.194,-2.34,-56.879997,-69.18
00.235,-2.52,-57.36,-69.18
00.255,-2.82,-57.12,-69.06
00.295,-2.22,-57.0,-68.159996
00.333,-2.28,-56.52,-68.58
00.374,-1.9799999,-56.82,-68.58
00.395,-2.28,-57.18,-68.46
00.433,-2.34,-56.94,-68.939995
00.473,-2.6399999,-56.76,-68.46
00.495,-3.06,-56.64,-68.22
00.535,-2.04,-57.3,-68.64
00.574,-2.58,-56.52,-68.46
00.593,-2.34,-56.219997,-68.58
00.634,-2.1599998,-57.539997,-67.799995
00.675,-2.58,-57.42,-69.06
00.696,-1.86,-56.879997,-69.0
00.738,-2.6399999,-57.0,-68.939995
00.775,-2.82,-57.059998,-69.6
00.794,-2.46,-57.239998,-68.64
00.835,-1.92,-57.6,-68.64
00.874,-1.9799999,-57.96,-68.22
00.895,-2.1,-58.02,-68.76
00.934,-2.3999999,-57.3,-69.479996
00.974,-2.1,-57.239998,-69.06
00.994,-2.1,-56.94,-68.82
01.034,-1.8,-57.0,-68.82
01.075,-1.92,-57.42,-69.0
01.114,-1.68,-57.0,-68.34
01.134,-1.56,-56.699997,-68.58
01.174,-1.86,-57.36,-69.06
01.216,-2.1,-57.539997,-68.58
01.235,-2.1,-57.6,-68.939995
01.275,-1.92,-57.239998,-69.479996
01.314,-2.46,-57.18,-67.619995
01.334,-2.7,-57.12,-68.52
01.373,-2.1599998,-57.0,-69.24
01.414,-2.6399999,-57.6,-68.58
01.434,-2.6399999,-56.94,-68.34
01.473,-2.04,-57.84,-68.4
01.514,-1.4399999,-57.36,-69.18
01.533,-1.68,-57.239998,-68.22
01.575,-2.34,-56.879997,-69.42
01.616,-1.92,-57.539997,-68.64
01.633,-2.1599998,-57.48,-68.58
01.674,-3.0,-56.46,-68.64
01.714,-3.24,-57.18,-69.119995
01.736,-3.0,-57.719997,-68.939995
01.774,-2.9399998,-57.0,-68.88
01.813,-2.46,-56.52,-70.08
01.834,-2.22,-56.64,-69.299995
01.874,-2.04,-57.539997,-67.86
01.915,-2.46,-57.36,-69.659996
01.935,-1.86,-57.239998,-69.06
01.975,-2.22,-56.28,-69.42
02.015,-1.62,-56.219997,-69.78
02.036,-2.04,-56.28,-69.54
02.076,-2.1,-57.42,-69.24
02.115,-2.3999999,-57.42,-68.64
02.156,-1.62,-57.36,-68.28
02.175,-2.28,-57.059998,-68.76
02.215,-1.92,-57.059998,-68.939995
02.254,-2.28,-56.699997,-68.46
02.273,-1.68,-57.6,-68.82
02.317,-2.52,-56.94,-69.659996
02.353,-2.04,-56.579998,-69.24
02.372,-1.5,-56.699997,-69.24
02.413,-1.8,-58.32,-69.24
02.454,-2.46,-56.76,-68.04
02.474,-2.6399999,-57.42,-68.64
02.515,-2.04,-57.0,-68.34
02.554,-2.22,-57.48,-68.7
02.576,-1.86,-57.96,-68.34
02.614,-2.1,-57.059998,-67.92
02.654,-2.28,-56.699997,-68.46
02.674,-1.8,-56.579998,-68.52
02.713,-2.7,-57.059998,-68.34
02.754,-3.1799998,-57.239998,-68.46
02.794,-2.9399998,-57.66,-68.46
02.814,-3.06,-57.0,-69.0
02.854,-2.34,-57.42,-68.159996
02.896,-2.04,-56.52,-69.06
02.915,-2.34,-56.399998,-69.06
02.955,-2.22,-56.64,-69.119995
02.996,-2.3999999,-56.82,-68.7
03.015,-2.8799999,-56.699997,-68.28
03.055,-2.76,-57.78,-68.22
03.082,-1.68,-57.719997,-68.159996
03.116,-2.28,-57.539997,-68.64
03.156,-1.86,-57.239998,-68.76
03.194,-2.9399998,-57.42,-68.4
03.216,-2.52,-56.94,-68.46
03.254,-2.22,-57.539997,-68.52
03.295,-1.68,-56.46,-68.7
03.315,-1.14,-56.879997,-68.1
03.355,-1.4399999,-56.579998,-68.76
03.394,-1.9799999,-57.18,-68.46
03.415,-2.46,-57.6,-68.04
03.455,-2.22,-57.3,-68.82
03.496,-1.38,-57.36,-68.52
03.516,-1.56,-57.239998,-68.52
03.556,-1.8,-56.94,-68.159996
03.594,-2.22,-57.3,-68.22
03.634,-1.74,-56.879997,-68.52
03.654,-2.3999999,-56.76,-68.52
03.695,-1.74,-57.18,-68.64
03.734,-2.28,-56.64,-68.939995
03.754,-2.1599998,-56.579998,-69.119995
03.795,-2.22,-57.12,-68.76
03.835,-2.28,-56.76,-68.939995
03.855,-2.6399999,-57.059998,-69.0
03.895,-2.1,-57.66,-68.4
03.934,-2.9399998,-56.76,-69.18
03.956,-2.3999999,-56.52,-68.58
03.994,-2.34,-57.0,-68.76
04.035,-2.52,-56.46,-69.42
04.054,-2.34,-56.64,-68.88
04.095,-2.34,-57.48,-68.4
04.135,-1.92,-56.94,-68.52
04.155,-1.86,-57.18,-68.58
04.195,-2.46,-56.399998,-68.88
04.237,-2.1,-57.18,-68.88
04.257,-2.1599998,-57.539997,-69.72
04.298,-1.9799999,-57.3,-68.64
04.336,-1.8,-57.3,-68.4
04.355,-2.58,-57.48,-68.58
04.395,-1.68,-56.94,-68.76
04.436,-2.6399999,-56.1,-67.92
04.457,-2.8799999,-56.699997,-68.28
04.494,-2.1599998,-57.78,-67.86
04.535,-2.7,-57.6,-69.119995
04.556,-2.28,-56.94,-67.86
04.594,-2.1,-57.12,-68.88
04.635,-1.92,-56.879997,-68.58
04.676,-2.1,-57.42,-67.68
04.696,-2.1599998,-56.699997,-67.5
04.735,-3.1799998,-56.64,-69.0
04.776,-1.86,-56.76,-68.76
04.795,-2.04,-57.0,-69.119995
04.835,-1.4399999,-57.78,-68.7
04.875,-2.58,-56.94,-69.36
04.896,-2.6399999,-57.12,-68.46
04.935,-2.1,-57.48,-68.46
04.975,-2.1599998,-57.719997,-68.46
04.996,-2.82,-57.539997,-68.58
05.036,-1.92,-57.239998,-69.119995
05.075,-2.28,-57.539997,-68.7
05.095,-2.46,-57.42,-68.46
05.135,-2.1599998,-57.0,-69.299995
05.176,-1.9799999,-57.42,-68.159996
05.196,-1.56,-57.059998,-69.06
05.235,-1.9799999,-57.48,-69.18
05.275,-2.34,-56.64,-68.64
05.315,-1.86,-57.899998,-68.22
05.335,-1.9799999,-58.14,-68.1
05.373,-2.1,-57.239998,-68.52
05.397,-1.74,-57.36,-68.64
05.435,-2.34,-56.64,-67.92
05.475,-2.52,-57.12,-68.82
05.516,-1.74,-57.3,-68.7
05.536,-1.68,-57.059998,-68.22
05.576,-2.04,-57.059998,-68.1
05.597,-1.62,-56.879997,-68.34
05.636,-2.34,-57.3,-68.52
05.675,-2.52,-57.42,-68.04
05.714,-2.3999999,-57.12,-68.22
05.734,-2.52,-57.36,-68.4
05.773,-2.34,-57.48,-69.299995
05.815,-2.46,-57.0,-68.82
05.835,-1.9799999,-57.12,-68.7
05.875,-2.1599998,-57.18,-70.02
05.914,-2.7,-56.76,-68.76
05.935,-2.22,-57.36,-69.06
05.974,-1.86,-57.0,-68.76
06.014,-1.86,-57.36,-68.04
06.036,-1.4399999,-56.1,-68.04
06.076,-1.86,-56.28,-68.64
06.115,-2.7,-57.84,-68.58
06.156,-2.22,-57.3,-67.92
06.175,-1.8,-56.879997,-69.24
06.216,-2.22,-57.12,-69.24
06.254,-2.28,-56.579998,-67.86
06.274,-2.22,-56.76,-68.04
06.316,-2.04,-56.82,-67.68
06.354,-2.34,-56.399998,-67.92
06.374,-2.34,-56.94,-68.46
06.413,-2.34,-57.719997,-69.0
06.454,-3.24,-56.699997,-68.58
06.474,-2.7,-57.539997,-68.28
06.513,-1.9799999,-56.76,-69.42
06.554,-1.8,-56.76,-68.76
06.574,-2.52,-57.239998,-68.4
06.615,-2.34,-56.46,-69.0
06.655,-2.6399999,-56.82,-68.76
06.675,-2.82,-57.36,-68.34
06.715,-2.1599998,-57.12,-67.26
06.755,-2.1,-56.82,-67.799995
06.776,-2.22,-57.6,-67.86
06.814,-2.76,-57.3,-68.04
06.855,-2.76,-57.36,-68.939995
06.874,-2.52,-57.539997,-68.58
06.915,-1.68,-56.82,-68.82
06.955,-2.22,-57.18,-68.7
06.975,-2.04,-57.059998,-68.82
07.016,-2.22,-57.18,-68.34
07.056,-2.52,-56.76,-68.58
07.076,-1.9799999,-57.059998,-68.46
07.114,-1.86,-57.0,-68.28
07.155,-1.8,-56.879997,-68.4
07.195,-2.58,-57.36,-68.159996
07.215,-2.58,-56.82,-68.28
07.256,-1.3199999,-57.42,-69.18
07.295,-2.04,-56.879997,-68.88
07.315,-2.34,-56.76,-68.88
07.354,-2.28,-57.539997,-68.46
07.393,-2.7,-57.059998,-68.58
07.414,-2.1,-56.82,-68.64
07.454,-1.1999999,-57.48,-68.88
07.495,-2.76,-57.12,-69.0
07.514,-2.9399998,-56.76,-69.06
07.555,-1.8,-56.879997,-68.159996
07.595,-2.8799999,-57.66,-68.46
07.615,-3.54,-57.539997,-68.939995
07.655,-1.92,-56.879997,-68.58
07.696,-2.3999999,-57.0,-69.0
07.734,-2.1599998,-57.18,-68.7
07.755,-1.9799999,-56.94,-68.58
07.796,-2.6399999,-57.3,-68.52
07.816,-2.46,-57.78,-68.46
07.855,-2.52,-57.12,-68.58
07.895,-2.7,-56.879997,-68.52
07.933,-2.1,-57.42,-68.939995
07.954,-2.34,-56.82,-69.6
07.995,-1.56,-57.3,-68.28
08.035,-2.34,-56.52,-68.64
08.055,-2.6399999,-56.64,-68.34
08.096,-2.46,-57.78,-68.76
08.134,-2.46,-57.36,-68.76
08.156,-2.6399999,-57.239998,-69.119995
08.194,-2.1,-57.719997,-68.939995
08.233,-2.52,-56.82,-69.0
08.254,-3.24,-57.0,-68.52
08.296,-2.9399998,-57.66,-68.4
08.336,-2.3999999,-57.96,-68.88
08.356,-2.28,-58.44,-68.46
08.395,-2.1,-57.42,-68.46
08.434,-1.74,-56.579998,-68.22
08.454,-2.82,-56.879997,-68.52
08.493,-2.1599998,-56.82,-68.34
08.535,-2.34,-56.579998,-69.36
08.554,-2.1,-56.76,-69.479996
08.593,-2.1599998,-56.699997,-67.439995
08.635,-2.04,-57.059998,-68.58
08.675,-2.8799999,-56.94,-68.04
08.695,-2.3999999,-57.059998,-67.56
08.734,-1.86,-56.64,-69.0
08.756,-2.1,-56.399998,-69.0
08.794,-2.1599998,-57.78,-68.64
08.833,-1.86,-57.42,-68.82
08.873,-2.1599998,-56.579998,-69.479996
08.894,-2.1,-57.0,-68.04
08.934,-1.26,-56.82,-69.42
08.975,-2.34,-57.719997,-68.76
08.997,-2.28,-57.48,-68.76
09.037,-1.62,-56.76,-68.159996
09.076,-0.84,-56.16,-68.28
09.097,-2.04,-56.879997,-68.22
09.137,-2.22,-57.239998,-68.159996
09.177,-2.04,-57.539997,-68.64
09.195,-2.46,-57.42,-68.939995
09.234,-1.74,-57.18,-69.18
09.274,-1.8,-56.82,-68.82
09.295,-2.1,-57.059998,-68.7
09.330,-2.3999999,-56.76,-68.4
09.373,-2.3999999,-57.0,-67.86
09.414,-2.76,-57.42,-68.64
09.433,-2.6399999,-56.94,-68.64
09.474,-2.3999999,-57.0,-68.4
09.495,-2.76,-57.3,-68.7
09.535,-2.52,-57.66,-68.58
09.574,-2.3999999,-57.48,-68.82
09.615,-2.1599998,-56.28,-68.7
09.635,-2.3999999,-56.82,-68.939995
09.675,-2.58,-56.1,-68.52
09.715,-1.74,-57.239998,-68.22
09.733,-1.62,-57.48,-67.86
09.773,-2.1,-56.64,-68.82
09.814,-2.58,-56.46,-68.4
09.835,-2.76,-57.239998,-69.06
09.874,-2.6399999,-57.78,-68.1
09.914,-2.46,-56.94,-68.88
09.934,-2.7,-57.239998,-68.159996
09.974,-2.1599998,-57.96,-68.28
10.014,-2.1,-56.76,-68.7
10.034,-2.28,-56.219997,-68.58
10.073,-1.86,-57.36,-68.88
10.115,-2.46,-56.879997,-68.4
10.133,-1.5,-56.52,-68.28
10.174,-2.34,-57.42,-68.159996
10.218,-2.58,-57.0,-67.86
10.234,-2.76,-56.94,-67.5
10.274,-1.8,-57.12,-68.46
10.314,-2.1599998,-57.6,-68.52
10.356,-0.59999996,-58.14,-68.64
10.373,-1.1999999,-57.899998,-68.4
10.415,-1.68,-58.32,-68.28
10.455,-1.9799999,-57.18,-67.86
10.473,-1.86,-56.76,-67.439995
10.513,-1.4399999,-56.82,-68.76
10.554,-2.34,-56.82,-68.58
10.575,-2.28,-56.82,-68.939995
10.613,-2.1,-56.699997,-68.76
10.653,-1.86,-56.879997,-68.52
10.674,-2.04,-56.879997,-68.4
10.714,-2.22,-57.539997,-68.82
10.755,-2.3999999,-57.36,-68.28
10.775,-2.22,-57.48,-68.4
10.815,-2.04,-57.0,-68.76
10.856,-2.3999999,-57.0,-68.7
10.874,-2.1,-56.579998,-68.58
10.914,-2.76,-57.3,-68.34
10.954,-2.1,-57.18,-67.68
10.974,-1.38,-57.42,-68.28
11.014,-1.9799999,-56.76,-68.7
11.054,-2.22,-57.0,-68.64
11.074,-2.3999999,-57.48,-68.22
11.114,-2.22,-57.48,-68.4
11.155,-1.9799999,-57.66,-68.4
11.194,-2.3999999,-57.0,-68.58
11.213,-1.86,-56.76,-68.159996
11.256,-2.1,-56.879997,-68.28
11.294,-2.76,-57.6,-68.28
11.313,-2.04,-57.36,-68.04
11.354,-2.52,-57.12,-68.7
11.393,-1.0799999,-56.879997,-68.159996
11.414,-0.96,-57.36,-67.799995
11.455,-3.06,-57.36,-68.22
11.495,-2.52,-56.879997,-68.4
11.515,-2.7,-57.239998,-68.64
11.554,-2.34,-57.3,-68.52
11.595,-2.34,-58.02,-68.64
11.613,-2.46,-57.66,-68.1
11.654,-2.1,-57.719997,-67.74
11.685,-2.46,-57.239998,-67.92
11.713,-2.04,-57.12,-69.479996
11.755,-1.68,-56.52,-68.82
11.793,-2.46,-57.899998,-69.18
11.814,-2.52,-57.719997,-69.36
11.854,-3.12,-57.96,-68.88
11.893,-1.68,-57.0,-68.22
11.914,-1.9799999,-56.76,-67.92
11.954,-1.4399999,-57.0,-68.64
11.995,-1.9799999,-56.16,-67.92
12.033,-2.6399999,-57.36,-68.4
12.054,-1.86,-56.879997,-68.76
12.094,-2.28,-57.66,-68.58
12.116,-1.92,-57.12,-68.64
12.154,-2.58,-57.12,-68.4
12.194,-0.84,-57.36,-68.4
12.233,-2.3999999,-57.059998,-68.34
12.253,-1.9799999,-56.699997,-69.36
12.295,-2.46,-57.66,-68.1
12.320,-2.22,-57.3,-68.58
12.353,-2.3999999,-57.239998,-69.06
12.393,-2.28,-57.3,-69.119995
12.434,-2.7,-57.48,-69.0
12.454,-2.7,-56.64,-68.88
12.494,-2.7,-57.239998,-68.1
12.534,-2.3999999,-56.52,-68.52
12.554,-2.28,-56.64,-68.76
12.594,-2.46,-57.12,-69.659996
12.634,-1.74,-56.699997,-68.7
12.655,-2.1,-56.82,-68.34
12.694,-2.52,-57.719997,-68.58
12.733,-1.8,-57.78,-68.939995
12.774,-1.92,-57.6,-68.939995
12.794,-2.22,-57.12,-68.4
12.833,-2.76,-57.42,-68.58
12.874,-1.68,-56.219997,-68.22
12.894,-1.74,-57.0,-68.159996
12.934,-1.92,-56.76,-69.06
12.973,-2.52,-57.6,-69.299995
12.993,-1.74,-56.76,-69.42
13.034,-1.92,-57.3,-67.74
13.074,-1.62,-57.42,-68.52
13.094,-1.86,-57.36,-67.68
13.135,-1.86,-56.94,-69.479996
13.173,-1.86,-57.059998,-68.7
13.193,-1.8,-56.94,-68.52
13.234,-1.9799999,-57.66,-68.28
13.274,-2.1,-56.1,-68.58
13.294,-2.52,-56.1,-68.1
13.336,-2.1599998,-57.899998,-69.119995
13.373,-2.52,-57.539997,-68.64
13.393,-1.8,-56.94,-69.06
13.435,-1.38,-56.76,-69.54
13.473,-1.9799999,-56.82,-68.58
13.493,-1.9799999,-57.0,-68.46
13.534,-1.56,-56.879997,-68.58
13.573,-1.86,-56.76,-69.06
13.613,-1.86,-57.12,-68.34
13.634,-1.56,-57.0,-68.82
13.674,-2.3999999,-56.34,-68.34
13.715,-1.8,-57.539997,-68.34
13.734,-1.74,-57.539997,-68.76
13.774,-2.3999999,-57.12,-68.939995
13.814,-2.3999999,-57.42,-67.979996
13.833,-1.56,-56.699997,-68.82
13.874,-2.1599998,-57.059998,-68.76
13.914,-1.74,-57.0,-68.88
13.933,-2.22,-56.94,-68.82
13.975,-2.22,-57.42,-68.88
14.014,-2.9399998,-57.719997,-68.88
14.032,-2.46,-57.42,-68.58
14.073,-2.76,-57.42,-68.76
14.115,-2.52,-57.3,-68.46
14.134,-2.52,-57.12,-67.799995
14.173,-1.5,-57.3,-68.58
14.216,-2.1599998,-56.34,-68.34
14.233,-2.22,-56.699997,-68.04
14.273,-2.04,-57.719997,-68.64
14.314,-2.22,-57.3,-68.64
14.335,-2.1,-56.879997,-68.76
14.374,-2.7,-56.699997,-68.4
14.414,-2.3999999,-57.0,-68.58
14.453,-1.9799999,-57.48,-68.64
14.473,-1.68,-57.42,-68.22
14.514,-2.76,-57.6,-68.1
14.554,-1.86,-57.0,-69.479996
14.574,-1.86,-57.12,-68.82
14.614,-2.1,-56.82,-68.22
14.653,-1.62,-56.699997,-68.04
14.673,-1.5,-57.239998,-68.82
14.713,-2.1599998,-57.539997,-68.7
14.753,-2.1,-57.0,-68.46
14.772,-2.6399999,-57.12,-69.0
14.813,-3.1799998,-57.239998,-69.0
14.853,-1.92,-56.82,-68.58
14.875,-1.9799999,-56.82,-68.52
14.914,-2.8799999,-57.719997,-69.78
14.956,-2.1,-56.76,-69.06
14.975,-1.92,-56.879997,-69.119995
15.014,-2.22,-57.78,-67.86
15.054,-2.04,-57.539997,-69.24
15.075,-2.76,-57.239998,-68.46
15.114,-2.1,-57.059998,-67.86
15.154,-2.76,-57.48,-68.64
15.175,-2.52,-57.78,-68.939995
15.214,-2.6399999,-56.52,-68.34
15.253,-2.1,-57.0,-68.4
15.275,-1.68,-56.879997,-67.56
15.316,-2.82,-56.579998,-68.64
15.354,-3.36,-57.84,-68.1
15.394,-1.8,-57.3,-67.619995
15.415,-1.86,-57.539997,-68.28
15.453,-1.5,-58.62,-68.52
15.494,-1.74,-56.699997,-68.64
15.513,-1.74,-57.66,-68.159996
15.553,-0.84,-58.079998,-69.24
15.594,-0.71999997,-57.719997,-67.979996
15.614,-1.4399999,-57.3,-68.34
15.653,-1.62,-57.899998,-69.299995
15.694,-1.92,-57.96,-68.34
15.713,-1.74,-57.36,-68.7
15.753,-1.9799999,-57.84,-68.22
15.794,-1.68,-57.12,-68.82
15.815,-1.86,-57.239998,-68.7
15.853,-1.56,-56.879997,-67.799995
15.893,-2.1,-57.18,-69.0
15.913,-2.7,-57.6,-69.119995
15.953,-2.22,-57.42,-68.88
15.995,-1.9799999,-56.28,-69.299995
16.016,-2.52,-56.28,-69.0
16.055,-2.04,-56.64,-68.04
16.095,-1.3199999,-57.059998,-68.58
16.115,-1.9799999,-56.94,-69.0
16.154,-2.1599998,-57.48,-69.479996
16.194,-2.22,-56.219997,-68.34
16.237,-2.82,-56.699997,-69.18
16.253,-3.36,-57.42,-69.06
16.296,-2.22,-57.0,-68.46
16.333,-2.76,-57.3,-68.7
16.352,-2.58,-57.42,-68.939995
16.392,-2.6399999,-57.36,-69.06
16.435,-2.7,-56.52,-69.06
16.452,-2.04,-56.879997,-68.52
16.492,-1.74,-55.86,-68.4
16.533,-2.58,-57.0,-68.76
16.553,-2.28,-56.16,-68.28
16.592,-1.68,-56.579998,-67.86
16.633,-2.34,-57.3,-69.06
16.654,-2.1,-57.059998,-69.06
16.694,-1.9799999,-56.579998,-69.479996
16.734,-2.46,-57.719997,-68.7
16.753,-2.22,-57.3,-68.58
16.793,-1.5,-57.42,-68.52
16.832,-1.5,-56.879997,-69.0
16.853,-1.56,-56.52,-69.18
16.893,-1.92,-57.059998,-68.28
16.934,-2.46,-57.239998,-68.159996
16.974,-2.1599998,-56.879997,-67.979996
16.993,-1.74,-57.36,-68.04
17.033,-2.3999999,-57.36,-69.24
17.073,-2.04,-56.76,-68.7
17.093,-2.76,-56.52,-68.76
17.134,-1.62,-56.94,-67.799995
17.172,-2.46,-57.239998,-68.159996
17.194,-2.8799999,-57.3,-68.34
17.233,-1.56,-57.48,-69.36
17.276,-2.46,-56.82,-69.0
17.295,-2.04,-57.18,-68.58
17.334,-1.56,-56.76,-68.939995
17.357,-1.62,-56.879997,-68.7
17.394,-2.3999999,-57.0,-68.88
17.433,-2.46,-57.12,-68.159996
17.474,-2.46,-57.78,-68.76
17.494,-2.34,-57.539997,-68.58
17.534,-3.0,-57.719997,-68.159996
17.575,-1.5,-56.94,-68.64
17.594,-1.8,-56.28,-68.4
17.635,-1.74,-56.82,-67.92
17.674,-2.1599998,-57.0,-68.04
17.693,-1.68,-56.399998,-68.46
17.734,-2.52,-57.899998,-68.46
17.772,-2.04,-58.32,-68.22
17.813,-2.6399999,-57.36,-67.68
17.834,-2.58,-57.42,-67.799995
17.873,-1.5,-57.719997,-68.939995
17.895,-1.9799999,-57.66,-68.4
17.934,-2.3999999,-57.42,-68.58
17.974,-2.22,-57.48,-68.04
18.014,-2.1599998,-57.719997,-68.82
18.034,-1.62,-57.6,-69.119995
18.074,-1.56,-58.02,-69.0
18.113,-1.9799999,-58.079998,-68.159996
18.133,-2.1599998,-58.02,-67.92
18.174,-2.1,-57.18,-68.7
18.216,-1.9799999,-57.6,-68.159996
18.237,-3.0,-56.64,-68.7
18.274,-2.28,-57.239998,-69.18
18.315,-1.62,-56.879997,-68.22
18.333,-1.74,-57.12,-68.7
18.382,-2.04,-57.84,-69.0
18.415,-1.9799999,-56.039997,-69.0
18.435,-2.6399999,-56.82,-69.0
18.473,-2.28,-57.96,-69.06
18.514,-2.04,-57.78,-69.36
18.534,-2.3999999,-57.42,-69.36
18.573,-2.58,-57.539997,-68.34
18.615,-1.5,-57.12,-69.54
18.634,-1.68,-56.579998,-69.479996
18.674,-1.14,-57.12,-68.58
18.714,-2.04,-56.94,-68.28
18.756,-2.34,-57.0,-67.92
18.775,-2.1599998,-56.399998,-68.159996
18.815,-1.9799999,-56.399998,-68.58
18.836,-1.26,-56.16,-69.18
18.872,-1.68,-57.36,-68.34
18.913,-1.4399999,-57.12,-69.119995
18.953,-2.04,-56.94,-69.54
18.975,-2.3999999,-56.399998,-69.54
19.014,-2.58,-56.46,-68.22
19.054,-2.1599998,-56.579998,-68.4
19.074,-1.8,-56.579998,-68.22
19.114,-2.52,-57.42,-68.52
19.155,-1.86,-57.42,-68.34
19.175,-2.9399998,-57.539997,-68.22
19.216,-2.1599998,-57.36,-69.06
19.254,-1.8,-56.94,-68.64
19.273,-2.34,-56.879997,-68.76
19.315,-2.34,-57.12,-68.22
19.352,-1.86,-58.199997,-69.06
19.374,-2.8799999,-57.6,-68.76
19.414,-2.3999999,-57.3,-68.7
19.453,-2.1,-57.12,-68.58
19.493,-2.46,-57.719997,-68.28
19.513,-2.28,-58.14,-68.159996
19.553,-2.04,-57.18,-68.82
19.593,-2.34,-57.78,-69.06
19.614,-2.28,-57.719997,-68.04
19.653,-2.28,-57.6,-68.22
19.693,-2.46,-57.059998,-68.4
19.714,-2.04,-56.52,-68.1
19.753,-1.8,-57.36,-67.92
19.795,-2.3999999,-57.18,-69.78
19.815,-1.86,-56.94,-69.78
19.856,-1.62,-57.3,-67.92
19.895,-2.28,-57.059998,-67.86
19.915,-2.28,-56.219997,-68.46
19.954,-2.34,-56.879997,-68.82
19.994,-1.9799999,-57.78,-67.799995
20.015,-2.22,-57.78,-68.28
20.054,-1.9799999,-56.82,-69.18
20.095,-2.82,-57.719997,-68.34
20.114,-2.1,-57.12,-67.74
20.155,-1.92,-57.3,-68.4
20.193,-3.1799998,-56.76,-69.18
20.214,-3.54,-57.36,-69.06
20.254,-1.74,-56.699997,-68.34
20.294,-1.92,-57.719997,-68.58
20.320,-2.22,-57.239998,-68.58
20.354,-2.82,-57.66,-68.82
20.394,-2.3999999,-57.719997,-68.82
20.433,-2.34,-56.76,-68.939995
20.453,-2.1599998,-56.46,-68.7
20.493,-2.04,-56.76,-69.36
20.533,-2.1,-57.239998,-68.04
20.553,-2.34,-56.94,-69.18
20.594,-2.6399999,-57.6,-69.18
20.634,-2.3999999,-56.699997,-68.159996
20.654,-2.6399999,-56.76,-68.46
20.694,-2.1599998,-57.42,-68.939995
20.722,-2.22,-57.059998,-68.88
20.755,-2.52,-57.239998,-69.659996
20.792,-2.76,-58.02,-69.06
20.834,-2.1599998,-56.94,-68.58
20.853,-1.92,-57.18,-69.6
20.893,-2.28,-57.239998,-69.42
20.934,-1.9799999,-56.399998,-69.9
20.955,-1.92,-56.94,-68.64
20.994,-1.86,-57.239998,-69.299995
21.034,-2.34,-57.0,-68.04
21.055,-2.6399999,-56.879997,-68.34
21.093,-2.04,-55.92,-69.119995
21.134,-2.7,-57.059998,-69.24
21.155,-2.76,-57.6,-69.0
21.194,-2.1599998,-58.199997,-69.06
21.233,-1.62,-57.239998,-68.4
21.274,-1.74,-56.64,-67.92
21.294,-2.1,-57.239998,-68.34
21.334,-1.92,-57.239998,-68.7
21.374,-2.22,-56.699997,-69.24
21.394,-2.3999999,-57.78,-69.119995
21.435,-2.1,-56.879997,-68.58
21.474,-1.92,-57.36,-69.119995
21.492,-1.56,-57.059998,-68.28
21.534,-1.86,-56.399998,-69.18
21.573,-2.6399999,-57.18,-68.76
21.594,-2.8799999,-57.3,-67.92
21.634,-3.12,-57.059998,-68.04
21.674,-1.56,-56.28,-68.4
21.693,-1.62,-56.46,-68.46
21.734,-1.8,-57.059998,-68.82
21.774,-2.8799999,-57.96,-68.82
21.794,-2.52,-58.14,-69.0
21.834,-2.1599998,-57.18,-68.22
21.873,-2.7,-57.78,-68.58
21.893,-2.3999999,-57.899998,-68.88
21.934,-1.9799999,-56.879997,-69.299995
21.974,-2.04,-56.94,-68.04
22.015,-1.86,-56.94,-68.76
22.034,-2.28,-57.059998,-68.7
22.074,-2.22,-57.48,-68.82
22.095,-2.34,-57.42,-68.88
22.134,-1.92,-57.719997,-68.82
22.173,-2.28,-57.0,-68.76
22.214,-2.82,-57.0,-68.58
22.233,-2.82,-56.28,-68.34
22.275,-1.74,-57.36,-69.119995
22.315,-2.04,-57.36,-69.0
22.334,-2.1,-57.3,-68.58
22.374,-2.22,-56.52,-68.22
22.412,-1.86,-56.64,-69.36
22.433,-1.56,-57.84,-69.24
22.473,-2.46,-56.28,-68.7
22.512,-1.38,-57.6,-68.58
22.533,-2.1,-57.48,-68.46
22.574,-1.9799999,-57.239998,-69.36
22.613,-2.34,-56.399998,-69.06
22.633,-1.8,-56.399998,-68.76
22.674,-1.74,-57.42,-68.7
22.712,-2.1,-57.84,-67.92
22.734,-2.3999999,-57.719997,-68.1
22.773,-2.04,-57.059998,-68.82
22.814,-2.34,-57.42,-68.58
22.834,-1.62,-57.18,-68.159996
22.875,-2.3999999,-56.76,-67.86
22.913,-2.1,-57.36,-68.52
22.954,-1.8,-56.699997,-68.58
22.974,-1.92,-56.46,-69.0
23.013,-1.68,-57.0,-68.4
23.053,-2.7,-57.539997,-69.24
23.074,-2.52,-57.84,-68.64
23.114,-3.1799998,-57.0,-68.58
23.153,-2.22,-57.96,-68.46
23.173,-2.3999999,-57.84,-68.7
23.214,-2.46,-57.66,-67.979996
23.254,-1.86,-56.76,-69.299995
23.273,-1.9799999,-57.12,-69.18
23.313,-2.34,-57.12,-68.82
23.355,-2.22,-58.02,-68.22
23.373,-2.34,-57.239998,-68.159996
23.413,-1.5,-57.66,-68.939995
23.452,-2.1,-57.899998,-67.92
23.473,-2.04,-56.94,-68.1
23.516,-2.04,-57.0,-68.88
23.554,-1.8,-57.0,-68.88
23.573,-2.04,-56.699997,-68.28
23.612,-1.9799999,-57.059998,-68.88
23.653,-1.92,-57.84,-69.18
23.693,-2.1599998,-56.699997,-68.34
23.713,-1.92,-57.0,-68.7
23.754,-2.22,-57.12,-69.299995
23.793,-2.46,-56.46,-68.88
23.814,-2.1,-56.46,-67.799995
23.853,-2.22,-56.82,-68.22
23.894,-2.1,-57.059998,-68.4
23.913,-1.9799999,-57.0,-68.58
23.954,-2.82,-56.94,-68.46
23.994,-3.0,-57.539997,-69.54
24.013,-3.1799998,-56.94,-68.76
24.053,-1.92,-56.52,-69.479996
24.094,-2.1599998,-57.239998,-68.64
24.114,-2.28,-56.64,-68.76
24.154,-1.56,-57.239998,-68.28
24.193,-2.1,-57.3,-69.119995
24.214,-2.6399999,-57.18,-69.24
24.255,-1.68,-58.079998,-69.119995
24.294,-1.26,-57.48,-69.18
24.315,-1.92,-57.6,-68.76
24.354,-1.74,-57.0,-69.119995
24.395,-1.56,-57.36,-69.9
24.414,-2.28,-57.539997,-69.479996
24.454,-2.1599998,-57.78,-67.619995
24.494,-1.92,-57.6,-69.54
24.515,-2.22,-56.94,-69.24
24.555,-2.58,-57.0,-68.76
24.595,-2.8799999,-56.579998,-68.52
24.615,-2.76,-56.76,-69.24
24.655,-1.86,-56.879997,-68.52
24.694,-2.28,-57.3,-68.34
24.734,-1.56,-56.399998,-69.06
24.754,-1.92,-56.76,-68.88
24.794,-1.9799999,-56.879997,-68.939995
24.834,-3.36,-57.84,-69.6
24.854,-2.28,-57.66,-69.299995
24.895,-2.76,-57.18,-68.64
24.934,-1.92,-56.16,-68.46
24.955,-2.28,-57.12,-68.88
24.994,-1.9799999,-57.3,-69.24
25.035,-2.1599998,-57.0,-68.28
25.054,-2.76,-57.3,-67.68
25.095,-2.1,-56.879997,-68.22
25.135,-2.22,-57.239998,-68.7
25.155,-2.46,-57.6,-68.159996
25.195,-1.8,-56.82,-68.76
25.234,-1.86,-56.52,-68.58
25.255,-2.04,-57.059998,-68.82
25.294,-2.3999999,-56.64,-68.76
25.333,-3.0,-57.059998,-69.479996
25.373,-2.3999999,-57.6,-68.88
25.393,-2.28,-56.94,-68.58
25.434,-2.22,-56.34,-69.42
25.474,-2.52,-56.64,-68.22
25.496,-2.1599998,-57.239998,-68.58
25.534,-2.04,-56.46,-68.28
25.574,-1.74,-56.399998,-68.04
25.593,-2.46,-56.94,-67.86
25.633,-1.8,-57.539997,-68.939995
25.674,-1.68,-57.42,-68.46
25.695,-2.22,-57.6,-68.82
25.736,-1.38,-57.239998,-68.939995
25.775,-1.9799999,-56.879997,-69.42
25.796,-2.58,-56.94,-69.18
25.835,-2.46,-57.6,-68.88
25.877,-2.28,-56.76,-68.88
25.895,-2.34,-57.059998,-69.18
25.934,-1.9799999,-57.239998,-68.4
25.974,-2.04,-57.6,-68.7
25.994,-1.92,-57.36,-69.0
26.036,-1.86,-56.699997,-69.36
26.074,-1.86,-56.46,-68.46
26.095,-2.1,-57.059998,-68.04
26.133,-2.1,-57.96,-67.32
26.175,-1.74,-57.3,-68.52
26.194,-1.68,-56.879997,-68.52
26.235,-2.3999999,-57.12,-68.88
26.275,-1.74,-56.76,-68.58
26.316,-2.22,-56.94,-68.28
26.335,-2.1599998,-56.82,-68.88
26.374,-2.46,-57.48,-69.0
26.414,-1.14,-57.18,-68.82
26.434,-1.3199999,-56.82,-68.7
26.474,-0.9,-57.0,-68.52
26.513,-2.1599998,-56.879997,-68.64
26.533,-1.86,-57.059998,-68.34
26.575,-1.56,-57.36,-68.76
26.614,-1.3199999,-57.36,-68.159996
26.637,-1.26,-57.059998,-68.1
26.676,-2.04,-57.12,-69.119995
26.724,-1.62,-56.52,-69.0
26.741,-2.04,-56.94,-68.46
26.775,-2.58,-57.42,-68.76
26.813,-2.46,-56.94,-68.7
26.834,-2.28,-57.48,-68.1
26.874,-2.1,-57.539997,-68.7
26.914,-3.12,-57.84,-68.76
26.934,-2.52,-58.079998,-68.52
26.973,-1.74,-57.059998,-68.22
27.014,-2.52,-57.12,-68.939995
27.034,-2.28,-57.719997,-68.34
27.074,-2.6399999,-57.36,-68.88
27.115,-2.1599998,-57.239998,-68.4
27.135,-2.58,-57.78,-68.46
27.174,-1.8,-57.0,-68.88
27.214,-1.56,-57.18,-68.58
27.254,-1.74,-57.239998,-68.64
27.276,-2.22,-57.239998,-68.88
27.315,-2.82,-57.12,-69.0
27.354,-1.5,-57.059998,-68.58
27.373,-1.3199999,-57.3,-68.7
27.414,-2.82,-57.12,-68.34
27.453,-2.7,-57.18,-69.659996
27.474,-2.58,-57.059998,-69.0
27.514,-1.5,-57.12,-68.4
27.553,-2.46,-57.36,-68.04
27.574,-2.1599998,-57.84,-68.34
27.614,-2.34,-57.18,-68.76
27.655,-2.3999999,-57.48,-68.88
27.674,-2.58,-57.36,-68.4
27.714,-2.1,-57.059998,-68.52
27.753,-2.1,-56.94,-68.34
27.775,-2.46,-57.78,-68.46
27.814,-2.46,-57.12,-68.64
27.855,-2.04,-56.76,-68.64
27.874,-1.68,-57.3,-68.04
27.914,-2.1,-56.94,-68.7
27.955,-3.0,-57.18,-68.4
27.975,-3.12,-57.12,-68.46
28.014,-1.74,-57.059998,-69.18
28.056,-1.62,-57.719997,-68.52
28.076,-2.28,-57.719997,-68.4
28.114,-2.22,-57.96,-68.64
28.153,-2.1,-57.3,-69.119995
28.196,-3.06,-57.18,-68.7
28.216,-2.46,-57.36,-68.64
28.254,-1.0799999,-57.3,-69.42
28.294,-1.9799999,-57.0,-68.7
28.317,-1.8,-57.36,-68.58
28.354,-3.24,-56.46,-68.52
28.394,-2.52,-57.539997,-69.72
28.412,-2.9399998,-57.78,-69.24
28.455,-2.34,-57.42,-68.34
28.495,-1.92,-57.12,-68.159996
28.515,-2.22,-57.18,-68.34
28.555,-1.86,-57.0,-68.46
28.594,-1.92,-57.0,-68.88
28.613,-1.38,-57.66,-68.28
28.653,-1.8,-57.0,-69.119995
28.693,-2.7,-57.42,-68.939995
28.733,-2.76,-57.539997,-69.36
28.754,-2.58,-56.699997,-69.24
28.794,-1.86,-57.3,-68.22
28.815,-2.1599998,-58.02,-68.22
28.855,-2.22,-56.879997,-69.0
28.898,-2.28,-57.36,-69.24
28.933,-1.4399999,-56.879997,-69.36
28.953,-1.5,-56.82,-69.36
28.995,-2.3999999,-56.879997,-68.76
29.034,-2.82,-56.52,-68.7
29.054,-2.58,-56.879997,-68.159996
29.094,-1.3199999,-57.0,-69.42
29.133,-1.56,-56.399998,-67.5
29.154,-2.58,-57.48,-68.22
29.193,-2.1,-57.18,-69.18
29.234,-1.8,-57.239998,-68.46
29.255,-1.26,-56.699997,-69.06
29.295,-1.92,-57.42,-69.0
29.333,-2.82,-57.719997,-69.42
29.352,-3.1799998,-57.539997,-69.0
29.393,-1.9799999,-57.12,-68.88
29.433,-1.92,-57.539997,-68.58
29.454,-1.92,-56.879997,-69.119995
29.494,-3.06,-57.719997,-68.76
29.534,-2.04,-57.36,-69.119995
29.554,-1.62,-57.719997,-69.119995
29.593,-2.04,-57.42,-68.52
29.634,-2.46,-57.539997,-69.36
29.674,-2.82,-57.18,-68.52
29.694,-2.46,-57.059998,-68.22
29.734,-1.86,-56.94,-67.74
29.774,-2.28,-57.239998,-69.36
29.793,-2.28,-56.52,-68.64
29.836,-2.6399999,-57.36,-69.06
29.874,-1.8,-57.18,-68.82
29.893,-2.3999999,-56.879997,-68.58
29.935,-2.8799999,-57.36,-68.34
29.975,-2.1599998,-56.879997,-68.88
29.995,-2.3999999,-56.94,-68.52
30.035,-1.3199999,-56.699997,-68.22
30.074,-2.1599998,-56.879997,-67.979996
30.093,-2.58,-57.539997,-68.4
30.132,-1.92,-57.239998,-68.82
30.174,-2.76,-57.239998,-69.479996
30.194,-3.24,-57.12,-69.119995
30.233,-2.8799999,-56.699997,-67.74
30.272,-2.7,-57.18,-69.18
30.294,-2.46,-57.3,-69.479996
30.332,-2.46,-56.76,-69.0
30.374,-1.9799999,-57.18,-69.299995
30.413,-1.74,-56.64,-68.58
30.432,-1.62,-56.82,-68.58
30.474,-1.68,-57.48,-68.88
30.513,-2.22,-56.76,-69.54
30.533,-1.92,-56.52,-69.06
30.574,-1.56,-57.78,-69.36
30.613,-1.92,-57.059998,-68.52
30.634,-1.68,-56.94,-68.34
30.674,-2.46,-57.059998,-68.88
30.714,-1.86,-57.899998,-68.76
30.734,-1.92,-57.42,-68.58
30.774,-1.38,-57.239998,-68.7
30.813,-2.1,-56.76,-69.299995
30.834,-2.3999999,-56.879997,-69.54
30.874,-1.4399999,-57.3,-69.54
30.916,-1.92,-57.059998,-69.24
30.934,-2.04,-57.6,-69.299995
30.974,-2.7,-57.42,-68.88
31.014,-2.6399999,-57.719997,-68.76
31.033,-2.52,-56.879997,-68.58
31.075,-2.34,-56.219997,-68.22
31.114,-2.28,-57.539997,-68.52
31.134,-2.1599998,-56.94,-69.0
31.175,-2.3999999,-57.719997,-68.76
31.213,-1.86,-56.82,-68.64
31.234,-1.62,-56.46,-69.18
31.273,-2.3999999,-57.6,-69.119995
31.314,-2.3999999,-56.64,-68.58
31.354,-2.58,-57.66,-68.76
31.374,-1.92,-57.059998,-69.299995
31.416,-1.9799999,-56.16,-68.46
31.453,-2.76,-57.78,-68.22
31.474,-2.3999999,-57.3,-69.06
31.514,-2.1599998,-56.879997,-69.9
31.552,-1.8,-56.64,-68.64
31.574,-2.04,-57.36,-68.76
31.613,-2.3999999,-57.36,-68.88
31.653,-2.22,-56.82,-68.82
31.674,-2.1599998,-56.879997,-68.82
31.713,-1.9799999,-57.48,-68.939995
31.754,-2.22,-57.36,-68.52
31.774,-2.58,-57.239998,-69.18
31.814,-2.34,-57.36,-68.28
31.853,-2.1599998,-57.3,-68.1
31.873,-2.28,-56.94,-68.28
31.913,-2.52,-57.84,-68.34
31.952,-1.92,-58.02,-68.159996
31.973,-1.92,-57.059998,-68.04
32.014,-1.68,-57.42,-68.64
32.054,-2.22,-57.36,-68.34
32.093,-1.86,-56.94,-68.7
32.113,-2.76,-57.239998,-68.88
32.153,-1.86,-56.699997,-68.46
32.193,-2.28,-57.059998,-67.799995
32.214,-1.9799999,-56.699997,-68.46
32.256,-2.46,-57.239998,-68.76
32.293,-2.04,-56.82,-69.24
32.314,-2.28,-56.76,-69.06
32.353,-2.58,-57.42,-67.979996
32.394,-2.3999999,-57.48,-67.86
32.413,-2.58,-57.48,-68.76
32.454,-2.1,-56.82,-68.46
32.494,-1.74,-58.26,-69.6
32.513,-2.04,-57.48,-69.6
32.554,-2.28,-57.0,-68.34
32.594,-1.86,-57.66,-69.119995
32.613,-1.68,-57.48,-68.22
32.655,-1.92,-58.14,-68.82
32.694,-1.5,-56.94,-68.82
32.714,-1.9799999,-57.12,-69.0
32.753,-1.56,-58.199997,-68.7
32.794,-2.58,-58.14,-68.64
32.815,-2.52,-57.96,-68.939995
32.854,-1.56,-57.059998,-68.46
32.894,-2.04,-57.48,-69.299995
32.915,-2.34,-57.6,-69.18
32.955,-1.92,-56.52,-69.18
32.997,-1.14,-56.82,-67.799995
33.016,-1.8,-56.64,-67.68
33.055,-1.5,-56.879997,-68.4
33.095,-1.56,-57.719997,-68.76
33.116,-2.46,-57.0,-68.939995
33.154,-2.46,-56.64,-68.34
33.194,-2.46,-57.3,-69.299995
33.234,-1.26,-57.059998,-69.54
33.254,-1.5,-56.699997,-69.06
33.295,-2.76,-57.239998,-68.04
33.333,-1.74,-57.719997,-68.28
33.354,-1.5,-57.12,-68.88
33.394,-3.06,-58.079998,-68.159996
33.433,-2.22,-57.899998,-68.4
33.453,-2.22,-57.84,-68.58
33.493,-2.28,-57.059998,-68.04
33.535,-1.74,-56.64,-68.76
33.555,-1.74,-56.76,-68.82
33.595,-2.04,-56.76,-69.0
33.633,-2.3999999,-56.879997,-69.24
33.654,-2.34,-56.94,-68.88
33.699,-2.34,-57.0,-69.06
33.733,-2.28,-57.42,-67.86
33.754,-2.46,-57.899998,-68.1
33.794,-1.92,-57.12,-68.64
33.834,-1.9799999,-56.64,-68.34
33.873,-2.34,-56.76,-68.46
33.894,-2.46,-56.52,-68.58
33.934,-2.22,-56.34,-69.0
33.976,-2.7,-57.6,-68.88
33.993,-2.1,-57.36,-68.7
34.035,-2.1599998,-56.399998,-68.28
34.074,-1.8,-57.78,-69.06
34.093,-1.5,-57.12,-68.88
34.135,-2.1599998,-57.84,-69.24
34.173,-1.74,-58.32,-68.82
34.194,-2.1599998,-58.02,-69.0
34.235,-2.1599998,-57.36,-68.4
34.274,-1.9799999,-57.0,-68.64
34.297,-1.56,-57.12,-68.4
34.338,-2.46,-57.36,-69.06
34.376,-1.68,-57.36,-68.1
34.394,-1.62,-57.42,-68.159996
34.435,-1.8,-56.76,-68.34
34.474,-2.34,-57.84,-69.299995
34.495,-1.74,-57.3,-68.939995
34.534,-1.8,-57.96,-69.36
34.573,-2.46,-57.6,-67.92
34.614,-2.22,-56.579998,-69.06
34.634,-1.3199999,-57.239998,-69.659996
34.674,-1.86,-56.76,-68.1
34.713,-0.84,-57.48,-68.46
34.734,-1.0799999,-57.18,-67.56
34.773,-2.1,-56.039997,-68.7
34.814,-2.04,-56.699997,-67.979996
34.835,-1.68,-57.059998,-68.46
34.874,-2.7,-57.48,-68.76
34.915,-1.68,-57.239998,-68.46
34.934,-2.04,-57.66,-68.58
34.975,-1.9799999,-56.699997,-68.1
35.014,-1.8,-56.879997,-67.92
35.041,-1.1999999,-56.46,-68.4
35.073,-1.68,-57.3,-68.88
35.113,-2.58,-57.239998,-68.52
35.133,-2.58,-56.28,-68.22
35.174,-2.28,-57.42,-68.04
35.214,-2.1,-57.539997,-68.34
35.234,-2.34,-56.76,-68.46
35.274,-1.1999999,-56.76,-68.52
35.313,-2.8799999,-56.699997,-68.34
35.333,-1.68,-56.399998,-68.4
35.372,-1.86,-57.12,-67.92
35.414,-2.8799999,-57.12,-68.82
35.434,-2.6399999,-56.76,-68.76
35.474,-2.04,-57.48,-68.52
35.515,-2.3999999,-57.239998,-68.28
35.535,-1.92,-57.84,-68.52
35.574,-1.5,-57.0,-68.82
35.615,-2.28,-56.94,-68.88
35.636,-1.8,-56.699997,-68.88
35.675,-1.4399999,-57.12,-68.939995
35.714,-2.1599998,-56.879997,-68.64
35.755,-2.34,-56.879997,-67.619995
35.774,-3.36,-56.399998,-68.64
35.814,-2.34,-57.42,-67.74
35.854,-2.28,-57.48,-69.42
35.874,-1.92,-57.48,-68.82
35.915,-2.6399999,-55.98,-68.28
35.955,-2.52,-57.36,-69.54
35.974,-2.82,-57.899998,-68.4
36.014,-2.3999999,-57.18,-68.76
36.054,-3.06,-57.48,-67.92
36.074,-2.82,-58.079998,-68.7
36.114,-1.56,-57.42,-68.58
36.154,-1.1999999,-57.12,-68.159996
36.175,-1.26,-56.879997,-68.939995
36.214,-1.92,-57.66,-68.159996
36.255,-2.1599998,-56.94,-68.76
36.274,-2.34,-56.94,-69.0
36.315,-2.52,-56.34,-69.06
36.354,-1.9799999,-56.879997,-68.7
36.394,-1.74,-56.94,-68.64
36.413,-2.28,-56.52,-68.7
36.453,-2.04,-56.879997,-68.1
36.494,-1.9799999,-57.18,-68.34
36.514,-1.92,-56.219997,-68.52
36.555,-1.74,-56.879997,-69.36
36.595,-2.76,-57.42,-68.34
36.614,-2.6399999,-57.36,-68.7
36.655,-2.58,-56.699997,-68.7
36.696,-2.3999999,-57.3,-69.06
36.714,-2.52,-56.699997,-68.34
36.755,-2.1599998,-57.239998,-68.64
36.794,-2.6399999,-56.699997,-69.36
36.815,-2.1,-57.0,-68.7
36.854,-2.46,-56.94,-69.18
36.895,-1.74,-57.899998,-69.06
36.913,-2.3999999,-58.44,-68.22
36.954,-1.9799999,-57.6,-68.34
36.995,-1.68,-57.059998,-68.28
37.015,-1.5,-56.879997,-68.4
37.053,-1.86,-57.84,-69.119995
37.093,-2.22,-57.6,-68.34
37.115,-2.1,-57.059998,-68.52
37.155,-2.76,-57.719997,-68.58
37.195,-1.38,-56.64,-69.06
37.233,-2.28,-58.079998,-68.88
37.254,-1.62,-57.719997,-68.58
37.294,-2.6399999,-56.46,-69.06
37.333,-1.86,-57.18,-68.76
37.353,-1.74,-57.48,-68.52
37.393,-2.58,-56.76,-68.52
37.433,-2.28,-56.699997,-68.58
37.454,-2.22,-56.64,-68.52
37.494,-2.1,-57.239998,-68.52
37.533,-2.46,-56.579998,-68.46
37.553,-2.76,-57.6,-68.46
37.592,-1.74,-56.76,-68.64
37.632,-1.86,-56.699997,-69.18
37.653,-3.0,-57.36,-68.76
37.692,-3.0,-56.82,-68.7
37.734,-2.22,-57.6,-69.18
37.754,-2.7,-57.12,-69.479996
37.795,-1.3199999,-57.18,-68.82
37.834,-1.8,-58.32,-68.34
37.855,-2.52,-57.42,-68.04
37.893,-1.9799999,-57.239998,-68.04
37.933,-2.9399998,-57.36,-68.76
37.974,-2.46,-57.66,-69.18
37.994,-2.46,-57.0,-68.34
38.033,-1.9799999,-57.12,-68.04
38.055,-1.9799999,-57.059998,-68.28
38.095,-2.34,-57.899998,-67.68
38.134,-2.82,-55.98,-68.52
38.173,-2.76,-57.059998,-68.58
38.195,-2.9399998,-57.36,-68.1
38.233,-1.62,-56.82,-69.18
38.274,-1.8,-57.96,-68.159996
38.296,-1.8,-57.3,-68.82
38.334,-2.04,-57.18,-67.74
38.373,-1.86,-57.42,-67.74
38.393,-1.92,-56.34,-68.4
38.434,-2.22,-58.14,-69.24
38.474,-2.52,-56.28,-69.119995
38.494,-2.3999999,-56.34,-69.36
38.534,-2.76,-57.3,-69.119995
38.574,-2.52,-56.699997,-68.64
38.593,-2.7,-57.3,-68.64
38.633,-1.8,-56.399998,-69.119995
38.674,-2.22,-56.76,-68.58
38.693,-2.1,-57.3,-68.46
38.733,-2.34,-57.239998,-68.64
38.773,-2.76,-58.26,-68.64
38.813,-2.3999999,-57.36,-68.34
38.835,-2.1,-57.059998,-69.54
38.873,-1.9799999,-57.12,-68.64
38.914,-2.22,-57.539997,-68.4
38.934,-3.0,-56.94,-69.18
38.974,-2.82,-56.76,-68.34
39.015,-2.52,-57.3,-68.28
39.035,-1.86,-57.3,-68.7
39.074,-2.3999999,-56.52,-68.7
39.114,-1.8,-57.36,-68.46
39.133,-2.46,-57.48,-67.979996
39.174,-1.68,-57.12,-68.82
39.214,-2.1599998,-57.239998,-68.7
39.233,-2.04,-57.36,-68.159996
39.273,-1.4399999,-57.48,-68.58
39.303,-2.58,-57.78,-68.64
39.335,-2.22,-56.219997,-68.58
39.375,-2.3999999,-56.64,-68.52
39.414,-1.86,-57.059998,-68.34
39.432,-1.38,-57.18,-69.0
39.473,-1.86,-57.899998,-68.7
39.513,-1.8,-57.96,-68.76
39.534,-2.52,-57.96,-68.22
39.574,-2.04,-57.6,-68.46
39.613,-1.62,-57.12,-67.86
39.634,-2.28,-56.82,-68.28
39.673,-3.06,-56.699997,-68.4
39.714,-1.92,-57.18,-67.979996
39.735,-2.28,-57.539997,-68.88
39.774,-2.04,-57.48,-68.88
39.815,-2.04,-57.059998,-68.28
39.853,-2.46,-57.36,-69.0
39.874,-2.28,-56.94,-68.04
39.914,-1.4399999,-57.12,-69.24
39.953,-1.92,-57.0,-68.22
39.973,-1.74,-57.42,-69.119995
40.013,-2.46,-57.0,-68.58
40.054,-2.1599998,-56.879997,-67.92
40.075,-2.04,-57.239998,-68.58
40.114,-2.04,-56.64,-68.159996
40.154,-1.92,-57.18,-69.479996
40.174,-1.9799999,-56.94,-68.76
40.214,-1.38,-57.059998,-68.159996
40.254,-2.28,-57.719997,-68.58
40.273,-2.6399999,-57.239998,-68.46
40.313,-1.1999999,-57.239998,-68.1
40.352,-2.28,-57.66,-69.54
40.373,-1.9799999,-57.059998,-68.58
40.412,-1.68,-57.539997,-69.0
40.452,-2.46,-56.879997,-69.06
40.493,-1.5,-57.42,-68.64
40.512,-1.62,-57.42,-69.119995
40.553,-1.9799999,-56.399998,-67.619995
40.592,-1.68,-57.539997,-69.18
40.614,-1.56,-57.84,-69.18
40.653,-2.46,-56.76,-68.64
40.694,-2.6399999,-57.0,-68.76
40.712,-2.34,-57.0,-69.06
40.752,-1.56,-57.719997,-69.42
40.792,-1.3199999,-56.699997,-68.64
40.813,-1.9799999,-56.82,-68.4
40.853,-2.28,-57.42,-69.299995
40.892,-2.1599998,-56.94,-69.119995
40.913,-1.56,-57.0,-69.0
40.953,-2.58,-57.059998,-69.36
40.994,-2.04,-58.02,-68.939995
41.013,-2.46,-57.96,-68.939995
41.052,-1.9799999,-56.82,-68.82
41.093,-2.22,-56.52,-69.24
41.112,-2.6399999,-56.76,-68.28
41.155,-1.8,-57.18,-68.82
41.194,-2.46,-57.3,-68.76
41.216,-2.22,-56.82,-68.34
41.255,-2.58,-57.539997,-68.04
41.293,-2.1599998,-57.84,-68.76
41.315,-2.34,-57.18,-68.4
41.353,-2.28,-57.239998,-69.119995
41.394,-2.1599998,-56.46,-68.52
41.433,-1.92,-56.399998,-68.64
41.454,-2.7,-56.399998,-69.119995
41.494,-2.7,-57.239998,-68.28
41.533,-1.74,-56.28,-69.06
41.553,-2.22,-56.1,-68.58
41.593,-2.46,-57.539997,-68.52
41.633,-1.86,-56.46,-68.76
41.652,-1.8,-57.0,-69.36
41.693,-3.0,-57.3,-69.119995
41.734,-2.9399998,-57.36,-68.34
41.760,-3.06,-57.6,-68.7
41.793,-2.34,-56.879997,-68.64
41.833,-1.8,-56.64,-69.479996
41.854,-2.34,-57.12,-68.7
41.893,-1.4399999,-56.34,-69.36
41.934,-2.04,-57.66,-68.7
41.953,-1.3199999,-57.059998,-67.979996
41.994,-2.6399999,-56.399998,-68.76
42.034,-2.3999999,-56.699997,-68.82
42.054,-2.46,-57.18,-68.88
42.093,-1.26,-56.94,-68.46
42.133,-2.8799999,-56.579998,-68.28
42.173,-2.58,-57.66,-67.979996
42.193,-2.1599998,-57.3,-68.58
42.232,-1.38,-56.94,-68.04
42.273,-1.92,-57.42,-69.18
42.294,-2.28,-57.42,-69.119995
42.334,-2.28,-57.12,-67.799995
42.373,-1.9799999,-57.0,-68.159996
42.393,-1.68,-56.879997,-68.82
42.433,-2.46,-57.48,-68.76
42.474,-2.1599998,-57.059998,-69.54
42.493,-2.1599998,-56.28,-68.88
42.534,-2.6399999,-57.239998,-68.7
42.574,-2.04,-56.699997,-68.64
42.594,-2.1,-56.219997,-68.22
42.633,-1.86,-56.699997,-69.119995
42.674,-1.68,-57.719997,-68.7
42.693,-2.1,-57.539997,-69.0
42.733,-1.8,-57.18,-68.28
42.773,-2.1,-57.36,-67.86
42.793,-2.34,-57.0,-68.04
42.834,-2.46,-56.76,-69.24
42.873,-1.86,-56.699997,-68.159996
42.893,-2.9399998,-56.76,-68.64
42.933,-2.28,-57.42,-69.119995
42.975,-2.58,-57.12,-68.64
43.013,-1.86,-57.48,-68.22
43.033,-2.3999999,-56.64,-68.52
43.074,-2.52,-57.239998,-67.86
43.112,-2.46,-57.36,-68.4
43.132,-2.52,-57.059998,-68.76
43.173,-3.0,-57.36,-68.88
43.214,-1.62,-56.82,-68.46
43.234,-1.68,-57.12,-68.88
43.272,-2.28,-57.12,-67.86
43.312,-2.28,-57.239998,-67.619995
43.333,-2.1599998,-57.239998,-67.86
43.373,-2.6399999,-56.82,-68.28
43.412,-2.22,-57.3,-68.82
43.433,-2.1,-57.42,-69.06
43.473,-1.92,-57.719997,-68.04
43.514,-2.28,-56.399998,-68.82
43.535,-2.3999999,-56.94,-68.82
43.573,-2.7,-56.699997,-68.939995
43.614,-2.9399998,-57.18,-67.68
43.634,-2.1,-57.12,-67.979996
43.676,-1.92,-56.579998,-68.28
43.712,-2.1,-56.82,-68.88
43.733,-2.34,-57.36,-69.06
43.772,-2.28,-56.34,-69.18
43.814,-2.22,-57.6,-69.0
43.851,-1.68,-56.94,-68.76
43.873,-1.56,-56.879997,-68.88
43.912,-2.1,-57.18,-68.34
43.955,-1.68,-56.94,-69.299995
43.973,-1.62,-58.02,-69.299995
44.012,-1.8,-57.719997,-68.7
44.054,-1.86,-56.699997,-68.159996
44.072,-2.34,-57.36,-68.64
44.113,-2.04,-57.3,-68.64
44.153,-2.52,-57.66,-68.88
44.174,-2.34,-57.42,-68.46
44.213,-1.9799999,-57.18,-68.46
44.252,-2.22,-57.3,-68.82
44.273,-2.04,-57.78,-68.28
44.312,-2.9399998,-57.12,-69.0
44.353,-2.04,-57.78,-68.58
44.374,-1.62,-56.699997,-68.82
44.414,-2.7,-58.079998,-67.86
44.453,-2.8799999,-57.36,-68.58
44.472,-1.9799999,-57.42,-67.799995
44.513,-2.1,-57.48,-68.88
44.554,-2.04,-57.12,-67.619995
44.575,-2.3999999,-57.36,-68.34
44.613,-1.86,-57.18,-69.0
44.653,-3.0,-57.48,-69.54
44.693,-1.9799999,-56.52,-68.76
44.713,-2.28,-56.64,-68.82
44.754,-1.8,-58.02,-68.939995
44.793,-2.7,-56.76,-68.64
44.814,-2.28,-56.94,-68.58
44.853,-2.04,-57.539997,-68.82
44.892,-2.52,-57.6,-69.18
44.912,-2.6399999,-57.239998,-69.479996
44.953,-2.46,-56.52,-68.7
44.993,-2.1,-57.0,-68.58
45.013,-1.8,-57.6,-68.7
45.053,-2.22,-57.6,-69.479996
45.093,-1.92,-56.82,-68.46
45.113,-2.82,-56.76,-68.159996
45.152,-1.92,-57.539997,-68.52
45.192,-1.74,-56.579998,-69.54
45.212,-2.28,-56.76,-68.76
45.253,-1.3199999,-56.94,-67.979996
45.294,-2.3999999,-57.239998,-67.86
45.314,-2.34,-57.12,-67.979996
45.352,-3.06,-57.539997,-68.58
45.391,-2.1,-57.18,-68.82
45.431,-2.34,-57.66,-68.939995
45.454,-2.6399999,-57.539997,-69.36
45.493,-2.04,-57.18,-69.6
45.534,-2.7,-57.48,-68.28
45.551,-2.3999999,-57.18,-68.82
45.593,-2.34,-56.82,-68.58
45.633,-2.04,-56.399998,-68.76
45.653,-2.04,-56.52,-68.82
45.693,-1.74,-57.899998,-68.4
45.733,-2.04,-57.36,-68.4
45.754,-2.1599998,-57.12,-68.939995
45.793,-1.5,-56.82,-68.4
45.834,-2.34,-57.539997,-68.34
45.854,-3.06,-57.42,-67.979996
45.893,-2.04,-57.12,-68.159996
45.933,-2.7,-57.539997,-68.82
45.953,-2.1599998,-57.3,-69.479996
45.993,-1.92,-56.579998,-67.979996
46.033,-2.82,-56.94,-69.42
46.052,-2.9399998,-56.82,-69.42
46.095,-2.34,-57.719997,-69.24
46.133,-2.58,-56.94,-68.4
46.152,-2.22,-56.76,-68.4
46.192,-2.52,-57.12,-69.24
46.231,-1.9799999,-56.64,-68.22
46.271,-2.7,-57.18,-69.119995
46.292,-2.28,-57.12,-68.34
46.331,-2.52,-57.899998,-68.64
46.371,-2.6399999,-57.18,-69.18
46.394,-2.76,-57.12,-68.52
46.434,-1.9799999,-57.12,-68.58
46.471,-2.6399999,-57.239998,-69.299995
46.492,-2.7,-57.059998,-68.58
46.532,-2.04,-55.98,-68.46
46.572,-1.74,-57.539997,-68.88
46.592,-1.92,-57.48,-69.24
46.632,-2.76,-57.0,-68.7
46.672,-2.1,-57.0,-68.52
46.693,-1.9799999,-56.94,-68.58
46.732,-2.6399999,-56.64,-68.4
46.774,-1.74,-57.12,-69.119995
46.793,-2.1,-56.46,-69.18
46.831,-2.52,-57.66,-68.82
46.872,-2.46,-57.12,-68.1
46.892,-1.86,-57.18,-67.86
46.933,-1.92,-57.12,-69.0
46.974,-2.3999999,-57.66,-68.88
46.993,-1.86,-57.239998,-69.0
47.033,-2.1599998,-56.82,-68.4
47.073,-1.68,-56.699997,-68.4
47.093,-2.1,-56.28,-68.46
47.133,-1.92,-57.36,-69.479996
47.172,-1.86,-56.76,-68.04
47.212,-2.6399999,-57.42,-69.42
47.232,-2.58,-56.579998,-69.6
47.273,-1.92,-56.82,-68.28
47.313,-2.3999999,-57.3,-68.1
47.332,-2.1,-57.12,-67.86
47.373,-2.1599998,-56.879997,-69.24
47.412,-1.1999999,-56.94,-68.52
47.431,-1.86,-57.239998,-68.76
47.471,-2.6399999,-56.52,-68.46
47.512,-2.6399999,-57.12,-68.46
47.532,-2.52,-57.12,-68.1
47.575,-1.68,-57.36,-68.46
47.611,-1.92,-57.6,-69.24
47.633,-1.5,-56.82,-69.06
47.672,-2.52,-57.18,-68.76
47.712,-1.68,-56.699997,-69.42
47.732,-2.1599998,-57.0,-68.76
47.772,-2.1599998,-57.84,-68.58
47.813,-1.8,-57.3,-68.1
47.833,-1.8,-56.76,-68.939995
47.873,-2.8799999,-57.059998,-67.979996
47.912,-1.02,-57.12,-68.939995
47.933,-1.74,-56.399998,-69.06
47.972,-1.74,-56.699997,-68.76
48.014,-2.52,-56.46,-69.119995
48.053,-2.52,-57.36,-68.52
48.076,-2.58,-56.579998,-68.28
48.115,-2.1,-57.239998,-68.88
48.154,-1.92,-57.3,-68.46
48.173,-2.04,-57.12,-68.34
48.212,-2.3999999,-57.059998,-68.76
48.251,-1.92,-57.059998,-68.939995
48.271,-2.8799999,-57.0,-69.119995
48.312,-1.68,-56.76,-69.659996
48.353,-2.04,-56.82,-68.58
48.372,-1.0799999,-57.12,-68.52
48.412,-1.62,-56.64,-67.92
48.453,-1.74,-57.78,-68.1
48.471,-2.3999999,-57.66,-68.46
48.511,-2.1,-57.3,-69.18
48.555,-1.86,-56.34,-69.299995
48.574,-1.86,-56.94,-69.06
48.611,-2.22,-56.699997,-69.119995
48.652,-2.28,-56.52,-68.88
48.672,-2.34,-57.0,-68.64
48.714,-3.0,-57.539997,-68.64
48.753,-2.9399998,-58.14,-69.72
48.793,-2.1599998,-57.48,-68.159996
48.813,-2.6399999,-57.239998,-68.04
48.852,-2.04,-58.079998,-68.58
48.893,-1.56,-56.879997,-69.0
48.913,-1.62,-57.12,-69.18
48.952,-2.28,-56.699997,-67.799995
48.991,-2.76,-57.059998,-69.36
49.012,-1.86,-56.94,-69.24
49.052,-2.58,-57.719997,-68.64
49.092,-2.1,-57.36,-68.22
49.111,-1.92,-57.719997,-68.64
49.151,-1.9799999,-56.879997,-68.46
49.192,-1.74,-57.12,-69.6
49.212,-1.92,-57.0,-69.0
49.251,-2.6399999,-57.3,-68.7
49.292,-2.28,-57.899998,-68.28
49.313,-2.76,-57.66,-68.82
49.353,-2.1,-57.36,-68.04
49.393,-1.68,-56.399998,-68.76
49.414,-2.46,-56.879997,-69.06
49.453,-1.56,-56.699997,-68.46
49.492,-1.68,-57.059998,-68.04
49.532,-1.92,-57.239998,-68.4
49.552,-2.52,-57.719997,-68.82
49.592,-2.3999999,-57.42,-69.0
49.633,-2.28,-57.78,-68.46
49.651,-2.22,-56.879997,-68.82
49.692,-1.9799999,-57.6,-68.22
49.734,-1.8,-58.199997,-68.82
49.751,-2.1599998,-57.3,-68.939995
49.792,-1.5,-57.239998,-69.0
49.833,-1.86,-56.879997,-68.7
49.854,-2.3999999,-56.879997,-69.119995
49.892,-1.86,-57.059998,-68.4
49.932,-1.4399999,-56.28,-69.18
49.952,-2.1,-57.12,-68.04
49.993,-2.3999999,-57.12,-68.34
50.032,-1.4399999,-57.3,-69.24
50.052,-1.56,-57.18,-69.119995
50.093,-1.86,-57.059998,-69.72
50.132,-2.28,-57.66,-67.979996
50.152,-1.9799999,-57.66,-68.46
50.193,-2.22,-57.36,-68.939995
50.232,-2.46,-57.42,-69.0
50.271,-1.62,-57.18,-68.64
50.292,-1.38,-56.82,-68.4
50.332,-2.1599998,-57.0,-68.4
50.354,-2.34,-56.879997,-68.82
50.392,-1.86,-56.64,-67.619995
50.432,-2.7,-57.239998,-68.46
50.472,-1.74,-57.84,-68.939995
50.493,-1.86,-57.719997,-68.4
50.534,-2.52,-57.18,-68.34
50.574,-1.9799999,-56.699997,-68.1
50.593,-2.3999999,-57.0,-68.52
50.633,-1.92,-57.3,-68.22
50.672,-1.68,-57.12,-69.54
50.693,-2.7,-57.0,-68.88
50.732,-3.06,-56.64,-68.159996
50.773,-2.6399999,-56.76,-69.0
50.793,-2.52,-57.0,-69.18
50.833,-2.28,-57.539997,-69.659996
50.873,-2.28,-56.76,-68.28
50.893,-1.74,-57.48,-67.32
50.933,-2.22,-57.239998,-68.58
50.973,-2.22,-56.219997,-67.92
50.993,-2.1599998,-56.52,-68.76
51.034,-1.86,-56.46,-69.119995
51.074,-2.46,-56.699997,-68.88
51.094,-2.7,-57.18,-69.36
51.132,-2.1599998,-57.42,-68.7
51.173,-2.04,-57.42,-69.06
51.192,-1.74,-57.18,-69.6
51.233,-1.9799999,-56.699997,-68.46
51.273,-2.52,-56.699997,-69.24
51.322,-2.22,-56.82,-68.28
51.332,-2.34,-56.94,-69.54
51.373,-1.38,-57.6,-67.86
51.412,-1.92,-56.94,-69.659996
51.433,-1.8,-57.6,-68.939995
51.471,-2.22,-57.12,-69.119995
51.513,-3.4199998,-56.82,-68.64
51.533,-3.0,-56.579998,-68.82
51.573,-2.22,-56.34,-67.619995
51.613,-1.9799999,-57.84,-68.34
51.634,-2.6399999,-58.02,-68.52
51.673,-2.6399999,-57.899998,-69.54
51.713,-2.76,-56.28,-68.939995
51.733,-2.7,-57.12,-67.92
51.772,-3.12,-57.12,-69.18
51.812,-2.1,-56.34,-67.619995
51.833,-2.58,-56.82,-68.58
51.873,-2.1,-57.36,-69.0
51.911,-2.58,-56.46,-68.52
51.932,-2.04,-57.0,-68.159996
51.972,-2.04,-56.579998,-67.86
52.012,-2.3999999,-57.0,-68.7
52.032,-1.92,-56.399998,-68.46
52.073,-1.68,-57.42,-68.4
52.112,-2.34,-57.48,-68.28
52.154,-2.1,-55.8,-68.34
52.173,-2.9399998,-56.219997,-67.979996
52.213,-1.3199999,-56.94,-68.82
52.253,-2.22,-56.879997,-68.28
52.272,-2.22,-56.76,-68.7
52.312,-2.7,-56.94,-68.939995
52.351,-2.3999999,-57.539997,-68.64
52.372,-2.6399999,-57.42,-69.0
52.412,-2.1,-56.52,-68.76
52.452,-2.7,-57.12,-68.1
52.472,-2.1,-57.3,-68.04
52.513,-2.1599998,-57.12,-68.46
52.553,-2.28,-57.539997,-68.46
52.572,-2.3999999,-56.82,-68.28
52.613,-1.9799999,-57.36,-69.6
52.653,-2.04,-57.42,-68.88
52.673,-1.5,-56.94,-68.76
52.712,-3.1799998,-56.46,-68.159996
52.751,-3.0,-57.0,-68.82
52.773,-2.82,-57.12,-69.299995
52.814,-2.1,-57.48,-69.24
52.854,-2.46,-56.82,-68.82
52.873,-2.7,-58.02,-68.58
52.913,-2.28,-57.18,-68.58
52.953,-2.82,-57.18,-68.76
52.973,-1.8,-56.82,-68.52
53.013,-2.22,-56.94,-68.7
53.055,-2.22,-56.46,-67.68
53.094,-1.5,-57.239998,-68.34
53.112,-1.8,-57.36,-68.46
53.152,-2.6399999,-57.059998,-68.939995
53.192,-1.92,-57.12,-68.76
53.214,-1.9799999,-57.36,-69.0
53.251,-2.9399998,-56.76,-68.82
53.293,-2.04,-57.36,-68.34
53.313,-1.8,-57.059998,-68.76
53.351,-3.0,-57.239998,-67.68
53.394,-2.28,-55.86,-68.4
53.413,-2.76,-56.34,-68.58
53.452,-2.3999999,-57.66,-67.439995
53.493,-2.1,-56.579998,-68.4
53.513,-2.1,-57.0,-68.58
53.552,-3.06,-57.0,-68.7
53.592,-1.92,-57.12,-68.82
53.612,-2.22,-57.12,-68.82
53.652,-2.82,-57.059998,-68.46
53.693,-2.3999999,-56.52,-68.939995
53.712,-2.22,-57.12,-69.0
53.753,-2.34,-55.98,-68.88
53.792,-2.28,-56.64,-69.0
53.813,-2.58,-56.699997,-68.76
53.852,-1.8,-56.879997,-68.939995
53.892,-2.1599998,-57.239998,-68.28
53.933,-2.76,-56.76,-68.76
53.953,-2.6399999,-56.28,-68.939995
53.993,-1.86,-56.94,-68.64
54.032,-1.86,-56.64,-68.939995
54.053,-2.58,-56.94,-67.979996
54.093,-1.92,-57.42,-68.4
54.133,-3.0,-57.899998,-67.86
54.151,-1.92,-57.48,-68.4
54.210,-2.1,-56.46,-67.74
54.231,-2.1599998,-57.239998,-69.54
54.252,-1.4399999,-57.18,-68.82
54.294,-2.82,-56.64,-68.7
54.332,-2.58,-56.76,-67.74
54.354,-2.7,-57.18,-68.159996
54.393,-2.1,-57.239998,-68.58
54.433,-3.06,-57.3,-68.88
54.453,-3.0,-56.82,-68.76
54.494,-2.34,-56.64,-68.4
54.533,-2.34,-56.1,-68.76
54.553,-2.76,-57.0,-68.76
54.594,-2.46,-56.64,-68.28
54.634,-2.3999999,-57.539997,-68.58
54.654,-1.4399999,-57.719997,-68.04
54.693,-2.76,-57.0,-69.18
54.732,-1.68,-56.579998,-69.24
54.773,-2.8799999,-57.12,-67.92
54.792,-2.76,-57.48,-68.58
54.832,-2.58,-56.94,-67.14
54.872,-2.34,-56.94,-68.64
54.892,-2.28,-57.3,-68.58
54.932,-1.4399999,-57.059998,-68.52
54.971,-1.68,-57.539997,-69.0
54.991,-1.5,-57.239998,-68.64
55.032,-2.3999999,-57.059998,-68.64
55.073,-3.12,-56.52,-68.82
55.092,-3.0,-56.399998,-68.7
55.132,-1.38,-56.76,-68.4
55.172,-2.04,-57.539997,-69.119995
55.193,-1.92,-57.6,-69.24
55.234,-2.9399998,-57.539997,-68.76
55.274,-2.52,-57.059998,-68.46
55.294,-1.86,-57.0,-68.7
55.331,-1.9799999,-56.82,-68.22
55.371,-1.8,-56.46,-69.06
55.392,-2.6399999,-56.699997,-68.82
55.431,-2.1,-56.76,-68.939995
55.471,-2.58,-57.239998,-68.7
55.511,-2.46,-56.699997,-68.04
55.532,-2.28,-56.579998,-68.88
55.572,-3.06,-56.52,-69.119995
55.611,-1.56,-56.579998,-68.28
55.632,-1.68,-57.0,-68.58
55.672,-2.22,-56.76,-68.88
55.712,-1.86,-58.02,-68.58
55.733,-2.1,-57.42,-68.7
55.774,-1.9799999,-57.66,-68.58
55.812,-2.22,-57.12,-68.939995
55.832,-2.34,-56.94,-69.6
55.872,-2.04,-56.76,-67.86
55.912,-2.82,-56.64,-68.82
55.932,-2.3999999,-56.699997,-69.299995
55.971,-1.92,-57.6,-69.24
56.012,-2.7,-56.64,-68.4
56.033,-2.76,-56.76,-67.86
56.072,-2.58,-56.879997,-68.46
56.111,-1.5,-56.64,-68.76
56.132,-1.4399999,-57.239998,-68.88
56.172,-2.58,-56.879997,-68.28
56.212,-1.3199999,-56.76,-68.159996
56.233,-2.28,-56.399998,-68.46
56.272,-2.52,-57.36,-68.82
56.313,-2.46,-56.94,-68.88
56.334,-2.9399998,-56.76,-69.0
56.371,-1.86,-57.059998,-68.22
56.412,-2.52,-56.52,-69.24
56.454,-1.8,-56.64,-67.5
56.473,-2.28,-57.42,-68.159996
56.513,-2.1,-57.539997,-68.76
56.551,-1.56,-56.879997,-68.04
56.572,-2.1,-57.0,-68.58
56.611,-2.1599998,-57.18,-69.18
56.652,-2.76,-57.36,-68.64
56.672,-2.34,-57.42,-68.58
56.711,-1.26,-56.76,-68.88
56.752,-2.6399999,-57.96,-69.119995
56.772,-1.74,-56.94,-68.88
56.813,-2.8799999,-57.0,-69.06
56.854,-2.3999999,-56.579998,-68.28
56.873,-2.46,-57.239998,-68.46
56.911,-2.52,-56.579998,-69.18
56.956,-1.9799999,-56.579998,-68.64
56.972,-1.8,-56.579998,-68.1
57.014,-1.8,-57.3,-69.18
57.054,-2.3999999,-56.64,-69.119995
57.072,-2.34,-56.699997,-69.06
57.113,-1.9799999,-57.36,-68.159996
57.153,-1.9799999,-57.0,-69.36
57.173,-1.9799999,-57.0,-69.84
57.213,-2.46,-56.879997,-69.0
57.251,-1.74,-55.98,-69.119995
57.292,-2.22,-56.879997,-68.46
57.311,-2.6399999,-57.12,-68.82
57.352,-2.22,-56.94,-68.82
57.390,-1.86,-56.46,-68.58
57.412,-1.68,-56.94,-69.36
57.451,-2.46,-57.36,-68.28
57.493,-1.1999999,-57.0,-68.159996
57.513,-2.1,-57.3,-68.46
57.553,-2.52,-56.879997,-68.28
57.594,-1.9799999,-57.12,-67.74
57.613,-1.92,-57.66,-68.64
57.652,-2.34,-57.36,-68.52
57.693,-2.3999999,-56.399998,-68.4
57.713,-1.86,-56.76,-69.0
57.752,-1.68,-57.059998,-68.34
57.793,-2.3999999,-57.6,-68.04
57.813,-2.7,-57.12,-68.34
57.853,-1.74,-57.239998,-68.58
57.893,-1.26,-57.0,-68.7
57.912,-2.1599998,-56.699997,-68.76
57.952,-3.12,-57.239998,-68.64
57.992,-2.3999999,-57.059998,-68.7
58.032,-2.46,-57.18,-67.799995
58.055,-2.1,-57.12,-67.799995
58.093,-2.28,-57.6,-68.34
58.114,-2.52,-57.6,-69.119995
58.152,-1.8,-57.539997,-68.34
58.193,-3.0,-56.399998,-68.82
58.232,-2.82,-57.3,-68.88
58.254,-1.3199999,-57.48,-68.82
58.291,-1.9799999,-56.94,-67.92
58.331,-2.34,-56.64,-68.88
58.351,-2.58,-56.76,-68.46
58.391,-2.3999999,-57.6,-68.76
58.431,-1.9799999,-57.84,-68.82
58.452,-2.22,-57.719997,-69.0
58.492,-2.76,-57.899998,-69.42
58.532,-2.34,-57.0,-67.32
58.552,-2.28,-56.52,-68.34
58.593,-1.62,-57.48,-69.119995
58.634,-1.8,-57.48,-68.82
58.652,-2.52,-56.94,-69.0
58.691,-3.1799998,-56.82,-67.92
58.732,-2.04,-57.539997,-68.88
58.772,-2.1599998,-57.12,-68.58
58.793,-2.22,-57.36,-68.159996
58.832,-2.1599998,-56.879997,-68.7
58.853,-3.0,-57.0,-68.7
58.893,-2.3999999,-56.579998,-68.28
58.932,-2.52,-57.36,-68.46
58.971,-1.92,-57.18,-68.7
58.994,-1.9799999,-57.539997,-68.58
59.031,-2.1599998,-56.879997,-68.76
59.073,-1.38,-57.36,-68.46
59.094,-2.1599998,-57.42,-67.92
59.133,-2.28,-57.0,-69.54
59.172,-2.1599998,-57.059998,-67.92
59.191,-2.28,-57.719997,-68.76
59.231,-2.22,-57.6,-68.58
59.271,-2.3999999,-56.76,-68.22
59.292,-2.8799999,-57.239998,-68.58
59.333,-2.3999999,-57.059998,-68.34
59.371,-2.46,-56.94,-67.799995
59.391,-2.1,-56.94,-68.46
59.431,-2.52,-56.579998,-69.119995
59.471,-2.82,-57.239998,-68.88
59.511,-1.86,-56.399998,-69.299995
59.532,-1.56,-56.76,-68.64
59.572,-2.8799999,-57.239998,-68.159996
59.592,-2.22,-57.12,-68.46
59.632,-1.38,-57.059998,-69.119995
59.672,-2.76,-57.12,-69.0
59.712,-2.22,-57.239998,-68.939995
59.730,-2.58,-56.879997,-68.46
59.772,-2.9399998,-57.059998,-68.58
59.812,-2.82,-57.239998,-68.7
59.831,-2.52,-57.3,-68.939995
59.872,-1.8,-57.0,-68.76
59.912,-2.46,-56.46,-68.64
59.932,-1.92,-57.0,-68.52
59.972,-2.46,-57.239998,-69.54
