timestamp,x,y,z
00.011,-20.88,45.66,-27.84
00.030,-21.18,45.899998,-27.84
00.071,-21.06,45.12,-28.56
00.099,-21.119999,45.18,-28.56
00.149,-21.539999,45.539997,-27.539999
00.170,-21.66,45.539997,-27.84
00.210,-21.779999,44.879997,-28.8
00.231,-21.42,45.42,-28.98
00.271,-21.119999,45.719997,-27.9
00.311,-21.0,45.96,-27.66
00.351,-20.82,45.96,-27.84
00.372,-21.3,46.079998,-28.199999
00.411,-21.42,45.78,-27.72
00.451,-21.48,45.66,-27.599998
00.470,-22.14,45.6,-27.9
00.511,-21.779999,45.84,-27.599998
00.550,-21.359999,45.36,-27.48
00.572,-21.48,44.879997,-27.359999
00.610,-20.82,44.879997,-28.14
00.652,-20.76,45.48,-28.5
00.671,-20.939999,45.42,-28.68
00.710,-21.18,45.78,-27.96
00.750,-20.76,46.079998,-28.019999
00.771,-21.359999,46.02,-27.84
00.811,-21.119999,45.96,-27.119999
00.851,-20.699999,45.6,-27.72
00.871,-20.76,45.66,-28.019999
00.911,-21.0,45.96,-28.26
00.953,-21.06,45.96,-27.9
00.971,-21.119999,45.719997,-27.96
01.009,-21.42,45.6,-27.66
01.051,-21.18,45.48,-27.779999
01.090,-20.699999,45.78,-27.779999
01.110,-21.119999,45.539997,-27.84
01.149,-21.359999,45.66,-27.84
01.172,-21.42,45.18,-28.26
01.209,-21.42,45.6,-28.199999
01.250,-21.66,45.0,-28.26
01.291,-21.84,44.76,-28.199999
01.312,-21.539999,44.82,-28.019999
01.351,-21.42,44.879997,-27.42
01.390,-21.359999,45.42,-27.3
01.411,-21.539999,45.36,-27.3
01.450,-21.539999,45.899998,-27.599998
01.490,-21.359999,46.079998,-28.019999
01.510,-21.6,46.079998,-27.9
01.551,-21.6,45.719997,-27.84
01.591,-21.779999,44.76,-27.539999
01.610,-21.539999,44.76,-27.66
01.651,-21.48,45.18,-27.9
01.691,-21.6,45.48,-27.66
01.710,-21.66,45.539997,-27.779999
01.749,-21.6,45.48,-28.32
01.792,-21.539999,45.12,-28.14
01.810,-21.119999,45.12,-27.24
01.853,-21.0,45.3,-27.18
01.890,-20.76,45.719997,-26.82
01.911,-20.46,45.899998,-26.939999
01.950,-20.939999,46.02,-27.48
01.991,-20.76,46.14,-27.9
02.031,-20.76,45.42,-28.38
02.050,-20.88,45.6,-27.84
02.095,-21.48,45.36,-27.0
02.130,-21.72,45.42,-27.119999
02.150,-21.24,45.84,-27.359999
02.192,-20.52,46.14,-27.72
02.231,-20.64,45.84,-28.14
02.249,-20.939999,45.66,-27.779999
02.292,-21.72,45.059998,-27.06
02.331,-21.3,45.36,-27.24
02.350,-20.82,45.66,-27.359999
02.391,-21.84,45.84,-27.66
02.431,-21.539999,45.719997,-27.779999
02.451,-21.66,45.36,-27.48
02.489,-20.939999,45.6,-27.24
02.530,-21.119999,45.6,-27.119999
02.551,-21.72,45.539997,-27.24
02.591,-21.42,45.899998,-27.0
02.630,-21.3,46.079998,-27.359999
02.669,-21.42,45.719997,-27.72
02.689,-21.48,45.3,-27.119999
02.729,-21.359999,45.42,-27.359999
02.770,-21.24,45.899998,-27.779999
02.789,-21.18,46.32,-27.24
02.830,-21.119999,46.559998,-27.0
02.870,-21.119999,45.719997,-27.06
02.891,-21.119999,45.48,-27.539999
02.931,-21.539999,45.3,-28.32
02.952,-21.539999,45.539997,-28.26
02.991,-22.26,45.66,-28.08
03.031,-22.38,45.84,-28.019999
03.054,-22.38,46.2,-27.96
03.089,-21.24,46.079998,-27.599998
03.129,-21.119999,45.66,-27.06
03.169,-21.359999,45.719997,-27.3
03.190,-21.359999,45.48,-27.42
03.232,-20.82,45.42,-27.779999
03.271,-20.34,45.239998,-27.66
03.292,-20.88,45.18,-27.24
03.330,-21.42,45.48,-26.939999
03.371,-21.0,46.44,-27.66
03.390,-20.64,46.559998,-27.779999
03.430,-21.119999,45.719997,-28.08
03.470,-21.06,45.539997,-27.539999
03.491,-20.64,45.6,-28.019999
03.532,-21.0,45.48,-27.119999
03.571,-21.359999,45.18,-26.519999
03.591,-21.42,45.18,-26.64
03.631,-20.699999,45.719997,-26.58
03.671,-20.76,45.36,-26.519999
03.711,-21.3,44.879997,-26.519999
03.730,-21.66,45.0,-26.58
03.771,-21.779999,45.66,-26.4
03.810,-21.359999,45.42,-26.699999
03.830,-21.359999,45.6,-27.06
03.870,-20.88,45.66,-27.18
03.910,-21.06,45.539997,-27.599998
03.931,-21.3,45.239998,-27.9
03.971,-21.84,45.42,-27.96
04.012,-21.539999,45.6,-27.119999
04.031,-21.3,45.84,-27.359999
04.071,-21.06,45.96,-27.599998
04.111,-21.42,45.719997,-26.82
04.130,-21.66,45.239998,-26.88
04.171,-21.96,45.059998,-26.939999
04.211,-22.08,44.879997,-27.18
04.231,-21.96,44.82,-27.18
04.270,-21.539999,44.76,-27.06
04.310,-20.88,45.48,-26.939999
04.331,-21.359999,45.6,-26.699999
04.371,-21.119999,45.78,-26.4
04.411,-21.539999,45.059998,-27.06
04.432,-21.48,45.48,-27.119999
04.471,-21.359999,45.96,-27.42
04.512,-20.16,45.6,-27.359999
04.532,-20.22,45.66,-27.0
04.570,-20.039999,45.539997,-27.06
04.612,-20.88,45.6,-26.939999
04.653,-21.48,45.0,-26.4
04.672,-21.66,44.64,-26.46
04.712,-21.96,45.18,-27.0
04.750,-21.779999,45.84,-27.779999
04.770,-21.84,45.36,-27.18
04.811,-21.3,46.14,-27.18
04.850,-21.119999,45.6,-27.42
04.871,-20.82,45.059998,-27.18
04.910,-21.24,45.0,-27.48
04.951,-21.539999,44.879997,-27.66
04.970,-21.6,45.0,-27.359999
05.012,-20.939999,44.879997,-26.699999
05.051,-21.72,45.42,-26.46
05.071,-21.96,45.78,-26.34
05.109,-21.84,45.719997,-26.88
05.149,-22.08,45.36,-27.24
05.170,-21.66,45.539997,-27.42
05.211,-21.119999,45.78,-27.48
05.250,-21.3,45.6,-27.9
05.291,-21.6,45.48,-27.48
05.310,-21.48,45.48,-27.119999
05.350,-21.119999,45.719997,-27.119999
05.392,-21.42,45.66,-27.599998
05.410,-21.42,45.96,-27.599998
05.451,-21.42,46.26,-27.779999
05.490,-21.72,45.239998,-26.88
05.512,-21.66,45.3,-26.4
05.552,-21.779999,45.539997,-26.88
05.591,-21.119999,45.84,-26.939999
05.610,-21.0,45.66,-27.18
05.651,-20.82,45.3,-27.3
05.692,-21.18,45.12,-27.06
05.710,-21.06,45.239998,-27.0
05.750,-21.42,45.539997,-27.3
05.791,-21.6,45.42,-27.48
05.811,-20.88,45.18,-27.18
05.850,-21.06,45.42,-27.359999
05.890,-21.24,45.719997,-27.599998
05.911,-21.18,45.84,-27.599998
05.951,-21.42,45.719997,-27.06
05.990,-21.539999,45.059998,-26.64
06.011,-22.02,45.3,-26.699999
06.050,-21.06,46.26,-26.82
06.090,-20.939999,46.379997,-26.76
06.129,-21.48,45.96,-26.34
06.149,-21.84,46.02,-26.34
06.190,-21.66,45.6,-26.099998
06.229,-21.72,44.34,-26.46
06.249,-21.42,44.52,-26.88
06.290,-21.119999,44.52,-26.82
06.331,-21.18,45.059998,-26.939999
06.353,-21.48,45.42,-27.18
06.390,-21.539999,46.079998,-27.359999
06.429,-21.119999,45.899998,-26.76
06.451,-21.42,45.6,-27.119999
06.489,-22.199999,45.48,-27.9
06.531,-22.08,45.719997,-27.9
06.551,-21.779999,45.899998,-27.779999
06.589,-21.3,45.66,-26.46
06.631,-20.58,46.02,-26.34
06.654,-20.76,45.719997,-26.699999
06.690,-20.76,45.48,-27.0
06.731,-20.58,45.239998,-26.88
06.750,-20.82,45.0,-26.519999
06.791,-21.0,44.64,-26.4
06.832,-20.939999,44.879997,-27.119999
06.851,-21.3,45.42,-27.3
06.890,-21.359999,45.539997,-27.779999
06.932,-21.72,45.6,-26.939999
06.969,-22.14,45.66,-26.34
06.991,-21.9,45.18,-26.82
07.030,-21.72,44.76,-26.82
07.071,-21.84,44.52,-26.34
07.091,-21.48,44.219997,-26.519999
07.129,-21.48,45.059998,-26.039999
07.170,-21.42,45.36,-26.34
07.191,-21.66,45.059998,-26.64
07.231,-21.72,44.34,-26.82
07.269,-21.779999,44.94,-26.699999
07.289,-21.72,45.059998,-26.699999
07.330,-21.84,45.239998,-27.359999
07.370,-22.02,45.18,-26.88
07.389,-21.84,45.3,-26.58
07.431,-21.96,44.94,-26.699999
07.470,-21.9,45.12,-26.82
07.489,-21.539999,45.059998,-26.76
07.529,-21.119999,44.76,-26.64
07.570,-21.42,45.239998,-26.4
07.591,-20.88,45.66,-26.34
07.629,-20.46,45.539997,-26.039999
07.669,-21.06,44.879997,-26.279999
07.711,-21.119999,45.0,-26.64
07.730,-21.119999,45.36,-26.16
07.769,-21.48,45.059998,-26.22
07.811,-21.42,45.18,-26.099998
07.831,-21.42,45.6,-26.099998
07.870,-21.72,45.059998,-27.18
07.911,-21.66,44.46,-27.18
07.930,-21.779999,45.0,-26.88
07.970,-22.02,45.239998,-26.22
08.010,-21.96,44.94,-26.76
08.030,-21.119999,44.82,-26.76
08.072,-20.82,44.64,-26.64
08.109,-21.06,45.6,-26.279999
08.128,-21.119999,46.079998,-25.859999
08.171,-21.3,45.539997,-25.859999
08.210,-21.96,44.94,-26.4
08.229,-21.96,44.82,-26.279999
08.270,-21.84,44.16,-26.039999
08.310,-21.359999,44.82,-26.46
08.331,-21.539999,44.879997,-26.519999
08.371,-21.539999,45.3,-26.64
08.410,-20.88,45.42,-26.699999
08.431,-21.24,45.36,-26.099998
08.469,-20.939999,45.059998,-26.519999
08.511,-21.119999,45.239998,-26.519999
08.531,-21.18,45.36,-26.279999
08.571,-20.82,45.66,-26.58
08.611,-21.119999,44.879997,-26.34
08.631,-21.6,44.52,-26.22
08.669,-21.0,44.28,-26.519999
08.709,-21.42,44.76,-26.519999
08.750,-21.72,45.059998,-26.22
08.770,-21.359999,45.12,-25.859999
08.810,-21.24,45.3,-25.68
08.851,-21.779999,44.879997,-25.859999
08.870,-21.96,44.82,-25.98
08.909,-21.9,44.64,-25.38
08.951,-21.6,45.6,-25.619999
08.970,-21.359999,45.84,-25.74
09.010,-20.76,45.0,-26.519999
09.050,-21.84,44.7,-26.4
09.070,-21.96,45.239998,-26.519999
09.113,-21.9,45.18,-26.46
09.149,-21.6,45.48,-26.279999
09.171,-21.66,45.36,-26.4
09.210,-21.24,45.48,-26.76
09.249,-21.06,45.66,-26.58
09.270,-21.6,45.36,-25.859999
09.327,-21.779999,45.48,-26.099998
09.349,-21.72,45.059998,-26.82
09.388,-21.66,44.94,-26.58
09.409,-21.84,44.94,-26.64
09.448,-21.779999,44.76,-26.46
09.488,-21.539999,44.82,-26.039999
09.508,-21.18,44.94,-25.8
09.550,-21.48,44.879997,-25.619999
09.591,-21.84,45.0,-26.76
09.610,-21.539999,44.94,-26.699999
09.650,-21.48,45.12,-26.46
09.691,-21.9,45.0,-26.16
09.711,-21.779999,45.18,-26.16
09.749,-21.66,45.18,-26.099998
09.790,-21.359999,45.3,-25.74
09.811,-21.539999,45.66,-25.859999
09.851,-21.3,45.6,-25.5
09.889,-21.779999,44.879997,-25.74
09.910,-21.6,44.7,-25.619999
09.951,-21.6,44.76,-26.46
09.990,-20.939999,44.82,-26.099998
10.011,-21.42,45.059998,-26.16
10.050,-21.84,44.76,-26.519999
10.089,-21.3,45.18,-26.46
10.115,-21.119999,45.239998,-26.46
10.151,-21.66,45.3,-25.92
10.189,-21.96,45.18,-26.279999
10.230,-21.18,45.059998,-26.939999
10.254,-21.18,45.059998,-26.82
10.289,-21.06,45.48,-26.699999
10.330,-21.0,45.539997,-26.88
10.349,-21.48,45.719997,-26.64
10.389,-21.6,45.18,-26.039999
10.431,-21.119999,45.48,-25.859999
10.449,-21.0,45.719997,-26.4
10.490,-21.24,45.48,-26.099998
10.531,-21.779999,45.36,-26.34
10.552,-21.42,45.239998,-26.279999
10.589,-21.24,44.82,-26.039999
10.630,-21.24,45.0,-26.4
10.650,-21.359999,45.12,-26.099998
10.689,-21.119999,45.42,-26.519999
10.731,-20.939999,45.059998,-26.64
10.750,-21.6,44.7,-26.64
10.791,-21.48,45.239998,-26.34
10.829,-21.48,45.18,-26.76
10.850,-21.24,45.36,-26.82
10.889,-20.88,45.719997,-25.98
10.929,-21.42,45.0,-25.56
10.951,-21.18,44.94,-25.8
10.989,-20.52,45.36,-26.039999
11.030,-20.699999,45.66,-25.68
11.050,-20.82,45.6,-25.32
11.089,-21.3,45.12,-25.68
11.129,-21.24,45.12,-26.519999
11.169,-21.24,45.12,-25.92
11.188,-21.24,45.18,-25.859999
11.228,-21.3,44.579998,-26.279999
11.270,-21.48,45.0,-26.58
11.289,-21.6,45.18,-26.279999
11.329,-21.359999,45.6,-26.279999
11.370,-21.24,45.239998,-26.279999
11.390,-21.119999,44.76,-26.46
11.430,-21.539999,44.879997,-26.099998
11.469,-21.72,45.0,-25.92
11.489,-21.539999,45.059998,-25.68
11.529,-21.48,45.42,-25.8
11.569,-21.42,45.12,-26.22
11.590,-21.42,45.239998,-26.22
11.630,-21.3,45.3,-26.4
11.669,-21.48,44.7,-26.039999
11.689,-21.539999,44.7,-25.619999
11.728,-21.48,44.82,-25.5
11.768,-21.3,45.0,-26.099998
11.790,-21.48,45.0,-26.039999
11.829,-21.66,45.0,-25.859999
11.869,-21.6,45.0,-25.92
11.909,-20.939999,44.879997,-26.699999
11.929,-20.76,44.76,-26.16
11.969,-21.06,44.94,-26.099998
12.010,-20.699999,44.46,-26.22
12.030,-21.0,44.76,-26.4
12.069,-21.48,44.52,-26.58
12.110,-21.539999,44.64,-26.039999
12.129,-21.24,44.52,-26.099998
12.170,-20.939999,45.36,-26.16
12.209,-21.539999,45.059998,-26.34
12.230,-21.3,45.3,-26.22
12.269,-21.6,44.64,-26.46
12.310,-21.06,44.399998,-26.16
12.328,-21.3,44.16,-26.22
12.369,-21.119999,44.46,-26.88
12.409,-21.48,44.82,-26.519999
12.429,-21.359999,44.52,-26.279999
12.469,-20.88,44.64,-26.279999
12.509,-21.359999,45.059998,-25.74
12.530,-21.3,45.0,-25.68
12.570,-21.72,44.579998,-26.46
12.609,-21.539999,44.94,-26.58
12.630,-21.24,45.719997,-26.34
12.670,-20.82,45.42,-25.92
12.710,-21.6,45.66,-26.039999
12.749,-21.84,45.48,-26.58
12.769,-21.66,45.3,-26.699999
12.809,-20.58,44.879997,-26.64
12.850,-20.64,44.399998,-25.619999
12.870,-21.06,44.28,-25.5
12.909,-21.359999,45.0,-25.8
12.949,-21.3,45.3,-26.64
12.969,-20.699999,45.18,-27.06
13.009,-20.76,45.3,-26.88
13.049,-21.48,44.82,-26.34
13.070,-21.359999,44.76,-26.22
13.109,-21.539999,44.82,-25.019999
13.149,-21.42,44.28,-25.439999
13.170,-21.779999,44.879997,-25.859999
13.210,-21.539999,45.0,-26.519999
13.250,-21.42,44.579998,-26.58
13.270,-21.48,44.399998,-26.58
13.312,-21.3,43.92,-25.859999
13.349,-21.06,44.76,-26.279999
13.371,-21.18,45.239998,-26.16
13.411,-21.3,44.82,-26.46
13.451,-20.58,44.219997,-26.76
13.470,-20.52,44.64,-26.64
13.510,-21.119999,45.18,-25.619999
13.551,-21.72,45.3,-25.439999
13.570,-21.539999,44.94,-25.439999
13.611,-22.32,44.28,-25.8
13.651,-21.9,44.399998,-26.22
13.671,-21.06,44.879997,-26.16
13.711,-21.42,45.059998,-25.74
13.750,-22.08,45.059998,-25.859999
13.791,-21.9,44.76,-26.039999
13.809,-21.72,45.0,-25.98
13.855,-21.6,45.3,-26.22
13.890,-21.96,44.94,-26.039999
13.911,-22.08,44.399998,-26.039999
13.951,-22.439999,44.16,-25.26
13.991,-21.42,44.76,-25.56
14.011,-21.42,44.52,-26.699999
14.051,-21.359999,44.64,-26.519999
14.093,-21.9,44.46,-25.56
14.112,-21.6,44.64,-25.56
14.151,-22.619999,45.3,-26.279999
14.192,-22.56,45.6,-26.519999
14.212,-22.199999,45.539997,-26.22
14.251,-20.939999,45.059998,-25.92
14.291,-20.64,45.3,-25.92
14.310,-21.18,45.719997,-25.8
14.350,-21.24,45.42,-25.68
14.391,-21.66,44.82,-25.68
14.414,-21.66,45.0,-26.039999
14.452,-21.6,45.239998,-26.519999
14.489,-21.119999,45.12,-25.98
14.511,-21.119999,44.64,-25.56
14.551,-21.24,44.399998,-25.38
14.590,-21.72,45.059998,-26.039999
14.631,-21.48,44.879997,-26.64
14.650,-21.66,44.76,-26.46
14.690,-21.18,45.3,-26.64
14.731,-21.539999,45.36,-27.18
14.750,-21.18,45.239998,-27.0
14.790,-20.939999,45.059998,-26.22
14.830,-20.699999,45.36,-25.92
14.851,-21.119999,45.12,-25.98
14.890,-21.6,45.6,-26.099998
14.929,-22.26,45.539997,-26.16
14.951,-22.38,45.42,-26.22
14.989,-21.72,45.18,-26.16
15.030,-20.699999,44.94,-26.58
15.049,-20.4,45.239998,-27.119999
15.091,-20.34,45.0,-26.82
15.130,-21.359999,44.94,-25.859999
15.150,-21.66,45.059998,-25.619999
15.190,-21.6,45.66,-25.68
15.230,-21.48,45.6,-25.98
15.250,-21.72,45.48,-26.039999
15.288,-21.779999,45.42,-25.92
15.329,-21.6,44.879997,-26.519999
15.369,-20.52,44.7,-26.58
15.390,-20.939999,44.52,-26.34
15.429,-20.88,44.579998,-26.4
15.470,-21.66,44.94,-26.22
15.489,-21.66,44.879997,-26.22
15.530,-21.18,45.0,-26.039999
15.571,-20.88,44.94,-25.439999
15.590,-20.58,45.239998,-25.5
15.629,-20.52,45.66,-26.16
15.671,-21.119999,45.36,-26.099998
15.689,-21.359999,45.239998,-25.859999
15.730,-22.199999,44.94,-25.859999
15.771,-21.779999,46.14,-25.859999
15.790,-21.779999,46.079998,-26.22
15.832,-21.06,45.96,-26.58
15.870,-21.06,44.64,-26.34
15.890,-21.24,44.82,-26.22
15.930,-21.119999,44.7,-26.519999
15.969,-21.359999,45.18,-26.519999
15.991,-21.42,45.36,-25.98
16.030,-21.84,45.0,-25.8
16.069,-21.66,44.399998,-25.619999
16.090,-21.48,44.76,-26.099998
16.129,-21.66,45.6,-25.74
16.170,-21.3,44.94,-25.859999
16.209,-21.24,45.0,-26.34
16.228,-21.3,45.12,-26.16
16.268,-21.42,45.36,-25.859999
16.309,-22.08,45.12,-26.039999
16.329,-22.199999,44.879997,-25.74
16.371,-21.6,45.12,-25.68
16.409,-21.779999,45.18,-25.439999
16.431,-21.42,45.48,-25.5
16.469,-21.42,45.3,-25.74
16.509,-20.939999,44.82,-25.199999
16.531,-21.359999,44.52,-25.199999
16.570,-21.9,44.28,-25.92
16.611,-21.48,44.16,-26.279999
16.630,-21.72,44.579998,-26.64
16.671,-21.119999,45.36,-26.58
16.711,-21.119999,45.0,-26.279999
16.730,-21.42,45.059998,-25.68
16.771,-21.66,45.0,-25.439999
16.810,-21.3,44.76,-25.56
16.831,-21.18,45.0,-25.56
16.870,-21.24,45.3,-25.32
16.910,-21.24,45.48,-25.68
16.931,-21.3,44.94,-25.92
16.971,-20.88,45.42,-26.34
17.011,-20.699999,45.239998,-25.98
17.031,-20.939999,44.94,-26.099998
17.071,-21.6,44.7,-26.82
17.126,-21.779999,45.059998,-26.4
17.150,-21.3,45.42,-25.92
17.171,-21.539999,45.12,-25.8
17.209,-21.539999,44.94,-25.8
17.250,-21.66,45.42,-25.859999
17.271,-21.72,45.66,-25.5
17.309,-22.08,44.7,-25.5
17.350,-21.72,43.8,-26.039999
17.370,-21.539999,44.219997,-26.34
17.410,-21.539999,44.879997,-26.16
17.455,-21.779999,45.0,-26.46
17.472,-21.42,45.0,-26.46
17.512,-21.359999,44.28,-25.859999
17.554,-21.24,44.64,-25.859999
17.571,-21.06,44.94,-26.279999
17.612,-21.3,44.879997,-26.82
17.652,-21.18,45.239998,-26.039999
17.672,-21.18,44.879997,-25.98
17.712,-21.66,45.12,-25.859999
17.752,-21.48,45.12,-25.92
17.771,-21.24,45.059998,-25.98
17.812,-21.84,45.18,-25.859999
17.852,-21.72,44.64,-25.619999
17.872,-20.82,45.18,-25.92
17.910,-20.58,44.94,-26.34
17.951,-22.02,45.3,-26.22
17.972,-21.66,45.239998,-25.859999
18.012,-21.9,45.12,-26.279999
18.050,-22.02,44.579998,-26.88
18.092,-21.539999,45.059998,-26.4
18.111,-21.6,44.879997,-26.4
18.149,-21.24,45.18,-26.039999
18.191,-21.24,45.0,-26.16
18.211,-21.539999,44.76,-26.16
18.251,-21.3,44.879997,-26.279999
18.291,-20.88,44.76,-26.039999
18.310,-21.06,44.879997,-26.22
18.351,-21.779999,45.18,-26.46
18.392,-22.14,45.18,-26.279999
18.411,-21.66,45.12,-26.519999
18.452,-21.66,44.52,-25.98
18.490,-21.9,44.52,-26.279999
18.511,-21.48,44.399998,-26.279999
18.552,-20.76,44.94,-25.439999
18.591,-20.88,45.36,-25.56
18.612,-21.06,45.18,-25.619999
18.651,-21.06,44.7,-25.98
18.691,-21.359999,44.94,-25.38
18.712,-21.779999,44.879997,-25.14
18.750,-22.38,44.82,-25.439999
18.791,-21.779999,45.18,-25.8
18.832,-22.199999,44.579998,-26.039999
18.851,-22.68,44.34,-25.56
18.892,-22.32,44.52,-26.099998
18.931,-22.26,44.399998,-25.98
18.951,-22.08,44.04,-25.98
18.991,-21.6,43.92,-25.98
19.030,-21.359999,44.76,-25.859999
19.050,-21.0,45.18,-26.4
19.099,-21.06,45.0,-26.64
19.130,-21.3,44.16,-25.98
19.150,-21.779999,43.98,-25.8
19.191,-21.48,43.98,-25.26
19.232,-21.539999,44.1,-25.439999
19.252,-21.72,43.98,-25.8
19.290,-22.14,43.559998,-26.16
19.331,-21.24,43.86,-25.859999
19.350,-20.88,44.16,-25.56
19.391,-20.699999,44.46,-26.039999
19.431,-21.3,44.46,-26.099998
19.450,-21.359999,44.16,-25.8
19.491,-21.3,43.98,-25.859999
19.531,-22.08,44.82,-26.519999
19.552,-22.14,44.82,-26.34
19.592,-22.199999,44.16,-25.74
19.632,-21.66,44.579998,-25.26
19.671,-21.359999,45.239998,-25.38
19.691,-21.359999,44.879997,-25.74
19.730,-20.52,44.76,-25.38
19.771,-20.64,44.52,-25.32
19.792,-20.58,44.46,-25.8
19.830,-21.359999,44.52,-26.279999
19.870,-21.66,44.579998,-26.279999
19.892,-21.3,44.16,-26.16
19.931,-20.64,43.92,-25.74
19.970,-21.24,44.16,-25.56
19.991,-21.359999,44.04,-25.68
20.031,-21.3,43.8,-25.98
20.070,-21.9,44.28,-25.14
20.091,-21.359999,44.16,-25.199999
20.131,-20.88,44.28,-25.56
20.171,-20.88,44.399998,-25.92
20.192,-20.82,44.1,-25.619999
20.231,-21.24,44.64,-25.019999
20.271,-21.779999,44.76,-25.56
20.291,-21.48,44.52,-25.68
20.331,-21.18,44.16,-25.8
20.371,-21.6,44.399998,-25.859999
20.392,-21.359999,44.7,-26.099998
20.431,-21.42,44.52,-25.56
20.471,-21.06,44.34,-25.619999
20.492,-21.06,44.46,-25.8
20.532,-21.48,44.1,-26.699999
20.572,-21.72,44.04,-26.46
20.592,-22.32,43.98,-26.099998
20.633,-22.92,43.44,-25.619999
20.671,-22.26,43.02,-25.56
20.711,-21.72,44.399998,-25.439999
20.731,-21.6,44.399998,-25.74
20.771,-21.84,44.219997,-25.68
20.812,-22.5,44.04,-25.38
20.831,-22.32,43.98,-25.32
20.872,-21.84,44.1,-25.68
20.911,-21.84,44.34,-26.4
20.932,-21.779999,44.46,-26.34
20.972,-22.02,44.579998,-26.279999
21.011,-21.6,44.34,-25.98
21.032,-21.24,44.1,-25.74
21.070,-21.6,44.52,-26.16
21.112,-22.199999,44.399998,-25.92
21.132,-22.439999,44.28,-26.099998
21.171,-22.32,44.399998,-25.74
21.212,-21.72,44.34,-25.38
21.232,-21.3,44.34,-25.8
21.271,-20.88,43.98,-25.619999
21.311,-21.539999,43.92,-25.5
21.351,-21.9,44.579998,-25.74
21.370,-21.9,44.399998,-25.439999
21.412,-22.14,44.64,-25.74
21.432,-21.9,44.28,-25.98
21.472,-21.3,43.68,-25.8
21.511,-21.48,43.86,-25.859999
21.551,-21.779999,43.8,-26.34
21.572,-22.02,43.92,-26.099998
21.609,-21.72,43.86,-25.98
21.651,-21.66,43.92,-25.439999
21.671,-21.96,43.8,-25.08
21.710,-21.96,44.04,-24.96
21.751,-21.72,44.1,-25.74
21.771,-21.66,44.219997,-25.92
21.812,-21.6,43.92,-26.16
21.851,-21.3,44.16,-26.34
21.870,-21.48,44.219997,-26.039999
21.910,-21.96,44.76,-25.439999
21.951,-22.08,44.94,-25.32
21.970,-21.539999,45.36,-25.32
22.012,-21.539999,44.94,-25.56
22.051,-21.48,44.399998,-25.74
22.071,-21.96,44.04,-26.099998
22.111,-21.48,43.739998,-26.939999
22.150,-21.24,43.98,-26.4
22.190,-21.84,43.68,-25.92
22.211,-22.02,43.8,-25.74
22.251,-21.84,44.219997,-25.199999
22.292,-21.3,44.579998,-26.039999
22.312,-21.6,44.52,-26.34
22.351,-21.779999,43.86,-26.34
22.399,-21.72,43.44,-25.74
22.410,-21.6,43.8,-25.74
22.450,-21.66,44.28,-26.279999
22.491,-21.42,44.52,-25.859999
22.511,-21.3,44.219997,-25.439999
22.552,-21.18,43.98,-25.8
22.591,-21.539999,44.34,-26.58
22.610,-21.779999,44.28,-26.34
22.651,-21.96,44.52,-26.64
22.691,-21.84,44.1,-26.279999
22.711,-22.199999,43.92,-25.92
22.751,-22.8,44.399998,-25.26
22.804,-22.14,44.579998,-25.56
22.812,-21.72,44.52,-25.8
22.851,-21.3,44.16,-26.099998
22.889,-21.119999,44.16,-25.5
22.928,-21.6,44.16,-25.14
22.949,-21.9,44.579998,-25.26
22.989,-21.84,43.98,-25.68
23.030,-21.72,43.98,-26.46
23.049,-21.539999,44.04,-26.279999
23.090,-21.24,43.8,-25.859999
23.129,-22.02,44.16,-25.199999
23.149,-22.08,44.52,-25.439999
23.189,-21.96,44.04,-25.14
23.230,-22.14,44.1,-25.199999
23.250,-22.199999,44.46,-25.32
23.290,-21.84,44.64,-25.38
23.330,-22.08,45.18,-24.72
23.351,-22.56,44.76,-24.9
23.393,-22.38,44.46,-25.14
23.431,-21.96,44.82,-25.14
23.452,-21.48,44.82,-25.619999
23.490,-22.14,44.28,-26.099998
23.531,-22.199999,43.98,-26.039999
23.551,-22.02,44.46,-26.039999
23.591,-22.02,43.92,-25.74
23.631,-21.72,44.04,-25.38
23.650,-21.48,44.7,-25.8
23.691,-21.539999,44.399998,-26.039999
23.731,-22.02,43.26,-25.68
23.751,-22.08,43.44,-25.8
23.792,-21.72,43.92,-25.38
23.831,-21.48,44.219997,-25.38
23.852,-21.539999,44.399998,-25.619999
23.891,-21.9,44.28,-25.98
23.930,-21.539999,44.219997,-26.699999
23.972,-21.3,44.579998,-26.279999
23.992,-21.42,44.579998,-25.8
24.031,-21.24,44.64,-26.039999
24.053,-21.48,44.7,-25.68
24.093,-21.48,44.399998,-25.199999
24.132,-21.359999,43.559998,-25.439999
24.170,-21.539999,43.86,-26.34
24.192,-21.96,43.92,-26.46
24.231,-21.72,44.82,-26.039999
24.271,-21.42,45.059998,-26.099998
24.291,-21.96,44.579998,-26.039999
24.331,-21.96,44.219997,-26.099998
24.371,-21.539999,44.16,-26.34
24.391,-21.9,44.04,-25.98
24.429,-21.84,43.8,-25.8
24.471,-21.42,44.1,-24.539999
24.490,-21.66,44.64,-24.84
24.531,-21.119999,44.82,-24.779999
24.571,-21.359999,44.16,-24.539999
24.592,-21.6,44.16,-24.779999
24.632,-21.779999,44.7,-25.8
24.671,-21.66,44.52,-25.859999
24.712,-21.3,44.52,-25.439999
24.731,-21.24,44.579998,-26.039999
24.772,-21.42,44.46,-25.859999
24.792,-21.9,44.579998,-25.859999
24.832,-21.359999,43.8,-25.56
24.871,-21.42,43.739998,-25.68
24.893,-21.48,43.86,-25.14
24.931,-21.84,44.399998,-26.099998
24.972,-21.24,44.219997,-26.099998
25.010,-20.64,43.86,-25.859999
25.030,-21.119999,43.92,-26.22
25.071,-21.6,44.52,-26.34
25.109,-21.72,44.64,-26.4
25.131,-21.3,44.1,-26.519999
25.171,-21.42,44.34,-25.619999
25.211,-22.14,44.34,-25.92
25.232,-21.9,44.219997,-26.279999
25.270,-21.24,43.92,-26.099998
25.311,-21.359999,43.92,-26.34
25.332,-21.359999,43.44,-26.16
25.371,-21.84,43.32,-25.74
25.410,-22.02,44.16,-25.74
25.434,-22.02,44.16,-25.38
25.470,-22.02,44.1,-26.039999
25.511,-21.18,43.98,-26.88
25.551,-21.359999,44.1,-25.92
25.572,-21.779999,44.1,-25.92
25.611,-22.02,43.86,-25.98
25.651,-21.539999,43.62,-25.98
25.672,-21.539999,43.92,-26.4
25.711,-21.3,43.92,-26.16
25.751,-20.939999,44.399998,-26.34
25.770,-21.0,44.579998,-26.939999
25.811,-21.539999,44.52,-26.519999
25.852,-21.66,44.399998,-25.859999
25.872,-21.18,44.219997,-25.619999
25.912,-21.66,43.86,-26.099998
25.951,-22.32,44.28,-26.16
25.971,-21.84,44.16,-25.92
26.011,-21.72,44.219997,-25.68
26.050,-21.18,44.34,-25.5
26.071,-21.42,44.04,-25.619999
26.109,-21.539999,44.04,-25.199999
26.149,-21.6,44.16,-25.68
26.171,-21.119999,44.16,-25.68
26.212,-20.939999,43.98,-26.099998
26.252,-20.82,44.16,-26.34
26.271,-20.939999,44.52,-25.859999
26.312,-21.48,44.76,-25.8
26.351,-21.66,44.94,-26.039999
26.392,-21.359999,44.879997,-25.5
26.411,-21.0,45.0,-25.08
26.450,-21.0,44.94,-24.539999
26.491,-21.42,44.04,-25.98
26.512,-21.66,44.1,-26.099998
26.551,-21.72,44.64,-26.46
26.591,-21.0,44.82,-26.22
26.612,-21.18,44.82,-26.46
26.651,-21.42,44.1,-26.039999
26.691,-21.359999,44.219997,-25.619999
26.711,-21.06,44.46,-25.439999
26.751,-21.6,44.46,-25.5
26.792,-21.119999,43.68,-25.199999
26.811,-21.24,43.739998,-25.32
26.853,-21.06,43.92,-25.8
26.892,-21.18,44.16,-25.68
26.912,-21.18,44.1,-25.199999
26.951,-21.24,43.62,-25.38
26.992,-21.6,43.739998,-26.279999
27.012,-21.66,44.1,-25.619999
27.051,-21.539999,45.0,-25.619999
27.092,-21.3,44.34,-26.039999
27.111,-21.3,44.219997,-25.8
27.152,-21.66,44.579998,-25.98
27.192,-21.6,44.64,-25.32
27.231,-21.84,44.64,-24.779999
27.252,-21.539999,44.64,-25.68
27.293,-21.539999,43.98,-26.22
27.312,-21.48,43.8,-26.34
27.353,-21.0,43.739998,-26.099998
27.393,-20.16,44.52,-25.8
27.431,-20.64,44.82,-25.98
27.451,-20.699999,44.579998,-26.4
27.491,-21.66,44.28,-26.22
27.532,-21.18,44.82,-25.859999
27.552,-21.18,44.76,-26.46
27.593,-21.18,44.76,-25.38
27.631,-21.119999,44.04,-24.6
27.652,-21.359999,44.04,-24.96
27.692,-21.66,43.739998,-26.34
27.732,-21.42,43.92,-26.279999
27.751,-21.119999,44.399998,-25.56
27.791,-21.42,44.34,-26.099998
27.833,-21.96,43.62,-25.92
27.851,-22.14,43.92,-25.619999
27.895,-21.18,44.82,-25.26
27.932,-21.24,44.64,-25.98
27.951,-21.66,44.219997,-26.16
27.992,-21.9,43.62,-25.98
28.031,-21.6,43.739998,-25.859999
28.053,-21.9,43.559998,-25.98
28.099,-21.18,43.92,-26.039999
28.132,-21.359999,44.7,-25.56
28.171,-21.66,44.64,-25.619999
28.192,-21.42,44.1,-25.92
28.231,-21.3,43.98,-25.92
28.255,-21.779999,43.5,-25.859999
28.291,-22.26,44.28,-25.68
28.331,-22.02,44.94,-26.039999
28.373,-21.779999,44.82,-26.099998
28.393,-21.9,44.76,-26.34
28.431,-22.08,44.64,-26.34
28.470,-21.9,44.399998,-26.16
28.492,-21.84,44.16,-26.039999
28.532,-21.359999,43.86,-25.38
28.571,-21.24,43.8,-25.68
28.591,-21.359999,43.8,-25.619999
28.633,-21.3,44.34,-26.16
28.671,-21.48,44.64,-25.92
28.692,-22.02,44.219997,-25.08
28.731,-21.42,44.52,-25.859999
28.772,-20.46,44.579998,-26.099998
28.793,-20.82,45.059998,-25.619999
28.832,-21.42,44.7,-26.46
28.872,-21.66,44.879997,-25.98
28.913,-21.42,44.76,-25.619999
28.931,-21.66,44.219997,-26.099998
28.971,-20.82,44.1,-25.98
28.992,-20.88,44.46,-25.68
29.031,-21.06,44.64,-26.4
29.071,-21.539999,44.1,-27.06
29.101,-21.42,44.16,-26.699999
29.131,-20.88,44.28,-25.92
29.170,-21.24,44.219997,-25.859999
29.210,-21.359999,44.64,-26.519999
29.230,-21.6,45.059998,-25.98
29.271,-21.84,43.92,-25.56
29.312,-21.779999,43.68,-25.92
29.332,-21.539999,43.62,-25.619999
29.372,-21.48,44.399998,-26.16
29.410,-20.939999,45.0,-26.099998
29.431,-20.82,45.18,-26.039999
29.469,-21.119999,44.64,-26.039999
29.511,-20.699999,44.52,-25.98
29.533,-20.279999,44.399998,-26.279999
29.570,-20.76,44.04,-25.92
29.610,-21.779999,44.1,-25.74
29.649,-22.08,44.399998,-25.56
29.669,-21.779999,44.28,-25.08
29.709,-21.779999,44.16,-25.199999
29.749,-21.96,44.52,-26.64
29.769,-21.6,44.76,-26.88
29.812,-21.3,44.82,-25.859999
29.852,-21.48,44.34,-25.38
29.872,-21.6,44.34,-26.039999
29.911,-21.539999,44.52,-25.619999
29.951,-21.6,44.34,-26.039999
29.971,-21.72,44.16,-26.46
30.012,-21.779999,44.34,-26.699999
30.050,-21.359999,44.52,-26.22
30.072,-21.3,44.34,-25.619999
30.113,-21.539999,44.46,-25.38
30.150,-21.48,44.28,-25.8
30.171,-20.88,44.34,-25.92
30.212,-21.3,44.04,-25.74
30.252,-21.359999,44.1,-25.56
30.271,-21.72,44.399998,-25.5
30.312,-21.72,44.399998,-25.5
30.351,-20.939999,43.86,-25.619999
30.372,-20.939999,43.5,-25.619999
30.413,-21.18,43.26,-26.16
30.452,-21.72,43.68,-25.859999
30.471,-21.48,43.68,-25.859999
30.511,-21.3,44.219997,-25.98
30.552,-21.6,44.04,-26.16
30.572,-21.18,43.68,-25.859999
30.611,-21.0,43.86,-25.98
30.651,-20.699999,44.579998,-26.039999
30.691,-20.58,44.76,-26.46
30.713,-20.76,45.12,-26.16
30.751,-21.3,44.52,-26.099998
30.790,-20.76,44.46,-25.98
30.811,-20.76,44.76,-25.8
30.851,-20.52,45.12,-26.46
30.892,-20.52,44.82,-26.519999
30.912,-20.64,44.52,-26.279999
30.951,-20.76,43.92,-26.58
30.991,-21.119999,44.219997,-26.16
31.012,-21.0,44.64,-25.8
31.051,-21.42,45.12,-26.039999
31.090,-20.82,44.46,-26.58
31.110,-20.64,44.16,-26.099998
31.151,-20.699999,43.8,-25.92
31.191,-20.699999,43.86,-25.859999
31.211,-20.88,44.04,-25.859999
31.252,-20.939999,43.92,-26.22
31.293,-21.42,44.1,-26.22
31.314,-21.359999,44.64,-26.22
31.352,-21.48,44.52,-26.88
31.392,-21.779999,44.1,-26.22
31.412,-22.02,44.46,-25.619999
31.451,-21.24,44.1,-25.8
31.498,-21.24,43.92,-26.22
31.531,-21.42,44.1,-25.859999
31.550,-21.9,44.28,-26.279999
31.591,-21.42,43.92,-26.58
31.631,-21.06,43.98,-25.98
31.651,-21.18,44.579998,-25.68
31.690,-21.18,44.34,-25.56
31.732,-21.0,43.98,-26.039999
31.751,-21.06,43.739998,-26.279999
31.791,-21.779999,44.16,-26.46
31.831,-21.72,44.399998,-26.099998
31.855,-22.14,43.92,-26.34
31.891,-21.779999,44.34,-26.16
31.932,-21.539999,44.64,-25.859999
31.951,-21.66,44.34,-25.439999
31.991,-21.779999,43.8,-25.8
32.032,-21.72,44.52,-26.22
32.052,-21.6,44.879997,-26.279999
32.095,-21.9,44.7,-26.519999
32.131,-21.3,44.1,-26.82
32.171,-20.76,44.04,-26.4
32.191,-20.64,44.399998,-26.34
32.230,-21.18,44.579998,-26.46
32.270,-22.32,43.8,-26.58
32.292,-22.5,43.739998,-26.22
32.332,-22.26,43.92,-26.4
32.371,-22.56,44.28,-26.4
32.392,-22.74,44.28,-26.16
32.431,-21.6,43.98,-25.439999
32.471,-21.48,44.1,-25.8
32.489,-21.48,44.399998,-26.16
32.531,-21.06,44.579998,-26.64
32.571,-21.539999,43.98,-26.099998
32.591,-21.66,44.28,-26.279999
32.631,-21.779999,44.46,-25.8
32.671,-21.06,44.7,-25.859999
32.691,-21.119999,44.7,-25.439999
32.731,-21.72,44.7,-25.619999
32.770,-22.32,44.16,-25.92
32.792,-21.84,43.92,-26.039999
32.831,-21.779999,44.399998,-25.98
32.872,-21.24,44.399998,-25.98
32.890,-20.88,43.62,-25.859999
32.931,-21.6,43.02,-26.58
32.972,-21.84,43.5,-26.039999
32.991,-21.0,44.04,-26.099998
33.031,-21.18,44.7,-26.699999
33.072,-21.119999,44.82,-26.939999
33.112,-20.699999,44.76,-26.88
33.129,-20.64,44.34,-26.88
33.171,-21.84,43.92,-26.82
33.211,-21.9,44.64,-26.64
33.231,-22.199999,44.579998,-26.4
33.270,-21.84,45.36,-26.64
33.312,-21.359999,45.3,-26.34
33.331,-21.359999,44.82,-25.92
33.371,-21.359999,44.219997,-26.519999
33.412,-20.939999,44.46,-26.22
33.431,-21.0,44.879997,-26.46
33.472,-21.359999,44.7,-26.099998
33.511,-21.66,44.879997,-25.74
33.530,-21.539999,45.18,-25.68
33.570,-20.76,45.42,-25.8
33.609,-20.76,44.46,-26.279999
33.630,-20.76,44.34,-26.58
33.671,-20.82,44.28,-26.699999
33.711,-21.0,44.52,-26.519999
33.730,-21.18,44.219997,-26.22
33.770,-21.3,43.92,-27.42
33.810,-21.42,43.98,-27.3
33.850,-21.3,44.219997,-26.519999
33.871,-21.0,44.34,-26.279999
33.909,-20.16,44.7,-25.92
33.932,-20.34,44.879997,-26.039999
33.969,-20.76,44.76,-25.8
34.011,-21.6,44.399998,-25.68
34.051,-21.0,44.219997,-26.099998
34.071,-21.119999,44.28,-26.46
34.109,-21.42,44.28,-27.119999
34.149,-21.3,45.0,-26.939999
34.171,-20.939999,45.0,-26.699999
34.210,-21.0,45.36,-26.88
34.250,-21.359999,44.94,-26.519999
34.271,-21.42,44.399998,-26.099998
34.312,-21.359999,43.92,-26.16
34.351,-20.64,43.98,-26.82
34.371,-20.939999,44.04,-26.64
34.411,-21.06,44.64,-26.699999
34.450,-20.939999,44.46,-27.0
34.470,-20.939999,44.399998,-26.699999
34.512,-21.48,44.94,-26.4
34.549,-21.66,44.76,-26.64
34.570,-21.539999,45.0,-27.0
34.611,-20.939999,45.12,-26.88
34.653,-21.24,44.52,-26.699999
34.691,-22.26,44.399998,-26.88
34.711,-22.08,44.219997,-26.939999
34.749,-21.72,44.579998,-26.519999
34.792,-21.3,44.7,-26.4
34.811,-21.06,44.64,-26.4
34.852,-21.48,44.219997,-26.519999
34.892,-21.18,44.219997,-27.18
34.912,-21.18,44.34,-27.359999
34.951,-20.939999,44.94,-26.939999
34.990,-21.18,44.64,-26.699999
35.009,-20.64,44.7,-26.699999
35.050,-21.42,44.879997,-26.4
35.091,-21.3,44.82,-26.039999
35.108,-21.18,44.64,-25.92
35.149,-20.88,44.879997,-25.8
35.191,-21.539999,44.76,-25.619999
35.212,-21.42,44.82,-25.859999
35.250,-21.18,45.18,-26.279999
35.290,-21.06,44.34,-26.64
35.310,-20.939999,44.219997,-26.939999
35.350,-20.82,43.86,-26.58
35.391,-21.06,44.399998,-26.099998
35.411,-20.88,44.82,-25.98
35.453,-21.66,45.0,-25.26
35.490,-21.96,44.76,-26.279999
35.512,-21.359999,45.3,-26.76
35.550,-21.06,44.82,-27.0
35.591,-21.42,44.46,-26.4
35.631,-20.699999,44.7,-26.22
35.651,-20.88,44.64,-26.46
35.692,-20.699999,44.82,-26.22
35.730,-21.06,44.7,-25.859999
35.751,-21.359999,44.82,-25.859999
35.792,-21.84,44.94,-26.22
35.831,-21.6,44.82,-26.099998
35.850,-21.9,44.94,-26.34
35.890,-21.84,44.219997,-26.46
35.932,-21.359999,43.92,-26.46
35.951,-21.3,44.28,-26.76
35.992,-20.939999,45.0,-27.119999
36.031,-20.88,44.879997,-26.34
36.051,-20.88,44.94,-25.92
36.089,-20.699999,45.0,-26.46
36.129,-21.72,44.82,-26.34
36.150,-21.6,44.82,-26.34
36.190,-21.24,44.82,-26.82
36.230,-21.66,44.34,-27.84
36.250,-22.26,44.04,-27.42
36.290,-21.9,44.219997,-27.0
36.330,-21.72,44.579998,-27.0
36.369,-21.72,44.34,-27.599998
36.388,-21.119999,44.579998,-27.599998
36.428,-21.119999,44.399998,-26.76
36.470,-21.6,43.98,-26.099998
36.489,-21.9,43.86,-25.92
36.531,-21.48,44.16,-26.039999
36.569,-20.58,44.7,-26.46
36.591,-20.16,44.94,-26.46
36.629,-20.52,45.539997,-26.58
36.669,-21.539999,45.12,-26.16
36.689,-21.779999,45.0,-25.98
36.730,-21.6,44.76,-25.859999
36.770,-21.18,44.7,-26.76
36.791,-20.82,44.879997,-26.519999
36.831,-21.42,44.7,-26.519999
36.871,-22.14,44.579998,-26.519999
36.891,-21.84,44.579998,-26.34
36.930,-21.48,44.399998,-25.68
36.970,-21.48,44.399998,-25.32
36.989,-21.48,44.399998,-25.56
37.030,-21.06,44.399998,-26.039999
37.071,-20.46,44.7,-26.64
37.109,-20.16,45.059998,-26.88
37.133,-19.74,45.18,-26.099998
37.169,-20.22,45.36,-25.859999
37.209,-20.82,45.0,-26.58
37.230,-20.34,44.579998,-26.34
37.270,-20.1,45.18,-26.699999
37.292,-20.82,44.879997,-25.74
37.330,-21.6,44.399998,-25.08
37.372,-21.539999,44.52,-25.98
37.412,-21.119999,45.12,-26.88
37.431,-21.24,44.879997,-26.34
37.471,-21.3,44.399998,-25.68
37.512,-21.24,44.579998,-26.58
37.532,-20.939999,44.64,-26.279999
37.570,-21.24,44.94,-26.46
37.612,-21.66,45.3,-26.099998
37.631,-21.72,45.3,-25.859999
37.671,-21.6,45.18,-26.22
37.711,-21.24,45.3,-26.46
37.731,-21.48,45.059998,-26.58
37.771,-21.66,45.18,-26.34
37.810,-22.02,44.28,-26.76
37.832,-21.6,43.98,-26.279999
37.870,-20.64,43.62,-26.34
37.911,-21.18,44.46,-27.06
37.932,-21.72,44.399998,-26.939999
37.970,-21.66,44.219997,-27.06
38.012,-21.0,44.46,-26.34
38.032,-20.88,44.82,-25.619999
38.071,-20.4,44.579998,-25.439999
38.102,-20.4,45.0,-25.5
38.149,-21.359999,45.059998,-26.46
38.170,-21.539999,44.76,-26.279999
38.211,-21.72,45.42,-26.16
38.250,-22.32,44.76,-26.699999
38.272,-22.38,44.7,-26.699999
38.311,-21.84,44.7,-26.22
38.351,-21.6,45.059998,-26.46
38.370,-21.06,45.12,-26.58
38.411,-21.48,45.239998,-27.0
38.452,-21.24,45.0,-27.66
38.471,-21.24,44.64,-28.08
38.511,-21.48,44.94,-27.599998
38.551,-21.3,44.82,-26.22
38.578,-21.3,44.7,-25.8
38.611,-21.42,44.64,-26.16
38.651,-20.939999,45.239998,-26.76
38.671,-20.939999,45.12,-26.939999
38.710,-21.119999,44.94,-26.88
38.752,-21.6,44.879997,-26.22
38.770,-21.359999,45.12,-26.099998
38.811,-20.52,45.12,-26.64
38.851,-20.76,45.18,-26.699999
38.872,-21.42,45.0,-26.519999
38.910,-21.6,45.539997,-26.58
38.950,-21.18,44.94,-27.359999
38.992,-21.18,44.34,-27.24
39.012,-21.18,44.7,-27.24
39.054,-21.3,44.7,-27.359999
39.091,-20.88,44.879997,-27.06
39.113,-21.42,45.059998,-27.119999
39.152,-21.72,44.579998,-27.24
39.191,-21.3,44.94,-27.119999
39.211,-21.0,45.059998,-27.06
39.252,-21.119999,45.059998,-27.48
39.292,-21.24,45.12,-27.18
39.312,-21.3,44.7,-26.939999
39.352,-20.939999,44.28,-27.42
39.391,-21.18,44.64,-27.539999
39.412,-21.18,44.82,-27.119999
39.452,-21.72,45.48,-26.76
39.490,-21.42,45.3,-26.699999
39.511,-21.42,45.239998,-26.699999
39.552,-21.48,44.64,-27.0
39.592,-21.42,44.879997,-26.939999
39.610,-21.359999,44.7,-26.88
39.651,-21.06,44.76,-26.519999
39.690,-21.06,45.239998,-26.58
39.712,-20.699999,45.48,-26.039999
39.751,-20.939999,45.899998,-26.4
39.792,-21.6,45.719997,-27.06
39.831,-21.3,44.7,-27.0
39.851,-21.3,44.64,-26.699999
39.891,-21.119999,44.879997,-26.46
39.931,-21.66,44.94,-27.18
39.950,-21.24,44.82,-27.66
39.991,-21.539999,45.0,-27.66
40.029,-21.48,45.239998,-26.519999
40.050,-21.06,45.12,-26.099998
40.097,-21.72,45.059998,-26.279999
40.130,-21.9,45.0,-26.88
40.150,-21.6,44.579998,-26.46
40.190,-21.119999,44.46,-27.42
40.230,-20.699999,44.579998,-27.84
40.252,-21.06,44.76,-28.199999
40.291,-21.6,45.059998,-27.66
40.330,-21.66,45.0,-26.939999
40.350,-21.6,44.879997,-27.3
40.390,-22.02,44.52,-27.18
40.434,-21.42,44.28,-26.64
40.450,-21.3,44.399998,-26.519999
40.490,-21.66,44.04,-26.76
40.529,-22.08,43.86,-27.24
40.551,-21.779999,43.8,-27.539999
40.590,-21.9,44.76,-26.88
40.629,-21.779999,45.48,-26.46
40.669,-21.48,45.3,-26.82
40.690,-21.48,45.48,-27.06
40.729,-21.0,45.48,-26.88
40.770,-21.72,44.94,-26.88
40.791,-21.359999,45.18,-26.699999
40.832,-21.119999,45.12,-26.88
40.868,-21.42,44.16,-27.0
40.889,-22.199999,44.579998,-27.24
40.930,-22.199999,44.579998,-27.18
40.971,-20.88,44.64,-27.18
40.991,-21.06,44.46,-27.06
41.030,-21.119999,44.04,-26.88
41.072,-21.359999,43.92,-26.58
41.093,-21.119999,44.1,-26.22
41.130,-21.18,44.76,-26.46
41.171,-21.6,45.059998,-26.88
41.191,-21.84,45.059998,-26.699999
41.232,-21.84,45.539997,-26.519999
41.271,-21.9,44.94,-26.58
41.291,-21.42,44.76,-26.88
41.332,-21.66,44.46,-26.82
41.370,-21.24,45.0,-26.22
41.392,-21.06,45.42,-25.92
41.430,-20.939999,44.82,-26.4
41.469,-21.24,44.879997,-26.279999
41.511,-21.3,45.3,-25.68
41.530,-21.48,45.0,-25.92
41.571,-21.84,44.76,-26.039999
41.610,-21.18,44.64,-26.519999
41.630,-21.0,44.16,-26.4
41.671,-21.0,44.1,-26.16
41.711,-21.24,44.46,-25.92
41.731,-21.24,44.34,-26.039999
41.770,-21.24,44.219997,-26.82
41.811,-21.48,44.64,-26.939999
41.831,-21.359999,44.879997,-26.82
41.871,-21.24,45.36,-27.06
41.911,-21.3,45.239998,-26.22
41.930,-21.66,44.399998,-26.519999
41.971,-21.779999,44.219997,-26.76
42.011,-20.82,44.46,-26.58
42.030,-20.64,44.28,-26.099998
42.071,-20.82,44.219997,-26.46
42.111,-21.48,43.8,-26.699999
42.150,-21.66,43.92,-26.519999
42.171,-21.48,44.399998,-26.4
42.210,-21.119999,45.12,-26.4
42.231,-21.0,45.3,-26.099998
42.271,-20.88,45.059998,-26.039999
42.311,-20.279999,44.82,-25.98
42.350,-20.939999,44.64,-25.92
42.370,-21.48,44.7,-25.859999
42.409,-21.84,44.879997,-26.46
42.451,-21.42,44.82,-26.46
42.471,-21.48,44.879997,-26.519999
42.511,-21.539999,45.059998,-26.64
42.550,-21.779999,44.879997,-26.76
42.572,-22.26,44.879997,-26.58
42.610,-21.84,45.3,-26.82
42.654,-21.3,45.36,-27.42
42.671,-21.3,45.18,-27.119999
42.711,-21.24,45.36,-26.46
42.751,-21.48,44.52,-26.039999
42.771,-20.82,44.46,-26.46
42.811,-21.48,44.64,-26.34
42.850,-21.72,44.76,-26.4
42.871,-21.779999,44.46,-25.8
42.911,-21.42,44.28,-26.46
42.952,-20.88,44.399998,-26.88
42.971,-21.18,44.82,-27.06
43.014,-21.3,45.059998,-26.4
43.051,-21.42,45.36,-26.16
43.073,-21.72,45.719997,-26.099998
43.109,-20.88,45.719997,-25.5
43.148,-20.279999,44.94,-25.26
43.189,-20.82,44.94,-25.8
43.210,-21.06,44.879997,-26.16
43.250,-21.779999,45.42,-26.46
43.317,-21.779999,45.059998,-26.099998
43.350,-21.84,45.719997,-26.099998
43.388,-21.84,45.0,-25.98
43.409,-21.539999,44.76,-26.16
43.449,-21.539999,44.64,-26.58
43.488,-21.359999,45.18,-26.46
43.508,-21.18,45.0,-26.039999
43.549,-21.24,45.539997,-25.199999
43.588,-21.24,44.94,-25.439999
43.610,-20.939999,44.64,-25.92
43.649,-21.9,44.579998,-26.82
43.689,-21.6,44.94,-27.24
43.709,-21.779999,45.239998,-27.0
43.749,-21.48,45.0,-25.8
43.788,-20.939999,45.719997,-25.08
43.810,-21.119999,45.66,-25.08
43.853,-21.84,45.719997,-25.26
43.891,-21.9,45.719997,-25.98
43.912,-21.48,45.539997,-26.4
43.949,-21.06,45.48,-26.699999
43.989,-21.779999,45.78,-25.74
44.031,-22.439999,45.78,-25.859999
44.049,-22.5,45.36,-25.8
44.088,-22.32,45.66,-25.56
44.129,-21.96,45.42,-26.4
44.148,-21.42,45.48,-26.4
44.188,-21.779999,45.059998,-25.8
44.228,-21.359999,44.64,-25.92
44.249,-21.66,44.64,-26.64
44.294,-21.6,45.12,-26.46
44.328,-22.08,45.719997,-25.199999
44.348,-22.08,45.539997,-25.26
44.389,-21.96,44.94,-25.56
44.429,-21.119999,44.76,-25.56
44.448,-21.3,44.82,-25.019999
44.488,-21.359999,44.579998,-25.199999
44.528,-21.96,44.579998,-25.26
44.549,-22.26,44.52,-25.439999
44.588,-21.6,45.42,-25.68
44.629,-21.9,45.719997,-26.279999
44.668,-22.199999,45.899998,-25.8
44.689,-22.439999,45.539997,-25.74
44.728,-22.14,45.42,-26.22
44.768,-21.72,45.3,-26.46
44.789,-21.96,45.3,-25.98
44.829,-21.9,45.059998,-26.22
44.852,-21.779999,44.879997,-25.8
44.890,-21.96,44.52,-26.82
44.930,-21.84,45.3,-27.119999
44.970,-21.119999,45.899998,-27.0
44.990,-21.06,45.6,-26.82
45.031,-21.18,45.059998,-26.64
45.071,-21.9,44.7,-25.98
45.091,-21.96,44.76,-26.039999
45.129,-21.3,45.0,-26.4
45.169,-21.359999,45.18,-26.16
45.190,-21.359999,45.239998,-25.74
45.230,-21.539999,45.6,-25.74
45.268,-20.939999,45.899998,-26.099998
45.289,-21.119999,45.84,-25.859999
45.332,-21.06,45.36,-26.16
45.368,-20.88,45.12,-26.279999
45.389,-21.3,44.76,-26.519999
45.429,-21.24,45.0,-26.519999
45.469,-21.3,45.0,-26.039999
45.509,-21.539999,45.3,-25.74
45.530,-21.72,45.48,-26.039999
45.569,-21.6,45.12,-25.859999
45.608,-21.06,44.82,-25.92
45.629,-21.3,44.7,-26.519999
45.669,-21.18,45.0,-26.939999
45.710,-20.82,45.539997,-27.119999
45.728,-21.119999,45.36,-27.06
45.769,-21.42,44.64,-26.279999
45.810,-21.48,44.46,-26.22
45.830,-21.9,44.34,-26.519999
45.870,-21.539999,44.399998,-26.039999
45.915,-20.82,45.78,-25.92
45.930,-20.64,45.899998,-26.46
45.968,-21.0,45.48,-26.22
46.010,-21.0,45.18,-26.16
46.030,-20.76,45.6,-25.98
46.068,-20.939999,44.94,-26.34
46.109,-21.0,45.12,-25.98
46.130,-21.119999,45.0,-25.5
46.168,-21.6,44.7,-25.38
46.210,-21.72,45.0,-25.859999
46.229,-21.9,44.76,-25.92
46.269,-21.72,44.82,-26.099998
46.309,-21.06,45.539997,-26.039999
46.349,-21.24,45.66,-27.119999
46.370,-21.24,45.0,-27.06
46.411,-21.48,45.36,-27.18
46.448,-21.359999,45.539997,-26.22
46.469,-21.779999,45.42,-25.619999
46.508,-21.779999,45.899998,-25.98
46.550,-21.539999,45.48,-25.92
46.569,-21.779999,45.36,-25.8
46.610,-21.72,45.36,-26.16
46.649,-21.84,45.78,-26.279999
46.669,-21.42,45.539997,-25.74
46.709,-21.24,45.18,-26.16
46.750,-21.539999,45.539997,-26.64
46.770,-21.3,45.48,-26.099998
46.811,-21.3,45.18,-26.099998
46.850,-21.24,44.94,-26.4
46.869,-20.82,44.82,-26.4
46.909,-21.24,44.52,-26.46
46.951,-21.24,44.399998,-26.82
46.968,-21.3,44.7,-26.76
47.012,-20.76,45.12,-26.939999
47.051,-21.06,45.539997,-26.22
47.070,-21.119999,45.539997,-26.46
47.108,-21.66,45.12,-25.92
47.150,-22.199999,45.36,-25.98
47.189,-21.66,45.84,-26.519999
47.210,-21.18,45.899998,-26.64
47.249,-21.24,44.76,-26.4
47.288,-21.0,44.1,-26.16
47.309,-20.699999,44.46,-26.22
47.350,-21.119999,45.3,-26.4
47.391,-21.48,45.66,-26.46
47.409,-21.18,45.6,-26.4
47.451,-21.06,45.0,-26.64
47.496,-21.42,44.46,-26.22
47.509,-21.779999,44.64,-26.64
47.552,-21.42,45.0,-26.34
47.589,-21.18,45.42,-26.76
47.610,-21.3,45.36,-26.82
47.648,-21.359999,45.36,-26.46
47.690,-21.3,45.66,-26.039999
47.708,-21.3,45.719997,-26.82
47.749,-21.359999,45.0,-26.76
47.790,-21.6,44.7,-26.16
47.811,-21.779999,45.3,-26.34
47.848,-21.779999,45.42,-25.74
47.888,-20.76,45.059998,-24.84
47.929,-20.4,44.94,-25.439999
47.953,-20.699999,44.64,-25.859999
47.990,-21.18,44.52,-26.64
48.012,-20.939999,44.76,-26.4
48.051,-21.24,45.3,-26.099998
48.104,-21.9,44.76,-26.4
48.113,-21.6,44.7,-26.4
48.148,-21.779999,45.12,-26.099998
48.188,-21.3,45.539997,-26.279999
48.228,-20.82,45.12,-26.519999
48.248,-20.699999,44.94,-26.64
48.290,-21.359999,44.76,-26.64
48.329,-21.06,45.18,-26.46
48.352,-21.06,45.36,-26.58
48.389,-20.939999,45.66,-26.76
48.427,-20.88,45.059998,-26.519999
48.452,-21.119999,44.7,-26.46
48.488,-21.3,44.579998,-25.74
48.530,-21.6,45.78,-25.859999
48.548,-21.9,45.6,-26.34
48.588,-21.42,45.42,-26.519999
48.629,-21.359999,45.059998,-26.16
48.650,-21.72,45.48,-25.859999
48.693,-21.9,45.78,-25.92
48.729,-21.84,45.539997,-25.859999
48.770,-21.9,45.059998,-26.279999
48.788,-21.66,44.76,-26.699999
48.829,-21.359999,44.76,-26.88
48.852,-21.06,45.36,-26.88
48.890,-21.3,45.66,-27.06
48.931,-21.3,45.239998,-26.76
48.968,-20.699999,45.6,-26.519999
48.988,-20.64,45.6,-26.279999
49.029,-21.48,45.84,-26.58
49.069,-21.96,45.66,-26.88
49.092,-21.539999,45.0,-26.82
49.129,-21.66,44.28,-26.279999
49.168,-22.02,45.059998,-26.76
49.189,-21.72,45.12,-26.699999
49.228,-22.199999,45.0,-26.64
49.268,-21.779999,44.34,-26.76
49.290,-21.119999,44.579998,-26.76
49.328,-20.76,45.719997,-26.58
49.368,-21.18,45.96,-26.46
49.391,-21.48,45.6,-26.4
49.430,-21.779999,44.879997,-26.519999
49.466,-21.539999,44.82,-26.88
49.491,-21.48,45.36,-26.82
49.527,-20.939999,44.76,-26.22
49.567,-20.58,44.76,-25.859999
49.609,-21.42,45.66,-26.279999
49.627,-21.72,45.539997,-26.279999
49.668,-21.84,45.6,-25.92
49.708,-21.24,45.96,-25.859999
49.729,-21.539999,45.899998,-26.16
49.770,-21.72,45.0,-26.34
49.809,-21.06,45.0,-26.4
49.829,-20.939999,45.239998,-26.16
49.869,-21.06,45.18,-26.099998
49.908,-20.939999,44.64,-26.34
49.929,-20.88,44.579998,-26.099998
49.968,-21.24,44.879997,-25.98
50.009,-20.76,44.64,-26.4
50.029,-21.0,44.82,-26.4
50.067,-21.6,45.239998,-26.519999
50.094,-21.72,45.42,-26.279999
50.134,-21.24,45.78,-26.039999
50.168,-20.82,45.66,-25.68
50.209,-20.58,45.12,-25.92
50.229,-21.0,44.879997,-26.34
50.269,-21.66,44.52,-26.279999
50.308,-21.66,45.0,-25.92
50.328,-21.9,44.879997,-26.16
50.368,-21.66,44.879997,-25.74
50.409,-21.119999,44.7,-25.8
50.448,-21.18,44.46,-25.859999
50.468,-21.539999,45.12,-25.74
50.510,-21.06,45.0,-26.099998
50.549,-20.64,44.76,-26.46
50.569,-20.64,45.18,-26.64
50.615,-20.939999,45.539997,-26.519999
50.650,-21.9,45.059998,-25.92
50.671,-21.48,45.36,-25.92
50.708,-21.48,45.12,-26.64
50.750,-21.84,45.3,-27.06
50.768,-21.66,45.18,-26.58
50.813,-21.72,44.46,-26.099998
50.848,-21.66,44.76,-26.16
50.868,-21.6,45.0,-26.16
50.909,-21.48,45.3,-26.4
50.949,-21.48,45.0,-26.76
50.970,-21.539999,44.64,-26.46
51.010,-21.779999,44.579998,-26.58
51.049,-21.6,45.059998,-26.46
51.068,-21.6,45.0,-26.46
51.108,-22.08,44.879997,-26.279999
51.147,-21.72,44.879997,-27.06
51.170,-21.359999,44.94,-26.699999
51.209,-20.939999,45.42,-26.699999
51.249,-20.88,45.12,-26.46
51.270,-20.939999,44.52,-26.4
51.311,-21.24,45.18,-26.16
51.359,-20.88,45.239998,-26.76
51.370,-20.699999,44.879997,-26.699999
51.409,-21.06,44.52,-26.279999
51.450,-21.779999,44.94,-25.8
51.491,-21.24,45.18,-25.8
51.511,-21.06,45.239998,-25.199999
51.549,-21.0,45.719997,-25.74
51.589,-21.06,45.66,-25.74
51.609,-20.939999,45.059998,-25.859999
51.649,-21.3,45.48,-26.099998
51.689,-21.42,45.42,-25.92
51.708,-21.06,45.42,-25.92
51.752,-20.88,45.48,-26.099998
51.787,-20.699999,45.78,-26.64
51.809,-20.82,45.899998,-26.82
51.849,-21.0,45.78,-26.82
51.889,-21.06,45.3,-26.22
51.909,-20.82,45.18,-26.16
51.949,-21.06,44.82,-26.4
51.989,-20.82,44.46,-26.22
52.009,-21.359999,44.82,-25.68
52.048,-21.42,44.879997,-25.8
52.104,-21.18,45.12,-26.76
52.112,-21.359999,45.059998,-26.16
52.147,-21.72,44.879997,-26.699999
52.189,-21.84,44.52,-26.46
52.229,-22.32,44.76,-25.859999
52.252,-22.199999,44.94,-25.8
52.288,-21.779999,45.78,-26.34
52.327,-21.42,46.14,-26.46
52.348,-21.359999,45.96,-26.22
52.389,-20.64,45.12,-26.4
52.429,-21.3,44.82,-27.06
52.448,-21.84,44.7,-26.76
52.489,-21.84,44.399998,-26.279999
52.529,-20.939999,44.879997,-26.699999
52.550,-20.64,45.18,-27.18
52.590,-20.52,45.18,-27.3
52.627,-20.699999,45.0,-26.699999
52.648,-20.939999,45.36,-26.519999
52.687,-21.24,45.36,-26.34
52.731,-21.119999,44.76,-26.279999
52.770,-20.22,44.94,-25.92
52.790,-20.52,45.3,-25.8
52.829,-21.0,45.239998,-26.4
52.849,-21.3,45.0,-26.34
52.889,-21.119999,44.94,-26.099998
52.929,-20.64,45.36,-25.859999
52.950,-21.119999,45.42,-25.619999
52.989,-21.359999,45.84,-26.34
53.029,-21.48,44.94,-26.46
53.069,-21.24,44.46,-25.859999
53.091,-21.24,44.7,-25.38
53.128,-21.24,45.3,-25.859999
53.168,-21.42,45.0,-26.16
53.187,-21.18,44.52,-26.16
53.230,-21.24,44.04,-26.699999
53.271,-20.699999,44.46,-26.46
53.288,-20.88,44.879997,-26.64
53.330,-21.3,45.36,-25.98
53.370,-21.779999,45.719997,-25.619999
53.388,-21.779999,45.899998,-25.56
53.429,-21.66,45.18,-25.619999
53.468,-21.0,44.46,-26.16
53.488,-21.18,45.059998,-26.16
53.528,-20.939999,44.399998,-26.699999
53.569,-21.18,44.879997,-26.699999
53.588,-21.0,44.7,-26.699999
53.627,-20.82,44.399998,-26.58
53.668,-21.18,44.399998,-26.46
53.689,-21.42,44.219997,-26.279999
53.733,-20.88,44.579998,-26.939999
53.768,-21.119999,44.82,-26.82
53.789,-21.119999,45.3,-26.76
53.827,-21.9,45.12,-26.039999
53.868,-21.359999,44.64,-25.859999
53.908,-21.119999,44.76,-25.32
53.928,-21.48,44.64,-24.96
53.968,-21.0,44.94,-25.32
54.007,-20.279999,45.3,-25.98
54.029,-20.82,45.539997,-26.46
54.068,-21.0,45.36,-26.64
54.095,-20.88,45.3,-26.34
54.127,-20.82,44.82,-26.22
54.168,-20.88,45.0,-26.279999
54.208,-21.119999,45.18,-25.56
54.229,-21.18,45.42,-25.619999
54.269,-21.66,45.059998,-26.46
54.308,-21.359999,44.579998,-26.64
54.328,-21.24,44.94,-26.4
54.368,-20.82,44.46,-25.74
54.413,-20.52,44.82,-26.34
54.428,-21.0,45.48,-26.519999
54.469,-20.82,45.48,-26.22
54.509,-21.0,45.3,-25.74
54.529,-21.18,45.12,-25.68
54.569,-21.359999,45.42,-25.68
54.608,-20.82,45.48,-26.699999
54.629,-21.0,45.18,-26.76
54.669,-21.66,45.0,-26.46
54.710,-21.48,45.18,-25.68
54.749,-21.06,44.76,-25.98
54.770,-21.06,45.12,-26.88
54.809,-21.42,45.0,-26.519999
54.849,-21.359999,45.6,-26.4
54.870,-20.82,45.48,-26.16
54.908,-20.16,45.6,-25.859999
54.950,-20.279999,45.42,-25.98
54.969,-20.58,45.539997,-25.74
55.008,-21.539999,45.48,-26.16
55.049,-21.6,45.18,-26.279999
55.068,-21.119999,45.18,-26.039999
55.109,-21.06,44.7,-26.16
55.151,-21.48,45.0,-26.099998
55.167,-21.48,44.64,-25.98
55.208,-21.359999,45.6,-25.68
55.248,-21.3,45.78,-26.279999
55.268,-20.76,45.3,-25.92
55.308,-21.0,44.64,-25.439999
55.348,-21.6,45.12,-26.099998
55.368,-21.539999,45.3,-26.58
55.408,-21.0,45.899998,-26.22
55.449,-20.76,45.36,-25.56
55.469,-21.18,45.12,-25.56
55.508,-20.88,45.48,-25.98
55.549,-20.16,45.239998,-25.8
55.589,-20.88,45.18,-26.519999
55.610,-21.18,45.3,-26.939999
55.648,-20.699999,45.48,-26.099998
55.690,-20.76,45.239998,-26.039999
55.707,-20.46,45.48,-26.519999
55.749,-20.76,45.78,-25.92
55.789,-20.039999,45.3,-25.8
55.808,-20.1,45.0,-26.34
55.849,-20.1,45.059998,-26.519999
55.889,-20.82,45.899998,-26.099998
55.908,-21.42,46.14,-26.039999
55.948,-21.06,45.6,-26.099998
55.989,-20.699999,45.36,-26.099998
56.008,-21.18,45.12,-26.099998
56.048,-21.24,45.36,-25.439999
56.088,-21.24,45.719997,-26.22
56.109,-21.72,45.6,-26.16
56.148,-21.24,45.059998,-26.519999
56.189,-20.939999,44.399998,-25.859999
56.209,-20.52,44.579998,-25.98
56.249,-21.06,44.399998,-26.34
56.288,-21.0,44.879997,-26.16
56.309,-20.939999,44.579998,-25.98
56.348,-21.18,44.879997,-25.68
56.389,-21.24,45.239998,-25.68
56.428,-20.939999,45.18,-25.56
56.450,-20.82,45.3,-25.859999
56.488,-21.0,45.18,-26.939999
56.528,-20.58,45.12,-27.119999
56.548,-20.34,45.48,-26.88
56.588,-20.16,45.3,-26.519999
56.629,-20.4,44.94,-26.519999
56.648,-20.34,45.3,-26.76
56.688,-20.699999,45.059998,-26.939999
56.727,-20.76,44.52,-26.46
56.748,-21.06,44.64,-26.099998
56.788,-20.699999,45.12,-26.519999
56.836,-20.699999,44.82,-27.06
56.859,-20.699999,44.579998,-26.82
56.889,-20.82,45.18,-26.76
56.929,-21.24,45.78,-26.22
56.948,-21.119999,45.6,-26.039999
56.987,-20.52,45.539997,-26.4
57.027,-20.52,45.84,-26.46
57.067,-20.88,45.239998,-26.22
57.086,-20.88,45.48,-26.4
57.127,-20.939999,45.84,-26.46
57.167,-20.64,45.6,-27.48
57.189,-20.76,45.66,-27.359999
57.230,-20.88,44.94,-26.519999
57.270,-21.0,44.579998,-25.8
57.289,-20.88,44.7,-26.099998
57.329,-21.359999,44.399998,-26.4
57.369,-21.119999,44.76,-26.46
57.389,-20.699999,44.7,-26.58
57.428,-20.34,44.879997,-27.48
57.468,-20.34,45.539997,-27.72
57.489,-20.46,44.94,-27.06
57.529,-20.699999,44.76,-26.88
57.569,-20.46,45.18,-26.76
57.589,-20.4,45.12,-26.82
57.629,-20.039999,45.6,-26.82
57.668,-20.88,46.079998,-26.76
57.689,-21.359999,45.78,-26.64
57.729,-20.699999,45.12,-25.859999
57.769,-19.859999,45.18,-26.16
57.788,-20.34,45.48,-26.22
57.829,-20.64,45.3,-26.939999
57.869,-20.46,44.46,-26.34
57.888,-20.34,44.579998,-26.34
57.929,-20.88,44.76,-26.34
57.968,-21.06,45.059998,-25.859999
58.011,-20.699999,45.239998,-25.8
58.028,-20.76,45.239998,-26.34
58.069,-21.06,45.899998,-26.699999
58.095,-20.82,45.84,-27.3
58.128,-20.22,45.719997,-28.019999
58.168,-20.58,45.3,-26.939999
58.210,-20.58,45.239998,-25.92
58.230,-21.0,45.48,-26.039999
58.269,-21.18,44.879997,-27.06
58.309,-20.22,45.0,-26.88
58.329,-20.1,45.18,-27.06
58.368,-20.76,45.539997,-26.76
58.409,-21.18,45.3,-27.18
58.429,-21.06,45.059998,-27.42
58.468,-20.58,45.239998,-27.06
58.508,-20.699999,45.18,-26.22
58.528,-21.48,45.12,-26.699999
58.568,-21.18,45.36,-27.359999
58.608,-21.24,45.899998,-27.48
58.649,-21.24,45.36,-27.0
58.669,-21.119999,45.6,-26.82
58.708,-20.76,45.42,-27.0
58.729,-20.699999,45.18,-27.06
58.769,-20.64,44.94,-26.88
58.808,-20.939999,45.36,-26.82
58.829,-20.88,45.6,-26.939999
58.868,-20.82,45.539997,-27.06
58.908,-21.18,45.0,-27.119999
58.947,-21.42,44.879997,-27.06
58.968,-21.48,45.3,-26.82
59.008,-20.939999,45.78,-26.4
59.049,-20.22,45.78,-26.279999
59.068,-19.859999,45.96,-26.4
59.098,-19.68,45.539997,-26.4
59.147,-21.06,44.879997,-27.24
59.167,-21.42,45.18,-27.24
59.209,-21.359999,44.94,-26.939999
59.251,-21.06,44.76,-26.82
59.268,-20.64,45.059998,-27.06
59.309,-20.58,44.579998,-27.24
59.348,-20.88,44.46,-26.939999
59.369,-20.88,44.34,-26.58
59.409,-20.279999,44.64,-27.119999
59.449,-20.58,44.579998,-26.939999
59.468,-20.76,44.82,-26.88
59.509,-21.42,44.82,-26.939999
59.548,-20.76,45.12,-27.359999
59.569,-20.52,44.94,-27.42
59.608,-21.359999,45.539997,-27.72
59.647,-20.76,45.719997,-26.939999
59.688,-20.039999,45.3,-26.519999
59.708,-20.1,45.059998,-26.699999
59.749,-20.58,44.579998,-27.24
59.787,-21.06,44.64,-27.18
59.809,-21.42,44.76,-26.88
59.849,-20.82,45.059998,-26.279999
59.887,-20.82,44.879997,-26.4
59.908,-21.24,44.7,-26.939999
59.946,-21.06,45.3,-26.88
59.988,-21.06,45.36,-26.46
