timestamp,x,y,z
00.003,29.82,-39.059998,-45.239998
00.021,30.0,-38.94,-44.28
00.042,29.76,-38.94,-43.739998
00.081,29.699999,-38.76,-42.96
00.123,28.98,-38.82,-43.559998
00.141,28.74,-38.879997,-43.68
00.181,28.32,-39.48,-43.14
00.221,29.099998,-39.059998,-43.379997
00.240,29.279999,-39.239998,-43.739998
00.280,28.5,-39.18,-44.46
00.321,28.38,-38.879997,-44.76
00.343,28.56,-39.12,-44.64
00.381,29.039999,-39.48,-44.34
00.421,29.34,-38.94,-44.1
00.442,29.16,-39.0,-44.16
00.482,29.099998,-38.94,-44.34
00.522,29.039999,-39.18,-43.86
00.562,29.279999,-38.879997,-43.86
00.581,29.34,-39.18,-44.04
00.622,29.64,-38.7,-44.28
00.661,29.34,-39.18,-44.1
00.681,29.34,-39.48,-44.1
00.722,29.279999,-38.82,-44.219997
00.761,28.8,-38.52,-44.1
00.781,29.16,-38.579998,-44.04
00.822,28.8,-38.879997,-44.28
00.860,28.859999,-39.059998,-43.739998
00.882,29.099998,-39.059998,-43.379997
00.922,29.699999,-38.82,-43.44
00.961,29.34,-39.3,-44.219997
00.981,29.16,-39.78,-44.04
01.021,29.76,-39.42,-43.98
01.061,29.76,-38.82,-43.26
01.082,29.58,-38.879997,-43.44
01.125,29.58,-38.64,-43.62
01.162,29.279999,-38.7,-43.44
01.181,29.22,-38.7,-43.5
01.220,29.22,-38.879997,-44.219997
01.260,28.56,-39.54,-44.16
01.301,28.74,-39.66,-43.86
01.320,28.8,-39.719997,-43.62
01.363,28.619999,-39.42,-43.559998
01.401,28.5,-39.3,-43.62
01.423,28.8,-38.579998,-44.04
01.460,29.519999,-38.94,-43.86
01.500,29.34,-39.54,-43.739998
01.522,29.22,-39.54,-43.379997
01.562,28.5,-39.719997,-43.26
01.602,28.26,-39.54,-43.5
01.621,28.08,-39.66,-43.32
01.661,27.9,-39.78,-43.2
01.701,28.08,-39.36,-43.86
01.722,28.56,-39.239998,-43.379997
01.762,28.26,-38.94,-43.739998
01.802,28.38,-39.18,-43.62
01.821,28.38,-39.0,-43.559998
01.861,29.16,-39.42,-43.92
01.902,28.859999,-39.42,-44.1
01.924,28.68,-39.059998,-43.5
01.961,28.5,-39.3,-43.68
02.001,28.92,-39.18,-43.98
02.041,28.92,-39.0,-44.1
02.060,28.98,-39.239998,-44.04
02.101,29.16,-39.6,-43.5
02.141,29.099998,-39.48,-43.26
02.160,29.22,-39.42,-43.44
02.202,29.519999,-39.78,-43.559998
02.240,29.22,-39.96,-43.739998
02.260,29.279999,-40.2,-43.559998
02.301,29.22,-39.42,-43.559998
02.341,29.64,-38.82,-43.739998
02.361,29.82,-38.879997,-43.98
02.401,29.699999,-39.42,-44.399998
02.442,29.34,-39.48,-43.379997
02.460,28.98,-39.18,-43.14
02.503,28.619999,-39.899998,-43.14
02.539,29.039999,-40.2,-43.739998
02.561,29.58,-39.96,-44.219997
02.602,29.699999,-39.719997,-43.68
02.641,29.16,-39.42,-43.62
02.661,29.22,-39.3,-44.04
02.701,29.519999,-38.82,-44.16
02.741,29.099998,-39.42,-43.559998
02.760,29.22,-39.78,-43.559998
02.802,28.92,-39.84,-43.32
02.842,28.56,-40.02,-43.8
02.861,28.56,-39.66,-43.32
02.901,28.5,-39.54,-43.8
02.943,29.279999,-39.719997,-43.62
02.982,28.859999,-39.899998,-43.2
03.001,28.92,-39.42,-43.2
03.042,29.279999,-39.239998,-42.54
03.081,28.619999,-39.42,-42.96
03.101,28.74,-39.36,-43.2
03.140,28.199999,-39.3,-43.559998
03.184,29.039999,-39.48,-43.02
03.201,29.16,-39.18,-43.86
03.239,29.519999,-39.239998,-43.8
03.280,29.34,-38.76,-43.68
03.300,29.46,-38.82,-43.2
03.341,28.619999,-39.059998,-43.62
03.381,28.5,-38.94,-42.84
03.400,28.56,-38.94,-42.84
03.441,29.34,-38.879997,-42.899998
03.481,28.74,-38.1,-43.86
03.501,28.619999,-38.28,-44.16
03.541,28.859999,-38.46,-43.92
03.582,29.58,-38.64,-43.92
03.601,29.34,-39.12,-43.86
03.642,28.92,-39.42,-43.62
03.681,28.5,-39.84,-42.899998
03.721,29.279999,-39.96,-42.18
03.741,29.34,-39.78,-42.719997
03.781,29.4,-39.18,-43.92
03.821,28.92,-39.42,-44.1
03.842,28.199999,-39.719997,-43.739998
03.881,27.72,-39.18,-43.26
03.922,28.199999,-39.42,-42.54
03.941,28.56,-39.6,-42.54
03.980,28.5,-38.94,-43.559998
04.021,28.619999,-39.18,-43.98
04.041,28.859999,-39.6,-43.739998
04.081,29.16,-40.079998,-42.6
04.122,29.46,-40.2,-42.719997
04.141,29.699999,-39.899998,-43.14
04.180,29.64,-39.6,-43.98
04.221,29.099998,-39.42,-44.46
04.240,28.74,-40.079998,-44.16
04.280,28.74,-39.36,-44.04
04.320,29.34,-38.76,-44.28
04.341,29.279999,-38.34,-43.86
04.381,29.16,-38.64,-43.32
04.421,29.279999,-39.12,-43.44
04.441,29.039999,-39.3,-43.379997
04.480,29.16,-39.96,-43.44
04.523,29.16,-39.36,-43.92
04.542,29.16,-39.48,-43.8
04.582,28.68,-39.899998,-43.92
04.623,28.74,-39.84,-43.44
04.664,28.859999,-39.18,-43.62
04.681,28.619999,-39.48,-43.32
04.723,29.16,-39.54,-43.079998
04.763,29.34,-39.18,-42.84
04.783,28.92,-39.48,-43.44
04.823,28.98,-38.94,-43.62
04.861,29.039999,-39.239998,-43.32
04.880,29.22,-39.36,-43.5
04.920,29.16,-38.579998,-43.559998
04.962,29.099998,-38.7,-43.739998
04.981,29.279999,-38.7,-43.8
05.021,28.859999,-39.78,-44.04
05.062,29.16,-39.66,-44.52
05.081,29.22,-39.48,-44.399998
05.122,29.58,-39.059998,-43.5
05.160,29.099998,-39.18,-43.62
05.180,28.619999,-39.0,-43.5
05.221,28.26,-39.6,-43.62
05.261,29.22,-39.36,-43.92
05.281,29.46,-39.42,-43.62
05.324,29.16,-39.0,-43.079998
05.362,28.56,-39.239998,-43.26
05.382,28.74,-39.48,-43.62
05.422,29.279999,-39.36,-43.559998
05.461,28.98,-39.12,-43.5
05.503,29.039999,-39.42,-43.86
05.522,29.34,-39.059998,-43.68
05.563,29.279999,-38.82,-43.26
05.602,28.38,-39.66,-43.5
05.622,28.32,-39.78,-43.5
05.664,28.619999,-39.6,-43.98
05.701,29.039999,-38.94,-43.98
05.722,29.22,-39.239998,-44.04
05.762,28.859999,-39.899998,-43.44
05.802,28.32,-39.54,-43.079998
05.822,28.32,-39.42,-43.559998
05.862,29.22,-39.36,-43.86
05.902,29.34,-39.66,-43.62
05.922,29.34,-39.6,-43.559998
05.962,28.8,-38.879997,-44.1
06.002,27.96,-39.54,-44.04
06.021,28.08,-39.899998,-43.44
06.061,29.099998,-39.899998,-44.1
06.102,29.58,-38.579998,-43.86
06.122,29.34,-38.34,-43.8
06.160,28.68,-38.64,-43.68
06.200,28.92,-39.059998,-43.739998
06.221,29.039999,-38.94,-43.68
06.260,28.8,-39.6,-43.86
06.301,28.92,-39.36,-43.26
06.342,29.22,-38.579998,-43.68
06.360,29.34,-38.82,-43.92
06.402,29.519999,-39.0,-44.16
06.442,28.619999,-38.76,-44.399998
06.461,28.439999,-39.18,-44.399998
06.503,28.32,-39.54,-44.1
06.542,29.039999,-39.54,-43.62
06.561,29.279999,-39.42,-43.92
06.600,29.279999,-39.12,-44.1
06.643,29.46,-38.52,-43.5
06.663,29.519999,-39.42,-42.719997
06.701,29.76,-39.54,-43.14
06.741,28.859999,-38.94,-43.62
06.762,29.099998,-38.879997,-43.98
06.801,29.16,-38.34,-43.559998
06.843,28.439999,-38.7,-43.8
06.863,28.38,-39.18,-44.399998
06.902,28.26,-39.3,-44.28
06.942,28.619999,-39.18,-43.92
06.960,28.32,-38.94,-43.739998
07.001,28.92,-38.94,-43.68
07.041,29.519999,-38.94,-43.559998
07.061,29.58,-39.0,-43.379997
07.100,29.46,-38.879997,-43.68
07.140,29.279999,-39.18,-44.28
07.181,29.34,-39.239998,-43.86
07.200,28.859999,-39.66,-43.2
07.240,28.56,-39.719997,-43.079998
07.281,28.8,-39.12,-43.02
07.300,28.56,-39.3,-43.2
07.342,28.98,-39.78,-43.62
07.380,28.68,-39.6,-44.04
07.401,28.56,-39.18,-43.62
07.442,29.34,-39.54,-43.68
07.483,28.8,-39.48,-44.1
07.501,28.439999,-39.12,-43.92
07.543,28.68,-38.94,-43.26
07.581,29.34,-39.54,-43.32
07.601,29.76,-39.719997,-43.26
07.643,29.58,-40.14,-42.96
07.681,29.34,-40.02,-43.079998
07.702,29.099998,-39.42,-43.62
07.742,29.22,-38.94,-44.16
07.782,29.34,-39.059998,-42.96
07.802,28.74,-39.12,-42.84
07.843,28.8,-38.82,-43.379997
07.881,29.279999,-39.3,-43.559998
07.902,29.279999,-39.18,-43.739998
07.942,29.4,-39.059998,-43.68
07.982,29.22,-39.18,-43.8
08.021,29.039999,-39.059998,-43.98
08.042,29.039999,-39.0,-43.86
08.081,29.039999,-38.879997,-43.68
08.121,29.22,-38.82,-43.44
08.140,29.34,-38.7,-43.5
08.183,28.439999,-39.12,-43.68
08.220,28.26,-39.6,-43.68
08.240,29.099998,-39.84,-43.8
08.280,28.26,-39.42,-43.44
08.321,27.9,-38.76,-43.32
08.341,28.8,-39.3,-43.2
08.381,29.279999,-39.719997,-43.559998
08.421,29.039999,-39.54,-44.28
08.442,28.74,-39.0,-44.1
08.481,28.859999,-39.3,-43.92
08.522,28.56,-39.719997,-43.8
08.542,28.619999,-39.84,-43.559998
08.581,28.5,-39.42,-44.579998
08.621,28.859999,-39.059998,-44.76
08.661,28.56,-39.12,-44.04
08.682,28.859999,-39.0,-43.739998
08.722,29.099998,-38.7,-43.32
08.742,29.22,-38.7,-43.559998
08.782,29.099998,-39.059998,-44.04
08.820,29.099998,-39.719997,-43.739998
08.862,29.039999,-40.02,-43.8
08.880,28.5,-39.48,-43.62
08.921,29.279999,-38.64,-44.399998
08.961,29.82,-39.12,-44.219997
08.981,29.82,-39.239998,-43.739998
09.021,29.22,-39.48,-43.14
09.061,28.68,-39.239998,-43.32
09.080,28.859999,-39.0,-43.68
09.120,28.68,-39.18,-43.86
09.160,28.74,-38.94,-43.98
09.180,28.92,-39.0,-43.26
09.222,29.58,-39.12,-43.079998
09.261,29.279999,-39.36,-43.14
09.281,29.279999,-39.36,-43.44
09.323,28.32,-39.6,-43.079998
09.362,28.199999,-39.66,-43.5
09.382,28.5,-39.54,-44.28
09.423,28.8,-39.0,-44.46
09.463,28.26,-38.7,-43.92
09.482,28.08,-39.36,-43.92
09.523,28.019999,-39.48,-44.219997
09.563,28.8,-39.239998,-43.2
09.583,29.519999,-39.059998,-43.32
09.623,29.16,-38.94,-43.2
09.661,28.8,-38.879997,-42.899998
09.703,29.099998,-38.76,-43.2
09.722,28.98,-38.64,-43.2
09.762,28.74,-39.18,-43.5
09.802,28.98,-39.3,-43.86
09.822,29.22,-39.36,-43.68
09.861,29.279999,-39.96,-43.14
09.901,29.34,-39.84,-43.379997
09.921,29.16,-39.899998,-43.68
09.961,28.98,-39.6,-44.1
10.002,29.64,-38.34,-43.44
10.022,29.58,-38.52,-42.96
10.062,29.46,-39.36,-42.96
10.102,29.039999,-39.36,-43.559998
10.123,29.279999,-39.239998,-43.739998
10.161,29.58,-39.6,-43.44
10.201,29.58,-39.42,-43.379997
10.222,29.699999,-39.42,-43.68
10.260,29.46,-39.239998,-43.62
10.301,29.099998,-39.54,-43.26
10.321,29.4,-39.42,-43.44
10.363,28.38,-39.66,-44.219997
10.403,27.84,-39.54,-43.559998
10.423,28.08,-39.54,-43.62
10.463,27.96,-39.54,-42.78
10.501,28.14,-39.899998,-43.14
10.522,28.32,-39.719997,-43.5
10.562,28.199999,-39.42,-44.1
10.602,28.68,-39.36,-43.68
10.623,29.16,-39.12,-43.379997
10.668,29.099998,-38.879997,-43.739998
10.702,28.619999,-39.3,-43.92
10.742,28.5,-39.54,-43.92
10.763,28.68,-39.36,-43.86
10.803,29.519999,-39.36,-43.98
10.843,30.119999,-39.12,-43.379997
10.862,29.46,-39.18,-43.5
10.903,28.26,-39.42,-42.719997
10.942,28.199999,-39.059998,-42.48
10.962,28.38,-38.76,-43.079998
11.002,29.039999,-39.239998,-43.26
11.041,28.8,-39.48,-43.2
11.063,28.5,-39.48,-43.14
11.102,28.199999,-39.719997,-43.32
11.141,28.8,-39.48,-43.5
11.160,29.279999,-39.6,-43.559998
11.203,28.98,-39.78,-43.86
11.240,28.199999,-39.66,-43.8
11.261,28.439999,-39.36,-43.68
11.301,28.8,-39.719997,-43.62
11.340,29.099998,-39.899998,-43.02
11.381,28.859999,-39.36,-43.559998
11.404,28.74,-39.42,-43.739998
11.443,28.199999,-39.12,-44.04
11.481,28.5,-39.54,-44.04
11.501,28.68,-40.44,-44.34
11.543,28.74,-39.6,-43.68
11.582,29.34,-39.0,-43.379997
11.603,28.8,-39.42,-43.559998
11.641,28.74,-39.6,-43.62
11.681,28.26,-39.66,-43.5
11.704,28.26,-39.6,-43.68
11.742,28.32,-39.96,-43.739998
11.781,29.099998,-39.54,-43.559998
11.803,29.519999,-39.899998,-43.079998
11.842,29.76,-39.6,-42.48
11.881,29.76,-39.059998,-42.96
11.901,29.16,-39.239998,-43.14
11.942,29.46,-39.719997,-43.86
11.981,29.22,-39.42,-43.5
12.000,29.34,-39.3,-43.32
12.041,28.859999,-39.239998,-43.2
12.081,28.74,-39.0,-43.98
12.120,28.8,-39.0,-43.8
12.141,28.74,-39.12,-43.26
12.182,29.039999,-39.42,-43.2
12.221,29.039999,-39.059998,-43.92
12.240,28.98,-38.94,-44.04
12.281,29.46,-38.399998,-43.5
12.320,28.859999,-38.82,-44.04
12.342,29.099998,-38.82,-43.739998
12.381,29.22,-39.3,-43.739998
12.425,29.58,-39.36,-43.02
12.442,29.039999,-39.239998,-43.14
12.481,29.4,-39.84,-42.96
12.522,29.64,-39.899998,-43.079998
12.542,29.699999,-39.96,-43.379997
12.583,29.58,-39.899998,-43.92
12.621,29.16,-39.0,-43.86
12.642,28.98,-38.879997,-43.92
12.681,29.58,-39.059998,-43.5
12.721,29.58,-38.52,-43.44
12.743,28.92,-38.7,-43.44
12.782,28.68,-38.76,-43.26
12.822,28.92,-39.42,-43.5
12.841,28.56,-39.3,-43.5
12.882,29.039999,-39.12,-43.559998
12.922,29.699999,-37.98,-43.44
12.943,29.279999,-38.16,-43.62
12.982,29.16,-39.18,-43.44
13.021,28.68,-39.18,-43.32
13.063,28.439999,-39.059998,-43.2
13.083,28.74,-38.879997,-43.2
13.121,28.26,-39.42,-43.379997
13.164,28.08,-39.899998,-43.079998
13.183,28.199999,-39.84,-43.02
13.220,29.279999,-39.719997,-43.8
13.259,29.699999,-39.78,-43.98
13.281,30.06,-39.84,-43.86
13.321,29.46,-39.54,-43.62
13.361,29.34,-39.78,-43.68
13.381,29.099998,-40.079998,-43.559998
13.422,29.099998,-39.719997,-43.739998
13.462,28.98,-39.239998,-44.16
13.482,29.16,-39.059998,-43.8
13.522,29.099998,-39.059998,-43.739998
13.562,28.98,-39.239998,-44.219997
13.583,28.74,-39.54,-44.46
13.622,28.199999,-39.059998,-44.52
13.663,29.099998,-38.64,-43.86
13.681,28.68,-38.579998,-43.44
13.722,28.98,-38.7,-43.98
13.761,28.56,-38.94,-44.28
13.782,28.38,-39.18,-43.739998
13.822,28.859999,-39.239998,-43.26
13.862,29.34,-38.879997,-43.26
13.882,29.46,-39.0,-43.079998
13.921,28.92,-39.239998,-43.8
13.962,28.5,-39.6,-43.739998
14.002,28.619999,-39.3,-43.739998
14.022,28.8,-38.64,-43.92
14.061,28.5,-38.7,-43.98
14.104,28.32,-38.7,-43.2
14.123,28.98,-39.12,-43.5
14.161,28.98,-39.84,-43.379997
14.189,28.859999,-39.96,-43.26
14.220,28.38,-39.239998,-43.44
14.261,28.26,-39.12,-44.7
14.301,28.08,-39.48,-44.04
14.321,28.619999,-39.239998,-44.04
14.362,28.74,-39.6,-43.559998
14.402,28.439999,-39.66,-42.899998
14.422,28.619999,-39.3,-42.54
14.461,28.38,-39.3,-42.719997
14.502,28.74,-39.54,-43.26
14.521,29.22,-39.48,-43.559998
14.562,29.76,-39.48,-43.92
14.602,29.279999,-39.6,-44.04
14.622,29.22,-39.54,-43.98
14.661,28.74,-39.18,-43.8
14.702,28.439999,-38.94,-43.92
14.723,29.039999,-39.12,-44.1
14.761,30.0,-39.42,-43.5
14.802,28.98,-39.059998,-43.739998
14.841,28.619999,-39.48,-44.34
14.862,28.859999,-39.6,-43.86
14.901,28.92,-39.78,-43.32
14.941,29.34,-39.3,-43.2
14.960,29.099998,-39.0,-43.26
15.001,29.519999,-39.12,-43.26
15.042,28.92,-38.94,-43.379997
15.062,28.619999,-39.0,-43.079998
15.101,28.92,-38.82,-43.86
15.140,28.68,-38.7,-43.739998
15.160,28.74,-38.94,-43.739998
15.202,28.32,-39.78,-43.14
15.240,28.92,-39.48,-43.68
15.260,28.8,-39.42,-43.98
15.300,28.26,-39.0,-43.62
15.342,28.38,-39.0,-43.559998
15.361,28.5,-39.3,-44.1
15.402,28.92,-39.18,-42.84
15.442,28.98,-39.54,-42.899998
15.461,29.16,-39.54,-42.78
15.501,28.859999,-39.66,-43.8
15.541,28.38,-39.719997,-43.86
15.582,28.26,-39.3,-44.1
15.602,28.619999,-39.0,-44.34
15.642,28.859999,-40.079998,-44.1
15.682,29.099998,-39.78,-43.14
15.702,29.22,-39.239998,-42.84
15.742,29.099998,-38.76,-43.26
15.782,28.98,-39.18,-43.32
15.801,29.16,-39.54,-43.26
15.841,28.199999,-39.3,-42.84
15.881,28.08,-39.059998,-42.84
15.902,28.32,-39.48,-42.899998
15.943,28.74,-39.18,-43.32
15.982,28.98,-39.059998,-43.379997
16.002,29.16,-39.3,-43.559998
16.042,29.22,-39.48,-43.559998
16.082,28.619999,-39.54,-43.5
16.100,28.859999,-39.48,-43.62
16.140,28.32,-39.36,-44.46
16.182,28.619999,-39.239998,-44.04
16.201,28.92,-39.78,-43.86
16.240,28.439999,-39.96,-43.44
16.280,28.199999,-39.3,-43.5
16.320,29.22,-38.52,-43.079998
16.341,28.98,-38.399998,-43.32
16.380,29.519999,-39.0,-43.68
16.423,29.699999,-38.52,-43.86
16.443,29.279999,-38.7,-43.98
16.481,28.74,-38.879997,-43.8
16.522,29.039999,-38.879997,-43.379997
16.542,29.099998,-39.48,-43.379997
16.581,28.859999,-39.54,-43.62
16.622,28.859999,-39.48,-43.86
16.641,28.74,-39.78,-43.98
16.682,29.039999,-39.6,-43.98
16.721,29.16,-39.3,-43.68
16.742,29.279999,-39.0,-43.26
16.782,29.039999,-38.94,-42.899998
16.827,28.98,-39.48,-43.62
16.844,29.16,-39.18,-43.98
16.881,29.16,-39.84,-43.68
16.920,29.16,-40.2,-43.2
16.941,29.099998,-40.2,-43.32
16.980,29.099998,-40.02,-44.04
17.020,28.98,-39.96,-44.1
17.061,29.699999,-39.78,-43.44
17.082,29.519999,-39.12,-43.44
17.119,29.58,-39.0,-43.5
17.160,28.92,-39.899998,-43.5
17.180,28.439999,-39.84,-43.32
17.220,28.38,-39.84,-43.68
17.260,28.92,-39.48,-44.219997
17.279,28.56,-39.42,-43.92
17.320,28.68,-39.3,-44.82
17.361,28.68,-39.3,-43.92
17.382,28.5,-39.059998,-43.559998
17.421,28.68,-39.059998,-43.62
17.461,28.98,-39.12,-44.219997
17.481,29.4,-39.42,-43.86
17.521,28.859999,-39.36,-44.04
17.563,28.38,-39.6,-43.44
17.582,28.38,-40.02,-43.44
17.621,28.74,-39.6,-43.2
17.660,29.099998,-39.18,-43.44
17.682,29.34,-39.12,-43.379997
17.721,29.64,-39.059998,-43.98
17.761,29.76,-39.66,-43.68
17.781,30.0,-39.48,-43.379997
17.820,29.279999,-39.6,-43.079998
17.861,29.039999,-39.0,-43.5
17.881,28.68,-38.94,-43.32
17.921,28.439999,-39.48,-42.78
17.961,28.5,-39.3,-42.84
17.981,28.98,-39.3,-43.2
18.021,30.0,-39.0,-43.079998
18.062,30.06,-38.7,-42.48
18.103,29.039999,-38.579998,-43.02
18.120,28.68,-38.46,-43.02
18.160,28.56,-38.879997,-43.32
18.200,28.5,-39.0,-43.26
18.220,28.859999,-39.42,-43.14
18.259,28.08,-39.0,-43.5
18.301,28.26,-39.0,-43.739998
18.319,28.859999,-39.48,-43.68
18.360,29.039999,-39.78,-43.92
18.400,28.859999,-39.719997,-43.739998
18.419,28.74,-39.42,-44.1
18.461,29.099998,-39.96,-43.98
18.502,29.519999,-39.84,-42.96
18.521,29.099998,-39.48,-43.14
18.562,29.039999,-39.12,-43.5
18.601,28.38,-39.18,-42.84
18.622,28.439999,-39.3,-42.96
18.661,28.439999,-39.719997,-43.26
18.702,28.74,-39.6,-43.559998
18.721,29.16,-39.6,-43.2
18.761,29.279999,-39.3,-43.92
18.801,29.46,-39.239998,-44.1
18.822,28.98,-39.18,-43.44
18.860,29.099998,-38.94,-43.02
18.901,28.98,-39.6,-43.14
18.941,28.98,-40.2,-43.379997
18.961,28.92,-39.78,-43.739998
19.001,28.8,-39.12,-43.68
19.042,29.16,-38.94,-43.14
19.062,29.16,-39.18,-43.079998
19.100,29.4,-39.42,-43.68
19.141,29.58,-39.84,-43.92
19.160,29.279999,-40.02,-43.8
19.200,28.8,-39.78,-43.8
19.240,29.099998,-39.78,-43.68
19.259,28.859999,-39.719997,-43.62
19.300,28.8,-40.02,-43.62
19.340,28.98,-39.6,-43.62
19.362,29.279999,-39.42,-43.739998
19.401,28.619999,-38.879997,-43.02
19.441,28.439999,-39.0,-43.379997
19.461,28.56,-39.12,-43.739998
19.501,28.98,-39.059998,-43.62
19.540,28.92,-40.079998,-43.5
19.561,28.56,-40.079998,-43.5
19.601,28.619999,-39.42,-43.8
19.642,28.439999,-38.94,-43.079998
19.662,28.14,-39.059998,-43.14
19.702,28.68,-38.82,-43.62
19.741,28.859999,-39.059998,-43.8
19.781,28.8,-39.66,-43.559998
19.801,28.619999,-39.54,-43.68
19.842,28.859999,-39.0,-43.92
19.880,28.859999,-40.02,-43.739998
19.900,29.039999,-40.26,-43.5
19.939,29.46,-39.78,-43.14
19.980,28.859999,-39.239998,-43.98
20.000,28.5,-39.6,-43.86
20.040,28.439999,-39.6,-43.62
20.081,29.16,-39.3,-44.16
20.099,29.34,-39.18,-44.219997
20.140,29.82,-40.14,-44.1
20.180,29.699999,-39.96,-43.32
20.200,29.64,-39.66,-43.02
20.240,29.34,-39.719997,-42.84
20.279,29.4,-39.719997,-43.14
20.300,29.279999,-39.96,-43.5
20.340,28.32,-40.26,-43.98
20.381,28.26,-39.059998,-43.86
20.401,28.56,-39.059998,-43.44
20.442,29.22,-38.64,-43.26
20.481,29.34,-38.7,-43.44
20.501,29.76,-38.219997,-43.8
20.541,29.039999,-38.579998,-43.8
20.581,28.619999,-38.879997,-43.44
20.622,28.92,-39.48,-43.44
20.641,28.98,-40.079998,-43.68
20.682,28.68,-39.78,-43.62
20.720,28.8,-38.76,-43.379997
20.742,28.98,-39.059998,-43.02
20.786,29.58,-39.42,-43.2
20.822,29.039999,-39.66,-43.739998
20.841,28.859999,-39.42,-43.98
20.881,28.859999,-39.42,-43.8
20.920,28.859999,-39.66,-43.44
20.940,28.74,-40.079998,-43.02
20.980,28.92,-39.18,-43.2
21.021,28.8,-39.3,-43.2
21.043,28.619999,-39.12,-43.26
21.081,28.26,-39.36,-43.379997
21.120,28.56,-38.76,-43.379997
21.140,29.099998,-38.879997,-43.379997
21.187,29.279999,-39.0,-43.62
21.220,29.4,-38.879997,-42.96
21.259,28.74,-39.239998,-42.78
21.279,28.74,-39.3,-42.899998
21.319,28.56,-39.6,-42.3
21.341,28.74,-39.78,-42.719997
21.381,28.439999,-39.899998,-43.5
21.421,28.68,-38.94,-43.86
21.442,29.22,-39.0,-43.559998
21.480,29.099998,-39.059998,-43.8
21.520,28.92,-38.82,-44.16
21.562,28.8,-38.7,-43.5
21.581,28.74,-38.82,-43.02
21.621,28.92,-39.0,-43.2
21.662,29.22,-39.18,-43.68
21.682,29.279999,-39.42,-43.5
21.721,29.22,-38.879997,-43.5
21.761,28.859999,-39.12,-43.5
21.780,29.22,-39.18,-43.44
21.820,28.859999,-39.78,-43.739998
21.860,27.9,-40.2,-43.559998
21.882,27.9,-40.2,-43.079998
21.920,27.96,-39.36,-43.44
21.960,28.98,-39.36,-43.14
21.980,28.98,-39.6,-43.02
22.020,28.859999,-39.239998,-42.78
22.061,28.8,-39.42,-43.32
22.100,29.4,-39.66,-43.559998
22.119,29.16,-39.84,-43.62
22.160,28.98,-39.42,-44.1
22.181,28.8,-39.42,-44.1
22.219,29.099998,-39.239998,-44.1
22.259,29.099998,-39.059998,-44.7
22.300,29.22,-38.879997,-44.1
22.321,28.859999,-38.879997,-43.559998
22.361,29.22,-39.12,-43.379997
22.401,28.8,-39.36,-43.32
22.420,28.98,-39.239998,-43.02
22.461,28.859999,-39.12,-42.899998
22.500,28.74,-38.879997,-42.96
22.520,28.38,-39.239998,-43.559998
22.561,28.199999,-39.059998,-44.04
22.602,28.68,-39.3,-43.62
22.621,28.98,-39.42,-43.62
22.660,29.099998,-39.54,-43.62
22.701,29.22,-38.76,-43.559998
22.721,29.22,-39.059998,-43.86
22.762,28.8,-39.239998,-43.86
22.801,28.8,-39.0,-44.1
22.821,29.099998,-39.059998,-43.86
22.861,29.34,-39.719997,-43.92
22.902,29.099998,-39.84,-44.28
22.920,28.619999,-39.78,-44.219997
22.961,28.619999,-39.18,-44.399998
23.001,28.74,-38.94,-43.86
23.021,28.68,-39.3,-43.62
23.060,28.56,-39.54,-43.68
23.099,28.92,-39.3,-43.86
23.140,28.56,-39.42,-43.739998
23.159,28.26,-39.42,-43.2
23.207,28.859999,-39.899998,-43.079998
23.239,29.519999,-39.719997,-42.96
23.259,29.22,-39.54,-43.14
23.300,28.74,-38.94,-42.96
23.339,29.099998,-38.46,-43.559998
23.360,29.16,-38.34,-43.92
23.400,29.099998,-40.02,-43.559998
23.440,29.22,-40.62,-43.92
23.460,29.279999,-40.26,-43.98
23.500,29.039999,-39.42,-44.46
23.541,28.5,-38.94,-43.68
23.560,28.5,-39.54,-43.379997
23.601,28.32,-39.059998,-43.44
23.640,28.439999,-39.48,-43.98
23.661,28.74,-39.239998,-43.68
23.700,28.92,-39.3,-43.8
23.741,29.22,-39.0,-44.399998
23.761,29.699999,-39.0,-44.399998
23.801,30.0,-39.12,-44.399998
23.841,29.34,-39.48,-43.98
23.861,28.98,-39.48,-43.8
23.900,29.46,-39.48,-43.8
23.940,29.46,-39.54,-43.739998
23.962,29.039999,-39.78,-43.86
24.000,28.8,-39.48,-44.1
24.041,28.5,-39.18,-44.1
24.081,28.32,-39.6,-44.46
24.101,28.439999,-39.96,-44.399998
24.140,28.98,-40.2,-43.8
24.183,29.4,-38.94,-43.379997
24.200,29.4,-38.64,-43.62
24.240,29.099998,-38.879997,-43.14
24.280,29.279999,-39.54,-42.6
24.300,28.92,-39.42,-42.78
24.341,29.039999,-39.48,-43.379997
24.381,29.099998,-39.84,-44.16
24.401,28.68,-39.66,-44.399998
24.442,28.98,-39.48,-44.7
24.481,28.98,-39.239998,-44.579998
24.503,28.74,-39.059998,-44.7
24.543,28.32,-39.3,-44.52
24.582,28.38,-39.719997,-43.739998
24.602,28.199999,-39.899998,-43.86
24.641,28.8,-39.36,-43.68
24.682,28.56,-39.239998,-43.32
24.703,28.8,-39.3,-43.62
24.741,29.039999,-39.0,-43.86
24.780,28.619999,-38.64,-43.739998
24.823,28.56,-39.059998,-43.8
24.840,28.38,-39.12,-43.32
24.880,28.32,-39.66,-43.68
24.921,29.039999,-39.42,-44.04
24.940,29.16,-39.36,-43.8
24.980,29.039999,-39.36,-44.04
25.020,29.16,-38.94,-44.399998
25.040,29.58,-38.28,-44.1
25.081,29.64,-38.82,-43.559998
25.121,28.56,-39.719997,-43.44
25.141,29.039999,-39.66,-43.559998
25.180,29.039999,-39.48,-43.32
25.222,28.38,-39.719997,-44.04
25.240,28.32,-39.42,-43.98
25.279,28.8,-39.239998,-43.739998
25.320,29.099998,-38.76,-44.46
25.341,28.68,-39.239998,-44.46
25.381,28.98,-39.18,-44.579998
25.421,29.099998,-39.239998,-44.28
25.441,29.58,-39.239998,-44.28
25.480,30.119999,-39.18,-44.7
25.521,30.0,-39.42,-44.76
25.542,30.06,-39.059998,-44.64
25.581,29.82,-39.18,-44.879997
25.621,29.82,-38.879997,-44.82
25.662,30.119999,-38.76,-43.739998
25.681,30.72,-38.879997,-43.44
25.721,30.24,-39.3,-43.32
25.761,29.519999,-39.36,-43.739998
25.783,29.279999,-39.719997,-44.1
25.821,29.46,-39.48,-44.16
25.859,29.519999,-39.48,-43.86
25.882,29.22,-39.6,-43.92
25.921,29.099998,-38.76,-43.86
25.961,29.46,-38.82,-43.8
25.982,29.58,-38.82,-44.219997
26.021,29.039999,-38.879997,-44.34
26.061,29.279999,-39.48,-43.92
26.080,28.56,-40.14,-44.04
26.124,28.439999,-39.78,-44.46
26.160,28.56,-38.879997,-43.98
26.180,28.439999,-39.0,-43.8
26.219,28.74,-39.36,-43.26
26.260,28.98,-39.6,-43.62
26.300,29.16,-39.54,-43.92
26.320,28.92,-39.54,-43.92
26.361,28.32,-39.239998,-43.739998
26.387,28.32,-39.239998,-43.68
26.421,28.98,-38.7,-43.86
26.461,29.519999,-38.7,-43.86
26.502,29.039999,-39.6,-44.1
26.522,29.039999,-39.66,-44.28
26.561,29.039999,-39.66,-43.8
26.601,28.859999,-38.94,-42.96
26.622,29.34,-39.239998,-43.2
26.662,28.74,-39.12,-43.32
26.703,29.039999,-38.76,-43.26
26.722,29.039999,-38.7,-43.62
26.761,28.98,-39.18,-43.68
26.800,28.859999,-39.42,-43.559998
26.821,28.68,-39.48,-43.44
26.860,29.22,-39.42,-43.62
26.901,29.22,-39.239998,-43.68
26.922,28.56,-39.12,-44.16
26.961,29.099998,-39.059998,-43.98
26.999,29.4,-39.42,-44.04
27.040,29.22,-39.3,-43.739998
27.061,28.74,-39.059998,-43.379997
27.100,28.74,-38.82,-43.62
27.140,29.099998,-39.66,-44.1
27.159,28.68,-40.26,-44.1
27.201,28.56,-39.54,-43.2
27.239,28.859999,-38.879997,-43.8
27.259,28.92,-39.36,-43.559998
27.300,28.38,-39.3,-44.219997
27.322,28.32,-39.3,-43.92
27.361,28.439999,-38.879997,-44.219997
27.401,28.68,-38.64,-44.16
27.441,28.56,-39.239998,-43.68
27.461,28.56,-39.42,-43.739998
27.501,28.859999,-39.12,-43.26
27.540,28.199999,-39.059998,-43.14
27.560,28.019999,-38.94,-43.079998
27.601,28.56,-39.719997,-43.98
27.641,29.34,-39.48,-43.559998
27.661,29.099998,-39.42,-43.32
27.702,29.039999,-39.66,-43.14
27.740,29.039999,-39.42,-43.8
27.761,29.279999,-39.3,-43.86
27.801,28.92,-39.899998,-43.8
27.842,28.98,-39.48,-44.28
27.862,29.16,-39.18,-44.34
27.901,29.16,-39.3,-44.28
27.940,29.16,-40.02,-44.28
27.961,29.16,-39.84,-44.46
28.002,29.46,-38.879997,-44.219997
28.041,28.98,-38.94,-43.68
28.061,28.859999,-38.76,-43.68
28.100,28.619999,-39.3,-43.44
28.139,28.38,-39.3,-42.96
28.183,29.099998,-39.0,-43.2
28.200,29.279999,-39.0,-43.379997
28.240,29.88,-39.18,-43.86
28.279,30.0,-39.6,-44.46
28.299,29.34,-39.66,-44.34
28.341,29.22,-39.78,-44.64
28.381,29.099998,-39.42,-43.98
28.401,28.74,-39.899998,-43.44
28.441,28.08,-39.78,-43.32
28.481,28.56,-39.0,-44.219997
28.501,28.439999,-39.54,-44.52
28.540,29.039999,-39.3,-44.399998
28.581,28.98,-39.239998,-43.5
28.601,29.279999,-39.3,-43.8
28.642,28.98,-39.36,-43.5
28.681,28.859999,-39.3,-44.1
28.701,29.039999,-39.3,-43.8
28.740,28.98,-39.239998,-43.739998
28.782,28.98,-39.78,-43.14
28.801,28.74,-40.14,-43.32
28.842,28.68,-39.96,-42.84
28.880,28.32,-38.94,-43.079998
28.921,28.26,-38.46,-43.379997
28.946,28.68,-38.52,-43.379997
28.980,28.199999,-38.52,-43.559998
29.021,28.5,-39.36,-43.379997
29.040,28.98,-39.6,-43.739998
29.081,29.699999,-40.14,-44.28
29.120,29.099998,-39.6,-43.92
29.139,28.92,-39.6,-44.16
29.181,28.56,-39.239998,-43.98
29.220,28.68,-39.3,-43.62
29.240,28.5,-38.94,-43.559998
29.281,28.74,-39.12,-43.32
29.321,29.099998,-39.66,-43.739998
29.340,29.279999,-39.6,-43.86
29.381,29.039999,-39.239998,-43.559998
29.421,28.619999,-39.0,-43.739998
29.441,28.859999,-38.76,-43.739998
29.482,29.64,-39.6,-43.739998
29.521,29.64,-40.26,-43.8
29.542,29.16,-39.78,-43.559998
29.582,28.619999,-39.239998,-43.62
29.622,28.32,-39.48,-43.14
29.643,28.5,-39.84,-43.079998
29.683,28.98,-39.96,-43.079998
29.723,28.74,-39.719997,-42.6
29.742,28.74,-39.54,-42.96
29.782,28.74,-38.82,-43.68
29.822,28.8,-38.52,-44.16
29.842,28.98,-38.7,-44.16
29.887,28.859999,-38.94,-43.739998
29.920,29.34,-39.36,-43.14
29.963,28.8,-39.54,-43.5
29.980,28.619999,-39.66,-43.68
30.020,29.22,-39.84,-43.5
30.060,29.099998,-39.239998,-43.68
30.082,28.92,-39.42,-43.5
30.121,28.98,-39.36,-43.2
30.160,28.859999,-39.239998,-43.739998
30.180,28.74,-39.54,-43.26
30.221,28.32,-39.719997,-43.079998
30.260,28.619999,-39.48,-43.379997
30.280,28.5,-39.36,-43.559998
30.320,28.5,-39.059998,-43.14
30.361,28.68,-39.12,-43.5
30.382,28.74,-39.12,-43.8
30.422,28.5,-39.3,-43.86
30.461,29.34,-39.54,-43.26
30.481,29.58,-39.48,-43.02
30.522,29.16,-39.6,-43.739998
30.562,28.98,-39.3,-43.68
30.583,29.34,-39.18,-43.559998
30.621,29.699999,-38.94,-43.02
30.662,29.099998,-39.36,-43.44
30.682,29.22,-39.36,-43.86
30.722,29.039999,-39.42,-44.34
30.762,28.859999,-39.42,-44.399998
30.802,28.92,-39.6,-43.62
30.821,28.8,-39.42,-43.5
30.862,28.92,-39.0,-43.44
30.901,29.34,-38.94,-43.739998
30.922,28.859999,-38.52,-43.92
30.962,28.68,-38.52,-43.68
31.001,29.099998,-38.579998,-43.379997
31.021,28.74,-39.059998,-43.62
31.062,28.68,-39.239998,-43.739998
31.100,29.22,-39.36,-43.32
31.120,28.68,-39.18,-43.14
31.160,27.539999,-38.879997,-42.899998
31.201,28.5,-39.18,-43.26
31.220,28.56,-39.6,-43.68
31.260,28.56,-39.36,-44.28
31.301,28.439999,-39.239998,-44.1
31.321,28.68,-39.18,-43.68
31.361,28.199999,-40.26,-43.5
31.401,28.859999,-40.079998,-43.68
31.422,29.58,-39.239998,-43.86
31.462,30.0,-38.76,-43.739998
31.501,29.699999,-39.3,-43.739998
31.522,29.279999,-39.18,-43.2
31.561,29.099998,-38.879997,-42.899998
31.603,29.279999,-38.82,-43.02
31.642,28.56,-39.239998,-43.26
31.662,29.039999,-39.239998,-43.079998
31.702,28.98,-39.42,-43.26
31.741,29.58,-39.42,-43.8
31.762,29.4,-39.12,-43.68
31.802,28.92,-38.82,-44.1
31.842,28.98,-39.3,-44.04
31.862,29.099998,-39.42,-44.219997
31.903,28.8,-40.2,-44.04
31.940,28.74,-39.36,-43.379997
31.962,28.56,-39.239998,-43.14
32.002,28.98,-38.7,-42.48
32.039,29.16,-38.579998,-43.739998
32.061,28.92,-38.76,-43.86
32.100,28.32,-38.94,-44.1
32.140,28.5,-38.879997,-43.92
32.160,28.619999,-38.879997,-44.28
32.201,28.74,-38.94,-43.8
32.240,28.32,-38.82,-44.16
32.261,28.74,-38.579998,-43.559998
32.302,29.039999,-38.82,-43.5
32.342,29.099998,-39.48,-43.379997
32.362,29.099998,-39.48,-43.62
32.403,28.92,-39.239998,-44.1
32.442,29.039999,-38.82,-44.219997
32.482,29.4,-38.64,-43.86
32.503,29.4,-39.12,-43.739998
32.544,29.519999,-39.059998,-43.68
32.582,28.92,-39.239998,-43.379997
32.603,28.98,-38.94,-43.62
32.643,29.4,-38.52,-44.1
32.684,28.8,-38.94,-44.16
32.702,28.5,-38.82,-44.219997
32.743,28.619999,-38.879997,-44.1
32.782,28.199999,-38.76,-44.16
32.804,27.96,-38.64,-43.62
32.843,28.8,-38.82,-43.32
32.883,29.34,-38.879997,-43.68
32.903,29.22,-38.94,-43.44
32.942,28.859999,-38.94,-43.32
32.984,28.68,-39.48,-43.86
33.002,28.38,-39.12,-43.5
33.042,28.5,-40.02,-43.739998
33.083,29.16,-40.02,-44.04
33.102,28.92,-40.32,-44.04
33.142,29.279999,-39.719997,-43.98
33.185,29.22,-38.82,-44.04
33.202,29.58,-38.82,-43.98
33.241,28.8,-39.18,-44.64
33.281,28.74,-38.879997,-44.64
33.320,29.34,-39.42,-43.86
33.341,29.22,-39.3,-43.98
33.381,29.16,-38.94,-43.68
33.422,28.38,-38.76,-43.5
33.443,28.32,-39.36,-43.68
33.482,28.92,-39.6,-44.04
33.522,29.64,-39.42,-43.8
33.541,29.4,-39.239998,-43.8
33.582,29.16,-39.6,-43.44
33.622,28.8,-39.719997,-43.8
33.642,29.039999,-39.899998,-43.8
33.681,29.64,-40.02,-43.379997
33.722,29.699999,-39.36,-43.079998
33.743,29.939999,-39.12,-44.04
33.781,29.64,-38.46,-44.34
33.823,29.22,-38.879997,-44.1
33.842,29.4,-39.0,-44.34
33.882,29.099998,-39.3,-44.28
33.921,28.92,-39.3,-43.98
33.941,29.519999,-39.18,-44.1
33.983,29.64,-39.18,-43.739998
34.021,28.859999,-39.18,-44.28
34.062,29.039999,-39.719997,-44.76
34.082,29.279999,-39.84,-44.52
34.123,30.48,-40.079998,-43.44
34.161,29.58,-39.239998,-43.559998
34.186,29.16,-39.239998,-43.739998
34.220,28.98,-38.94,-44.399998
34.260,28.32,-39.059998,-43.68
34.280,28.38,-39.36,-43.44
34.322,28.74,-39.239998,-43.32
34.362,29.4,-39.12,-43.379997
34.383,29.699999,-38.879997,-43.68
34.422,29.64,-38.94,-43.98
34.463,29.099998,-39.18,-43.98
34.482,29.22,-38.879997,-43.739998
34.522,28.74,-38.94,-43.079998
34.563,28.98,-38.94,-43.02
34.582,29.16,-39.3,-43.559998
34.622,29.88,-39.239998,-44.16
34.663,29.34,-39.18,-43.86
34.682,29.279999,-39.12,-43.68
34.722,29.039999,-39.54,-44.04
34.760,29.22,-39.6,-44.16
34.782,29.279999,-39.48,-44.04
34.823,29.46,-39.42,-44.399998
34.872,28.98,-39.12,-44.46
34.883,28.68,-39.18,-44.1
34.921,28.8,-39.48,-43.739998
34.960,28.92,-39.48,-43.5
35.000,29.22,-38.94,-44.1
35.021,29.34,-38.879997,-44.1
35.062,29.4,-38.52,-44.1
35.101,28.5,-38.82,-44.16
35.121,28.74,-39.18,-44.16
35.161,28.859999,-39.66,-44.28
35.202,28.8,-39.78,-44.46
35.221,28.98,-39.36,-44.46
35.260,28.859999,-38.399998,-44.46
35.300,29.46,-38.64,-43.8
35.321,29.34,-39.36,-43.44
35.361,29.76,-39.42,-43.68
35.401,29.34,-39.3,-43.92
35.421,28.92,-39.239998,-43.559998
35.461,28.8,-39.6,-43.379997
35.503,28.859999,-39.36,-43.559998
35.521,28.56,-39.059998,-43.98
35.561,28.14,-39.18,-43.62
35.602,28.56,-39.36,-44.04
35.623,28.92,-39.0,-43.98
35.661,28.68,-38.579998,-44.16
35.702,28.439999,-39.239998,-44.219997
35.722,28.56,-39.3,-44.16
35.763,28.439999,-39.719997,-43.739998
35.802,28.74,-39.6,-43.68
35.842,29.46,-40.02,-44.16
35.862,29.34,-39.96,-44.16
35.901,29.279999,-39.42,-43.68
35.942,28.92,-38.879997,-44.16
35.961,28.74,-39.0,-44.28
36.001,29.16,-38.879997,-44.16
36.042,29.519999,-39.18,-44.16
36.061,29.76,-39.3,-43.86
36.103,29.58,-40.2,-43.68
36.141,29.519999,-40.2,-43.379997
36.160,29.64,-39.719997,-43.8
36.200,29.22,-39.059998,-43.68
36.240,28.619999,-39.48,-43.62
36.260,28.5,-39.059998,-43.62
36.300,29.46,-38.94,-44.34
36.340,29.76,-39.12,-44.16
36.362,29.279999,-39.3,-44.16
36.402,28.619999,-38.7,-44.34
36.442,28.74,-38.82,-44.52
36.461,29.039999,-39.42,-44.34
36.502,29.279999,-40.32,-44.28
36.542,29.16,-39.899998,-44.28
36.583,29.4,-39.36,-43.44
36.602,29.279999,-39.48,-43.26
36.641,29.22,-40.079998,-43.92
36.682,28.98,-39.78,-44.04
36.702,28.859999,-39.36,-44.04
36.741,28.38,-39.12,-44.28
36.781,28.859999,-39.36,-44.16
36.802,28.98,-39.36,-43.98
36.841,29.64,-40.14,-43.92
36.882,29.939999,-40.5,-43.92
36.902,30.06,-40.14,-44.1
36.942,29.34,-39.54,-44.34
36.981,28.859999,-40.2,-43.44
37.000,28.8,-39.719997,-43.559998
37.041,28.98,-39.66,-43.8
37.082,29.64,-38.94,-43.98
37.101,29.76,-38.94,-43.379997
37.141,29.82,-38.94,-43.559998
37.182,28.92,-39.42,-44.1
37.200,28.619999,-39.0,-44.1
37.240,28.98,-39.239998,-43.68
37.280,28.859999,-39.0,-43.86
37.301,28.98,-38.579998,-43.559998
37.342,28.859999,-38.82,-43.92
37.382,28.8,-39.36,-44.04
37.421,29.16,-39.78,-44.1
37.441,28.8,-39.42,-44.34
37.482,28.8,-39.48,-44.82
37.521,28.859999,-39.66,-45.0
37.543,28.439999,-39.6,-44.64
37.582,28.68,-39.6,-44.399998
37.621,28.439999,-39.059998,-44.28
37.642,28.859999,-38.94,-44.04
37.681,28.98,-38.94,-43.559998
37.721,28.38,-39.6,-43.92
37.742,28.56,-39.899998,-43.92
37.782,28.859999,-39.54,-44.16
37.822,28.8,-39.3,-43.92
37.842,28.5,-39.059998,-44.16
37.882,27.84,-38.879997,-43.379997
37.922,28.08,-39.36,-43.2
37.944,28.439999,-39.36,-43.68
37.981,29.34,-39.54,-43.559998
38.022,28.8,-39.48,-44.1
38.041,28.439999,-39.899998,-44.579998
38.082,28.5,-39.059998,-44.94
38.120,29.4,-39.0,-44.28
38.141,29.279999,-39.239998,-45.0
38.182,29.099998,-39.719997,-44.76
38.223,28.8,-39.66,-44.399998
38.262,29.16,-39.18,-43.739998
38.280,29.16,-39.059998,-43.26
38.320,28.859999,-39.66,-43.14
38.361,28.56,-40.2,-44.579998
38.380,28.619999,-39.42,-44.52
38.421,29.34,-39.66,-44.34
38.461,29.4,-39.66,-44.04
38.483,29.279999,-39.239998,-43.739998
38.521,29.76,-39.3,-44.219997
38.561,29.34,-39.6,-44.7
38.581,28.98,-39.84,-44.879997
38.622,29.039999,-39.78,-44.64
38.662,29.22,-39.66,-43.5
38.681,29.039999,-39.42,-43.14
38.722,29.22,-39.66,-43.5
38.761,29.039999,-39.719997,-44.28
38.780,28.5,-39.66,-44.219997
38.821,27.84,-39.3,-43.98
38.862,28.56,-38.46,-43.739998
38.882,29.519999,-38.04,-44.76
38.922,29.64,-39.059998,-45.3
38.961,29.4,-39.48,-44.52
38.982,29.279999,-39.0,-43.62
39.021,28.5,-39.059998,-44.16
39.062,28.5,-39.239998,-45.12
39.082,28.56,-39.42,-44.76
39.121,28.859999,-38.82,-44.28
39.160,28.199999,-38.16,-44.1
39.184,28.38,-38.28,-44.1
39.221,28.5,-38.64,-44.52
39.260,28.56,-39.48,-44.579998
39.300,28.98,-39.78,-43.92
39.322,28.8,-39.66,-43.739998
39.361,29.22,-39.36,-43.68
39.402,28.98,-39.239998,-43.92
39.421,29.519999,-38.94,-43.92
39.461,29.58,-38.579998,-44.04
39.501,29.16,-38.7,-43.739998
39.521,29.34,-38.52,-43.98
39.562,29.88,-38.76,-44.879997
39.600,29.64,-39.719997,-44.579998
39.622,29.099998,-39.96,-44.399998
39.661,28.92,-39.719997,-44.579998
39.703,29.039999,-39.3,-44.76
39.721,28.8,-39.3,-44.64
39.764,28.98,-38.52,-44.219997
39.801,29.46,-38.52,-44.1
39.821,29.76,-38.64,-43.98
39.861,29.88,-38.94,-44.399998
39.902,29.46,-39.059998,-44.16
39.940,29.4,-39.059998,-43.92
39.960,29.039999,-39.3,-44.16
40.000,29.22,-38.94,-44.579998
40.039,29.34,-38.64,-44.52
40.061,29.64,-39.059998,-44.34
40.103,28.98,-39.18,-43.44
40.141,29.22,-38.52,-43.739998
40.159,29.279999,-38.579998,-43.8
40.202,29.22,-39.239998,-44.1
40.240,28.8,-39.6,-44.219997
40.260,28.56,-39.54,-44.34
40.301,28.08,-39.18,-44.219997
40.340,28.199999,-39.6,-44.399998
40.362,28.5,-39.42,-44.7
40.401,28.439999,-39.18,-44.04
40.441,28.8,-39.719997,-43.079998
40.460,28.859999,-39.42,-43.079998
40.500,28.5,-39.66,-43.62
40.540,28.98,-39.719997,-44.46
40.560,29.34,-39.78,-43.92
40.600,28.68,-39.719997,-43.92
40.640,28.98,-39.12,-44.16
40.681,29.519999,-39.18,-43.86
40.699,29.279999,-39.3,-43.86
40.741,28.619999,-39.239998,-44.04
40.781,28.619999,-39.059998,-44.399998
40.801,28.8,-39.239998,-44.34
40.842,29.46,-38.879997,-43.98
40.882,29.64,-38.579998,-43.739998
40.901,30.0,-38.94,-43.739998
40.941,30.3,-39.0,-43.98
40.980,29.46,-39.239998,-44.82
41.002,29.039999,-38.7,-44.64
41.031,28.56,-39.18,-44.1
41.082,28.98,-39.6,-43.98
41.101,29.46,-39.48,-43.92
41.141,29.34,-39.3,-43.739998
41.181,28.68,-39.059998,-44.64
41.201,28.439999,-39.36,-45.36
41.240,28.92,-39.36,-45.42
41.280,29.16,-39.3,-44.28
41.321,28.98,-39.12,-43.8
41.341,28.68,-39.3,-43.98
41.381,28.619999,-39.719997,-44.04
41.401,29.22,-39.78,-43.98
41.442,29.699999,-39.0,-43.44
41.481,29.22,-39.66,-43.68
41.502,29.46,-40.02,-43.68
41.541,28.8,-40.2,-44.16
41.580,28.32,-39.899998,-44.16
41.602,28.32,-39.96,-44.16
41.641,28.98,-39.84,-44.34
41.681,29.279999,-38.82,-44.94
41.721,29.4,-38.7,-44.82
41.741,29.099998,-38.879997,-44.399998
41.779,28.98,-38.94,-43.739998
41.822,28.8,-38.879997,-43.92
41.843,28.68,-39.18,-44.04
41.882,28.26,-39.6,-43.92
41.923,28.74,-39.42,-44.219997
41.941,28.56,-39.78,-44.16
41.980,28.68,-40.02,-44.04
42.019,29.64,-40.26,-43.379997
42.040,29.4,-39.78,-43.739998
42.080,29.519999,-39.899998,-43.8
42.120,29.34,-40.44,-43.68
42.140,28.619999,-39.96,-43.739998
42.180,28.68,-39.0,-43.739998
42.219,28.859999,-38.399998,-43.86
42.240,28.8,-38.28,-44.579998
42.280,28.859999,-38.399998,-44.46
42.321,29.16,-39.12,-44.04
42.361,29.279999,-39.42,-44.34
42.380,29.039999,-39.48,-44.579998
42.421,29.22,-40.079998,-44.579998
42.461,29.039999,-39.719997,-44.64
42.480,29.039999,-39.18,-44.34
42.521,28.68,-38.34,-44.219997
42.562,28.38,-38.34,-44.46
42.581,28.32,-38.76,-44.16
42.621,28.439999,-39.239998,-43.98
42.661,28.68,-39.719997,-44.82
42.680,29.16,-39.36,-45.0
42.721,29.099998,-39.899998,-44.579998
42.761,28.92,-39.719997,-44.1
42.780,28.5,-39.42,-44.1
42.821,28.38,-39.239998,-44.399998
42.861,28.92,-39.18,-44.16
42.883,29.16,-39.12,-43.739998
42.921,29.46,-39.6,-44.04
42.961,29.099998,-39.66,-44.399998
42.981,28.619999,-39.719997,-44.34
43.020,28.859999,-39.54,-43.92
43.064,28.74,-39.899998,-44.04
43.086,28.439999,-39.899998,-44.16
43.120,28.619999,-39.36,-43.8
43.160,28.92,-38.94,-44.34
43.200,28.92,-39.239998,-44.579998
43.219,29.099998,-39.54,-44.399998
43.259,29.22,-39.059998,-44.28
43.300,28.859999,-38.52,-44.34
43.321,29.099998,-38.7,-44.399998
43.360,28.38,-39.239998,-45.059998
43.400,28.26,-39.059998,-44.28
43.420,28.8,-39.239998,-43.98
43.462,29.4,-39.54,-43.68
43.484,29.88,-39.36,-43.98
43.521,29.519999,-39.719997,-44.579998
43.561,29.279999,-40.14,-44.579998
43.602,28.859999,-39.899998,-44.34
43.619,29.279999,-39.84,-44.76
43.661,30.179998,-40.02,-44.399998
43.701,30.3,-40.2,-44.52
43.720,29.76,-39.84,-44.34
43.761,29.039999,-39.3,-44.219997
43.802,29.099998,-39.6,-44.94
43.821,29.099998,-39.36,-45.059998
43.860,28.98,-39.3,-44.579998
43.901,28.98,-39.96,-44.7
43.921,29.039999,-40.079998,-45.12
43.960,29.46,-40.26,-45.059998
44.000,29.16,-40.8,-44.219997
44.021,29.519999,-40.2,-43.379997
44.061,29.58,-40.26,-43.379997
44.104,29.82,-39.899998,-44.399998
44.122,30.179998,-39.66,-43.8
44.159,29.82,-39.54,-42.719997
44.201,29.46,-39.42,-43.079998
44.240,29.519999,-39.54,-43.68
44.259,29.4,-39.899998,-43.8
44.300,29.88,-40.26,-44.28
44.340,29.519999,-40.26,-43.559998
44.359,29.58,-40.26,-43.5
44.400,29.519999,-39.899998,-43.739998
44.441,28.98,-39.48,-44.1
44.460,28.8,-39.36,-44.04
44.501,28.859999,-39.3,-43.8
44.541,28.74,-39.18,-43.92
44.561,28.32,-39.48,-44.219997
44.601,28.92,-39.899998,-43.92
44.640,29.279999,-39.84,-43.8
44.660,28.8,-40.079998,-43.62
44.701,29.039999,-39.78,-43.86
44.745,29.279999,-39.96,-43.98
44.762,29.16,-40.079998,-43.44
44.803,29.279999,-39.66,-43.86
44.841,29.279999,-40.14,-44.64
44.881,29.22,-40.14,-44.28
44.901,29.039999,-39.719997,-44.52
44.941,28.8,-39.059998,-44.7
44.965,28.5,-38.879997,-44.7
44.999,28.74,-39.239998,-44.7
45.041,28.92,-39.0,-44.52
45.079,28.92,-39.12,-43.98
45.100,29.34,-39.0,-44.16
45.141,29.039999,-39.48,-44.1
45.179,28.8,-39.48,-44.16
45.199,28.5,-39.42,-44.399998
45.239,28.56,-39.6,-43.86
45.279,28.619999,-39.54,-43.68
45.299,29.039999,-39.36,-43.8
45.340,29.16,-39.36,-43.68
45.379,28.38,-39.36,-43.8
45.401,28.26,-39.18,-44.28
45.441,29.099998,-39.12,-45.3
45.480,29.099998,-39.12,-44.94
45.501,28.38,-39.059998,-44.76
45.540,28.439999,-39.54,-44.46
45.581,29.34,-40.14,-44.64
45.600,29.22,-39.899998,-44.64
45.641,28.859999,-39.54,-44.64
45.681,29.58,-39.3,-44.76
45.702,28.74,-39.54,-45.12
45.741,28.8,-39.84,-45.0
45.779,28.8,-39.6,-44.879997
45.820,28.74,-39.48,-44.04
45.841,28.8,-39.96,-43.739998
45.881,28.5,-39.899998,-43.86
45.921,28.8,-39.48,-44.7
45.940,29.4,-39.36,-44.52
45.981,28.98,-39.42,-44.219997
46.020,29.22,-39.0,-43.98
46.040,28.74,-39.12,-44.219997
46.080,29.039999,-39.66,-43.86
46.121,29.34,-39.719997,-44.1
46.139,28.859999,-39.54,-44.34
46.179,29.039999,-39.3,-44.28
46.220,28.8,-39.54,-43.92
46.239,28.859999,-39.36,-43.92
46.280,28.68,-39.42,-43.98
46.319,28.859999,-39.84,-44.399998
46.361,29.22,-39.84,-44.52
46.380,29.22,-39.899998,-44.82
46.421,28.38,-40.2,-44.52
46.441,28.619999,-39.899998,-44.52
46.480,29.099998,-39.18,-43.92
46.521,29.4,-39.48,-43.739998
46.542,29.58,-39.36,-43.5
46.579,29.22,-39.239998,-44.1
46.621,28.439999,-39.12,-44.46
46.661,29.099998,-39.36,-43.92
46.680,29.099998,-39.18,-43.62
46.721,29.88,-38.94,-44.16
46.761,29.099998,-39.12,-44.399998
46.779,28.199999,-39.12,-43.98
46.820,28.68,-39.239998,-43.739998
46.861,30.179998,-38.579998,-44.28
46.881,29.519999,-38.28,-44.46
46.921,29.039999,-38.34,-44.16
46.962,28.26,-39.36,-44.16
46.980,28.08,-39.239998,-44.1
47.018,28.32,-39.18,-43.739998
47.060,29.16,-39.18,-43.5
47.081,29.16,-39.36,-43.5
47.120,29.039999,-39.42,-44.16
47.159,28.92,-39.42,-44.34
47.199,28.38,-39.3,-44.28
47.219,27.84,-39.54,-44.219997
47.260,28.619999,-39.3,-45.059998
47.299,28.92,-39.36,-44.64
47.320,28.68,-39.54,-44.1
47.361,28.32,-39.719997,-43.62
47.400,28.619999,-39.48,-43.92
47.421,28.859999,-39.42,-44.219997
47.460,29.46,-39.84,-43.379997
47.501,29.22,-39.96,-43.62
47.520,29.4,-39.84,-43.92
47.560,29.22,-39.42,-43.8
47.600,29.46,-39.6,-43.379997
47.620,29.46,-39.78,-43.14
47.661,29.22,-39.84,-43.5
47.700,29.279999,-39.78,-44.04
47.720,29.46,-39.48,-43.68
47.760,29.099998,-38.46,-43.68
47.800,29.16,-38.34,-44.16
47.820,29.16,-38.579998,-44.34
47.860,29.46,-39.0,-44.52
47.900,29.64,-39.54,-44.399998
47.920,29.279999,-39.54,-43.92
47.960,28.98,-39.84,-44.399998
47.999,29.099998,-39.6,-44.28
48.021,29.16,-39.12,-44.04
48.060,29.039999,-39.18,-44.04
48.099,29.22,-39.12,-44.16
48.121,29.22,-39.18,-44.16
48.159,28.74,-40.079998,-44.52
48.200,28.98,-39.84,-44.46
48.238,29.22,-39.54,-44.1
48.258,28.859999,-39.84,-43.98
48.299,29.039999,-39.84,-43.739998
48.339,29.279999,-39.719997,-43.86
48.358,29.519999,-39.54,-44.1
48.400,28.859999,-38.94,-43.92
48.441,28.26,-39.66,-44.04
48.461,28.619999,-39.84,-44.04
48.500,28.619999,-40.32,-44.34
48.540,28.38,-39.719997,-44.16
48.560,28.439999,-39.78,-44.16
48.600,28.619999,-39.66,-43.559998
48.640,28.56,-39.66,-43.32
48.660,28.68,-39.3,-43.5
48.701,28.859999,-39.48,-44.34
48.741,29.4,-39.42,-44.52
48.761,29.699999,-39.18,-44.52
48.800,29.46,-39.36,-44.34
48.840,29.099998,-39.239998,-44.399998
48.860,28.74,-39.54,-44.82
48.900,28.859999,-39.719997,-44.219997
48.941,28.8,-39.6,-44.04
48.980,28.74,-39.36,-44.399998
48.999,29.039999,-38.46,-44.399998
49.039,29.16,-38.399998,-44.16
49.080,28.56,-39.0,-43.739998
49.100,28.5,-39.239998,-43.739998
49.138,28.8,-39.42,-44.1
49.182,28.56,-39.12,-44.04
49.201,28.5,-39.059998,-43.62
49.238,28.5,-39.3,-43.5
49.279,28.74,-39.48,-44.46
49.299,29.22,-39.48,-44.28
49.339,29.76,-39.66,-43.98
49.379,29.22,-39.719997,-44.219997
49.400,28.859999,-40.079998,-44.46
49.440,28.74,-40.44,-44.219997
49.481,29.099998,-39.96,-43.92
49.500,28.8,-39.78,-43.86
49.541,29.22,-39.059998,-43.8
49.580,29.46,-39.18,-44.399998
49.600,29.519999,-39.6,-44.7
49.640,29.039999,-39.66,-44.399998
49.681,28.08,-39.18,-44.04
49.701,27.96,-39.36,-44.34
49.740,28.26,-39.719997,-44.34
49.780,28.74,-39.48,-44.04
49.800,29.279999,-39.12,-44.04
49.840,29.519999,-39.719997,-43.2
49.880,29.16,-39.66,-43.62
49.901,28.92,-39.54,-43.739998
49.941,28.56,-39.48,-43.559998
49.979,28.8,-38.76,-43.14
50.020,28.199999,-38.94,-43.739998
50.038,28.199999,-39.36,-44.04
50.078,28.74,-39.6,-44.579998
50.119,29.099998,-39.3,-44.76
50.138,28.859999,-39.54,-44.64
50.179,28.38,-40.2,-44.34
50.219,27.96,-40.02,-44.52
50.238,28.019999,-39.96,-44.76
50.278,28.92,-39.42,-45.0
50.319,29.34,-39.66,-44.399998
50.339,28.859999,-39.239998,-44.1
50.380,28.74,-38.46,-44.28
50.419,28.92,-39.0,-44.04
50.440,28.68,-39.3,-43.92
50.480,28.859999,-38.579998,-44.52
50.520,29.519999,-39.54,-44.579998
50.540,29.34,-39.42,-44.52
50.580,29.34,-39.0,-44.28
50.620,29.039999,-38.399998,-44.94
50.660,29.16,-38.399998,-44.82
50.681,29.34,-38.579998,-44.64
50.720,29.279999,-38.7,-44.04
50.760,29.279999,-38.64,-43.86
50.780,29.16,-39.0,-43.98
50.820,28.68,-39.54,-44.34
50.860,28.74,-39.0,-43.559998
50.880,29.099998,-39.48,-43.62
50.921,29.039999,-39.48,-43.26
50.959,28.68,-39.36,-44.16
50.980,28.98,-39.18,-44.34
51.020,28.74,-39.6,-44.579998
51.061,28.5,-39.719997,-44.34
51.080,28.859999,-39.6,-44.16
51.120,29.76,-39.719997,-43.559998
51.161,29.34,-39.96,-43.62
51.180,29.46,-39.66,-43.559998
51.219,28.859999,-39.84,-44.1
51.258,28.619999,-39.12,-43.739998
51.299,28.74,-39.42,-44.399998
51.319,29.22,-39.059998,-43.92
51.360,28.92,-39.239998,-43.379997
51.380,28.74,-39.12,-43.62
51.420,29.16,-39.42,-43.92
51.460,29.939999,-39.059998,-44.04
51.499,29.4,-39.54,-44.34
51.521,28.74,-39.6,-44.7
51.560,28.98,-39.239998,-44.46
51.600,29.22,-38.82,-44.04
51.622,29.34,-38.76,-44.16
51.659,29.22,-39.239998,-44.16
51.700,28.8,-39.36,-44.16
51.719,28.74,-39.18,-44.34
51.761,28.56,-38.76,-44.52
51.799,28.439999,-39.12,-44.52
51.821,28.619999,-39.42,-44.34
51.861,28.859999,-39.239998,-44.52
51.900,29.22,-39.36,-44.399998
51.920,29.279999,-39.3,-44.399998
51.959,29.039999,-39.48,-44.7
51.999,29.4,-39.3,-45.059998
52.019,29.22,-39.18,-45.48
52.058,28.98,-39.12,-44.34
52.099,28.8,-39.66,-44.1
52.124,28.98,-39.899998,-44.579998
52.160,29.099998,-40.079998,-44.7
52.198,28.8,-39.78,-44.1
52.238,29.099998,-39.78,-43.92
52.258,29.099998,-39.42,-44.28
52.298,29.34,-39.48,-44.46
52.338,28.8,-39.36,-44.34
52.359,28.92,-39.6,-44.1
52.398,29.279999,-39.66,-43.68
52.439,28.92,-39.0,-43.68
52.459,29.16,-38.64,-43.8
52.500,29.039999,-38.94,-44.16
52.539,28.619999,-39.3,-44.7
52.558,28.56,-38.94,-44.579998
52.598,28.68,-38.879997,-44.579998
52.640,28.92,-39.48,-44.46
52.660,29.58,-39.78,-44.16
52.701,28.5,-39.78,-44.64
52.739,28.38,-39.6,-44.579998
52.760,28.619999,-39.48,-44.46
52.798,29.4,-39.48,-44.28
52.840,29.699999,-39.36,-44.82
52.860,29.58,-39.18,-44.7
52.900,29.46,-39.54,-44.7
52.940,29.099998,-39.36,-44.04
52.961,28.38,-39.36,-43.62
52.999,28.32,-38.76,-44.16
53.040,28.439999,-39.3,-44.82
53.060,28.98,-38.82,-44.34
53.103,29.099998,-38.64,-43.86
53.138,28.859999,-39.059998,-44.04
53.182,28.8,-39.66,-43.739998
53.199,28.38,-39.719997,-43.98
53.238,28.5,-39.6,-43.2
53.278,29.16,-39.78,-43.68
53.298,28.859999,-39.78,-44.34
53.339,29.34,-39.48,-44.64
53.379,29.34,-39.12,-44.04
53.398,29.22,-39.239998,-43.8
53.440,28.619999,-38.7,-43.98
53.480,29.16,-38.46,-44.04
53.499,29.099998,-38.28,-44.16
53.540,29.039999,-39.48,-44.219997
53.579,29.22,-39.84,-44.46
53.599,29.039999,-39.54,-44.34
53.639,29.099998,-39.54,-44.399998
53.680,29.279999,-39.6,-44.46
53.699,29.64,-39.42,-44.76
53.739,29.519999,-38.94,-44.399998
53.780,28.98,-39.3,-44.219997
53.799,28.68,-39.6,-44.1
53.840,28.98,-39.239998,-44.579998
53.880,28.92,-38.82,-44.7
53.918,28.38,-39.18,-44.219997
53.940,28.199999,-39.12,-43.68
53.981,28.619999,-39.12,-43.62
54.020,29.039999,-39.36,-44.04
54.040,28.8,-39.239998,-44.28
54.081,28.8,-39.18,-44.28
54.103,28.68,-39.36,-43.92
54.140,28.74,-39.6,-44.16
54.181,28.68,-39.18,-43.98
54.220,29.099998,-39.18,-44.219997
54.239,29.34,-39.36,-44.219997
54.280,29.039999,-39.36,-44.28
54.320,29.22,-39.36,-44.46
54.341,29.34,-39.54,-44.64
54.380,28.98,-39.6,-43.92
54.420,28.199999,-40.079998,-44.219997
54.441,28.439999,-39.96,-43.98
54.480,29.039999,-39.84,-43.8
54.521,29.58,-39.12,-43.559998
54.541,29.34,-39.48,-43.86
54.581,29.039999,-39.96,-44.76
54.621,29.46,-39.719997,-44.7
54.640,29.34,-39.719997,-44.28
54.681,28.8,-39.78,-43.92
54.720,28.92,-39.239998,-44.16
54.741,28.56,-39.54,-43.86
54.780,28.859999,-40.079998,-44.34
54.821,29.46,-39.899998,-44.64
54.841,29.699999,-39.18,-44.879997
54.881,29.46,-38.64,-43.68
54.920,29.519999,-38.879997,-42.84
54.941,29.58,-38.76,-42.899998
54.979,29.22,-39.239998,-43.559998
55.019,28.92,-39.239998,-44.28
55.059,29.519999,-39.0,-44.16
55.078,29.099998,-39.239998,-44.34
55.122,28.619999,-39.96,-43.98
55.159,28.74,-39.78,-44.16
55.179,28.619999,-40.2,-44.28
55.220,28.019999,-39.6,-44.399998
55.259,28.619999,-39.3,-44.879997
55.279,29.099998,-39.719997,-44.46
55.319,29.58,-39.719997,-44.28
55.359,29.58,-39.54,-43.86
55.380,29.64,-39.54,-43.5
55.421,29.039999,-38.94,-43.14
55.460,29.22,-39.239998,-43.32
55.480,29.34,-39.719997,-43.62
55.521,29.22,-40.079998,-43.92
55.560,28.74,-39.3,-44.16
55.581,28.619999,-39.6,-44.04
55.620,28.68,-39.6,-43.86
55.660,28.439999,-38.94,-44.16
55.680,28.68,-38.82,-44.1
55.720,29.279999,-39.42,-43.92
55.761,29.699999,-39.78,-44.34
55.781,29.16,-39.6,-44.399998
55.819,28.92,-40.2,-44.1
55.859,28.68,-39.54,-44.04
55.900,28.74,-39.48,-43.86
55.920,28.8,-39.54,-43.86
55.960,28.5,-39.239998,-43.68
56.002,28.68,-39.36,-44.04
56.020,28.859999,-39.12,-44.579998
56.060,29.279999,-38.579998,-44.46
56.100,28.859999,-38.82,-43.86
56.119,28.68,-39.48,-43.68
56.159,28.859999,-40.559998,-44.1
56.200,28.5,-39.66,-44.04
56.218,28.56,-38.879997,-43.379997
56.258,28.56,-38.64,-43.559998
56.299,29.16,-39.059998,-43.86
56.319,29.039999,-39.12,-44.04
56.360,29.699999,-39.3,-44.52
56.399,29.46,-39.42,-43.62
56.420,28.98,-39.36,-43.079998
56.460,28.74,-39.6,-43.44
56.500,29.22,-39.42,-43.86
56.520,29.039999,-38.879997,-44.46
56.560,29.279999,-38.94,-44.1
56.602,29.039999,-39.66,-43.559998
56.621,28.74,-39.3,-43.92
56.661,29.099998,-39.6,-43.5
56.701,29.64,-39.719997,-43.62
56.741,28.859999,-39.48,-44.28
56.761,29.039999,-39.84,-44.399998
56.800,29.519999,-40.079998,-43.98
56.841,29.099998,-39.78,-43.92
56.861,28.859999,-39.84,-43.44
56.900,28.74,-39.84,-43.86
56.940,28.98,-39.899998,-44.82
56.961,29.039999,-39.84,-44.879997
56.999,29.4,-39.899998,-44.1
57.039,29.82,-39.6,-43.379997
57.058,29.519999,-39.239998,-43.559998
57.102,28.68,-39.3,-43.26
57.139,28.199999,-39.36,-43.8
57.159,28.619999,-39.42,-43.86
57.199,29.039999,-39.6,-43.5
57.239,28.74,-39.18,-43.68
57.279,28.92,-39.42,-44.04
57.300,29.16,-39.12,-43.739998
57.340,29.58,-39.36,-43.2
57.360,29.34,-39.6,-43.62
57.400,29.279999,-39.48,-43.86
57.440,28.38,-39.12,-44.28
57.480,28.619999,-39.059998,-43.68
57.500,28.68,-38.879997,-43.32
57.540,29.46,-38.82,-43.739998
57.562,29.22,-39.12,-43.62
57.601,28.859999,-39.66,-43.32
57.640,28.56,-40.32,-42.899998
57.682,28.5,-40.02,-43.26
57.701,28.26,-39.42,-43.14
57.740,28.32,-39.18,-43.68
57.779,28.56,-39.0,-43.14
57.800,28.56,-38.82,-42.78
57.840,29.039999,-39.059998,-43.079998
57.882,29.039999,-39.66,-43.559998
57.901,29.099998,-39.84,-43.559998
57.942,29.22,-39.48,-43.32
57.980,28.74,-39.12,-43.62
58.000,28.5,-38.76,-43.559998
58.040,28.92,-39.48,-43.8
58.080,29.16,-39.96,-43.68
58.100,29.22,-39.78,-43.739998
58.140,29.099998,-39.42,-43.379997
58.180,28.859999,-38.879997,-43.68
58.200,28.98,-39.12,-44.1
58.239,28.439999,-39.12,-44.28
58.279,28.26,-39.78,-44.399998
58.320,28.38,-39.0,-44.28
58.340,28.56,-38.94,-44.46
58.379,28.8,-38.579998,-43.68
58.421,29.039999,-39.059998,-43.8
58.440,28.439999,-39.239998,-43.8
58.480,28.56,-39.899998,-43.379997
58.521,28.08,-39.48,-43.2
58.542,27.84,-39.36,-43.68
58.580,28.439999,-39.12,-44.34
58.620,28.8,-39.239998,-44.1
58.641,28.859999,-39.3,-43.86
58.681,28.859999,-38.579998,-43.739998
58.721,28.619999,-38.64,-43.739998
58.741,28.14,-38.82,-43.98
58.781,28.98,-38.399998,-44.579998
58.821,29.4,-38.7,-44.82
58.841,29.64,-38.579998,-44.82
58.882,28.68,-39.54,-43.559998
58.921,28.619999,-39.54,-43.86
58.941,29.46,-39.36,-44.399998
58.981,29.46,-39.54,-43.5
59.020,29.22,-39.6,-43.2
59.041,29.4,-39.059998,-42.96
59.082,29.64,-38.879997,-43.44
59.119,29.34,-39.239998,-43.739998
59.159,28.74,-39.18,-43.44
59.186,28.199999,-39.059998,-43.079998
59.221,28.14,-38.879997,-43.92
59.259,28.019999,-39.6,-43.559998
59.279,27.9,-39.719997,-42.96
59.320,28.8,-39.3,-43.379997
59.360,29.46,-39.42,-43.8
59.381,29.22,-39.3,-43.98
59.420,29.16,-39.6,-43.379997
59.460,29.279999,-39.36,-43.44
59.482,29.16,-39.18,-43.8
59.520,28.439999,-39.66,-43.739998
59.561,28.8,-39.48,-42.899998
59.581,29.16,-39.0,-42.899998
59.620,28.98,-39.54,-43.26
59.660,29.099998,-39.54,-43.5
59.681,28.859999,-39.6,-42.899998
59.721,28.68,-39.899998,-43.02
59.760,28.439999,-39.899998,-43.739998
59.780,28.32,-39.899998,-43.739998
59.820,28.859999,-39.78,-43.739998
59.862,29.4,-39.18,-43.98
59.881,29.22,-39.0,-43.86
59.921,29.22,-38.879997,-43.68
59.961,29.039999,-39.12,-43.559998
