timestamp,x,y,z,roll,pitch,yaw
00.002,-0.0038313468,0.0028331932,-0.0005174029,2.847892e-07,3.851224e-07,5.200867e-08
00.021,-0.001998751,-0.00022113322,9.346238e-05,-9.33583e-09,8.438352e-08,-3.9458063e-09
00.062,-0.006885673,0.0046657887,-0.009069516,9.633012e-07,1.4216225e-06,1.8724991e-06
00.100,-0.0038313468,-0.007551516,-0.005404325,-1.5908681e-06,8.071437e-07,1.1385225e-06
00.121,-0.0032204816,-0.00449719,0.00070432766,-5.258932e-07,3.7659726e-07,-8.236269e-08
00.159,0.0041099014,-0.0038863246,0.012921633,-1.1496256e-06,-1.2157581e-06,-3.8223816e-06
00.206,-0.0050530774,0.0058875196,0.00070432766,9.619001e-07,8.2556926e-07,-1.15073114e-07
00.223,-0.009329134,-0.00022113322,-0.005404325,-4.0008377e-08,1.6878324e-06,9.777538e-07
00.258,-0.01116173,0.0058875196,-0.016399898,2.5549627e-06,4.843814e-06,7.1169825e-06
00.298,-0.009939999,-0.0026645942,-0.012123842,-8.8865073e-07,3.314995e-06,4.043311e-06
00.338,-0.0038313468,-0.0038863246,-0.008458651,-8.204301e-07,8.0882245e-07,1.7856787e-06
00.360,-0.001998751,-0.007551516,0.0013151928,-1.2545021e-06,3.3204435e-07,-2.1848732e-07
00.400,0.0041099014,-0.0014428637,0.011089037,-2.8840236e-07,-8.21492e-07,-2.216491e-06
00.441,0.0053316317,0.0034440581,0.011699902,9.613935e-07,-1.4883066e-06,-3.265983e-06
00.461,0.002888171,0.005276654,0.0104781715,1.3369955e-06,-7.318054e-07,-2.6549544e-06
00.500,-0.0032204816,-0.00022113322,-0.0011282681,-1.5858216e-08,2.3095157e-07,8.09119e-08
00.541,-0.01238346,-0.0038863246,-0.009680382,-1.3196455e-06,4.2049196e-06,3.2870687e-06
00.560,-0.009329134,-0.00022113322,-0.0145673035,-8.023741e-08,3.384666e-06,5.285106e-06
00.600,-0.009329134,-0.007551516,-0.02006509,-3.702778e-06,4.5743614e-06,9.838578e-06
00.640,-0.010550864,-0.0008319985,-0.027395474,-5.124891e-07,6.4983547e-06,1.6873088e-05
00.661,-0.0050530774,0.0040549235,-0.018232495,1.3163421e-06,1.6403809e-06,5.918801e-06
00.700,0.0096076885,0.0010005973,0.0086455755,2.7202566e-07,-2.6120076e-06,-2.3504406e-06
00.740,0.017548937,0.0034440581,0.030636724,2.0496777e-06,-1.04444825e-05,-1.8233808e-05
00.760,0.016327206,-0.0008319985,0.035523646,-6.825093e-07,-1.3389782e-05,-2.9132621e-05
00.799,0.013883745,-0.007551516,0.033080187,-5.8061355e-06,-1.0674474e-05,-2.5433805e-05
00.840,0.012051149,-0.0069406508,0.022084612,-3.0390627e-06,-5.276708e-06,-9.669989e-06
00.861,0.012051149,-0.008162381,0.019030284,-4.1011735e-06,-6.055016e-06,-9.561677e-06
00.901,0.0010555751,-0.011827573,0.0055912496,-3.2555745e-06,-2.9054763e-07,-1.5390083e-06
00.940,-0.01360519,0.005276654,-0.010291247,1.975979e-06,5.094843e-06,3.8538365e-06
00.962,-0.017270382,0.016883092,-0.016399898,1.0336324e-05,1.057354e-05,1.0040495e-05
01.001,-0.011772595,-0.0026645942,-0.013956438,-8.248947e-07,3.6444774e-06,4.3205396e-06
01.040,0.0077750925,0.0022223277,0.009256441,5.7283415e-07,-2.0041414e-06,-2.3859786e-06
01.061,0.015105476,0.0028331932,0.022084612,1.5986033e-06,-8.523419e-06,-1.2461447e-05
01.099,0.019381532,-0.002053729,0.031858455,-1.286955e-06,-1.2144146e-05,-1.9962008e-05
01.139,0.0047207666,-0.0038863246,0.008034711,-8.2291297e-07,-9.996008e-07,-1.7013151e-06
01.179,-0.019102978,0.0022223277,-0.02006509,1.0362187e-06,8.907628e-06,9.356248e-06
01.201,-0.027044225,0.0046657887,-0.03533672,4.377521e-06,2.5375854e-05,3.3156633e-05
01.242,-0.032542016,-0.002053729,-0.055495273,-2.7738574e-06,4.3926517e-05,7.490998e-05
01.280,-0.016048653,-0.0112167075,-0.03411499,-9.252906e-06,1.3238487e-05,2.8141694e-05
01.300,-0.006885673,-0.0026645942,-0.017010765,-1.0362567e-06,2.6778014e-06,6.6154057e-06
01.341,0.0077750925,-0.0057189204,0.016586825,-2.30163e-06,-3.1291327e-06,-6.6754874e-06
01.383,0.020603264,0.010774441,0.031858455,8.911583e-06,-1.704159e-05,-2.6350845e-05
01.401,0.01571634,-0.0038863246,0.03002586,-2.7803578e-06,-1.124328e-05,-2.1480211e-05
01.442,0.008385958,0.021770015,0.022084612,1.17331565e-05,-4.519772e-06,-1.1902713e-05
01.482,-0.01116173,-0.0032754596,0.0055912496,-8.865553e-07,3.0211083e-06,-1.5133633e-06
01.502,-0.019102978,-0.015492764,-0.012734707,-8.998975e-06,1.10958845e-05,7.396974e-06
01.543,-0.024600765,-0.008773247,-0.051219217,-8.463185e-06,2.3729475e-05,4.9405713e-05
01.582,-0.016048653,-0.01610363,-0.05610614,-2.044529e-05,2.0374038e-05,7.123045e-05
01.602,-0.009329134,-0.0112167075,-0.039001916,-9.795477e-06,8.146789e-06,3.405967e-05
01.643,0.01327288,0.007720115,0.015365093,3.5168644e-06,-6.0464504e-06,-6.9995317e-06
01.681,0.017548937,-0.008162381,0.040410567,-7.670142e-06,-1.6489816e-05,-3.7972088e-05
01.702,0.017548937,-0.012438439,0.04774095,-1.3659533e-05,-1.9270663e-05,-5.242592e-05
01.741,0.0065533626,-0.010605843,0.033691052,-7.99025e-06,-4.937045e-06,-2.5382053e-05
01.782,-0.0007770206,0.0058875196,0.0031477886,8.2987447e-07,1.0952464e-07,-4.4369614e-07
01.802,-0.008718268,-0.011827573,-0.007847786,-3.3055028e-06,2.4365263e-06,2.1932567e-06
01.840,-0.01238346,-0.0026645942,-0.018232495,-1.2406163e-06,5.765533e-06,8.488758e-06
01.881,-0.008718268,0.0058875196,-0.013956438,1.726328e-06,2.5563666e-06,4.092292e-06
01.901,-0.0038313468,-0.00449719,-0.0029608638,-6.232554e-07,5.3097745e-07,4.103395e-07
01.941,0.016938072,-0.013049303,0.028193263,-9.6835065e-06,-1.2568977e-05,-2.0921172e-05
01.982,0.024268454,0.0016114624,0.0397997,1.2607378e-06,-1.8991052e-05,-3.114484e-05
02.021,0.012051149,0.0046657887,0.023306342,2.607555e-06,-6.735119e-06,-1.3025354e-05
02.042,0.0041099014,-0.0008319985,0.0068129804,-1.395868e-07,-6.895281e-07,-1.1430303e-06
02.081,-0.019102978,-0.005108055,-0.020675957,-3.0648403e-06,1.1461528e-05,1.2405332e-05
02.122,-0.02521163,-0.015492764,-0.032893263,-1.43758525e-05,2.3393259e-05,3.0521314e-05
02.140,-0.021546438,-0.00449719,-0.032282393,-2.9481494e-06,1.41241e-05,2.1161788e-05
02.179,-0.017270382,-0.009384112,-0.015178168,-4.8872525e-06,8.994343e-06,7.904765e-06
02.220,0.002888171,0.011996172,0.006202115,3.4742893e-06,-8.3646523e-07,-1.7962337e-06
02.239,0.0047207666,0.010163576,0.014143363,3.0769515e-06,-1.4291869e-06,-4.2818056e-06
02.280,0.0096076885,0.0064983843,0.015365093,2.6236103e-06,-3.878964e-06,-6.203414e-06
02.320,0.002888171,-0.006329786,0.0037586538,-8.397911e-07,-3.8318177e-07,-4.986716e-07
02.341,-0.0026096164,-0.009384112,-0.0017391334,-1.9471802e-06,5.4148865e-07,3.6086644e-07
02.384,-0.01238346,-0.017936226,-0.017010765,-1.0399914e-05,7.1801924e-06,9.86331e-06
02.421,-0.012994326,-0.0008319985,-0.026173742,-5.101415e-07,7.966494e-06,1.6046473e-05
02.440,-0.008107403,0.00833098,-0.023730282,4.616706e-06,4.4928674e-06,1.3150477e-05
02.481,-0.00016615535,0.0046657887,-0.0029608638,4.3276225e-07,1.5411336e-08,2.7462667e-07
02.520,0.012051149,-0.0032754596,0.01964115,-1.5988315e-06,-5.8823475e-06,-9.587158e-06
02.540,0.014494611,-0.0038863246,0.026360668,-2.4722694e-06,-9.220378e-06,-1.6768718e-05
02.581,0.0059424974,-0.0026645942,0.017808553,-8.476921e-07,-1.890483e-06,-5.665432e-06
02.621,-0.001998751,0.0046657887,-0.0017391334,5.250124e-07,2.2490718e-07,1.956939e-07
02.641,-0.0032204816,-0.008162381,-0.007847786,-2.0151297e-06,7.950707e-07,1.9374627e-06
02.681,-0.007496538,-0.023434013,-0.006626055,-1.2522316e-05,4.0058626e-06,3.540755e-06
02.721,0.0022773056,0.015050498,0.004369519,4.9985188e-06,-7.563345e-07,-1.4511876e-06
02.741,0.0004447099,0.005276654,0.004369519,6.07776e-07,-5.1222766e-08,-5.032903e-07
02.781,0.008385958,-0.013049303,0.020862881,-7.114589e-06,-4.572037e-06,-1.1374592e-05
02.821,0.023046724,-0.0008319985,0.033691052,-7.1266373e-07,-1.9733205e-05,-2.8847177e-05
02.861,0.008385958,-0.002053729,0.026360668,-1.1947315e-06,-4.8782654e-06,-1.5334515e-05
02.880,-0.0050530774,0.0040549235,0.0049803844,6.9492313e-07,8.6598357e-07,-8.5352616e-07
02.919,-0.029487688,-0.00449719,-0.03411499,-3.419432e-06,2.2418972e-05,2.5937117e-05
02.960,-0.031931147,-0.008162381,-0.053662676,-1.078147e-05,4.217077e-05,7.0871996e-05
02.981,-0.027655093,-0.008773247,-0.04572143,-9.963781e-06,3.1405074e-05,5.192176e-05
03.019,-0.006885673,-0.005108055,-0.011512978,-1.5377169e-06,2.0728392e-06,3.465833e-06
03.061,0.0065533626,-0.002053729,0.012310768,-6.071495e-07,-1.937376e-06,-3.6394454e-06
03.080,0.010218553,0.009552711,0.01841942,4.633512e-06,-4.956522e-06,-8.934313e-06
03.120,0.008385958,0.0058875196,0.021473745,2.9377097e-06,-4.1844096e-06,-1.0714882e-05
03.160,0.0034990362,0.0040549235,0.013532497,1.2376256e-06,-1.0679645e-06,-4.130335e-06
03.184,-0.00016615535,-0.0008319985,0.007423845,-1.04301144e-07,2.0829647e-08,-9.3066944e-07
03.221,-0.008718268,-0.008162381,-0.011512978,-2.8396e-06,3.0329745e-06,4.00523e-06
03.260,-0.008718268,-0.014271034,-0.019454226,-6.142353e-06,3.7523682e-06,8.373226e-06
03.280,-0.008107403,-0.014881899,-0.019454226,-8.052268e-06,4.386683e-06,1.0526242e-05
03.320,0.0004447099,-0.0008319985,-0.0035717292,-6.4457694e-08,-3.4453173e-08,2.767138e-07
03.360,0.014494611,0.0010005973,0.025749804,4.9628517e-07,-7.1898357e-06,-1.2772799e-05
03.381,0.017548937,0.00038973204,0.03002586,2.841287e-07,-1.2800123e-05,-2.1900732e-05
03.421,0.016938072,-0.014881899,0.033691052,-1.2652442e-05,-1.4400163e-05,-2.864342e-05
03.461,0.0071642273,0.009552711,0.024528073,5.465137e-06,-4.098737e-06,-1.4032653e-05
03.481,0.0034990362,0.0071092495,0.017197689,2.823091e-06,-1.3894833e-06,-6.8292316e-06
03.520,-0.0062748077,-0.006329786,-0.0017391334,-9.643644e-07,9.55988e-07,2.649633e-07
03.560,-0.01360519,0.0040549235,-0.013956438,1.6929124e-06,5.6801664e-06,5.8268024e-06
03.603,-0.010550864,0.0058875196,-0.016399898,2.012069e-06,3.605798e-06,5.604715e-06
03.621,-0.0062748077,-0.0032754596,-0.005404325,-6.1173404e-07,1.1718993e-06,1.0093264e-06
03.660,0.02121413,-0.013660168,0.033691052,-1.2058526e-05,-1.8726181e-05,-2.9740235e-05
03.700,0.03770749,-0.0032754596,0.056903932,-3.7570185e-06,-4.3234893e-05,-6.5245535e-05
03.720,0.030377107,-0.008162381,0.05201701,-1.0406796e-05,-3.872479e-05,-6.6312175e-05
03.759,-0.004442212,0.0010005973,0.0025369234,1.0937993e-07,4.8559855e-07,-2.7732273e-07
03.799,-0.0380398,-0.0026645942,-0.04694316,-3.3810732e-06,4.8247664e-05,5.954042e-05
03.819,-0.044148453,-0.00449719,-0.059160464,-6.9780044e-06,6.84712e-05,9.175445e-05
03.860,-0.038650665,0.0022223277,-0.06404739,2.7883818e-06,4.8529513e-05,8.041721e-05
03.900,-0.023989901,0.0034440581,-0.039612778,3.35368e-06,2.336357e-05,3.8578415e-05
03.919,-0.01238346,0.012607036,-0.020675957,7.1910513e-06,7.063607e-06,1.1793605e-05
03.960,0.0041099014,0.0071092495,0.009256441,1.4758813e-06,-8.5321807e-07,-1.921639e-06
04.000,0.0041099014,0.011385307,0.009256441,3.6383447e-06,-1.3133864e-06,-2.958033e-06
04.022,0.0034990362,0.015661364,0.0019260582,5.3085028e-06,-1.1860187e-06,-6.528446e-07
04.061,-0.004442212,-0.012438439,-0.012734707,-4.785933e-06,1.709215e-06,4.899928e-06
04.100,-0.0007770206,-0.01610363,-0.023119418,-9.518836e-06,4.5923073e-07,1.3665857e-05
04.122,-0.0056639425,-0.007551516,-0.027395474,-3.6711065e-06,2.75344e-06,1.3318019e-05
04.161,0.0016664404,-0.002053729,-0.015178168,-6.635697e-07,-5.3843763e-07,4.904149e-06
04.203,0.012662015,-0.0026645942,0.024528073,-1.5497221e-06,-7.3639394e-06,-1.4264995e-05
04.220,0.019381532,0.0016114624,0.04407576,1.3021963e-06,-1.5665277e-05,-3.562452e-05
04.262,0.018770669,-0.017936226,0.05323874,-2.2280814e-05,-2.3315835e-05,-6.6132416e-05
04.301,0.0065533626,0.0046657887,0.03124759,2.5257586e-06,-3.5476335e-06,-1.6915637e-05
04.320,0.0022773056,0.010163576,0.013532497,3.6398171e-06,-8.155663e-07,-4.8463085e-06
04.361,-0.008107403,-0.0112167075,-0.009680382,-3.9729393e-06,2.8716186e-06,3.4287768e-06
04.399,-0.0026096164,0.0016114624,-0.0017391334,1.1915485e-07,1.9296044e-07,1.285951e-07
04.440,0.0022773056,-0.006329786,0.0086455755,-1.4541414e-06,-5.231637e-07,-1.9861473e-06
04.460,0.0077750925,-0.008773247,0.012921633,-3.2100127e-06,-2.844788e-06,-4.727846e-06
04.501,0.012051149,0.0058875196,0.01841942,2.8132763e-06,-5.758552e-06,-8.801557e-06
04.540,0.0059424974,0.0010005973,0.013532497,3.1084548e-07,-1.8461197e-06,-4.204057e-06
04.561,-0.0050530774,-0.0032754596,0.0031477886,-3.734012e-07,5.760492e-07,-3.5884673e-07
04.601,-0.029487688,-0.0014428637,-0.039001916,-1.4807501e-06,3.0249574e-05,4.0009687e-05
04.640,-0.0380398,-0.012438439,-0.068934314,-1.6636406e-05,5.0870276e-05,9.218704e-05
04.660,-0.03681807,-0.013660168,-0.064658254,-2.1674665e-05,5.8410245e-05,0.00010258007
04.700,-0.01360519,0.0034440581,-0.021286821,1.841526e-06,7.2748226e-06,1.1382239e-05
04.740,0.012051149,-0.00022113322,0.023917207,-1.242501e-07,-6.7688097e-06,-1.3433661e-05
04.760,0.015105476,0.0034440581,0.03002586,2.4402539e-06,-1.0703365e-05,-2.1275513e-05
04.800,0.014494611,0.013828767,0.021473745,8.5168185e-06,-8.927014e-06,-1.3225237e-05
04.840,0.0059424974,0.0046657887,0.007423845,1.0364392e-06,-1.3200444e-06,-1.6491036e-06
04.861,-0.001998751,-0.024044879,0.0013151928,-1.2184694e-05,1.0128671e-06,-6.664651e-07
04.900,-0.0013878858,-0.007551516,-0.011512978,-1.7532299e-06,3.22222e-07,2.6729592e-06
04.940,-0.008107403,-0.008773247,-0.022508552,-4.688425e-06,4.332546e-06,1.2028519e-05
04.961,0.0010555751,-0.0014428637,-0.017010765,-5.1756325e-07,-3.7864308e-07,6.1018695e-06
05.000,0.0096076885,-0.0032754596,0.022695476,-1.7078371e-06,-5.009388e-06,-1.1833306e-05
05.041,0.030377107,-0.008773247,0.055071335,-1.168523e-05,-4.0454197e-05,-7.334133e-05
05.061,0.02487932,-0.0057189204,0.059958257,-7.817105e-06,-3.4000783e-05,-8.194155e-05
05.101,0.0059424974,-0.0032754596,0.03246932,-2.2785907e-06,-4.133819e-06,-2.2586997e-05
05.144,-0.0050530774,-0.013660168,-0.0035717292,-4.296078e-06,1.5891734e-06,1.1233002e-06
05.161,-0.008718268,-0.019157955,-0.010291247,-7.5306757e-06,3.4269888e-06,4.045328e-06
05.201,-0.0038313468,0.0058875196,-0.00601519,1.1418464e-06,7.430659e-07,1.1666073e-06
05.240,-0.0026096164,0.0016114624,0.0013151928,9.022299e-08,1.461079e-07,-7.363537e-08
05.261,0.002888171,0.0010005973,0.009256441,2.045529e-07,-5.904329e-07,-1.8923067e-06
05.301,0.010218553,0.0022223277,0.022084612,1.1387954e-06,-5.2364726e-06,-1.1317189e-05
05.342,-0.00016615535,0.013217902,0.0086455755,3.5027242e-06,4.402691e-08,-2.2910644e-06
05.362,-0.012994326,0.01749396,-0.006626055,8.356332e-06,6.2070144e-06,3.1650427e-06
05.402,-0.028265957,-0.008162381,-0.04205624,-8.7864755e-06,3.0424584e-05,4.526844e-05
05.442,-0.031931147,-0.019768821,-0.053662676,-2.7156228e-05,4.385988e-05,7.3712086e-05
05.481,-0.020324709,-0.0069406508,-0.040223643,-6.637483e-06,1.9435704e-05,3.8464575e-05
05.502,-0.008718268,0.0058875196,-0.016399898,1.9245513e-06,2.8499016e-06,5.3609256e-06
05.542,0.013883745,0.0058875196,0.028193263,3.9476417e-06,-9.309438e-06,-1.8904275e-05
05.582,0.021824993,0.010163576,0.038577974,9.69221e-06,-2.0813794e-05,-3.6790156e-05
05.601,0.02121413,0.0071092495,0.033080187,4.763138e-06,-1.4213813e-05,-2.2164148e-05
05.642,0.0041099014,-0.006329786,0.012310768,-1.9168383e-06,-1.2445894e-06,-3.7280452e-06
05.681,-0.012994326,-0.011827573,-0.012734707,-4.306146e-06,4.7309113e-06,4.6364107e-06
05.702,-0.018492114,-0.014881899,-0.027395474,-1.1313105e-05,1.4057262e-05,2.0825639e-05
05.741,-0.01116173,-0.008773247,-0.026173742,-5.4785196e-06,6.9699086e-06,1.6344236e-05
05.781,0.008385958,-0.002053729,9.346238e-05,-3.7187698e-07,-1.5184792e-06,-1.6923892e-08
05.801,0.011440285,0.0040549235,0.014754228,1.6246553e-06,-4.5837346e-06,-5.9115096e-06
05.841,0.023657588,-0.00449719,0.03491278,-3.2002354e-06,-1.6833783e-05,-2.4842608e-05
05.882,0.01327288,-0.013049303,0.033080187,-1.0387658e-05,-1.0565354e-05,-2.6332578e-05
05.901,0.0053316317,-0.0069406508,0.020862881,-3.2931143e-06,-2.5296608e-06,-9.898729e-06
05.941,-0.010550864,-0.005108055,-0.0072369203,-1.1806148e-06,2.4385956e-06,1.672654e-06
05.980,-0.01238346,-0.006329786,-0.013345573,-2.5586605e-06,5.0056765e-06,5.3945982e-06
06.001,-0.01116173,0.0064983843,-0.012734707,2.4718504e-06,4.2457136e-06,4.844033e-06
06.042,-0.004442212,-0.0038863246,-0.00601519,-6.868428e-07,7.8508583e-07,1.0630837e-06
06.080,0.0053316317,-0.0026645942,0.009867307,-6.441817e-07,-1.2889501e-06,-2.3854755e-06
06.121,0.017548937,0.0028331932,0.024528073,1.7997667e-06,-1.1148394e-05,-1.558203e-05
06.139,0.014494611,0.0010005973,0.024528073,5.9815517e-07,-8.6657765e-06,-1.4664392e-05
06.179,-0.007496538,0.0071092495,-0.0035717292,1.6297896e-06,1.7185765e-06,8.188149e-07
06.219,-0.033763744,-0.007551516,-0.045110565,-9.004309e-06,4.0254276e-05,5.3782845e-05
06.240,-0.03681807,-0.012438439,-0.05671701,-1.7936834e-05,5.308629e-05,8.177926e-05
06.278,-0.03132028,-0.0112167075,-0.053051814,-1.1785075e-05,3.290444e-05,5.5735887e-05
06.319,-0.0154377865,-0.006329786,-0.024341147,-3.9174793e-06,9.554181e-06,1.5064383e-05
06.338,-0.0026096164,0.008941846,-0.005404325,2.0194645e-06,5.8936826e-07,1.2205355e-06
06.379,0.012051149,0.0028331932,0.028804129,1.8627345e-06,-7.923584e-06,-1.8938556e-05
06.420,0.016938072,0.009552711,0.028804129,6.962279e-06,-1.23452355e-05,-2.099359e-05
06.439,0.0096076885,0.0040549235,0.023306342,2.171243e-06,-5.1446077e-06,-1.2479757e-05
06.479,-0.0038313468,-0.009994977,0.0031477886,-2.3386988e-06,8.9648785e-07,-7.3654195e-07
06.521,-0.011772595,-0.014881899,-0.022508552,-9.188084e-06,7.2682965e-06,1.3896737e-05
06.540,-0.011772595,-0.008162381,-0.029838935,-4.532774e-06,6.5375e-06,1.6570122e-05
06.579,0.0065533626,0.010163576,-0.005404325,2.8232887e-06,-1.8204225e-06,1.5012422e-06
06.621,0.019381532,-0.005108055,0.036745377,-3.587225e-06,-1.3610323e-05,-2.5803873e-05
06.641,0.023657588,-0.00449719,0.04529749,-4.8389443e-06,-2.5452013e-05,-4.8733582e-05
06.681,0.022435857,-0.006329786,0.050184414,-7.3461497e-06,-2.6035445e-05,-5.8236532e-05
06.721,0.0071642273,-0.012438439,0.031858455,-9.115004e-06,-5.249871e-06,-2.334604e-05
06.740,-0.001998751,-0.002053729,0.011699902,-5.188083e-07,5.049213e-07,-2.955606e-06
06.787,-0.017270382,-0.0069406508,-0.021897687,-4.183246e-06,1.04089495e-05,1.3197907e-05
06.823,-0.018492114,0.0034440581,-0.026173742,2.3278951e-06,1.2499736e-05,1.7692084e-05
06.841,-0.01238346,0.0071092495,-0.021286821,3.8215417e-06,6.6567563e-06,1.1442728e-05
06.881,-0.00016615535,-0.010605843,0.0019260582,-1.9182614e-06,3.005258e-08,-3.4836296e-07
06.921,0.017548937,-0.0038863246,0.027582398,-2.6833272e-06,-1.2116183e-05,-1.9043568e-05
06.944,0.023657588,-0.0014428637,0.037356243,-1.3390659e-06,-2.194943e-05,-3.4659046e-05
06.981,0.010218553,0.0058875196,0.025138937,3.4284467e-06,-5.950614e-06,-1.4639194e-05
07.022,-0.02521163,-0.00022113322,-0.021897687,-1.5500176e-07,1.7656475e-05,1.5335623e-05
07.062,-0.03926153,-0.011827573,-0.0603822,-1.448522e-05,4.8077138e-05,7.394131e-05
07.080,-0.034985475,-0.009384112,-0.067712575,-1.5115697e-05,5.6341465e-05,0.000109048015
07.120,-0.032542016,-0.014271034,-0.06099306,-2.1128399e-05,4.8172842e-05,9.0292e-05
07.161,-0.007496538,0.0040549235,-0.024952013,2.2422057e-06,4.145345e-06,1.3797607e-05
07.179,0.0022773056,-0.00022113322,0.0025369234,-1.5843034e-08,-1.6315683e-07,-1.8175707e-07
07.219,0.024268454,0.0046657887,0.042243164,3.8306966e-06,-1.9926703e-05,-3.468549e-05
07.259,0.022435857,0.013828767,0.04285403,1.4589807e-05,-2.3671766e-05,-4.5213907e-05
07.278,0.012662015,-0.00022113322,0.033691052,-1.6703689e-07,-9.557516e-06,-2.5430616e-05
07.320,-0.009939999,-0.0112167075,-0.0011282681,-2.8283614e-06,2.5064307e-06,2.8450322e-07
07.360,-0.01360519,-0.0069406508,-0.025562877,-4.3344467e-06,8.496294e-06,1.5963822e-05
07.381,-0.01238346,-0.010605843,-0.028006338,-7.20798e-06,8.415928e-06,1.9033585e-05
07.421,0.0016664404,-0.0032754596,-0.012734707,-9.104603e-07,-4.6321267e-07,3.5397948e-06
07.460,0.012662015,0.0010005973,0.020252015,5.016014e-07,-6.347904e-06,-1.0153027e-05
07.480,0.017548937,0.0028331932,0.028804129,1.6088065e-06,-9.9655435e-06,-1.635702e-05
07.520,0.016938072,-0.014271034,0.0416323,-1.4113822e-05,-1.6750779e-05,-4.117278e-05
07.561,0.0034990362,-0.013049303,0.023306342,-7.3722563e-06,-1.9767426e-06,-1.3166996e-05
07.581,0.0016664404,0.010774441,0.011699902,2.890847e-06,-4.471206e-07,-3.139154e-06
07.620,-0.008107403,-0.011827573,-0.009069516,-4.2085253e-06,2.8847926e-06,3.2271473e-06
07.661,-0.008107403,-0.0032754596,-0.009069516,-6.923119e-07,1.7136026e-06,1.9169588e-06
07.699,-0.0038313468,0.015661364,-0.0041825944,5.470828e-06,1.3383702e-06,1.4610605e-06
07.720,-0.0007770206,0.0010005973,0.004369519,9.546625e-08,7.4134924e-08,-4.1689253e-07
07.760,0.017548937,-0.013049303,0.034301914,-1.1132886e-05,-1.4971248e-05,-2.9263852e-05
07.800,0.02487932,0.0046657887,0.048962682,5.3924973e-06,-2.875883e-05,-5.6597208e-05
07.819,0.018159801,0.0022223277,0.040410567,1.653703e-06,-1.3514956e-05,-3.007444e-05
07.859,-0.012994326,-0.005108055,-0.00601519,-1.6285913e-06,4.1429444e-06,1.91781e-06
07.899,-0.030098552,-0.002053729,-0.03839105,-2.103548e-06,3.081976e-05,3.9311042e-05
07.919,-0.029487688,0.0034440581,-0.0444997,3.0904457e-06,2.6464679e-05,3.993756e-05
07.958,-0.028876822,-0.013660168,-0.043277968,-1.541049e-05,3.2574848e-05,4.882105e-05
07.998,-0.022157304,-0.010605843,-0.035947587,-7.74742e-06,1.6185053e-05,2.6258549e-05
08.019,-0.014216056,-0.00022113322,-0.020675957,-1.1640778e-07,7.4809245e-06,1.0880323e-05
08.060,0.002888171,0.0064983843,0.0055912496,1.2328163e-06,-5.479192e-07,-1.0607226e-06
08.099,0.0096076885,0.009552711,0.022084612,5.1905054e-06,-5.22044e-06,-1.1999826e-05
08.125,0.008385958,0.013217902,0.021473745,7.3661745e-06,-4.673453e-06,-1.1967082e-05
08.161,-0.0062748077,-0.0032754596,-0.006626055,-6.660112e-07,1.2758776e-06,1.3472987e-06
08.199,-0.016048653,-0.0112167075,-0.029838935,-8.395408e-06,1.2011707e-05,2.2333348e-05
08.220,-0.010550864,-0.014271034,-0.032893263,-1.1186129e-05,8.269908e-06,2.5782676e-05
08.258,-0.00016615535,-0.013049303,-0.016399898,-4.5885163e-06,5.8411846e-08,5.766683e-06
08.298,0.017548937,-0.0057189204,0.023306342,-3.5656983e-06,-1.0941343e-05,-1.45310005e-05
08.339,0.019992398,-0.005108055,0.040410567,-3.8887397e-06,-1.5219148e-05,-3.0762563e-05
08.359,0.013883745,-0.00449719,0.0397997,-3.9982388e-06,-1.2342635e-05,-3.5382123e-05
08.400,0.0034990362,-0.010605843,0.026971532,-6.492988e-06,-2.1420806e-06,-1.6512166e-05
08.420,-0.0013878858,-0.009384112,0.014754228,-3.4519865e-06,5.105494e-07,-5.4274083e-06
08.460,-0.012994326,-0.002053729,-0.012123842,-7.7053704e-07,4.8752595e-06,4.5486713e-06
08.500,-0.011772595,-0.005108055,-0.01884336,-2.4422538e-06,5.6286217e-06,9.009265e-06
08.539,-0.0050530774,0.013217902,-0.010291247,4.850245e-06,1.8542129e-06,3.7763214e-06
08.561,-0.004442212,-0.00022113322,-0.0047934595,-3.0325122e-08,6.091791e-07,6.5734713e-07
08.599,0.0077750925,-0.0038863246,0.013532497,-1.0486857e-06,-2.0980212e-06,-3.6515964e-06
08.640,0.023657588,0.0040549235,0.037967104,3.819332e-06,-2.2285472e-05,-3.5764897e-05
08.660,0.018159801,0.0016114624,0.03613451,1.3675472e-06,-1.5413769e-05,-3.0670384e-05
08.701,-0.004442212,0.010774441,0.006202115,2.386429e-06,9.83903e-07,-1.3737063e-06
08.740,-0.03315288,-0.006329786,-0.045110565,-7.4798463e-06,3.9170765e-05,5.329942e-05
08.760,-0.034985475,-0.010605843,-0.05732787,-1.5124923e-05,4.9885213e-05,8.1744256e-05
08.800,-0.025822496,-0.016714495,-0.053662676,-2.1682574e-05,3.349521e-05,6.960955e-05
08.839,-0.016659517,-0.007551516,-0.027395474,-5.2167898e-06,1.1508552e-05,1.8925164e-05
08.860,-0.0038313468,0.0010005973,-0.006626055,1.2958269e-07,4.9618075e-07,8.5811087e-07
08.900,0.0071642273,-0.002053729,0.017197689,-8.072722e-07,-2.816052e-06,-6.7599253e-06
08.939,0.0071642273,0.0010005973,0.017197689,3.1319533e-07,-2.2425072e-06,-5.383124e-06
08.959,0.0077750925,0.011996172,0.014754228,5.168355e-06,-3.349795e-06,-6.356623e-06
08.999,-0.0007770206,0.00038973204,0.0031477886,2.669075e-08,5.321414e-08,-2.1557585e-07
09.039,-0.006885673,-0.010605843,-0.012734707,-3.1933032e-06,2.0731923e-06,3.8342796e-06
09.061,-0.010550864,-0.011827573,-0.022508552,-6.8283985e-06,6.0912375e-06,1.299478e-05
09.099,-0.004442212,-0.0008319985,-0.019454226,-3.4848955e-07,1.8606161e-06,8.148389e-06
09.139,0.0077750925,-0.00022113322,0.004369519,-4.137418e-08,-1.4547043e-06,-8.1752836e-07
09.160,0.010829419,-0.00022113322,0.022695476,-1.1665689e-07,-5.71129e-06,-1.1969292e-05
09.200,0.017548937,-0.0038863246,0.0397997,-2.8475577e-06,-1.2857433e-05,-2.9159828e-05
09.238,0.016938072,-0.013049303,0.036745377,-1.1634672e-05,-1.5101361e-05,-3.2761327e-05
09.279,0.0034990362,0.0016114624,0.017808553,6.15752e-07,-1.3370202e-06,-6.804833e-06
09.299,-0.0007770206,-0.0008319985,0.0055912496,-7.9647386e-08,7.438438e-08,-5.352516e-07
09.340,-0.008718268,-0.00449719,-0.0047934595,-1.0297416e-06,1.9962579e-06,1.0975796e-06
09.360,-0.009939999,0.010774441,-0.007847786,3.7571272e-06,3.466161e-06,2.736578e-06
09.399,-0.004442212,-0.0008319985,-0.0023499988,-8.8880064e-08,4.7454878e-07,2.5104364e-07
09.439,0.008385958,-0.006329786,0.015365093,-2.4709136e-06,-3.2735466e-06,-5.9979425e-06
09.480,0.02121413,-0.007551516,0.035523646,-6.661105e-06,-1.8711811e-05,-3.133368e-05
09.500,0.016327206,-0.00449719,0.033080187,-3.50513e-06,-1.2724857e-05,-2.5781663e-05
09.541,-0.004442212,-0.0008319985,0.0019260582,-8.5719066e-08,4.5767206e-07,-1.9843783e-07
09.580,-0.03315288,-0.0008319985,-0.046332296,-9.952632e-07,3.961481e-05,5.5363125e-05
09.600,-0.0380398,-0.0014428637,-0.062214796,-2.2097681e-06,5.8185447e-05,9.516362e-05
09.640,-0.033763744,-0.008773247,-0.06282566,-1.0578827e-05,4.0706163e-05,7.574468e-05
09.680,-0.016659517,-0.002053729,-0.03167153,-1.5439741e-06,1.2523241e-05,2.380807e-05
09.700,-0.007496538,0.00038973204,-0.007847786,8.8759506e-08,1.7073282e-06,1.7873243e-06
09.741,0.020603264,0.009552711,0.033080187,8.038273e-06,-1.7337563e-05,-2.7836593e-05
09.779,0.027933646,0.008941846,0.046519224,1.0311736e-05,-3.2216052e-05,-5.3650292e-05
09.799,0.026711917,0.015661364,0.041021436,1.6880043e-05,-2.8791945e-05,-4.4214918e-05
09.838,0.0004447099,-0.0069406508,0.024528073,-3.7109564e-06,-2.3774852e-07,-1.3114414e-05
09.878,-0.01116173,-0.009384112,-0.005404325,-3.0605456e-06,3.6402932e-06,1.7625767e-06
09.899,-0.017270382,-0.011827573,-0.020675957,-5.838356e-06,8.524955e-06,1.0206066e-05
09.943,-0.009329134,-0.014881899,-0.029228069,-1.0642424e-05,6.671345e-06,2.0901633e-05
09.979,0.0010555751,-0.0032754596,-0.005404325,-3.5208427e-07,-1.13465525e-07,5.809194e-07
10.001,0.0065533626,0.0046657887,0.006202115,9.939336e-07,-1.3960375e-06,-1.3212114e-06
10.039,0.018159801,0.0034440581,0.03124759,2.62204e-06,-1.38263695e-05,-2.3790977e-05
10.080,0.016938072,-0.0112167075,0.037356243,-1.0002985e-05,-1.5104712e-05,-3.3313285e-05
10.119,0.0034990362,-0.00022113322,0.011699902,-5.6643394e-08,-8.962587e-07,-2.996865e-06
10.138,0.0016664404,0.010163576,0.004369519,2.3846414e-06,-3.9099186e-07,-1.0252033e-06
10.178,-0.0050530774,-0.01610363,-0.0011282681,-5.7126567e-06,1.7925445e-06,4.002507e-07
10.202,-0.0007770206,-0.0057189204,0.004369519,-8.682004e-07,1.1796131e-07,-6.633452e-07
10.239,-0.008718268,0.011996172,-0.00601519,3.2208177e-06,2.3407463e-06,1.6149982e-06
10.278,-0.016659517,-0.002053729,-0.016399898,-1.0107651e-06,8.198891e-06,8.071129e-06
10.320,-0.008718268,-0.010605843,-0.009680382,-2.9891348e-06,2.4571366e-06,2.728305e-06
10.340,-0.001998751,-0.00449719,-0.0029608638,-5.4167515e-07,2.4074438e-07,3.5662856e-07
10.383,0.0041099014,-0.0069406508,0.009867307,-1.8550705e-06,-1.0984753e-06,-2.6372948e-06
10.419,-0.0007770206,-0.0069406508,0.0013151928,-8.275459e-07,9.2645585e-08,-1.5681269e-07
10.439,-0.0056639425,0.0064983843,-0.009680382,1.7665017e-06,1.5396736e-06,2.6314883e-06
10.480,-0.01238346,-0.0032754596,-0.01884336,-1.5651514e-06,5.917227e-06,9.003996e-06
10.519,-0.009329134,-0.0026645942,-0.0041825944,-5.903997e-07,2.0670718e-06,9.267452e-07
10.542,-0.0026096164,-0.002053729,0.0068129804,-3.264355e-07,4.1479296e-07,-1.0829082e-06
10.581,0.021824993,0.0071092495,0.027582398,4.2798956e-06,-1.3139408e-05,-1.6605494e-05
10.620,0.025490185,-0.0026645942,0.052627873,-3.2720739e-06,-3.1291715e-05,-6.460617e-05
10.639,0.021824993,0.022991747,0.04346489,2.5938925e-05,-2.4623823e-05,-4.903723e-05
10.679,-0.010550864,-0.00022113322,0.006202115,-4.5411785e-08,2.166785e-06,-1.2737013e-06
10.720,-0.039872393,-0.024044879,-0.040834513,-3.123043e-05,5.1784722e-05,5.3035943e-05
10.741,-0.040483262,-0.0112167075,-0.059771333,-1.7188127e-05,6.202423e-05,9.1577094e-05
10.780,-0.027044225,-0.01854709,-0.077486426,-3.2730375e-05,4.771843e-05,0.0001367288
10.820,-0.009329134,-0.0038863246,-0.043888837,-3.6708252e-06,8.811312e-06,4.1453124e-05
10.840,-0.0038313468,0.0058875196,-0.027395474,2.7935457e-06,1.8179464e-06,1.2998822e-05
10.879,0.0077750925,0.0071092495,0.0104781715,2.215329e-06,-2.4228216e-06,-3.2651292e-06
10.924,0.018159801,-0.01610363,0.03613451,-1.4700914e-05,-1.657743e-05,-3.29865e-05
10.941,0.026101049,-0.014881899,0.0397997,-1.24510825e-05,-2.1836846e-05,-3.329796e-05
10.980,0.01327288,0.0058875196,0.0397997,5.230688e-06,-1.1792674e-05,-3.5360892e-05
11.019,0.0047207666,-0.0069406508,0.022695476,-2.8177392e-06,-1.9165e-06,-9.213797e-06
11.040,0.0016664404,-0.008773247,0.016586825,-3.465971e-06,-6.583345e-07,-6.5528116e-06
11.082,-0.009939999,0.010163576,-0.005404325,3.2416938e-06,3.1703887e-06,1.7237171e-06
11.119,-0.017270382,-0.009384112,-0.01884336,-5.3586286e-06,9.861815e-06,1.0760082e-05
11.158,-0.0056639425,0.0028331932,-0.011512978,7.8072014e-07,1.5607732e-06,3.1725478e-06
11.178,-0.001998751,-0.007551516,-0.0041825944,-1.1226102e-06,2.9713442e-07,6.217856e-07
11.219,-0.0007770206,-0.007551516,-0.0011282681,-1.215429e-06,1.2506264e-07,1.8159669e-07
11.258,-0.0056639425,-0.0014428637,-0.011512978,-3.9069667e-07,1.5336647e-06,3.1174495e-06
11.278,-0.010550864,0.0010005973,-0.016399898,3.2778422e-07,3.4564414e-06,5.372571e-06
11.319,-0.009939999,0.0022223277,-0.019454226,1.023404e-06,4.5775646e-06,8.95904e-06
11.358,-0.0062748077,-0.008773247,-0.010902112,-2.2573481e-06,1.6144973e-06,2.8051022e-06
11.379,-0.0013878858,-0.00022113322,-0.006626055,-3.1412e-08,1.9714874e-07,9.4122913e-07
11.419,0.0016664404,-0.0057189204,0.009867307,-1.3823553e-06,-4.0280375e-07,-2.3850866e-06
11.460,0.012662015,0.015050498,0.023306342,9.62557e-06,-8.098134e-06,-1.4905662e-05
11.479,0.013883745,-0.0008319985,0.026360668,-5.2011643e-07,-8.678102e-06,-1.6476873e-05
11.520,0.0065533626,-0.0008319985,0.023306342,-4.2269463e-07,-3.3292608e-06,-1.1840174e-05
11.561,-0.0062748077,0.0016114624,0.008034711,3.488033e-07,1.358186e-06,-1.7391187e-06
11.581,-0.01116173,-0.0057189204,-0.00601519,-1.668225e-06,3.2559005e-06,1.7546473e-06
11.621,-0.017881246,-0.013049303,-0.026784608,-7.607541e-06,1.0424319e-05,1.5614884e-05
11.659,-0.01238346,-0.012438439,-0.03411499,-1.0007842e-05,9.9633335e-06,2.7448252e-05
11.681,-0.007496538,-0.0069406508,-0.028006338,-4.339283e-06,4.686741e-06,1.7509361e-05
11.720,0.0053316317,-0.002053729,0.0013151928,-2.5251495e-07,-6.555473e-07,-1.6170875e-07
11.760,0.01571634,0.0016114624,0.020862881,8.843552e-07,-8.625464e-06,-1.1449985e-05
11.782,0.016327206,0.0016114624,0.026971532,1.0667914e-06,-1.080963e-05,-1.7856819e-05
11.820,0.014494611,-0.008773247,0.03124759,-6.540064e-06,-1.0804801e-05,-2.3293269e-05
11.860,0.008385958,0.00833098,0.026360668,5.047373e-06,-5.080763e-06,-1.597088e-05
11.881,0.0059424974,0.010163576,0.01841942,3.727589e-06,-2.1794847e-06,-6.755508e-06
11.920,-0.006885673,-0.00449719,-0.0035717292,-8.456379e-07,1.2947601e-06,6.716173e-07
11.959,-0.014216056,0.008941846,-0.019454226,3.8555563e-06,6.1297546e-06,8.388342e-06
11.999,-0.0038313468,-0.0008319985,-0.0005174029,-6.900157e-08,3.177517e-07,4.2910678e-08
12.020,0.0059424974,-0.0038863246,0.012310768,-1.1582854e-06,-1.7711027e-06,-3.6691083e-06
12.061,0.023046724,-0.00449719,0.0397997,-3.486858e-06,-1.7867615e-05,-3.0855954e-05
12.099,0.019381532,-0.0069406508,0.037967104,-6.2867653e-06,-1.755463e-05,-3.438859e-05
12.121,0.010218553,-0.0038863246,0.022084612,-2.0084458e-06,-5.28084e-06,-1.14131235e-05
12.159,-0.020324709,0.0016114624,-0.020675957,9.812444e-07,1.237702e-05,1.2590904e-05
12.202,-0.030709418,-0.013049303,-0.0444997,-1.5222079e-05,3.582011e-05,5.190623e-05
12.219,-0.030098552,-0.005108055,-0.045110565,-4.6685855e-06,2.7505594e-05,4.122455e-05
12.259,-0.017881246,-0.009384112,-0.0304498,-7.190712e-06,1.3701376e-05,2.3332132e-05
12.298,-0.011772595,-0.00449719,-0.013345573,-1.3849333e-06,3.62541e-06,4.10982e-06
12.319,0.0004447099,0.007720115,9.346238e-05,1.2520698e-06,-7.2124294e-08,-1.5157944e-08
12.358,0.013883745,0.0046657887,0.020862881,2.4942128e-06,-7.4220366e-06,-1.1152945e-05
12.400,0.0047207666,0.007720115,0.011089037,1.8538047e-06,-1.1335849e-06,-2.6627733e-06
12.420,-0.0026096164,0.007720115,0.0013151928,1.3364563e-06,4.5175975e-07,-2.2767796e-07
12.459,-0.02276817,-0.0069406508,-0.024952013,-5.019541e-06,1.646561e-05,1.8045026e-05
12.499,-0.020935573,-0.009994977,-0.04572143,-1.074732e-05,2.2510014e-05,4.9160564e-05
12.519,-0.016048653,-0.016714495,-0.046332296,-1.8159073e-05,1.7434808e-05,5.0335588e-05
12.560,0.002888171,-0.007551516,-0.015789034,-2.247371e-06,-8.5954105e-07,4.6989035e-06
12.600,0.027933646,-0.002053729,0.033691052,-1.887422e-06,-2.56662e-05,-3.0956326e-05
12.640,0.028544512,-0.0057189204,0.056903932,-7.667468e-06,-3.8262602e-05,-7.627783e-05
12.660,0.022435857,-0.007551516,0.056903932,-7.808995e-06,-2.3198581e-05,-5.8839098e-05
12.700,0.0096076885,-0.002053729,0.038577974,-1.7147112e-06,-8.021074e-06,-3.220732e-05
12.740,-0.0038313468,0.0064983843,0.009867307,1.354157e-06,7.983882e-07,-2.0561847e-06
12.760,-0.008718268,0.005276654,-0.0047934595,1.2462253e-06,2.0590587e-06,1.1321057e-06
12.800,-0.019102978,-0.002053729,-0.02006509,-1.1965608e-06,1.1129325e-05,1.1689862e-05
12.839,-0.014826922,0.011996172,-0.01884336,6.7449573e-06,8.336661e-06,1.0594892e-05
12.860,-0.01238346,0.0016114624,-0.0145673035,6.484173e-07,4.982948e-06,5.861695e-06
12.900,-0.00016615535,-0.005108055,0.0037586538,-6.7960093e-07,2.21063e-08,-5.0006986e-07
12.938,0.016938072,-0.0112167075,0.028804129,-8.291466e-06,-1.2520447e-05,-2.1291917e-05
12.958,0.018159801,-0.011827573,0.028804129,-8.941193e-06,-1.3727789e-05,-2.177452e-05
12.998,0.010218553,-0.0014428637,0.014143363,-4.2383022e-07,-3.0015772e-06,-4.1544445e-06
13.038,-0.0050530774,-0.014271034,-0.006626055,-4.9459168e-06,1.7512402e-06,2.2963975e-06
13.058,-0.009329134,-0.014271034,-0.013345573,-6.4800706e-06,4.236066e-06,6.059847e-06
13.098,-0.022157304,-0.013660168,-0.025562877,-1.0451604e-05,1.6952521e-05,1.9558327e-05
13.138,-0.024600765,0.0010005973,-0.03411499,8.825085e-07,2.1705471e-05,3.0099927e-05
13.160,-0.020935573,0.009552711,-0.026173742,5.5854603e-06,1.2241256e-05,1.5303982e-05
13.206,0.0004447099,0.00833098,0.0049803844,1.6975737e-06,-9.061779e-08,-1.0148348e-06
13.238,0.016327206,0.013217902,0.033080187,1.0862321e-05,-1.34178845e-05,-2.7185304e-05
13.258,0.018159801,0.023602612,0.033080187,1.7625263e-05,-1.3561188e-05,-2.4702764e-05
13.299,0.008996823,0.014439632,0.016586825,7.195206e-06,-4.483119e-06,-8.265148e-06
13.338,-0.018492114,-0.013049303,-0.012734707,-5.6855515e-06,8.056924e-06,5.548484e-06
13.380,-0.034985475,-0.021601418,-0.05060835,-2.954087e-05,4.784044e-05,6.920593e-05
13.399,-0.028876822,-0.017936226,-0.05671701,-2.4874147e-05,4.0043164e-05,7.8651254e-05
13.438,-0.001998751,-0.0032754596,-0.029838935,-2.0665666e-06,1.2610336e-06,1.8826e-05
13.478,0.008385958,0.00038973204,0.00070432766,6.885568e-08,-1.4815862e-06,-1.2443678e-07
13.499,0.015105476,0.0016114624,0.014143363,7.0142124e-07,-6.575152e-06,-6.1563564e-06
13.539,0.017548937,-0.009384112,0.03002586,-7.0892324e-06,-1.3256992e-05,-2.2682616e-05
13.560,0.012051149,-0.010605843,0.035523646,-8.670678e-06,-9.851983e-06,-2.9041488e-05
13.599,0.0053316317,0.005276654,0.028193263,2.5826957e-06,-2.609641e-06,-1.3799486e-05
13.637,-0.001998751,0.0034440581,0.0055912496,4.957888e-07,2.8772962e-07,-8.048873e-07
13.679,-0.006885673,-0.0038863246,-0.007847786,-7.263601e-07,1.2869407e-06,1.4667619e-06
13.699,-0.010550864,-0.0014428637,-0.013345573,-5.1663903e-07,3.7778284e-06,4.7785006e-06
13.740,-0.0050530774,0.008941846,-0.011512978,2.893214e-06,1.6349752e-06,3.7251282e-06
13.780,0.012662015,-0.006329786,0.020252015,-2.6240284e-06,-5.2490145e-06,-8.39546e-06
13.799,0.024268454,-0.009994977,0.03918884,-9.886903e-06,-2.4004721e-05,-3.876339e-05
13.842,0.024268454,-0.009994977,0.04957355,-1.1758418e-05,-2.8547838e-05,-5.8315978e-05
13.880,-0.0007770206,-0.010605843,0.006202115,-2.7381589e-06,2.0060915e-07,-1.6012283e-06
13.901,-0.019102978,-0.010605843,-0.023119418,-7.0754354e-06,1.2743864e-05,1.5423399e-05
13.940,-0.03315288,-0.008162381,-0.04877576,-8.154105e-06,3.3115786e-05,4.8721617e-05
13.983,-0.026433362,-0.011827573,-0.040223643,-1.229445e-05,2.747524e-05,4.180963e-05
13.999,-0.018492114,0.0010005973,-0.028617205,7.151418e-07,1.3219096e-05,2.0457006e-05
14.041,-0.006885673,0.005276654,-0.008458651,1.0726238e-06,1.3997034e-06,1.7194526e-06
14.081,0.010218553,0.014439632,0.019030284,7.8679195e-06,-5.5679848e-06,-1.0369308e-05
14.099,0.014494611,0.01749396,0.027582398,1.3109808e-05,-1.0862353e-05,-2.0670093e-05
14.139,0.016938072,0.010163576,0.035523646,8.663374e-06,-1.4438409e-05,-3.0280851e-05
14.177,-0.004442212,-0.009994977,0.011699902,-3.3571625e-06,1.4920802e-06,-3.929822e-06
14.199,-0.0154377865,-0.014881899,-0.009680382,-5.874085e-06,6.093478e-06,3.820987e-06
14.240,-0.031931147,-0.011827573,-0.05488441,-1.6022494e-05,4.3251322e-05,7.434332e-05
14.278,-0.017881246,-0.0057189204,-0.051830083,-5.289537e-06,1.6537335e-05,4.7935067e-05
14.318,0.008385958,-0.0026645942,-0.0041825944,-5.4442205e-07,-1.713397e-06,8.545761e-07
14.339,0.02121413,0.0022223277,0.022084612,1.4308599e-06,-1.365979e-05,-1.4220273e-05
14.379,0.030377107,0.0010005973,0.052627873,1.0193941e-06,-3.0973017e-05,-5.3660213e-05
14.400,0.02732278,-0.0008319985,0.05812566,-1.1221873e-06,-3.6805202e-05,-7.829839e-05
14.455,0.016327206,-0.014271034,0.04407576,-1.47016935e-05,-1.6819145e-05,-4.540479e-05
14.478,-0.0038313468,-0.00449719,0.012921633,-1.3400132e-06,1.1416186e-06,-3.8502226e-06
14.522,-0.009939999,-0.0014428637,-0.013956438,-5.20313e-07,3.5844125e-06,5.0327626e-06
14.539,-0.010550864,-0.011827573,-0.0145673035,-4.2717243e-06,3.8105998e-06,5.2612195e-06
14.579,-0.006885673,0.010774441,-0.006626055,3.2541284e-06,2.0796358e-06,2.0012185e-06
14.618,-0.0062748077,0.0028331932,-0.0029608638,4.4529327e-07,9.862129e-07,4.6535928e-07
14.641,-0.0007770206,0.0016114624,0.0049803844,1.4307255e-07,6.8987184e-08,-4.4217987e-07
14.680,0.015105476,-0.0069406508,0.026360668,-4.5362804e-06,-9.872434e-06,-1.7228542e-05
14.720,0.010218553,-0.006329786,0.01964115,-2.445434e-06,-3.9477773e-06,-7.5880716e-06
14.739,-0.0026096164,-0.0014428637,-0.0005174029,-9.157879e-08,1.6563276e-07,3.283965e-08
14.779,-0.02276817,-0.008162381,-0.034725856,-7.244375e-06,2.0206502e-05,3.0819057e-05
14.821,-0.023989901,-0.009994977,-0.041445374,-1.0254567e-05,2.4611492e-05,4.2519754e-05
14.840,-0.022157304,-0.008773247,-0.03778018,-8.218814e-06,2.075598e-05,3.539113e-05
14.878,-0.0154377865,-0.0057189204,-0.024341147,-3.524436e-06,9.513725e-06,1.5000588e-05
14.919,-0.0007770206,0.00833098,-0.0011282681,1.4750811e-06,1.3757919e-07,1.9977074e-07
14.940,0.0053316317,0.0071092495,0.012921633,2.3381067e-06,-1.7534873e-06,-4.2497013e-06
14.979,0.016938072,0.01993742,0.026360668,1.2422604e-05,-1.0553946e-05,-1.6424849e-05
15.018,0.0065533626,0.007720115,0.024528073,4.2962624e-06,-3.6470126e-06,-1.3650003e-05
15.042,-0.006885673,-0.00449719,0.006202115,-9.714835e-07,1.4874461e-06,-1.3397823e-06
15.079,-0.027044225,-0.0038863246,-0.040834513,-4.0049467e-06,2.7865532e-05,4.20748e-05
15.119,-0.016659517,-0.01610363,-0.053662676,-1.9740684e-05,2.0420775e-05,6.5780514e-05
15.158,0.0059424974,-0.010605843,-0.0029608638,-2.226439e-06,-1.2474839e-06,6.2156016e-07
15.177,0.019992398,-0.00449719,0.024528073,-3.014506e-06,-1.3400567e-05,-1.6440803e-05
15.218,0.032820567,0.00038973204,0.05323874,5.096829e-07,-4.30486e-05,-6.9829744e-05
15.257,0.018770669,-0.012438439,0.05323874,-1.5079331e-05,-2.2754408e-05,-6.453926e-05
15.277,0.012051149,-0.00449719,0.040410567,-3.9998476e-06,-1.0717829e-05,-3.593987e-05
15.317,-0.001998751,-0.0032754596,0.0104781715,-6.132026e-07,3.7418928e-07,-1.9616316e-06
15.360,-0.01116173,-0.013660168,-0.010902112,-5.9407525e-06,4.8541683e-06,4.7412905e-06
15.380,-0.008718268,-0.008162381,-0.015789034,-3.3888355e-06,3.6196034e-06,6.5552317e-06
15.420,-0.009329134,0.00038973204,-0.010902112,1.1731551e-07,2.8083273e-06,3.281837e-06
15.467,-0.008107403,-0.0014428637,-0.0023499988,-2.5912507e-07,1.4560134e-06,4.2203789e-07
15.480,0.0034990362,0.0071092495,0.006202115,1.5002133e-06,-7.383774e-07,-1.3087872e-06
15.520,0.012662015,-0.0032754596,0.025138937,-1.9466067e-06,-7.524808e-06,-1.4939655e-05
15.559,0.013883745,0.0040549235,0.03002586,2.8340382e-06,-9.7039065e-06,-2.09862e-05
15.579,0.0053316317,0.007720115,0.015365093,2.331798e-06,-1.6103841e-06,-4.640907e-06
15.619,-0.017270382,0.0028331932,-0.012123842,1.2649766e-06,7.711087e-06,5.4131906e-06
15.660,-0.027655093,-0.0112167075,-0.03778018,-9.060551e-06,2.2338054e-05,3.0516756e-05
15.680,-0.023379033,-0.0038863246,-0.043277968,-4.0220457e-06,2.4192144e-05,4.4783374e-05
15.720,-0.02521163,-0.019157955,-0.045110565,-2.2144219e-05,2.9139937e-05,5.2140746e-05
15.760,-0.006885673,0.009552711,-0.023119418,4.1582316e-06,2.9973196e-06,1.006376e-05
15.781,-0.00016615535,0.0010005973,-0.0047934595,1.02813374e-07,1.7072821e-08,4.925376e-07
15.820,0.011440285,0.0046657887,0.023917207,2.6340356e-06,-6.4586507e-06,-1.3502493e-05
15.859,0.0096076885,0.00833098,0.023917207,4.7325516e-06,-5.4578823e-06,-1.3586662e-05
15.880,0.0010555751,-0.005108055,0.012310768,-1.4322624e-06,-2.9597317e-07,-3.4518507e-06
15.920,-0.018492114,-0.002053729,-0.022508552,-1.0062616e-06,9.060091e-06,1.102793e-05
15.960,-0.020935573,-0.011827573,-0.0444997,-1.2546683e-05,2.2207223e-05,4.7203423e-05
15.999,-0.004442212,-0.016714495,-0.029838935,-1.2089297e-05,3.2128335e-06,2.1581931e-05
16.019,0.0065533626,-0.00449719,-0.0011282681,-6.056939e-07,-8.8262505e-07,1.5195799e-07
16.058,0.023657588,0.007720115,0.035523646,7.0218384e-06,-2.1518963e-05,-3.231209e-05
16.097,0.013883745,-0.008162381,0.047130086,-6.8207487e-06,-1.1601182e-05,-3.938214e-05
16.117,0.010218553,-0.009384112,0.042243164,-8.75048e-06,-9.528202e-06,-3.9390026e-05
16.158,-0.0026096164,-0.00022113322,0.012310768,-5.8367668e-08,6.888163e-07,-3.2494647e-06
16.199,-0.01238346,-0.00022113322,-0.015178168,-9.0865385e-08,5.087573e-06,6.235741e-06
16.219,-0.017270382,0.00038973204,-0.024341147,2.4387435e-07,1.0810572e-05,1.5236587e-05
16.257,-0.007496538,0.0071092495,-0.023119418,3.7754046e-06,3.981125e-06,1.2277761e-05
16.298,0.0016664404,-0.0008319985,0.0013151928,-3.9784275e-08,-7.968538e-08,-6.288952e-08
16.317,0.010829419,-0.006329786,0.01841942,-2.9582384e-06,-5.0611006e-06,-8.608297e-06
16.358,0.028544512,-0.005108055,0.052627873,-5.1502457e-06,-2.8775874e-05,-5.3054762e-05
16.400,0.029155377,-0.007551516,0.057514798,-1.0283218e-05,-3.9695704e-05,-7.8308694e-05
16.419,0.024268454,-0.0026645942,0.04346489,-2.7863537e-06,-2.5372094e-05,-4.544167e-05
16.459,-0.0032204816,0.0022223277,0.0013151928,1.9238558e-07,2.7879514e-07,-1.1385547e-07
16.499,-0.028265957,-0.010605843,-0.040223643,-1.1186842e-05,2.9812472e-05,4.2424905e-05
16.519,-0.03559634,-0.012438439,-0.05244095,-1.34798875e-05,3.8573242e-05,5.6827375e-05
16.559,-0.038650665,-0.014271034,-0.053662676,-2.0250272e-05,5.4837987e-05,7.613882e-05
16.600,-0.019102978,0.0058875196,-0.028617205,4.3098858e-06,1.3984619e-05,2.0949552e-05
16.619,-0.007496538,0.018104823,-0.010291247,6.7230176e-06,2.783768e-06,3.8215294e-06
16.660,0.012051149,-0.0038863246,0.021473745,-2.0318025e-06,-6.3003185e-06,-1.1226461e-05
16.699,0.018770669,0.008941846,0.033080187,5.8613664e-06,-1.2304488e-05,-2.168447e-05
16.739,0.0047207666,0.0022223277,0.026360668,1.2523697e-06,-2.6603902e-06,-1.4855513e-05
16.760,-0.0013878858,0.0034440581,0.012310768,9.287381e-07,3.7426088e-07,-3.3197673e-06
16.799,-0.023989901,-0.014881899,-0.026173742,-1.2015095e-05,1.9368103e-05,2.113147e-05
16.838,-0.027044225,-0.015492764,-0.059771333,-2.1903383e-05,3.823088e-05,8.449779e-05
16.858,-0.017881246,-0.010605843,-0.053662676,-1.2800816e-05,2.1580337e-05,6.476525e-05
16.899,0.002888171,-0.00022113322,-0.010902112,-5.231178e-08,-6.832439e-07,2.579072e-06
16.940,0.019992398,-0.008162381,0.028193263,-6.0792017e-06,-1.4889549e-05,-2.0997364e-05
16.959,0.021824993,-0.010605843,0.040410567,-8.387538e-06,-1.7259405e-05,-3.1957366e-05
16.998,0.02121413,-0.00449719,0.046519224,-4.8412244e-06,-2.2834189e-05,-5.0072074e-05
17.039,0.0010555751,-0.00022113322,0.020252015,-7.524267e-08,-3.5916327e-07,-6.8908266e-06
17.059,-0.0007770206,0.007720115,0.007423845,1.738606e-06,1.749872e-07,-1.6718845e-06
17.100,-0.007496538,-0.009994977,-0.0072369203,-3.0264573e-06,2.26993e-06,2.1913252e-06
17.138,-0.004442212,0.013828767,-0.0029608638,3.4391626e-06,1.1047629e-06,7.363539e-07
17.158,-0.0032204816,0.008941846,0.0019260582,1.8184794e-06,6.549404e-07,-3.916979e-07
17.198,0.0053316317,-0.0032754596,0.014754228,-1.1008726e-06,-1.7919361e-06,-4.958835e-06
17.244,0.01571634,-0.009384112,0.03002586,-6.92068e-06,-1.1590338e-05,-2.2143371e-05
17.257,0.013883745,0.0016114624,0.03002586,1.11917e-06,-9.643219e-06,-2.0855001e-05
17.297,-0.008718268,-0.0038863246,-0.0017391334,-6.326124e-07,1.4191511e-06,2.830949e-07
17.339,-0.027655093,-0.00449719,-0.03778018,-4.4365956e-06,2.7279264e-05,3.7266927e-05
17.358,-0.03132028,-0.009384112,-0.05060835,-1.1858677e-05,3.957475e-05,6.394704e-05
17.397,-0.022157304,-0.002053729,-0.04694316,-1.7903837e-06,1.9311821e-05,4.091473e-05
17.438,-0.014216056,-0.0026645942,-0.023119418,-1.5239694e-06,8.130335e-06,1.32222995e-05
17.460,-0.001998751,0.0022223277,-0.0029608638,1.9607862e-07,1.7635223e-07,2.6124053e-07
17.499,0.018159801,0.0071092495,0.03124759,5.4914526e-06,-1.4027814e-05,-2.4137522e-05
17.539,0.025490185,0.008941846,0.04285403,9.498869e-06,-2.7080043e-05,-4.5526405e-05
17.560,0.016938072,0.0034440581,0.03918884,2.474697e-06,-1.21715775e-05,-2.8160726e-05
17.599,-0.009329134,-0.014881899,0.0031477886,-5.569073e-06,3.4911336e-06,-1.1779496e-06
17.640,-0.023989901,-0.01610363,-0.03716932,-1.2719713e-05,1.8948209e-05,2.9358263e-05
17.679,-0.016048653,-0.014271034,-0.040223643,-1.3647055e-05,1.5346357e-05,3.84642e-05
17.699,-0.0062748077,-0.008162381,-0.029228069,-5.304547e-06,4.0777754e-06,1.8994533e-05
17.740,0.0071642273,0.0071092495,0.0037586538,1.2845861e-06,-1.2945211e-06,-6.791589e-07
17.779,0.015105476,-0.002053729,0.025138937,-1.2663243e-06,-9.313458e-06,-1.5499727e-05
17.800,0.017548937,-0.0112167075,0.03124759,-8.8337e-06,-1.3820263e-05,-2.4608578e-05
17.839,0.012662015,-0.007551516,0.027582398,-4.953034e-06,-8.304836e-06,-1.8091021e-05
17.880,-0.001998751,0.007720115,0.0068129804,1.6981402e-06,4.3965002e-07,-1.4986041e-06
17.901,-0.008718268,-0.0014428637,-0.0011282681,-2.1565252e-07,1.3030444e-06,1.6863265e-07
17.937,-0.010550864,0.00038973204,-0.010291247,1.2050069e-07,3.262347e-06,3.1820723e-06
17.978,-0.009939999,0.0028331932,-0.009069516,8.1702353e-07,2.8664667e-06,2.6154373e-06
18.000,-0.006885673,0.0010005973,-0.006626055,1.612952e-07,1.1099673e-06,1.0681168e-06
18.039,0.0010555751,-0.0026645942,0.0049803844,-3.210997e-07,-1.2720307e-07,-6.0016635e-07
18.079,0.012662015,-0.0026645942,0.025138937,-1.2639892e-06,-6.0062343e-06,-1.1924689e-05
18.099,0.016938072,-0.002053729,0.028804129,-1.4420227e-06,-1.1892035e-05,-2.0223097e-05
18.137,0.016327206,0.0040549235,0.017197689,2.0457942e-06,-8.237571e-06,-8.676739e-06
18.177,-0.0062748077,0.0022223277,-0.006626055,4.3773605e-07,1.2359632e-06,1.3051485e-06
18.200,-0.017270382,-0.008162381,-0.0145673035,-4.1122025e-06,8.700725e-06,7.338959e-06
18.241,-0.025822496,-0.0069406508,-0.039612778,-6.9570333e-06,2.5881396e-05,3.970344e-05
18.277,-0.024600765,-0.00449719,-0.036558453,-4.1778667e-06,2.2851793e-05,3.395951e-05
18.318,-0.0056639425,-0.00022113322,-0.015789034,-7.780265e-08,1.9926376e-06,5.554757e-06
18.338,-0.0026096164,-0.005108055,-0.0047934595,-6.406224e-07,3.2728255e-07,6.0116764e-07
18.377,0.0059424974,0.010163576,0.014143363,3.922373e-06,-2.2933698e-06,-5.4582742e-06
18.399,0.0096076885,0.0022223277,0.023917207,1.2056728e-06,-5.2125843e-06,-1.2976092e-05
18.439,0.014494611,-0.00449719,0.03002586,-3.1731042e-06,-1.022665e-05,-2.1184786e-05
18.479,0.008385958,-0.0008319985,0.020862881,-3.9261585e-07,-3.9570928e-06,-9.8446e-06
18.518,-0.004442212,-0.008773247,0.00070432766,-1.4511475e-06,7.347685e-07,-1.1649947e-07
18.538,-0.007496538,-0.012438439,-0.010902112,-4.736976e-06,2.8549205e-06,4.151893e-06
18.579,-0.018492114,-0.008773247,-0.031060666,-6.8441764e-06,1.4425598e-05,2.4230445e-05
18.600,-0.0154377865,-0.0038863246,-0.031060666,-2.2757933e-06,9.039867e-06,1.8188173e-05
18.639,-0.008718268,0.0034440581,-0.020675957,1.6396547e-06,4.150672e-06,9.843574e-06
18.679,0.002888171,0.0046657887,0.0055912496,6.132453e-07,-3.796054e-07,-7.3488275e-07
18.719,0.014494611,-0.0026645942,0.025749804,-1.6579903e-06,-9.018574e-06,-1.6021608e-05
18.738,0.018159801,-0.006329786,0.030636724,-4.8018933e-06,-1.3775849e-05,-2.3240847e-05
18.779,0.010218553,-0.008162381,0.016586825,-3.6157387e-06,-4.5265397e-06,-7.34754e-06
18.819,-0.007496538,-0.0008319985,-0.005404325,-1.6190064e-07,1.4587629e-06,1.0516362e-06
18.839,-0.010550864,-0.0032754596,-0.010291247,-1.0371294e-06,3.3407673e-06,3.258567e-06
18.879,-0.0050530774,-0.0038863246,-0.0029608638,-5.7286115e-07,7.4484524e-07,4.364443e-07
18.919,0.002888171,0.0064983843,0.006202115,1.2859375e-06,-5.7152874e-07,-1.22731e-06
18.939,0.0022773056,0.0022223277,0.0068129804,2.803572e-07,-2.8729315e-07,-8.594901e-07
18.978,0.0022773056,-0.0057189204,0.0055912496,-9.973635e-07,-3.9715505e-07,-9.75098e-07
19.019,-0.0007770206,-0.0008319985,0.0031477886,-4.672397e-08,4.3636486e-08,-1.7677579e-07
19.039,0.0034990362,-0.0014428637,0.008034711,-2.687473e-07,-6.517279e-07,-1.4965399e-06
19.080,0.012662015,0.00038973204,0.020252015,1.9520859e-07,-6.343183e-06,-1.014548e-05
19.119,0.0096076885,0.00038973204,0.022084612,1.574792e-07,-3.882611e-06,-8.924721e-06
19.159,0.0016664404,0.0028331932,0.009867307,6.179519e-07,-3.6347066e-07,-2.1521741e-06
19.179,-0.06369614,0.013828767,0.0397997,2.2151464e-05,0.00010201531,-6.3744505e-05
19.218,0.021824993,-0.031375263,-0.051219217,-4.2049163e-05,-2.9252022e-05,6.864508e-05
19.242,0.016938072,-0.034429587,-0.055495273,-4.8714166e-05,-2.3967927e-05,7.852078e-05
19.277,-0.047813643,0.0034440581,-0.013956438,2.8846807e-06,4.0051113e-05,1.169055e-05
19.317,-0.0056639425,-0.009994977,-0.021286821,-5.070271e-06,2.8731795e-06,1.0798393e-05
19.359,0.0016664404,-0.0038863246,0.0086455755,-7.8439854e-07,-3.3634615e-07,-1.7449842e-06
19.380,0.01571634,-0.017936226,-0.005404325,-7.3581978e-06,-6.447521e-06,2.2170611e-06
19.419,0.012662015,0.005276654,-0.023119418,2.9748662e-06,-7.1384457e-06,1.3034047e-05
19.458,0.0340423,0.0058875196,0.00070432766,3.4131908e-06,-1.9735475e-05,-4.0828897e-07
19.479,-0.0032204816,-0.00449719,0.048962682,-4.6471023e-06,3.328013e-06,-5.0595743e-05
19.519,-0.052700564,-0.057642467,0.059347395,-0.00011857227,0.000108419925,-0.00012207974
19.559,-0.01360519,-0.027099203,-0.005404325,-1.7504328e-05,8.788033e-06,3.4909176e-06
19.578,-0.03681807,0.0046657887,-0.008458651,3.724439e-06,2.9390607e-05,6.7521946e-06
19.620,-0.047202777,-0.019157955,-0.028617205,-1.8781078e-05,4.6272333e-05,2.8053708e-05
19.658,-0.03681807,-0.0038863246,-0.0011282681,-3.0188346e-06,2.8599567e-05,8.764601e-07
19.679,-0.022157304,-0.042370833,0.0025369234,-4.254684e-05,2.2249413e-05,-2.54699e-06
19.720,0.0065533626,0.0016114624,0.025749804,7.1966303e-07,-2.926739e-06,-1.1499874e-05
19.759,0.026101049,0.023602612,0.022084612,2.0564376e-05,-2.2741642e-05,-1.924175e-05
19.779,0.03892922,0.027267803,0.011089037,2.7909104e-05,-3.9845265e-05,-1.13493725e-05
19.819,0.019381532,-0.006329786,0.0068129804,-2.8536551e-06,-8.737724e-06,-3.0714916e-06
19.859,0.045037873,0.0071092495,-0.012734707,7.058363e-06,-4.471367e-05,1.2643206e-05
19.879,0.039540086,0.048648085,-0.0047934595,5.131586e-05,-4.170818e-05,5.0573844e-06
19.920,-0.001998751,-0.008162381,-0.0029608638,-1.5251735e-06,3.7347417e-07,5.532495e-07
19.958,0.011440285,-0.005108055,-0.021897687,-2.7025428e-06,-6.052859e-06,1.1585655e-05
19.979,0.0077750925,-0.010605843,-0.024952013,-5.018731e-06,-3.679253e-06,1.1807443e-05
20.019,0.019992398,-0.017936226,-0.027395474,-1.4431024e-05,-1.6085722e-05,2.2041844e-05
20.058,0.040761817,-0.026488338,-0.019454226,-2.3268736e-05,-3.5807978e-05,1.7089415e-05
20.079,0.04137268,-0.006329786,-0.0035717292,-5.5760665e-06,-3.6446607e-05,3.146356e-06
20.118,0.045037873,0.018104823,0.012310768,1.9013378e-05,-4.729889e-05,-1.2928316e-05
20.158,0.03648576,-0.00022113322,0.00070432766,-1.6924487e-07,-2.7923226e-05,-5.3903733e-07
20.199,0.020603264,0.007720115,-0.032282393,6.3253046e-06,-1.6880145e-05,2.644898e-05
20.219,-0.001998751,0.015661364,-0.040223643,1.4192391e-05,1.8115389e-06,3.6450896e-05
20.258,-0.01238346,-0.020379687,-0.036558453,-1.8655302e-05,1.13352335e-05,3.34649e-05
20.281,0.0034990362,-0.017936226,-0.026173742,-1.2007449e-05,-2.3425473e-06,1.7522088e-05
20.320,-0.00016615535,-0.009994977,0.01597596,-3.1601867e-06,5.2542568e-08,-5.051239e-06
20.358,-0.004442212,-0.011827573,0.020862881,-6.049799e-06,2.2722268e-06,-1.067137e-05
20.400,-0.041094128,-0.023434013,0.033080187,-2.836778e-05,4.9748352e-05,-4.004555e-05
20.421,-0.047202777,-0.03565132,0.026360668,-3.8734823e-05,5.1286897e-05,-2.8640166e-05
20.461,-0.055754893,-0.009994977,0.024528073,-1.29372875e-05,7.217455e-05,-3.1750966e-05
20.499,-0.045370184,-0.008162381,0.0049803844,-6.3494977e-06,3.5293753e-05,-3.874159e-06
20.521,-0.047202777,-0.0038863246,-0.0017391334,-3.8627854e-06,4.691638e-05,1.7286721e-06
20.569,-0.047813643,0.0010005973,-0.013956438,1.0450387e-06,4.9954695e-05,1.45813665e-05
20.600,-0.043537587,0.010774441,-0.0072369203,8.2122615e-06,3.318467e-05,5.5158944e-06
20.621,-0.031931147,0.021159152,-0.0035717292,1.707134e-05,2.5762334e-05,2.8814802e-06
20.660,-0.022157304,0.027878668,0.01964115,2.3777422e-05,1.8897408e-05,-1.6751845e-05
20.701,-0.0062748077,0.023602612,0.022695476,1.6502647e-05,4.387126e-06,-1.5868392e-05
20.721,0.0010555751,0.010163576,0.023306342,5.424115e-06,-5.633752e-07,-1.2438175e-05
20.760,0.018159801,-0.00449719,0.0068129804,-1.5022451e-06,-6.0660855e-06,-2.2758077e-06
20.800,0.016327206,0.011385307,-0.00601519,4.9649057e-06,-7.1199493e-06,2.6231173e-06
20.820,0.027933646,0.0040549235,-0.017010765,2.8026213e-06,-1.930596e-05,1.1756797e-05
20.859,0.04137268,-0.017936226,-0.03350413,-1.690437e-05,-3.899423e-05,3.157748e-05
20.900,0.020603264,0.016272228,-0.021286821,1.1534315e-05,-1.4604075e-05,1.5088771e-05
20.920,0.0053316317,0.014439632,-0.017010765,6.947067e-06,-2.5650747e-06,8.184064e-06
20.960,0.051757388,-0.002053729,-0.017010765,-2.3475827e-06,-5.9177513e-05,1.9449413e-05
21.000,0.06397469,-0.0112167075,-0.017621629,-1.5829612e-05,-9.0291076e-05,2.4869625e-05
21.020,0.026101049,-0.017936226,0.008034711,-9.83201e-06,-1.4307611e-05,-4.4044027e-06
21.061,0.0077750925,0.0058875196,-0.0011282681,1.2121984e-06,-1.6008358e-06,2.323033e-07
21.100,-0.0013878858,0.01749396,-0.024341147,1.10090305e-05,8.734878e-07,1.5318e-05
21.122,-0.007496538,0.010774441,-0.028617205,5.691146e-06,3.9597953e-06,1.5115906e-05
21.159,-0.0050530774,0.0016114624,-0.013345573,4.853201e-07,1.5218332e-06,4.0192776e-06
21.199,0.0004447099,-0.0069406508,0.011089037,-1.5242136e-06,-9.765943e-08,-2.435227e-06
21.238,-0.0062748077,-0.0069406508,0.027582398,-4.2394577e-06,3.8328153e-06,-1.684788e-05
21.259,-0.008718268,-0.007551516,0.031858455,-5.365723e-06,6.1949e-06,-2.2637278e-05
21.302,-0.00016615535,-0.0014428637,0.022084612,-6.6970244e-07,7.712417e-08,-1.0250537e-05
21.340,-0.009329134,-0.0032754596,0.0104781715,-9.896125e-07,2.8186196e-06,-3.1657762e-06
21.360,-0.009939999,-0.0008319985,0.0086455755,-2.3031508e-07,2.7516453e-06,-2.3933153e-06
21.399,-0.017270382,-0.008162381,0.0086455755,-3.5891526e-06,7.5941493e-06,-3.8016237e-06
21.440,-0.03926153,-0.010605843,-0.008458651,-9.239288e-06,3.4202214e-05,7.3688175e-06
21.460,-0.052700564,-0.008773247,-0.020675957,-8.432631e-06,5.065139e-05,1.9872254e-05
21.500,-0.045370184,-0.002053729,-0.039001916,-2.5797692e-06,5.6960394e-05,4.8965423e-05
21.541,-0.03132028,0.016883092,-0.010902112,1.05407435e-05,1.9554578e-05,6.8065347e-06
21.560,-0.028265957,0.011996172,0.007423845,7.947624e-06,1.8726443e-05,-4.9184423e-06
21.598,-0.0050530774,0.011385307,0.035523646,8.988263e-06,3.9890597e-06,-2.8044398e-05
21.639,0.0065533626,0.023602612,0.048962682,2.1679421e-05,-6.019905e-06,-4.4973312e-05
21.659,0.029766241,0.011385307,0.03918884,1.2059851e-05,-3.1531763e-05,-4.1512725e-05
21.699,0.02121413,-0.0032754596,0.020252015,-2.027248e-06,-1.3129307e-05,-1.2533886e-05
21.739,0.008996823,0.0046657887,-0.010291247,1.4133069e-06,-2.7252036e-06,3.1172983e-06
21.780,-0.0032204816,0.016883092,-0.032893263,1.31403585e-05,2.5067225e-06,2.5601355e-05
21.799,-0.014826922,-0.0026645942,-0.026173742,-1.3500969e-06,7.5122207e-06,1.3261231e-05
21.840,-0.001998751,0.0064983843,-0.03411499,4.740634e-06,1.4581726e-06,2.4887306e-05
21.880,0.013883745,-0.008162381,-0.029228069,-5.712366e-06,-9.716637e-06,2.045532e-05
21.900,0.033431433,-0.01610363,-0.025562877,-1.2173933e-05,-2.5273936e-05,1.9325114e-05
21.939,0.05481172,-0.017325358,0.00070432766,-2.0888036e-05,-6.608276e-05,-8.498502e-07
21.979,0.06825075,-0.006329786,0.022695476,-7.668848e-06,-8.267681e-05,-2.7492932e-05
21.999,0.061531235,0.00038973204,0.025138937,5.417714e-07,-8.577261e-05,-3.5042867e-05
22.038,0.052368257,0.013828767,0.0086455755,1.5906473e-05,-6.023756e-05,-9.94424e-06
22.080,0.027933646,0.015661364,-0.009680382,1.09883085e-05,-1.9598616e-05,6.792005e-06
22.098,0.010829419,0.0064983843,-0.015789034,2.7554504e-06,-4.5918646e-06,6.6948487e-06
22.139,-0.018492114,-0.007551516,-0.022508552,-3.8127007e-06,9.33637e-06,1.136425e-05
22.178,-0.034985475,-0.008162381,-0.026173742,-7.608988e-06,3.261173e-05,2.4398063e-05
22.202,-0.038650665,-0.014271034,-0.022508552,-1.4051447e-05,3.805465e-05,2.2161817e-05
22.238,-0.032542016,-0.0026645942,-0.0029608638,-1.4656459e-06,1.7899383e-05,1.6286043e-06
22.279,-0.032542016,-0.0008319985,0.023306342,-6.982872e-07,2.7322621e-05,-1.9568237e-05
22.299,-0.03132028,-0.0069406508,0.03124759,-6.5180457e-06,2.9415283e-05,-2.9346822e-05
22.341,-0.045370184,0.007720115,0.045908354,1.0526383e-05,6.185059e-05,-6.25849e-05
22.378,-0.03926153,0.0022223277,0.026360668,2.2069248e-06,3.8980368e-05,-2.6171954e-05
22.399,-0.041094128,-0.0057189204,0.0068129804,-4.034123e-06,2.8988281e-05,-4.8058964e-06
22.438,-0.051478837,-0.0038863246,-0.016399898,-4.41532e-06,5.847873e-05,1.8630033e-05
22.478,-0.028265957,-0.0008319985,-0.020675957,-6.1138326e-07,2.0765508e-05,1.5189547e-05
22.498,-0.019713843,-0.0014428637,-0.010291247,-5.394757e-07,7.3706606e-06,3.847719e-06
22.538,-0.01238346,0.0028331932,0.022084612,1.5138241e-06,6.6165176e-06,-1.17998925e-05
22.580,-0.014216056,0.0040549235,0.04529749,3.2417638e-06,1.1364438e-05,-3.621141e-05
22.599,-0.01238346,0.00833098,0.04957355,9.045538e-06,1.3444822e-05,-5.3823434e-05
22.639,0.008385958,0.008941846,0.03246932,6.5082236e-06,-6.1037713e-06,-2.3632678e-05
22.679,0.0077750925,0.013828767,0.015365093,6.405033e-06,-3.6011988e-06,-7.116612e-06
22.718,0.0022773056,-0.00449719,-0.009069516,-9.786156e-07,-4.955566e-07,1.9735821e-06
22.739,0.0053316317,-0.0026645942,-0.026784608,-1.5333275e-06,-3.06812e-06,1.5413303e-05
22.779,0.0016664404,-0.0057189204,-0.03778018,-4.5870993e-06,-1.3367137e-06,3.0303308e-05
22.800,0.017548937,-0.008773247,-0.04205624,-8.5381e-06,-1.7079452e-05,4.0930623e-05
22.839,0.035874892,-0.014271034,-0.022508552,-1.0700111e-05,-2.6898877e-05,1.6876638e-05
22.887,0.057866044,-0.023434013,0.0025369234,-3.0706968e-05,-7.582492e-05,-3.3254305e-06
22.922,0.06458557,-0.021601418,0.014143363,-2.5208295e-05,-7.536761e-05,-1.6505479e-05
22.939,0.051146526,-0.013660168,0.008034711,-1.5339681e-05,-5.743394e-05,-9.022864e-06
22.979,0.03526403,0.0046657887,-0.018232495,3.9114143e-06,-2.9560731e-05,1.5283802e-05
23.017,0.038318355,0.013217902,-0.034725856,1.4796363e-05,-4.289157e-05,3.887089e-05
23.038,0.030987972,0.0058875196,-0.032893263,5.6273548e-06,-2.9616098e-05,3.1437216e-05
23.079,0.0041099014,-0.0026645942,-0.011512978,-6.9915365e-07,-1.0783864e-06,3.020857e-06
23.105,-0.001998751,-0.005108055,-0.008458651,-8.6397137e-07,3.3806603e-07,1.4306875e-06
23.141,-0.01360519,-0.0038863246,-0.0047934595,-1.217586e-06,4.262496e-06,1.5017903e-06
23.178,-0.030098552,-0.00449719,0.007423845,-2.3634568e-06,1.5818228e-05,-3.901566e-06
23.221,-0.040483262,0.005276654,0.017808553,4.929174e-06,3.781489e-05,-1.6634847e-05
23.237,-0.03559634,0.0028331932,0.017808553,2.371129e-06,2.9788147e-05,-1.49028065e-05
23.278,-0.043537587,-0.008773247,0.029414993,-9.800326e-06,4.8638638e-05,-3.286103e-05
23.319,-0.042926725,-0.0008319985,0.019030284,-8.1903147e-07,4.227815e-05,-1.8742736e-05
23.338,-0.04598105,-0.00022113322,0.0049803844,-2.1437897e-07,4.4599015e-05,-4.830686e-06
23.379,-0.042926725,-0.0014428637,-0.024952013,-1.5036329e-06,4.471737e-05,2.5992902e-05
23.419,-0.03437461,0.010163576,-0.026173742,9.459954e-06,3.1996296e-05,2.4362591e-05
23.439,-0.029487688,0.0040549235,-0.012123842,2.1864148e-06,1.5900147e-05,6.537314e-06
23.478,-0.012994326,0.011385307,0.029414993,8.145242e-06,9.296164e-06,-2.104377e-05
23.520,-0.0026096164,0.016272228,0.04774095,1.3788149e-05,2.2109525e-06,-4.0452815e-05
23.540,-0.0038313468,0.016272228,0.053849604,1.9241637e-05,4.529857e-06,-6.367582e-05
23.580,0.010218553,0.0010005973,0.04407576,9.494479e-07,-9.698285e-06,-4.1831594e-05
23.620,0.0041099014,0.011996172,0.025749804,5.776785e-06,-1.979173e-06,-1.2399901e-05
23.642,0.008996823,0.012607036,0.004369519,4.2547085e-06,-3.036314e-06,-1.4746495e-06
23.679,0.02121413,-0.0026645942,-0.023119418,-1.7595966e-06,-1.4009869e-05,1.5268099e-05
23.720,0.0034990362,-0.02526661,-0.027395474,-1.9834424e-05,-2.7469794e-06,2.1505597e-05
23.760,0.021824993,-0.03504045,-0.040834513,-4.2668962e-05,-2.6577894e-05,4.9724633e-05
23.780,0.026711917,-0.033207856,-0.039001916,-3.2185526e-05,-2.5890571e-05,3.780137e-05
23.821,0.04259441,-0.01854709,-0.021897687,-1.997624e-05,-4.5878005e-05,2.3585197e-05
23.860,0.061531235,-0.016714495,0.0049803844,-2.2418391e-05,-8.252795e-05,-6.680805e-06
23.880,0.05420085,-0.01610363,0.017808553,-1.601659e-05,-5.3906144e-05,-1.77122e-05
23.920,0.029766241,0.0040549235,0.012921633,2.780844e-06,-2.04142e-05,-8.861844e-06
23.960,0.012051149,0.018715689,-0.023730282,1.0216457e-05,-6.5783465e-06,1.2953785e-05
23.979,0.0034990362,0.012607036,-0.03778018,1.057071e-05,-2.9336813e-06,3.167769e-05
24.018,-0.012994326,-0.0008319985,-0.04694316,-8.5032036e-07,1.3275489e-05,4.795897e-05
24.060,-0.023989901,-0.0014428637,-0.041445374,-1.4501959e-06,2.4103436e-05,4.1641593e-05
24.079,-0.020935573,-0.00022113322,-0.03350413,-1.834586e-07,1.7345968e-05,2.775953e-05
24.121,-0.0026096164,0.0046657887,0.0037586538,5.1155854e-07,2.8611902e-07,-4.121e-07
24.158,-0.014826922,-0.0069406508,0.041021436,-6.4285828e-06,1.3733699e-05,-3.799645e-05
24.178,-0.014216056,-0.010605843,0.050795276,-1.1966389e-05,1.6040689e-05,-5.7313533e-05
24.218,-0.03559634,-0.0069406508,0.056293063,-7.796346e-06,3.9991657e-05,-6.3243395e-05
24.258,-0.050257105,-0.006329786,0.036745377,-8.305401e-06,6.595589e-05,-4.8223086e-05
24.279,-0.053311434,-0.006329786,0.017808553,-7.5077364e-06,6.32382e-05,-2.1124302e-05
24.318,-0.055754893,-0.0014428637,-0.02006509,-1.7944107e-06,6.930589e-05,2.4941897e-05
24.360,-0.041094128,0.0028331932,-0.028617205,2.9794803e-06,4.3225435e-05,3.0101313e-05
24.399,-0.016048653,0.013217902,-0.0041825944,5.878755e-06,7.1377654e-06,1.8602195e-06
24.428,-0.01360519,0.011996172,0.013532497,5.693347e-06,6.45694e-06,-6.4224764e-06
24.459,-0.0062748077,0.013217902,0.03002586,9.258833e-06,4.395238e-06,-2.1032334e-05
24.499,-0.010550864,0.0010005973,0.037356243,8.149525e-07,8.591929e-06,-3.0420515e-05
24.518,0.0096076885,0.0016114624,0.030636724,1.086379e-06,-6.477502e-06,-2.0655236e-05
24.559,0.023657588,-0.0032754596,0.022695476,-1.8106133e-06,-1.3076872e-05,-1.25450815e-05
24.599,0.013883745,-0.002053729,0.006202115,-6.6087347e-07,-4.467647e-06,-1.9957788e-06
24.619,0.015105476,-0.010605843,-0.010902112,-4.767861e-06,-6.7907085e-06,4.90105e-06
24.660,0.02732278,-0.010605843,-0.028617205,-9.110715e-06,-2.3471885e-05,2.4583645e-05
24.698,0.02121413,-0.006329786,-0.024341147,-4.3675723e-06,-1.46382645e-05,1.6795908e-05
24.720,0.026711917,-0.013049303,-0.022508552,-1.0204374e-05,-2.0888814e-05,1.7601586e-05
24.759,0.030377107,-0.012438439,-0.007847786,-8.8037605e-06,-2.1500678e-05,5.554501e-06
24.799,0.04198355,-0.019157955,0.00070432766,-1.8543153e-05,-4.063621e-05,-6.821012e-07
24.819,0.037096627,-0.009384112,-0.0029608638,-6.0424213e-06,-2.3886578e-05,1.9064324e-06
24.859,0.02487932,0.0064983843,-0.011512978,3.8395915e-06,-1.4699823e-05,6.80242e-06
24.900,0.0041099014,0.014439632,-0.013956438,4.965833e-06,-1.4133947e-06,4.7996614e-06
24.919,0.0047207666,0.0040549235,-0.018232495,1.6382882e-06,-1.9072908e-06,7.3663427e-06
24.960,-0.0062748077,-0.010605843,-0.010902112,-3.6595716e-06,2.1651283e-06,3.7617997e-06
25.000,-0.020324709,-0.014881899,-0.011512978,-6.9152775e-06,9.444374e-06,5.34983e-06
25.019,-0.029487688,-0.017936226,-0.015178168,-1.418258e-05,2.3316268e-05,1.20017685e-05
25.060,-0.027044225,-0.014881899,-0.010902112,-1.0217184e-05,1.856708e-05,7.484902e-06
25.103,-0.023989901,0.0016114624,0.0104781715,8.864059e-07,1.3195388e-05,-5.7634134e-06
25.119,-0.020324709,0.0071092495,0.023917207,4.7981507e-06,1.371713e-05,-1.6141783e-05
25.158,-0.01360519,0.01749396,0.042243164,1.400116e-05,1.0888432e-05,-3.3808632e-05
25.200,-0.012994326,-0.0014428637,0.033080187,-1.0761979e-06,9.693252e-06,-2.4676467e-05
25.240,-0.03437461,-0.0026645942,0.00070432766,-1.541626e-06,1.9887806e-05,-4.0748117e-07
25.259,-0.049035374,-0.011827573,-0.0145673035,-1.3023389e-05,5.3991153e-05,1.6039936e-05
25.299,-0.038650665,0.0058875196,-0.032893263,6.307745e-06,4.141429e-05,3.524499e-05
25.321,-0.030709418,0.00038973204,-0.023119418,3.1395987e-07,2.4757039e-05,1.8638195e-05
25.358,0.016327206,0.008941846,-0.007847786,3.788379e-06,-6.917296e-06,3.3248632e-06
25.400,0.026101049,-0.00022113322,0.016586825,-1.4351177e-07,-1.6928398e-05,-1.0757744e-05
25.439,0.0034990362,0.009552711,0.03491278,7.2851035e-06,-2.6685507e-06,-2.6625361e-05
25.459,0.0016664404,-0.010605843,0.03124759,-7.3488945e-06,-1.1546117e-06,-2.1651735e-05
25.499,-0.004442212,-0.011827573,0.020862881,-4.839842e-06,1.8177764e-06,-8.5370975e-06
25.539,0.0041099014,-0.00022113322,0.0025369234,-2.2421858e-08,-4.1672348e-07,-2.5723136e-07
25.559,0.0047207666,-0.0014428637,-0.0023499988,-1.6543139e-07,-5.412592e-07,2.694389e-07
25.598,0.0053316317,-0.0057189204,-0.0041825944,-8.5078165e-07,-7.931667e-07,6.222282e-07
25.641,-0.008107403,-0.0032754596,-0.0005174029,-6.0169225e-07,1.489306e-06,9.504583e-08
25.659,-0.006885673,0.0040549235,-0.0023499988,7.0830686e-07,1.2027776e-06,4.1049333e-07
25.699,0.0016664404,0.0058875196,-0.0041825944,9.151303e-07,-2.590239e-07,6.501242e-07
25.740,0.018770669,0.0071092495,0.0049803844,3.0832857e-06,-8.140877e-06,-2.1599894e-06
25.760,0.020603264,0.0016114624,0.012310768,6.503287e-07,-8.315007e-06,-4.968341e-06
25.799,0.016327206,0.005276654,0.014754228,2.5041747e-06,-7.748597e-06,-7.0020724e-06
25.840,0.0034990362,0.0040549235,0.0049803844,6.219397e-07,-5.366787e-07,-7.6388596e-07
25.860,-0.00016615535,0.0046657887,0.0025369234,4.1593432e-07,1.4811964e-08,-2.2615545e-07
25.899,-0.0056639425,-0.0026645942,-0.0005174029,-3.5097293e-07,7.4603867e-07,6.815099e-08
25.939,-0.007496538,0.0058875196,-0.008458651,1.258803e-06,1.6028282e-06,1.8085343e-06
25.980,-0.016659517,-0.0008319985,-0.021897687,-4.803608e-07,9.617283e-06,1.2641204e-05
26.000,-0.016659517,-0.01854709,-0.027395474,-1.4407683e-05,1.2941108e-05,2.1281141e-05
26.039,-0.019713843,0.066974044,-0.03716932,0.00011108894,3.2702806e-05,6.1650986e-05
26.079,-0.008718268,0.042539433,-0.021897687,4.338576e-05,8.892223e-06,2.23332e-05
26.100,-0.009329134,0.03337645,-0.015178168,2.6481914e-05,7.402197e-06,1.2042752e-05
26.138,-0.008107403,-0.026488338,0.0019260582,-1.542524e-05,4.721281e-06,-1.121586e-06
26.178,0.0047207666,-0.019768821,0.01841942,-1.1371718e-05,-2.7154863e-06,-1.0595497e-05
26.198,0.0053316317,0.041317705,0.025138937,3.3729088e-05,-4.352749e-06,-2.0521746e-05
26.237,-0.0013878858,0.13905613,0.0068129804,0.0004060241,4.04839e-06,-1.9893754e-05
26.278,-0.0056639425,-0.25983888,0.0086455755,-0.0011336266,2.4732066e-05,-3.7704966e-05
26.299,-0.016048653,-0.75341797,-0.012734707,-0.011908458,0.00025245856,0.00020278885
26.339,0.101237476,-1.8395364,0.21450716,-0.07161281,-0.0036384037,-0.00848266
26.380,-0.016048653,-0.02099055,-0.029228069,-1.7344646e-05,1.3260789e-05,2.415126e-05
26.399,-0.019713843,0.012607036,-0.018232495,7.842952e-06,1.2264315e-05,1.1342654e-05
26.439,-0.0038313468,-0.017936226,9.346238e-05,-6.8990053e-06,1.4736926e-06,-3.5944367e-08
26.478,-0.05636576,0.19036882,0.020862881,0.0007970006,0.00023594373,-8.7437715e-05
26.497,0.014494611,-0.095516115,0.017197689,-0.00019656314,-2.9824982e-05,-3.5394056e-05
26.539,0.012051149,-0.102846496,0.023917207,-0.00018337787,-2.1483536e-05,-4.2646843e-05
26.578,0.013883745,-0.002053729,0.015365093,-8.963096e-07,-6.059147e-06,-6.7056435e-06
26.599,0.013883745,0.005276654,0.0086455755,1.9017496e-06,-5.00384e-06,-3.1159448e-06
26.637,0.015105476,0.0058875196,0.0031477886,2.0391142e-06,-5.2317178e-06,-1.0902178e-06
26.679,0.008385958,0.0028331932,0.0055912496,6.220668e-07,-1.841257e-06,-1.227638e-06
26.699,0.008385958,-0.00449719,0.004369519,-9.875508e-07,-1.8414943e-06,-9.595152e-07
26.739,0.0047207666,-0.0026645942,0.0025369234,-3.344522e-07,-5.925368e-07,-3.1842734e-07
26.778,0.0016664404,0.0022223277,0.0013151928,1.432354e-07,-1.07406876e-07,-8.476794e-08
26.799,0.0016664404,-0.0032754596,9.346238e-05,-2.0201816e-07,-1.0277984e-07,-5.764422e-09
26.839,0.002888171,0.0016114624,-0.0017391334,1.2628111e-07,-2.2632943e-07,1.3628595e-07
26.879,0.0022773056,0.0034440581,-0.0017391334,2.588739e-07,-1.711745e-07,1.3072264e-07
26.919,0.0071642273,0.0022223277,0.0055912496,4.3602176e-07,-1.4056276e-06,-1.0970074e-06
26.939,0.008996823,0.0022223277,0.0086455755,5.906715e-07,-2.3912733e-06,-2.2979136e-06
26.978,0.011440285,0.00038973204,0.006202115,8.512556e-08,-2.498845e-06,-1.3546974e-06
27.018,0.0034990362,0.00038973204,0.0013151928,3.0717665e-08,-2.7578503e-07,-1.03660106e-07
27.039,-0.0038313468,0.0022223277,-0.0017391334,2.2176886e-07,3.8233495e-07,1.7355026e-07
27.079,-0.019713843,-0.008162381,-0.012123842,-4.2008537e-06,1.0145844e-05,6.239635e-06
27.118,-0.02276817,-0.006329786,-0.020675957,-4.168283e-06,1.4992873e-05,1.3615205e-05
27.137,-0.017270382,-0.0014428637,-0.02006509,-6.418483e-07,7.682202e-06,8.925347e-06
27.177,-0.008718268,-0.009994977,-0.019454226,-4.9353184e-06,4.3048635e-06,9.606076e-06
27.219,-0.0056639425,-0.00449719,-0.012734707,-1.3812215e-06,1.7395591e-06,3.911201e-06
27.237,-0.0038313468,-0.00449719,-0.005404325,-6.041244e-07,5.1467885e-07,7.259833e-07
27.277,0.0034990362,-0.0057189204,0.009256441,-1.3707789e-06,-8.3868855e-07,-2.2186932e-06
27.317,0.0016664404,-0.008162381,0.019030284,-2.844816e-06,-5.807908e-07,-6.632578e-06
27.337,0.0047207666,0.0034440581,0.020252015,1.5224101e-06,-2.0867853e-06,-8.9522455e-06
27.379,0.0077750925,0.0010005973,0.020252015,4.5567933e-07,-3.5409632e-06,-9.223246e-06
27.419,0.0077750925,-0.0014428637,0.017808553,-5.8961933e-07,-3.17719e-06,-7.2772377e-06
27.437,0.0022773056,-0.0057189204,0.011699902,-1.5855866e-06,-6.3138634e-07,-3.2438288e-06
27.477,-0.01238346,-0.008773247,-0.005404325,-2.3712191e-06,3.3469762e-06,1.4606748e-06
27.519,-0.024600765,-0.009994977,-0.023730282,-7.4648146e-06,1.8372777e-05,1.77228e-05
27.540,-0.033763744,-0.009994977,-0.032282393,-1.0013762e-05,3.3825192e-05,3.234147e-05
27.577,-0.019713843,-0.0057189204,-0.029838935,-3.4750844e-06,1.197865e-05,1.813099e-05
27.619,-0.0026096164,0.00038973204,-0.0047934595,4.4721425e-08,2.9945184e-07,5.500465e-07
27.660,0.0065533626,0.0022223277,0.016586825,6.700874e-07,-1.976019e-06,-5.001379e-06
27.678,0.008996823,0.00038973204,0.022695476,1.9953828e-07,-4.606888e-06,-1.1621378e-05
27.719,0.012051149,-0.0014428637,0.025138937,-8.4474993e-07,-7.0551173e-06,-1.4717131e-05
27.759,0.008996823,-0.0014428637,0.019030284,-6.384586e-07,-3.980933e-06,-8.420567e-06
27.779,0.04137268,-0.18470244,0.0019260582,-0.0007332087,-0.00016423315,-7.706028e-06
27.819,0.0071642273,-0.006329786,0.025749804,-3.6461645e-06,-4.1267685e-06,-1.4832615e-05
27.859,0.026101049,-0.02526661,0.01964115,-2.1882606e-05,-2.2604903e-05,-1.7010672e-05
27.881,0.019992398,-0.00022113322,0.028804129,-1.627609e-07,-1.4700948e-05,-2.1180454e-05
27.918,0.012051149,-0.0026645942,0.012310768,-7.793084e-07,-3.5245448e-06,-3.600477e-06
27.957,-0.0032204816,0.00038973204,-0.0072369203,6.4819666e-08,5.3562854e-07,1.2036401e-06
27.977,-0.010550864,-0.00022113322,-0.019454226,-1.0266042e-07,4.897151e-06,9.02962e-06
28.018,-0.010550864,0.018715689,-0.0304498,1.4626849e-05,8.246033e-06,2.3797495e-05
28.057,0.0059424974,0.0040549235,-0.023730282,2.1086882e-06,-3.0902452e-06,1.2340387e-05
28.078,0.018159801,-0.0026645942,-0.017010765,-1.3983624e-06,-9.530447e-06,8.927408e-06
28.119,0.030377107,-0.005108055,9.346238e-05,-3.2998091e-06,-1.9623638e-05,-6.0409164e-08
28.157,0.0340423,0.0071092495,0.015365093,5.6682734e-06,-2.7143085e-05,-1.225102e-05
28.177,0.030987972,0.005276654,0.013532497,3.0296253e-06,-1.7792363e-05,-7.7699215e-06
28.216,0.012662015,0.0040549235,0.009256441,1.3776356e-06,-4.301866e-06,-3.144832e-06
28.259,-0.011772595,-0.0038863246,-0.0005174029,-8.0904067e-07,2.450775e-06,1.07712e-07
28.278,-0.018492114,-0.0038863246,-0.009680382,-1.7304208e-06,8.233691e-06,4.3102395e-06
28.318,-0.024600765,-0.0069406508,-0.028617205,-5.5853207e-06,1.9795998e-05,2.3028118e-05
28.358,-0.02521163,-0.005108055,-0.031060666,-3.4563902e-06,1.705865e-05,2.1016289e-05
28.381,-0.02276817,-0.015492764,-0.025562877,-1.2208534e-05,1.7941275e-05,2.0143747e-05
28.419,-0.012994326,-0.0057189204,-0.009680382,-2.0608868e-06,4.682651e-06,3.4884415e-06
28.458,-0.01360519,-0.012438439,0.014143363,-6.0608145e-06,6.6293774e-06,-6.8915697e-06
28.479,-0.007496538,-0.008773247,0.020862881,-4.3865784e-06,3.7482705e-06,-1.0431372e-05
28.519,-0.0007770206,0.00038973204,0.033691052,2.2037041e-07,4.3934872e-07,-1.9049934e-05
28.559,-0.001998751,0.0016114624,0.03918884,1.3272453e-06,1.6461726e-06,-3.227637e-05
28.599,-0.012994326,-0.00449719,0.019030284,-1.7714235e-06,5.1184707e-06,-7.4960226e-06
28.619,-0.022157304,0.005276654,-0.0023499988,2.533858e-06,1.0640001e-05,1.1284625e-06
28.658,-0.03132028,-0.0069406508,-0.03411499,-6.8167715e-06,3.075883e-05,3.3503668e-05
28.692,-0.031931147,-0.014271034,-0.043888837,-1.6796952e-05,3.758023e-05,5.165432e-05
28.717,-0.025822496,-0.009384112,-0.042667106,-9.987755e-06,2.748161e-05,4.5409015e-05
28.758,-0.009329134,-0.006329786,-0.0145673035,-2.4452092e-06,3.6038416e-06,5.62736e-06
28.797,0.011440285,0.0010005973,0.019030284,4.6638567e-07,-5.3326726e-06,-8.870603e-06
28.817,0.015105476,-0.00022113322,0.031858455,-1.636444e-07,-1.1169461e-05,-2.3557142e-05
28.859,0.018770669,-0.0069406508,0.0416323,-5.379125e-06,-1.4546874e-05,-3.2264386e-05
28.899,0.023046724,0.0040549235,0.031858455,3.361225e-06,-1.910547e-05,-2.6410202e-05
28.920,0.016938072,-0.0026645942,0.025138937,-1.7005143e-06,-1.0809123e-05,-1.6042579e-05
28.958,0.0065533626,-0.008162381,0.007423845,-1.7573708e-06,-1.4109448e-06,-1.5983633e-06
28.998,0.0010555751,-0.0112167075,-0.009069516,-3.4022046e-06,-3.2017735e-07,2.7509275e-06
29.019,0.0004447099,-0.0008319985,-0.015178168,-2.6534352e-07,-1.4182908e-07,4.8406746e-06
29.059,-0.0038313468,0.0046657887,-0.020675957,2.1075896e-06,1.7306793e-06,9.339598e-06
29.101,-0.008718268,0.0022223277,-0.022508552,1.1296981e-06,4.4319504e-06,1.1442252e-05
29.117,-0.009939999,0.00038973204,-0.02006509,1.4642225e-07,3.7348157e-06,7.539175e-06
29.157,0.0077750925,0.0010005973,-0.011512978,2.922792e-07,-2.2711113e-06,3.3629517e-06
29.198,0.023046724,-0.005108055,0.0025369234,-2.543331e-06,-1.14750665e-05,-1.2631601e-06
29.218,0.029155377,0.0016114624,0.013532497,8.7004383e-07,-1.5742307e-05,-7.3067995e-06
29.262,0.0340423,-0.007551516,0.01597596,-6.074392e-06,-2.7382579e-05,-1.2850672e-05
29.297,0.023657588,0.0016114624,0.006202115,6.626388e-07,-9.728264e-06,-2.5503753e-06
29.338,0.0047207666,0.0034440581,-0.0041825944,5.190378e-07,-7.1144405e-07,6.3033906e-07
29.358,0.0034990362,-0.0038863246,-0.012734707,-1.1220063e-06,-1.0101974e-06,3.6765955e-06
29.399,-0.006885673,0.0010005973,-0.023730282,4.1512308e-07,2.8567945e-06,9.84544e-06
29.440,0.011440285,-0.0014428637,-0.035947587,-1.1422015e-06,-9.05741e-06,2.846008e-05
29.460,0.015105476,-0.0038863246,-0.031060666,-2.8326388e-06,-1.1010496e-05,2.2640274e-05
29.500,0.015105476,0.0040549235,-0.010902112,1.6212603e-06,-6.0394955e-06,4.3589075e-06
29.520,0.010829419,-0.006329786,0.0037586538,-1.7382546e-06,-2.9739178e-06,-1.0321846e-06
29.559,0.011440285,-0.008162381,0.017808553,-3.1066652e-06,-4.354229e-06,-6.778047e-06
29.599,0.010829419,-0.006329786,0.026360668,-3.8752755e-06,-6.6299567e-06,-1.6138543e-05
29.639,-0.01238346,-0.017325358,0.026360668,-1.2312787e-05,8.800852e-06,-1.8734072e-05
29.659,-0.026433362,-0.00022113322,0.01964115,-1.2210012e-07,1.4604823e-05,-1.0852024e-05
29.699,-0.047813643,-0.0069406508,0.0049803844,-7.0696447e-06,4.8703143e-05,-5.0728627e-06
29.722,-0.050257105,-0.014271034,-0.009069516,-1.5870004e-05,5.5886998e-05,1.0085958e-05
29.760,-0.060641814,-0.008162381,-0.03411499,-1.1994295e-05,8.9093846e-05,5.0121827e-05
29.799,-0.056976624,-0.008162381,-0.03350413,-1.1402188e-05,7.957848e-05,4.6795376e-05
29.839,-0.027044225,-0.0112167075,-0.019454226,-6.6151965e-06,1.5949418e-05,1.1473272e-05
29.859,-0.01116173,-0.0014428637,-0.0017391334,-3.44596e-07,2.6657276e-06,4.1535327e-07
29.900,0.0096076885,0.0040549235,0.029414993,2.6538742e-06,-6.2882273e-06,-1.9252011e-05
29.940,0.0053316317,-0.0057189204,0.04529749,-5.5131773e-06,-5.1395964e-06,-4.3666994e-05
29.959,0.0077750925,0.0040549235,0.041021436,3.5670646e-06,-6.839951e-06,-3.6087273e-05
30.000,0.0034990362,-0.009384112,0.03002586,-4.9833025e-06,-1.8580693e-06,-1.5944772e-05
30.040,-0.0007770206,0.005276654,0.014143363,1.6726852e-06,2.463096e-07,-4.483407e-06
30.060,-0.001998751,-0.0026645942,0.0019260582,-2.1501154e-07,1.6128331e-07,-1.5541755e-07
30.098,-0.0062748077,-0.0008319985,-0.005404325,-1.1617777e-07,8.7619276e-07,7.5464163e-07
30.139,-0.0013878858,-0.0008319985,-0.009680382,-1.7124977e-07,2.8566708e-07,1.9925042e-06
30.178,0.0022773056,-0.005108055,-0.0072369203,-7.8381197e-07,-3.4944452e-07,1.1104785e-06
30.198,0.0022773056,-0.00449719,-0.0035717292,-5.826682e-07,-2.9505406e-07,4.627629e-07
30.239,0.0065533626,0.0071092495,0.0025369234,1.4903505e-06,-1.3738176e-06,-5.318281e-07
30.277,0.01327288,0.0034440581,0.008034711,1.1478999e-06,-4.423857e-06,-2.6779694e-06
30.297,0.021824993,0.0034440581,0.011089037,1.7855391e-06,-1.1315171e-05,-5.7491e-06
30.338,0.02121413,0.0028331932,0.020862881,1.7757826e-06,-1.3297209e-05,-1.30770195e-05
30.380,0.008385958,0.0022223277,0.017197689,8.977038e-07,-3.3875347e-06,-6.9470534e-06
30.400,0.0047207666,0.0016114624,0.011699902,4.2983058e-07,-1.2591918e-06,-3.1207667e-06
30.441,-0.0032204816,0.0034440581,0.0037586538,3.484219e-07,3.2580343e-07,-3.802483e-07
30.481,-0.016659517,-0.0112167075,-0.012123842,-5.5184028e-06,8.196106e-06,5.964692e-06
30.501,-0.020935573,-0.016714495,-0.01884336,-1.1480871e-05,1.4380059e-05,1.2943126e-05
30.541,-0.027044225,-0.009384112,-0.024952013,-7.473541e-06,2.1537426e-05,1.9871382e-05
30.580,-0.019713843,-0.008773247,-0.029838935,-6.775262e-06,1.5223818e-05,2.3042987e-05
30.601,-0.018492114,-0.0008319985,-0.026784608,-5.6820767e-07,1.2626491e-05,1.828865e-05
30.641,-0.008718268,-0.00449719,-0.013956438,-1.6089072e-06,3.1190139e-06,4.9930104e-06
30.680,0.0010555751,-0.0008319985,0.012310768,-2.1607843e-07,-2.7414265e-07,-3.1972245e-06
30.701,0.0016664404,0.00038973204,0.022695476,1.4881562e-07,-6.3632746e-07,-8.66622e-06
30.740,0.0065533626,0.0016114624,0.03002586,1.0399917e-06,-4.229529e-06,-1.937859e-05
30.781,0.0065533626,0.0071092495,0.0397997,6.1063056e-06,-5.629035e-06,-3.4185447e-05
30.800,0.0053316317,0.010774441,0.036745377,6.98867e-06,-3.458382e-06,-2.3834433e-05
30.841,-0.0038313468,-0.002053729,0.021473745,-9.436222e-07,1.760401e-06,-9.866582e-06
30.881,-0.019102978,-0.0112167075,-0.006626055,-4.351291e-06,7.4105856e-06,2.5704524e-06
30.901,-0.025822496,-0.0112167075,-0.023730282,-8.661497e-06,1.9939529e-05,1.832413e-05
30.941,-0.027655093,-0.014271034,-0.03350413,-1.3685954e-05,2.6520253e-05,3.212972e-05
30.981,-0.01116173,-0.009994977,-0.019454226,-4.1176036e-06,4.59823e-06,8.014477e-06
30.999,-0.001998751,-0.00449719,-0.010291247,-1.0758686e-06,4.7816224e-07,2.4619872e-06
31.041,0.0065533626,-0.00449719,0.011089037,-1.2867367e-06,-1.8750427e-06,-3.172791e-06
31.082,0.023046724,-0.00022113322,0.022084612,-1.4814623e-07,-1.5428059e-05,-1.4784001e-05
31.119,0.010829419,0.007720115,0.033691052,5.864172e-06,-8.226211e-06,-2.559204e-05
31.140,0.018159801,-0.008162381,0.024528073,-4.3262803e-06,-9.625012e-06,-1.3000367e-05
31.180,0.022435857,0.0058875196,0.01597596,3.4774646e-06,-1.3251997e-05,-9.43635e-06
31.203,0.013883745,0.00038973204,0.0104781715,1.4219174e-07,-5.0657586e-06,-3.823167e-06
31.243,0.010218553,-0.0038863246,-0.00601519,-8.13597e-07,-2.1392448e-06,1.2592734e-06
31.280,0.002888171,0.0016114624,-0.0072369203,2.6890035e-07,-4.8194056e-07,1.207604e-06
31.303,-0.0013878858,0.00038973204,-0.006626055,5.5423335e-08,1.9736996e-07,9.4228506e-07
31.342,-0.0013878858,0.0058875196,-0.007847786,9.787162e-07,2.3071689e-07,1.3045826e-06
31.383,0.002888171,0.0010005973,-0.005404325,1.3028631e-07,-3.760641e-07,7.036886e-07
31.402,0.008996823,0.0010005973,-0.0011282681,1.914237e-07,-1.7211754e-06,2.1584827e-07
31.444,0.012662015,0.0016114624,0.007423845,4.9901223e-07,-3.9210086e-06,-2.2989188e-06
31.482,0.013883745,-0.0038863246,0.011089037,-1.4824288e-06,-5.2958767e-06,-4.2298575e-06
31.522,0.010218553,-0.00022113322,0.0086455755,-4.9668262e-08,-2.2950646e-06,-1.941777e-06
31.541,0.0041099014,-0.0026645942,0.009256441,-5.852099e-07,-9.0263256e-07,-2.0329371e-06
31.583,-0.001998751,-0.009384112,0.006202115,-2.2483619e-06,4.788872e-07,-1.4859793e-06
31.623,-0.0056639425,-0.00449719,0.00070432766,-5.4825466e-07,6.9049406e-07,-8.586475e-08
31.643,-0.008107403,-0.008773247,-0.0011282681,-2.207652e-06,2.0401023e-06,2.8391344e-07
31.683,-0.014216056,-0.0038863246,-0.012123842,-1.5553753e-06,5.6894614e-06,4.852136e-06
31.723,-0.012994326,0.0071092495,-0.01884336,3.573404e-06,6.531561e-06,9.471525e-06
31.742,-0.019102978,-0.008162381,-0.017621629,-4.6630953e-06,1.0913208e-05,1.0066986e-05
31.782,-0.001998751,-0.0069406508,-0.019454226,-3.020543e-06,8.698345e-07,8.466391e-06
31.823,-0.004442212,0.00038973204,-0.006626055,6.527828e-08,7.440544e-07,1.10984e-06
31.843,-0.008107403,-0.011827573,-0.0017391334,-3.5828673e-06,2.4559336e-06,5.2683123e-07
31.883,-0.008107403,0.00038973204,0.0049803844,6.22673e-08,1.295305e-06,-7.9570697e-07
31.924,-0.011772595,0.0034440581,0.015365093,1.4200485e-06,4.8540005e-06,-6.3352454e-06
31.944,-0.009329134,-0.013660168,0.019030284,-7.2233634e-06,4.933208e-06,-1.0063045e-05
31.986,0.0022773056,0.014439632,0.022695476,8.174889e-06,-1.2893333e-06,-1.2848882e-05
32.023,-0.008718268,-0.0038863246,0.021473745,-1.9152483e-06,4.2965753e-06,-1.0582757e-05
32.044,-0.016048653,-0.013049303,0.009867307,-5.017317e-06,6.1705596e-06,-3.7938673e-06
32.083,-0.025822496,-0.0057189204,-0.015789034,-3.6943793e-06,1.6680735e-05,1.0199393e-05
32.122,-0.017881246,-0.0008319985,-0.022508552,-5.018638e-07,1.0784441e-05,1.3575243e-05
32.145,-0.014216056,-0.0057189204,-0.012734707,-1.9116915e-06,4.7520416e-06,4.2568754e-06
32.181,0.0004447099,-0.008773247,0.006202115,-1.978485e-06,-1.0028667e-07,-1.3986604e-06
32.223,0.010218553,-0.006329786,0.020252015,-2.5009965e-06,-4.0374725e-06,-8.001839e-06
32.244,0.018159801,-0.0069406508,0.022084612,-4.2826914e-06,-1.1205179e-05,-1.3626973e-05
32.282,0.014494611,0.0028331932,0.020862881,1.5187165e-06,-7.7699815e-06,-1.1183739e-05
32.322,0.010218553,-0.0057189204,0.016586825,-1.9481176e-06,-3.4808693e-06,-5.6501826e-06
32.363,0.011440285,-0.020379687,0.004369519,-1.0161758e-05,-5.7043617e-06,-2.1787653e-06
32.383,0.0022773056,-0.0014428637,0.0031477886,-1.2540742e-07,-1.9793342e-07,-2.73592e-07
32.425,-0.001998751,0.0022223277,-0.020675957,9.73628e-07,8.756843e-07,9.058417e-06
32.444,-0.0062748077,0.0058875196,-0.026784608,3.473527e-06,3.7020784e-06,1.5802545e-05
32.484,-0.008718268,0.0022223277,-0.026784608,1.316814e-06,5.1660777e-06,1.5871392e-05
32.525,0.008996823,-0.0038863246,-0.012734707,-1.3096674e-06,-3.0318915e-06,4.291537e-06
32.544,0.018159801,-0.00449719,0.0013151928,-1.7687972e-06,-7.142454e-06,-5.172864e-07
32.583,0.030987972,-0.00022113322,0.030636724,-1.6192254e-07,-2.265507e-05,-2.2398279e-05
32.624,0.031598836,-0.0032754596,0.026971532,-2.8629327e-06,-2.7615957e-05,-2.357197e-05
32.663,0.010218553,-0.006329786,0.0068129804,-1.4672846e-06,-2.3687217e-06,-1.579292e-06
32.683,-0.00016615535,0.0046657887,-0.005404325,6.988062e-07,2.4885765e-08,8.094186e-07
32.723,-0.017270382,-0.0014428637,-0.007847786,-5.756773e-07,6.890449e-06,3.1310722e-06
32.764,-0.020935573,-0.009384112,-0.013956438,-4.2279175e-06,9.432232e-06,6.287909e-06
32.783,-0.025822496,-0.0014428637,-0.0145673035,-8.982567e-07,1.607452e-05,9.068165e-06
32.823,-0.030098552,-0.005108055,-0.017010765,-3.7439243e-06,2.2059754e-05,1.2467541e-05
32.863,-0.017881246,-0.006329786,-0.015789034,-3.2761802e-06,9.254883e-06,8.172033e-06
32.883,-0.009939999,0.00038973204,-0.006626055,9.7688236e-08,2.4915619e-06,1.660888e-06
32.927,0.0016664404,-0.006329786,0.0055912496,-9.1418383e-07,-2.4067643e-07,-8.075202e-07
32.962,0.0034990362,-0.0014428637,0.015365093,-4.788338e-07,-1.161194e-06,-5.099082e-06
32.981,0.0022773056,0.0022223277,0.022084612,1.0398894e-06,-1.065626e-06,-1.0334062e-05
33.021,0.0016664404,0.0071092495,0.033080187,5.050693e-06,-1.183968e-06,-2.350154e-05
33.062,-0.01238346,-0.005108055,0.019030284,-2.4929727e-06,6.0437937e-06,-9.287776e-06
33.102,-0.034985475,-0.007551516,-0.013956438,-4.867158e-06,2.2548602e-05,8.995172e-06
33.122,-0.039872393,-0.012438439,-0.031060666,-1.3578347e-05,4.3523865e-05,3.3905642e-05
33.161,-0.025822496,-0.0069406508,-0.043888837,-7.4811646e-06,2.7830838e-05,4.7302692e-05
33.201,-0.008718268,-0.00449719,-0.019454226,-2.0548705e-06,3.9835354e-06,8.889015e-06
33.223,0.0004447099,-0.002053729,-0.005404325,-2.497392e-07,-5.4078058e-08,6.5718115e-07
33.261,0.012662015,-0.005108055,0.022084612,-2.2251465e-06,-5.5156893e-06,-9.620284e-06
33.302,0.023657588,-0.0038863246,0.030636724,-3.1708664e-06,-1.9300804e-05,-2.4994744e-05
33.322,0.019381532,-0.009384112,0.03246932,-7.667706e-06,-1.5836005e-05,-2.6529835e-05
33.362,0.0077750925,-0.008162381,0.023917207,-3.620858e-06,-3.4490192e-06,-1.0609702e-05
33.403,0.002888171,0.0010005973,0.0086455755,1.9242302e-07,-5.5542034e-07,-1.6626186e-06
33.423,0.0034990362,0.0022223277,0.00070432766,1.9595458e-07,-3.0852885e-07,-6.2104334e-08
33.461,-0.0013878858,0.0022223277,-0.008458651,4.1269942e-07,2.5773903e-07,1.5708223e-06
33.502,-0.0056639425,0.0028331932,-0.013345573,8.776941e-07,1.7546403e-06,4.134338e-06
33.523,-0.007496538,0.0046657887,-0.013345573,1.2526356e-06,2.012622e-06,3.5829273e-06
33.564,0.0016664404,0.00038973204,-0.010291247,8.5268724e-08,-3.6459542e-07,2.251591e-06
33.604,0.0096076885,-0.0032754596,0.00070432766,-5.5915257e-07,-1.6401249e-06,-1.2023597e-07
33.623,0.011440285,0.0034440581,0.004369519,9.188294e-07,-3.0521237e-06,-1.1657312e-06
33.664,0.018159801,-0.0026645942,0.009256441,-1.1487119e-06,-7.828618e-06,-3.990421e-06
33.702,0.016327206,-0.005108055,0.012310768,-1.8062588e-06,-5.773417e-06,-4.3531836e-06
33.724,0.016938072,-0.002053729,0.0104781715,-8.6238936e-07,-7.112401e-06,-4.3998534e-06
33.761,0.012051149,0.0071092495,0.0013151928,2.0952632e-06,-3.551759e-06,-3.8761468e-07
33.802,-0.008718268,-0.009384112,-0.0047934595,-2.6915272e-06,2.500548e-06,1.3748504e-06
33.842,-0.0026096164,-0.0069406508,-0.021286821,-3.2810317e-06,1.2336168e-06,1.0062834e-05
33.864,-0.0013878858,0.0071092495,-0.026173742,3.2391697e-06,6.3237906e-07,1.1925491e-05
33.901,-0.006885673,-0.0069406508,-0.028617205,-4.4018257e-06,4.366879e-06,1.8149145e-05
33.943,-0.00016615535,-0.006329786,-0.028006338,-3.8115431e-06,1.00019925e-07,1.6864287e-05
33.962,-0.0038313468,-0.0038863246,-0.022508552,-1.5101232e-06,1.4887472e-06,8.746192e-06
34.001,-0.014216056,-0.017325358,0.0013151928,-8.156892e-06,6.6930165e-06,-6.191743e-07
34.041,-0.012994326,-0.00449719,0.016586825,-1.6255859e-06,4.697066e-06,-5.9956387e-06
34.062,-0.0154377865,-0.011827573,0.026971532,-8.24774e-06,1.0765465e-05,-1.8808287e-05
34.101,-0.009939999,-0.0008319985,0.04529749,-8.0908546e-07,9.668818e-06,-4.4061602e-05
34.142,-0.010550864,0.0010005973,0.050795276,1.0891611e-06,1.1481355e-05,-5.527511e-05
34.161,-0.01238346,-0.017936226,0.041021436,-1.7472785e-05,1.2064009e-05,-3.9961964e-05
34.203,-0.02521163,-0.012438439,-0.0017391334,-7.3473866e-06,1.4892493e-05,1.0273598e-06
34.240,-0.030098552,-0.009384112,-0.031060666,-8.710289e-06,2.7935914e-05,2.882915e-05
34.262,-0.02276817,-0.005108055,-0.032893263,-4.3204855e-06,1.9256475e-05,2.7820031e-05
34.301,-0.006885673,-0.0057189204,-0.015178168,-1.6906847e-06,2.0356026e-06,4.4871126e-06
34.341,0.0004447099,-0.005108055,0.009256441,-1.1335474e-06,-9.868604e-08,-2.0541308e-06
34.361,0.0071642273,0.0016114624,0.01597596,5.9419915e-07,-2.6417226e-06,-5.8909377e-06
34.402,0.008996823,-0.0008319985,0.023917207,-4.4612963e-07,-4.8238894e-06,-1.2823865e-05
34.442,0.008996823,0.0022223277,0.020252015,1.0379628e-06,-4.202151e-06,-9.459107e-06
34.462,0.008996823,-0.0069406508,0.017808553,-3.0748668e-06,-3.9857655e-06,-7.889562e-06
34.502,0.016327206,0.011385307,0.004369519,4.8657826e-06,-6.9778353e-06,-1.8674039e-06
34.542,0.008996823,0.0034440581,-0.005404325,7.9781233e-07,-2.0841003e-06,1.2519048e-06
34.563,0.002888171,0.0034440581,-0.009069516,5.848791e-07,-4.9047605e-07,1.5402084e-06
34.603,-0.0062748077,0.0034440581,-0.007847786,7.671805e-07,1.3977465e-06,1.7481342e-06
34.643,-0.0056639425,-0.0026645942,0.0025369234,-3.0193314e-07,6.417985e-07,-2.8746638e-07
34.661,0.0010555751,0.0022223277,0.008034711,3.9162427e-07,-1.8601649e-07,-1.4158977e-06
34.701,0.011440285,0.0022223277,0.019030284,1.0399917e-06,-5.353884e-06,-8.905881e-06
34.741,0.01571634,0.00038973204,0.020252015,2.0949916e-07,-8.450123e-06,-1.08887925e-05
34.781,0.0034990362,0.0016114624,0.009256441,3.3882796e-07,-7.357133e-07,-1.9462739e-06
34.802,-0.001998751,-0.0014428637,9.346238e-05,-7.4646046e-08,1.0340468e-07,-4.8352393e-09
34.841,-0.01238346,0.005276654,-0.013345573,2.0975529e-06,4.922656e-06,5.305103e-06
34.881,-0.019713843,-0.008162381,-0.022508552,-5.309067e-06,1.2822233e-05,1.464004e-05
34.901,-0.02276817,-0.005108055,-0.024341147,-2.889774e-06,1.2880194e-05,1.3770084e-05
34.943,-0.017881246,-0.0032754596,-0.019454226,-1.8290184e-06,9.984591e-06,1.08629365e-05
34.982,-0.008718268,-0.0069406508,-0.010291247,-1.7663235e-06,2.2187028e-06,2.619013e-06
35.002,-0.006885673,-0.00449719,-0.0047934595,-8.977806e-07,1.3745954e-06,9.569252e-07
35.041,-0.001998751,-0.0069406508,0.0025369234,-1.1142747e-06,3.2088624e-07,-4.0728582e-07
35.084,-0.0007770206,-0.068027176,0.014754228,-7.944989e-05,9.0817787e-07,-1.7231636e-05
35.103,0.0016664404,-0.055199005,0.017197689,-6.695601e-05,-2.0206817e-06,-2.086074e-05
35.141,-0.011772595,-0.041149106,0.01597596,-3.9423776e-05,1.1279312e-05,-1.5305919e-05
35.180,0.020603264,-0.20974791,0.042243164,-0.0009455098,-9.278529e-05,-0.00019046749
35.201,-0.0032204816,-0.09612697,0.022695476,-0.00019921847,6.678981e-06,-4.703464e-05
35.240,-0.0056639425,-0.11262034,0.004369519,-0.00021321981,1.0724211e-05,-8.271503e-06
35.281,-0.019713843,0.0022223277,-0.017010765,1.2178995e-06,1.0804205e-05,9.322767e-06
35.300,-0.018492114,-0.013049303,-0.01884336,-8.059519e-06,1.1420971e-05,1.1638e-05
35.340,-0.0154377865,-0.0008319985,-0.012734707,-2.7959854e-07,5.1877623e-06,4.2794127e-06
35.380,-0.00016615535,-0.01610363,0.004369519,-5.6354056e-06,5.8149755e-08,-1.5290968e-06
35.400,0.0065533626,-0.095516115,0.011699902,-0.0001932066,-1.3253611e-05,-2.3667404e-05
35.440,0.010829419,-0.049701218,0.017808553,-5.617503e-05,-1.22394085e-05,-2.01285e-05
35.480,0.010218553,0.06086539,0.016586825,8.1573584e-05,-1.3696137e-05,-2.2229633e-05
35.520,0.0071642273,0.03398732,0.004369519,2.495246e-05,-5.2598e-06,-3.2079038e-06
35.541,0.0096076885,0.0064983843,-0.0023499988,1.6128399e-06,-2.3845394e-06,5.8325e-07
35.585,0.0016664404,-0.008773247,-0.009680382,-2.42318e-06,-4.6027594e-07,2.6737318e-06
35.603,0.0041099014,-0.013049303,-0.007847786,-3.453029e-06,-1.0875417e-06,2.0766333e-06
35.643,0.0041099014,0.0016114624,9.346238e-05,1.4922178e-07,-3.8057777e-07,-8.654609e-09
35.680,0.0016664404,0.0016114624,0.0025369234,9.2909815e-08,-9.607961e-08,-1.4626782e-07
35.722,0.0004447099,0.0010005973,0.0019260582,4.6491202e-08,-2.0662759e-08,-8.949131e-08
35.743,0.0004447099,0.013828767,-0.0023499988,4.070024e-06,-1.3088372e-07,6.9164196e-07
35.782,0.0034990362,0.005276654,-0.0041825944,8.3970366e-07,-5.568209e-07,6.655999e-07
35.821,0.010218553,0.0010005973,0.0086455755,2.816568e-07,-2.8764434e-06,-2.4336616e-06
35.842,0.012662015,0.0010005973,0.01597596,3.4261194e-07,-4.335719e-06,-5.4704756e-06
35.884,0.015105476,0.0064983843,0.015365093,3.0670246e-06,-7.129361e-06,-7.2518715e-06
35.921,0.0059424974,-0.00022113322,0.0013151928,-2.8243889e-08,-7.589943e-07,-1.6798055e-07
35.941,-0.0038313468,-0.00022113322,-0.0047934595,-2.278124e-08,3.9470532e-07,4.9382214e-07
35.984,-0.021546438,-0.005108055,-0.013345573,-2.7696512e-06,1.16825595e-05,7.236042e-06
36.021,-0.022157304,-0.0057189204,-0.022508552,-3.079805e-06,1.1932054e-05,1.2121244e-05
36.040,-0.020935573,-0.008162381,-0.02006509,-5.1568486e-06,1.32264795e-05,1.2676599e-05
36.081,-0.020324709,-0.016714495,-0.015178168,-1.0648539e-05,1.2948421e-05,9.669781e-06
36.123,-0.008107403,-0.005108055,-0.0041825944,-1.1200265e-06,1.7776819e-06,9.171041e-07
36.142,-0.010550864,-0.009384112,0.006202115,-3.0350989e-06,3.4124675e-06,-2.0059442e-06
36.183,0.0034990362,-0.013049303,0.014754228,-5.4747484e-06,-1.4679792e-06,-6.1900373e-06
36.221,0.0022773056,-0.0069406508,0.016586825,-2.6380683e-06,-8.6557066e-07,-6.304472e-06
36.242,0.0034990362,0.0028331932,0.016586825,1.0211854e-06,-1.261187e-06,-5.978514e-06
36.283,0.008996823,0.011385307,0.009867307,3.3519027e-06,-2.6487264e-06,-2.9049932e-06
36.321,-0.011772595,0.007720115,0.016586825,3.5223475e-06,5.371271e-06,-7.5678017e-06
36.342,-0.0062748077,0.014439632,0.009867307,5.6266113e-06,2.4450567e-06,-3.8449425e-06
36.382,-0.007496538,-0.002053729,-0.013956438,-6.880427e-07,2.511476e-06,4.675663e-06
36.421,-0.02276817,-0.011827573,-0.022508552,-8.466024e-06,1.6296843e-05,1.6111151e-05
36.443,-0.027044225,-0.010605843,-0.024341147,-8.429819e-06,2.149489e-05,1.9346635e-05
36.482,-0.010550864,-0.0057189204,-0.026173742,-3.4534366e-06,6.3711423e-06,1.5805099e-05
36.522,-0.006885673,-0.005108055,-0.0072369203,-1.2018781e-06,1.6201323e-06,1.7027795e-06
36.562,0.008385958,-0.0026645942,0.0086455755,-6.8933053e-07,-2.169439e-06,-2.2366032e-06
36.581,0.014494611,0.00038973204,0.017808553,1.8766909e-07,-6.9807575e-06,-8.576785e-06
36.622,0.01571634,-0.0057189204,0.022084612,-2.6580437e-06,-7.304535e-06,-1.0264367e-05
36.662,0.02487932,-0.002053729,0.01841942,-1.3362844e-06,-1.6186857e-05,-1.1983967e-05
36.682,0.021824993,-0.0008319985,0.019030284,-5.055269e-07,-1.3258975e-05,-1.1561157e-05
36.721,0.018159801,-0.0038863246,0.0068129804,-1.2897793e-06,-6.0267757e-06,-2.261059e-06
36.761,0.012051149,-0.00022113322,9.346238e-05,-5.5898322e-08,-3.0463023e-06,-2.3625605e-08
36.781,0.0071642273,-0.005108055,-0.0011282681,-9.5027434e-07,-1.3327935e-06,2.0989614e-07
36.821,-0.001998751,0.0040549235,-0.0035717292,4.899442e-07,2.4150322e-07,4.3156132e-07
36.861,-0.004442212,0.007720115,-0.0072369203,1.8580482e-06,1.069137e-06,1.7417545e-06
36.881,-0.0013878858,-0.0008319985,-0.0072369203,-1.0351192e-07,1.7267169e-07,9.0037065e-07
36.920,0.0047207666,-0.00022113322,0.0025369234,-2.4874769e-08,-5.3102656e-07,-2.853718e-07
36.961,0.012051149,-0.0008319985,0.009867307,-2.1772547e-07,-3.153603e-06,-2.5821253e-06
36.981,0.017548937,-0.0014428637,0.014143363,-6.834281e-07,-8.311903e-06,-6.698887e-06
37.021,0.016938072,-0.005108055,0.01841942,-2.7359288e-06,-9.07205e-06,-9.865489e-06
37.062,0.012051149,-0.00022113322,0.0104781715,-5.925674e-08,-3.2290816e-06,-2.8076054e-06
37.084,-0.0032204816,0.009552711,0.0068129804,2.4375292e-06,8.2175586e-07,-1.7384432e-06
37.121,-0.016659517,-0.008162381,-0.0145673035,-4.0376794e-06,8.240877e-06,7.2059624e-06
37.162,-0.021546438,0.0028331932,-0.024952013,1.9658958e-06,1.4951642e-05,1.7314824e-05
37.181,-0.024600765,-0.0026645942,-0.027395474,-2.0631037e-06,1.9045641e-05,2.1209318e-05
37.221,-0.0154377865,-0.009994977,-0.035947587,-6.771176e-06,1.04581695e-05,2.4352552e-05
37.260,-0.0154377865,-0.006329786,-0.017621629,-3.2214343e-06,7.856692e-06,8.968135e-06
37.303,-0.0026096164,0.00038973204,0.0025369234,2.991684e-08,2.003208e-07,-1.947407e-07
37.322,0.0016664404,-0.0038863246,0.015365093,-1.0390768e-06,-4.455494e-07,-4.108123e-06
37.360,0.0096076885,0.0028331932,0.030636724,1.915079e-06,-6.494505e-06,-2.0709424e-05
37.400,0.01571634,0.005276654,0.0416323,3.966891e-06,-1.1815869e-05,-3.1299835e-05
37.422,0.0053316317,0.0046657887,0.041021436,4.0732357e-06,-4.6546847e-06,-3.5812456e-05
37.461,-0.01238346,-0.012438439,0.0068129804,-4.9112496e-06,4.889555e-06,-2.6900595e-06
37.503,-0.038650665,-0.015492764,-0.03167153,-1.6998625e-05,4.240529e-05,3.4748784e-05
37.523,-0.0380398,-0.016714495,-0.043888837,-2.1186217e-05,4.821316e-05,5.5627654e-05
37.565,-0.024600765,-0.008773247,-0.041445374,-9.013875e-06,2.52738e-05,4.2579682e-05
37.601,-0.0062748077,-0.010605843,-0.008458651,-3.3244723e-06,1.9668746e-06,2.651422e-06
37.622,0.0004447099,-0.0069406508,0.006202115,-1.3563806e-06,-8.6906866e-08,-1.212052e-06
37.661,0.010829419,-0.009384112,0.028804129,-5.0651283e-06,-5.8451487e-06,-1.5547068e-05
37.704,0.012051149,-0.0014428637,0.03246932,-1.0489923e-06,-8.760564e-06,-2.3603561e-05
37.725,0.012662015,-0.013660168,0.03002586,-1.0122342e-05,-9.382489e-06,-2.2249327e-05
37.762,0.0096076885,-0.0057189204,0.020252015,-2.2196155e-06,-3.7288828e-06,-7.860122e-06
37.802,0.012662015,0.0028331932,0.0104781715,9.909203e-07,-4.4286267e-06,-3.6648084e-06
37.822,0.015105476,0.00833098,0.004369519,3.1090744e-06,-5.6372887e-06,-1.6306734e-06
37.862,0.0077750925,-0.0032754596,0.004369519,-6.526533e-07,-1.5492279e-06,-8.7065024e-07
37.905,-0.0007770206,-0.0069406508,0.0037586538,-1.1544331e-06,1.292416e-07,-6.251739e-07
37.921,-0.0032204816,0.0046657887,-0.0005174029,5.5704004e-07,3.8448746e-07,6.1771686e-08
37.961,-0.0038313468,0.00038973204,-0.006626055,6.263901e-08,6.157899e-07,1.0649668e-06
38.001,0.0016664404,-0.0008319985,-0.0041825944,-7.9888174e-08,-1.6001104e-07,4.0161126e-07
38.021,0.008385958,0.00038973204,0.00070432766,5.5084556e-08,-1.185269e-06,-9.954943e-08
38.061,0.012051149,-0.0032754596,0.007423845,-9.979749e-07,-3.6717563e-06,-2.2619072e-06
38.102,0.010218553,-0.002053729,0.004369519,-3.8941192e-07,-1.9375573e-06,-8.285125e-07
38.142,-0.0013878858,0.00833098,-0.0011282681,1.4887016e-06,2.480079e-07,2.016153e-07
38.161,-0.008107403,0.0034440581,-0.006626055,7.9612425e-07,1.8741013e-06,1.5316726e-06
38.202,-0.014826922,-0.0057189204,-0.01884336,-2.3651185e-06,6.131755e-06,7.792794e-06
38.223,-0.018492114,0.00833098,-0.024341147,5.5354594e-06,1.2287217e-05,1.6173555e-05
38.263,-0.019713843,-0.021601418,-0.028617205,-1.8536206e-05,1.6916058e-05,2.4556342e-05
38.303,-0.011772595,-0.0112167075,-0.018232495,-5.746767e-06,6.0315137e-06,9.341205e-06
38.343,-0.0062748077,-0.011827573,0.0055912496,-3.5989763e-06,1.9093459e-06,-1.7013417e-06
38.363,-0.001998751,-0.0008319985,0.016586825,-2.3349179e-07,5.6093256e-07,-4.6549476e-06
38.404,0.0077750925,-0.0026645942,0.029414993,-1.7067337e-06,-4.979972e-06,-1.8840461e-05
38.444,0.0059424974,0.0064983843,0.03613451,5.0684976e-06,-4.635058e-06,-2.8183926e-05
38.463,-0.0013878858,-0.00022113322,0.035523646,-1.3188703e-07,8.2781156e-07,-2.1188223e-05
38.502,-0.006885673,-0.009994977,0.020252015,-4.948978e-06,3.4094537e-06,-1.0027742e-05
38.543,-0.020324709,-0.008162381,-0.007847786,-3.186103e-06,7.9335105e-06,3.063305e-06
38.563,-0.028876822,-0.011827573,-0.022508552,-9.543865e-06,2.3300583e-05,1.8162233e-05
38.604,-0.023989901,-0.008162381,-0.032893263,-7.107994e-06,2.0889991e-05,2.8643097e-05
38.643,-0.009939999,-0.008162381,-0.016399898,-3.5676803e-06,4.3446244e-06,7.168178e-06
38.662,0.0022773056,-0.0069406508,9.346238e-05,-1.0633311e-06,-3.4889086e-07,-1.4318937e-08
38.703,0.01571634,-0.0026645942,0.025138937,-1.6634699e-06,-9.81103e-06,-1.5693176e-05
38.742,0.02732278,-0.008162381,0.031858455,-7.3193046e-06,-2.4499388e-05,-2.8566581e-05
38.763,0.029155377,0.0010005973,0.033691052,9.3474483e-07,-2.7249085e-05,-3.148817e-05
38.803,0.016938072,-0.002053729,0.034301914,-1.3201602e-06,-1.088698e-05,-2.2047661e-05
38.842,0.0096076885,0.00038973204,0.017808553,1.6540085e-07,-4.077848e-06,-7.558588e-06
38.863,0.0053316317,0.0028331932,0.004369519,4.4282498e-07,-8.333289e-07,-6.8295134e-07
38.901,-0.0013878858,-0.0038863246,-0.010291247,-9.036805e-07,3.227215e-07,2.3930052e-06
38.942,-0.0062748077,-0.0026645942,-0.010291247,-6.898118e-07,1.6244202e-06,2.6641965e-06
38.982,-0.0050530774,0.0028331932,-0.0145673035,7.451716e-07,1.32904e-06,3.8314283e-06
39.001,-0.009329134,0.0046657887,-0.013345573,1.6573844e-06,3.3139202e-06,4.7406425e-06
39.042,0.0004447099,-0.00022113322,-0.008458651,-3.929449e-08,-7.902333e-08,1.5030708e-06
39.081,0.010218553,0.0010005973,0.007423845,2.65869e-07,-2.7152023e-06,-1.9726115e-06
39.102,0.012051149,0.00038973204,0.0104781715,1.3055418e-07,-4.0371674e-06,-3.5102153e-06
39.144,0.010218553,-0.0008319985,0.009867307,-1.9862512e-07,-2.4394658e-06,-2.3556136e-06
39.187,0.0010555751,-0.00022113322,9.346238e-05,-5.0202384e-09,-2.3964011e-08,-2.1218136e-09
39.203,-0.0056639425,0.0040549235,-0.005404325,7.4973e-07,1.0472286e-06,9.992262e-07
39.242,-0.020324709,-0.008162381,-0.007847786,-3.9826327e-06,9.9168865e-06,3.829135e-06
39.283,-0.018492114,-0.012438439,-0.013956438,-6.859307e-06,1.0197585e-05,7.696413e-06
39.303,-0.021546438,-0.002053729,-0.009069516,-1.010764e-06,1.06040525e-05,4.463557e-06
39.343,-0.016659517,-0.012438439,-0.0047934595,-5.5656074e-06,7.454322e-06,2.1448618e-06
39.383,-0.010550864,-0.0112167075,0.004369519,-3.7653754e-06,3.5418611e-06,-1.4668133e-06
39.403,-0.0062748077,-0.0014428637,0.0068129804,-2.2691798e-07,9.868362e-07,-1.0714741e-06
39.443,-0.0026096164,-0.009994977,0.0068129804,-2.5938007e-06,6.7722505e-07,-1.7680388e-06
39.483,-0.0013878858,-0.00022113322,0.0055912496,-2.1388747e-08,1.3424119e-07,-5.4080533e-07
39.503,0.0016664404,0.0028331932,0.007423845,4.8239883e-07,-2.8373995e-07,-1.264035e-06
39.543,0.008385958,0.00038973204,0.011699902,1.1769176e-07,-2.5324987e-06,-3.533285e-06
39.583,0.0053316317,-0.0014428637,0.0086455755,-2.4835103e-07,-9.1769743e-07,-1.4881043e-06
39.602,0.0010555751,-0.00449719,0.0031477886,-5.2720435e-07,-1.2374468e-07,-3.6901443e-07
39.642,-0.011772595,-0.007551516,-0.010291247,-2.7499825e-06,4.2871256e-06,3.747686e-06
39.682,-0.018492114,-0.005108055,-0.0145673035,-2.580485e-06,9.341705e-06,7.3590186e-06
39.702,-0.016048653,-0.0069406508,-0.011512978,-3.0472547e-06,7.0460246e-06,5.0546914e-06
39.742,-0.0013878858,-0.002053729,0.0037586538,-1.5513365e-07,1.0483751e-07,-2.839195e-07
39.783,0.0071642273,-0.0032754596,0.019030284,-1.4147989e-06,-3.0944757e-06,-8.21985e-06
39.802,0.011440285,-0.005108055,0.023306342,-2.834587e-06,-6.348388e-06,-1.293309e-05
39.843,0.018770669,0.0040549235,0.020252015,1.8986316e-06,-8.789168e-06,-9.482775e-06
39.882,0.012662015,-0.0008319985,0.016586825,-3.6440994e-07,-5.545572e-06,-7.2645207e-06
39.903,0.014494611,0.0010005973,0.011089037,3.8352104e-07,-5.555842e-06,-4.2504703e-06
39.943,0.0010555751,-0.008162381,0.0031477886,-1.5083768e-06,-1.9506581e-07,-5.816995e-07
39.982,0.0004447099,-0.013049303,-0.00601519,-3.9341435e-06,-1.3407607e-07,1.8134776e-06
40.023,-0.008107403,-0.0014428637,-0.00601519,-3.0857566e-07,1.7338699e-06,1.2864242e-06
40.042,-0.009329134,0.0034440581,-0.009069516,9.721168e-07,2.6332436e-06,2.5599613e-06
40.083,-0.007496538,0.0040549235,-0.017010765,1.6179612e-06,2.9912292e-06,6.787531e-06
40.104,-0.004442212,0.010774441,-0.016399898,3.6368285e-06,1.499446e-06,5.5356613e-06
40.142,0.0047207666,-0.002053729,-0.0023499988,-2.4373833e-07,-5.602649e-07,2.788999e-07
40.183,0.026101049,-0.0032754596,0.020862881,-1.845114e-06,-1.47024e-05,-1.1751827e-05
40.223,0.028544512,-0.0038863246,0.029414993,-3.355919e-06,-2.4646415e-05,-2.5398107e-05
40.241,0.025490185,-0.00449719,0.023306342,-3.2851187e-06,-1.861921e-05,-1.7024086e-05
40.281,0.0096076885,-0.00022113322,0.009256441,-6.18821e-08,-2.688472e-06,-2.5901843e-06
40.321,-0.0050530774,0.005276654,-0.0041825944,9.315837e-07,8.921123e-07,7.384294e-07
40.341,-0.014826922,-0.005108055,-0.0072369203,-1.4801493e-06,4.296348e-06,2.0970224e-06
40.381,-0.024600765,-0.006329786,-0.018232495,-4.1507733e-06,1.6131615e-05,1.1955762e-05
40.421,-0.028265957,-0.0014428637,-0.020675957,-1.0607542e-06,2.0777263e-05,1.519815e-05
40.443,-0.026433362,-0.020379687,-0.020675957,-1.3424556e-05,1.7412001e-05,1.3619712e-05
40.481,-0.010550864,-0.0057189204,-0.008458651,-1.7609408e-06,3.2487583e-06,2.6045414e-06
40.521,-0.009329134,-0.013660168,0.0086455755,-4.277613e-06,2.9213795e-06,-2.7073147e-06
40.541,0.0022773056,-0.005108055,0.0086455755,-1.1030328e-06,-4.9175986e-07,-1.866924e-06
40.583,-0.0038313468,-0.0112167075,0.009867307,-3.6278846e-06,1.2392011e-06,-3.1914396e-06
40.622,-0.0007770206,-0.00022113322,0.016586825,-7.70118e-08,2.7060796e-07,-5.776582e-06
40.660,0.0010555751,0.00038973204,0.017808553,1.4584312e-07,-3.9501484e-07,-6.664267e-06
40.681,-0.0032204816,-0.0026645942,0.017197689,-9.889911e-07,1.1953223e-06,-6.383121e-06
40.720,-0.012994326,0.0016114624,0.00070432766,4.4314487e-07,3.5733779e-06,-1.9368755e-07
40.761,-0.021546438,-0.0032754596,-0.015789034,-1.8486959e-06,1.2160619e-05,8.911207e-06
40.782,-0.022157304,-0.002053729,-0.022508552,-1.0906397e-06,1.1765945e-05,1.19524775e-05
40.822,-0.011772595,-0.00022113322,-0.017010765,-9.59612e-08,5.1077373e-06,7.380406e-06
40.863,0.002888171,0.0046657887,-0.0005174029,4.3144996e-07,-2.6707195e-07,4.78448e-08
40.882,0.01327288,0.0034440581,0.009256441,1.1949371e-06,-4.6051373e-06,-3.2115963e-06
40.923,0.026711917,-0.008162381,0.026971532,-6.6467214e-06,-2.175097e-05,-2.1962514e-05
40.947,0.029155377,-0.0014428637,0.031858455,-1.3078657e-06,-2.6419799e-05,-2.8869292e-05
40.984,0.02732278,-0.0008319985,0.03124759,-7.2471863e-07,-2.378908e-05,-2.7206306e-05
41.024,0.013883745,-0.00022113322,0.016586825,-1.0034066e-07,-6.2983527e-06,-7.5246044e-06
41.062,-0.0007770206,-0.0069406508,-0.0017391334,-1.0476087e-06,1.17281886e-07,2.6250157e-07
41.082,-0.0056639425,-0.0014428637,-0.0072369203,-2.8148327e-07,1.1049556e-06,1.4118218e-06
41.122,-0.014826922,-0.006329786,-0.011512978,-2.1037997e-06,4.9279247e-06,3.8265e-06
41.162,-0.017270382,-0.0008319985,-0.0145673035,-3.945154e-07,8.188648e-06,6.9070024e-06
41.181,-0.014826922,-0.0008319985,-0.013345573,-3.4838646e-07,6.208234e-06,5.5879746e-06
41.222,-0.009939999,-0.0057189204,-0.009680382,-1.7998985e-06,3.1283748e-06,3.046672e-06
41.261,0.002888171,-0.0057189204,0.0019260582,-8.023722e-07,-4.052141e-07,-2.702287e-07
41.282,0.0096076885,-0.00449719,0.006202115,-1.1589331e-06,-2.4759117e-06,-1.5982939e-06
41.322,0.01571634,0.0010005973,0.012310768,4.1943278e-07,-6.5882814e-06,-5.1606653e-06
41.363,0.01327288,-0.0038863246,0.0086455755,-1.3293132e-06,-4.5399497e-06,-2.957198e-06
41.382,0.008385958,0.0034440581,0.006202115,6.346833e-07,-1.5453969e-06,-1.1429491e-06
41.423,-0.0050530774,-0.005108055,-0.0017391334,-7.919217e-07,7.833981e-07,2.696249e-07
41.463,-0.0154377865,-0.002053729,-0.009069516,-6.209762e-07,4.6678e-06,2.742279e-06
41.483,-0.02276817,-0.013660168,-0.0072369203,-7.883868e-06,1.3140426e-05,4.1767744e-06
41.524,-0.014826922,-0.008773247,-0.012123842,-3.8759968e-06,6.5504537e-06,5.356269e-06
41.563,-0.014216056,-0.007551516,-0.010291247,-2.4205858e-06,4.5568395e-06,3.2987828e-06
41.603,-0.006885673,-0.0026645942,-0.005404325,-5.1129825e-07,1.3212621e-06,1.0370131e-06
41.622,-0.004442212,0.0028331932,-0.0005174029,3.145587e-07,4.932019e-07,5.74452e-08
41.662,-0.001998751,0.0034440581,0.008034711,6.476852e-07,3.7588194e-07,-1.5109971e-06
41.703,-0.00016615535,-0.0032754596,0.009867307,-7.14258e-07,3.623318e-08,-2.1516992e-06
41.722,0.0041099014,0.0010005973,0.012921633,2.2824398e-07,-9.375063e-07,-2.9475423e-06
41.762,0.0077750925,-0.00022113322,0.017808553,-9.013251e-08,-3.1686743e-06,-7.257728e-06
41.802,0.0022773056,-0.0057189204,0.011699902,-1.5855866e-06,-6.3138634e-07,-3.2438288e-06
41.822,-0.0050530774,-0.0038863246,0.004369519,-5.039116e-07,6.551964e-07,-5.66564e-07
41.863,-0.014826922,-0.00449719,-0.011512978,-1.8205487e-06,6.002172e-06,4.6606438e-06
41.901,-0.020935573,-0.006329786,-0.02006509,-3.1520794e-06,1.0425218e-05,9.991777e-06
41.923,-0.020935573,-0.008162381,-0.017621629,-4.8882093e-06,1.2537503e-05,1.05529625e-05
41.960,-0.01360519,-0.0038863246,-0.010902112,-1.4558238e-06,5.0964877e-06,4.083924e-06
42.001,-0.0026096164,-0.0026645942,0.0025369234,-2.5205887e-07,2.4685826e-07,-2.3998174e-07
42.022,0.002888171,-0.0026645942,0.0055912496,-3.8188858e-07,-4.1393122e-07,-8.013354e-07
42.063,0.0053316317,0.0022223277,0.012921633,6.596491e-07,-1.582586e-06,-3.8355197e-06
42.102,0.010829419,0.0022223277,0.012310768,7.71128e-07,-3.757753e-06,-4.27177e-06
42.123,0.012662015,-0.0038863246,0.011089037,-1.4078906e-06,-4.587009e-06,-4.017179e-06
42.163,0.010218553,-0.0008319985,0.013532497,-2.3698972e-07,-2.9106234e-06,-3.8545586e-06
42.201,0.016327206,0.0016114624,0.009256441,6.366024e-07,-6.450124e-06,-3.656789e-06
42.221,0.013883745,-0.00449719,0.012310768,-1.8007188e-06,-5.5591404e-06,-4.929319e-06
42.261,0.011440285,-0.0014428637,0.0086455755,-4.361002e-07,-3.4577472e-06,-2.6130667e-06
42.301,0.0041099014,-0.00022113322,0.004369519,-2.7837848e-08,-5.173814e-07,-5.500638e-07
42.341,-0.0032204816,0.0071092495,-0.005404325,1.4153483e-06,6.41152e-07,1.0759225e-06
42.362,-0.008718268,0.0010005973,-0.011512978,3.0376293e-07,2.6467467e-06,3.4951813e-06
42.403,-0.010550864,-0.00022113322,-0.010902112,-7.037149e-08,3.357336e-06,3.4691054e-06
42.423,-0.0062748077,0.0010005973,-0.010902112,2.1183081e-07,1.3284141e-06,2.3080413e-06
42.463,0.0016664404,-0.00022113322,0.00070432766,-8.452473e-09,-6.369709e-08,-2.6921828e-08
42.503,0.011440285,-0.00022113322,0.011089037,-5.9120072e-08,-3.058331e-06,-2.964432e-06
42.543,0.011440285,-0.0032754596,0.013532497,-1.2378614e-06,-4.32347e-06,-5.1141574e-06
42.563,0.008385958,-0.008773247,0.0104781715,-2.950057e-06,-2.8198187e-06,-3.5233463e-06
42.603,0.0065533626,-0.0057189204,0.0104781715,-1.6332473e-06,-1.8715472e-06,-2.9924222e-06
42.643,0.0041099014,-0.002053729,0.007423845,-3.7602388e-07,-7.5249386e-07,-1.359254e-06
42.663,0.0047207666,-0.002053729,0.0025369234,-2.4719017e-07,-5.6819886e-07,-3.0534818e-07
42.702,-0.01116173,-0.0014428637,-0.0011282681,-3.4226088e-07,2.6476648e-06,2.67636e-07
42.743,-0.014826922,-0.0032754596,-0.021897687,-1.8304854e-06,8.2857605e-06,1.2237155e-05
42.762,-0.009939999,0.0028331932,-0.026784608,1.364629e-06,4.7877934e-06,1.2901299e-05
42.803,-0.01116173,-0.0038863246,-0.018232495,-1.7709101e-06,5.0860795e-06,8.30804e-06
42.843,0.0016664404,-0.005108055,-0.012734707,-1.1845127e-06,-3.864347e-07,2.953067e-06
42.862,0.0059424974,0.00038973204,-0.007847786,8.052035e-08,-1.2277308e-06,1.621367e-06
42.904,-0.001998751,-0.006329786,0.0055912496,-1.1520821e-06,3.6379262e-07,-1.0176614e-06
42.943,-0.007496538,-0.009384112,0.012310768,-2.7078356e-06,2.163174e-06,-3.5523399e-06
42.961,-0.007496538,-0.00449719,0.01597596,-1.7175588e-06,2.8630843e-06,-6.101539e-06
43.001,0.0041099014,0.0028331932,0.011699902,7.557922e-07,-1.0963748e-06,-3.121112e-06
43.042,0.0059424974,0.0016114624,0.008034711,3.420897e-07,-1.2615088e-06,-1.7056557e-06
43.062,0.0034990362,-0.00022113322,0.0025369234,-2.0069287e-08,-3.1755982e-07,-2.3024197e-07
43.101,-0.004442212,-0.00022113322,-0.010291247,-4.1594504e-08,8.355507e-07,1.9357153e-06
43.142,-0.0026096164,-0.0014428637,-0.017010765,-5.225811e-07,9.4515264e-07,6.1609812e-06
43.162,-0.008718268,-0.008162381,-0.00601519,-2.2890185e-06,2.4449048e-06,1.6868721e-06
43.202,-0.017881246,-0.01610363,0.008034711,-6.8542267e-06,7.6108636e-06,-3.4198133e-06
43.241,-0.0380398,-0.019157955,0.0031477886,-1.7158753e-05,3.4070326e-05,-2.8190207e-06
43.281,-0.04170499,-0.00449719,-0.024952013,-3.6828606e-06,3.414998e-05,2.0431951e-05
43.302,-0.038650665,0.0046657887,-0.036558453,5.2247847e-06,4.328875e-05,4.094526e-05
43.341,-0.009939999,-0.005108055,-0.02006509,-2.4603808e-06,4.787711e-06,9.664603e-06
43.383,0.038318355,0.008941846,0.027582398,9.010461e-06,-3.8614813e-05,-2.7795531e-05
43.403,0.05053566,0.0022223277,0.041021436,3.033356e-06,-6.902248e-05,-5.6027606e-05
43.443,0.052979123,0.0028331932,0.047130086,3.3714248e-06,-6.3076935e-05,-5.6112887e-05
43.483,0.033431433,0.0064983843,0.03246932,6.412134e-06,-3.2990534e-05,-3.2040905e-05
43.502,0.026101049,-0.005108055,0.023917207,-3.831835e-06,-1.9578909e-05,-1.7940836e-05
43.543,0.012662015,-0.0008319985,0.0049803844,-1.9028126e-07,-2.8958266e-06,-1.1390234e-06
43.583,-0.007496538,-0.008162381,-0.00601519,-2.1585026e-06,1.9824204e-06,1.5906892e-06
43.602,-0.01238346,0.00038973204,-0.011512978,1.3822587e-07,4.3923146e-06,4.0835607e-06
43.644,-0.0062748077,0.01749396,-0.009069516,7.5870175e-06,2.7213607e-06,3.933383e-06
43.683,-0.0013878858,0.010774441,0.0025369234,2.5207135e-06,3.2469939e-07,-5.935214e-07
43.702,0.002888171,0.0040549235,0.00070432766,3.4205124e-07,-2.4363035e-07,-5.94132e-08
43.743,-0.00016615535,0.0016114624,-0.0023499988,9.645987e-08,9.945833e-09,1.4066761e-07
43.782,-0.0032204816,0.0046657887,-0.0029608638,6.258323e-07,4.319703e-07,3.9714695e-07
43.804,-0.0050530774,-0.002053729,-0.0029608638,-2.1384332e-07,5.261484e-07,3.0829813e-07
43.842,-0.01116173,-0.01610363,0.00070432766,-6.6213943e-06,4.5894144e-06,-2.8958604e-07
43.882,-0.016659517,-0.01610363,0.0019260582,-6.2816243e-06,6.498466e-06,-7.512871e-07
43.903,-0.02521163,-0.012438439,0.0019260582,-7.350542e-06,1.489893e-05,-1.1381578e-06
43.943,-0.03681807,-0.0008319985,-0.0011282681,-6.4288946e-07,2.8448962e-05,8.7181087e-07
43.982,-0.020324709,-0.0038863246,-0.0047934595,-1.7311858e-06,9.053707e-06,2.13527e-06
44.002,-0.023379033,-0.014271034,0.007423845,-8.493318e-06,1.3913958e-05,-4.418213e-06
44.043,-0.001998751,-0.009994977,0.014143363,-3.6542458e-06,7.3076956e-07,-5.1709308e-06
44.082,-0.008107403,0.005276654,0.016586825,2.1248334e-06,3.264712e-06,-6.6792477e-06
44.105,0.0071642273,0.038263377,0.024528073,3.6921265e-05,-6.9133894e-06,-2.3667659e-05
44.142,-0.0038313468,0.01993742,0.017197689,8.899949e-06,1.7102557e-06,-7.67695e-06
44.180,-0.053311434,-0.49624372,0.035523646,-0.0052070813,0.0005603756,-0.00037129864
44.221,-0.011772595,-0.06924891,0.0013151928,-8.162225e-05,1.387618e-05,-1.5496245e-06
44.242,-0.017881246,-0.053366408,-0.0029608638,-6.3076994e-05,2.1134807e-05,3.5002893e-06
44.281,-0.018492114,-0.016714495,-0.012123842,-9.716188e-06,1.0749448e-05,7.0476526e-06
44.320,-0.017881246,-0.010605843,-0.012734707,-4.338152e-06,7.3139972e-06,5.2089235e-06
44.341,-0.018492114,-0.007551516,-0.011512978,-3.6511683e-06,8.940891e-06,5.566519e-06
44.384,-0.008718268,0.00038973204,-0.0047934595,8.137853e-08,1.8204502e-06,1.0009159e-06
44.423,0.008996823,-0.0008319985,0.0037586538,-1.7074659e-07,-1.8463619e-06,-7.713653e-07
44.442,0.018770669,-0.019157955,0.0086455755,-1.1321938e-05,-1.1093003e-05,-5.1093984e-06
44.482,0.01571634,-0.0026645942,0.01597596,-1.0089284e-06,-5.9507643e-06,-6.0490715e-06
44.524,0.01327288,0.009552711,0.007423845,3.5978703e-06,-4.9990254e-06,-2.7960648e-06
44.543,0.0096076885,-0.008162381,9.346238e-05,-2.1580654e-06,-2.5401926e-06,-2.4713415e-08
44.584,-0.00016615535,-0.022823147,0.00070432766,-1.0929472e-05,7.956976e-08,-3.3728563e-07
44.624,-0.009329134,0.08468913,-0.026173742,0.00015830158,1.744201e-05,4.8922917e-05
44.643,-0.004442212,-0.026488338,-0.009069516,-1.574746e-05,2.6408757e-06,5.3918952e-06
44.683,-0.0056639425,-0.008773247,-0.0017391334,-1.9477989e-06,1.2574839e-06,3.8611614e-07
44.723,-0.0013878858,-0.010605843,-0.0072369203,-2.872442e-06,3.758863e-07,1.9600172e-06
44.743,-0.0007770206,-0.00449719,-0.0035717292,-4.3725873e-07,7.55491e-08,3.4727682e-07
44.785,-0.0007770206,-0.0038863246,0.0049803844,-5.1875e-07,1.0371757e-07,-6.6478617e-07
44.825,-0.0007770206,0.024824344,0.0025369234,1.0397813e-05,3.254538e-07,-1.062606e-06
44.845,0.010829419,0.0046657887,0.01964115,2.2415875e-06,-5.2028513e-06,-9.436307e-06
44.883,0.014494611,0.00038973204,0.020252015,2.0353676e-07,-7.571271e-06,-1.0578653e-05
44.922,0.013883745,0.007720115,0.016586825,2.9747107e-06,-5.3497174e-06,-6.3912557e-06
44.962,0.0016664404,0.08957606,-0.0035717292,0.0001684355,-3.1329466e-06,6.7164106e-06
44.982,-0.004442212,0.048648085,-0.010291247,5.093235e-05,4.6510727e-06,1.0774359e-05
45.022,-0.016048653,0.04437203,-0.0304498,5.225663e-05,1.8901446e-05,3.5860256e-05
45.062,-0.02276817,0.1891471,-0.061603926,0.00079421833,9.5706506e-05,0.00025863756
45.080,-0.025822496,0.3223157,-0.08848199,0.001812765,0.00014568452,0.0004975175
45.121,-0.0007770206,0.07796962,-0.03411499,0.00013916663,1.3911281e-06,6.0891176e-05
45.164,-0.006885673,0.0022223277,0.0019260582,3.4895416e-07,1.081201e-06,-3.0243342e-07
45.181,-0.0050530774,-0.017936226,0.007423845,-6.036089e-06,1.7005233e-06,-2.498347e-06
45.221,0.0041099014,0.0028331932,0.020252015,1.2393075e-06,-1.7977877e-06,-8.858779e-06
45.262,-0.0007770206,-0.0026645942,0.031858455,-1.4296065e-06,4.168999e-07,-1.7092721e-05
45.283,-0.0007770206,-0.00449719,0.028804129,-2.7504848e-06,4.7525128e-07,-1.7616652e-05
45.322,-0.0032204816,0.0071092495,0.029414993,4.537297e-06,2.0553389e-06,-1.8773295e-05
45.363,-0.0062748077,0.0064983843,0.020862881,3.0983085e-06,2.9916816e-06,-9.94699e-06
45.382,-0.01238346,-0.008773247,0.009256441,-3.2706484e-06,4.616545e-06,-3.4507832e-06
45.423,-0.026433362,-0.014271034,-0.025562877,-1.1805301e-05,2.1865682e-05,2.1145868e-05
45.462,-0.03437461,-0.009994977,-0.05060835,-1.299511e-05,4.4687153e-05,6.579201e-05
45.481,-0.028265957,-0.012438439,-0.05060835,-1.546615e-05,3.5143334e-05,6.292299e-05
45.521,-0.016659517,-0.006329786,-0.01884336,-2.7543379e-06,7.2491184e-06,8.199405e-06
45.562,-0.0038313468,-0.00449719,0.0068129804,-8.5049413e-07,7.2457294e-07,-1.2884493e-06
45.581,0.0004447099,-0.0026645942,0.014143363,-8.0462746e-07,-1.3428728e-07,-4.2708693e-06
45.622,0.008996823,0.0040549235,0.022084612,2.0569696e-06,-4.5639495e-06,-1.1203151e-05
45.661,0.012662015,0.0071092495,0.012310768,2.838309e-06,-5.0552335e-06,-4.914986e-06
45.683,0.010218553,0.0028331932,0.0049803844,5.5686706e-07,-2.008471e-06,-9.789009e-07
45.723,0.0016664404,-0.0014428637,-0.006626055,-2.113014e-07,-2.4404352e-07,9.703588e-07
45.762,0.008385958,0.0040549235,-0.00601519,9.4292267e-07,-1.950048e-06,1.3987574e-06
45.784,0.002888171,-0.00449719,0.0019260582,-4.286479e-07,-2.7528483e-07,-1.8358152e-07
45.823,-0.0062748077,-0.01610363,0.006202115,-6.2011986e-06,2.4163162e-06,-2.3883088e-06
45.862,0.0047207666,-0.002053729,0.0055912496,-2.618772e-07,-6.019586e-07,-7.129566e-07
45.902,0.013883745,0.0071092495,0.006202115,2.5026325e-06,-4.8874363e-06,-2.183297e-06
45.921,0.0071642273,-0.0014428637,0.009867307,-3.7155058e-07,-1.8448419e-06,-2.540906e-06
45.961,0.0053316317,-0.0032754596,0.012310768,-9.486151e-07,-1.5441027e-06,-3.5653466e-06
46.003,0.02121413,0.0071092495,0.0086455755,3.576087e-06,-1.0671186e-05,-4.348897e-06
46.023,0.021824993,0.0058875196,0.007423845,2.9377063e-06,-1.0890137e-05,-3.704299e-06
46.062,0.020603264,0.0064983843,0.0068129804,3.0871026e-06,-9.787779e-06,-3.2365554e-06
46.102,0.0077750925,-0.024655743,0.0019260582,-1.3404618e-05,-4.2270867e-06,-1.0471706e-06
46.122,-0.0032204816,0.25878572,-0.006626055,0.0011240228,1.4004173e-05,2.8772074e-05
46.161,-0.017881246,0.0034440581,-0.022508552,2.091067e-06,1.0857036e-05,1.36665885e-05
46.203,-0.024600765,-0.007551516,-0.017621629,-3.951482e-06,1.2872631e-05,9.2207565e-06
46.222,-0.022157304,-0.0112167075,-0.013345573,-6.632012e-06,1.3100642e-05,7.890711e-06
46.264,-0.007496538,-0.03504045,-0.0145673035,-2.8424993e-05,6.0810544e-06,1.1817142e-05
46.303,0.0010555751,-0.046036027,0.0025369234,-3.5619494e-05,-8.1669606e-07,-1.9629103e-06
46.323,0.0065533626,-0.0429817,0.0037586538,-3.9337257e-05,-5.9976296e-06,-3.4400725e-06
46.364,0.0041099014,-0.030764395,0.007423845,-2.0589643e-05,-2.7505757e-06,-4.9685727e-06
46.404,0.0004447099,-0.027710069,0.0055912496,-1.6429505e-05,-2.6364458e-07,-3.3150957e-06
46.423,-0.008107403,-0.06741631,0.00070432766,-9.600657e-05,1.1545682e-05,-1.0024685e-06
46.464,-0.0007770206,-0.050312083,0.0013151928,-5.310978e-05,8.2026514e-07,-1.3883048e-06
46.504,0.008385958,-0.033207856,0.011089037,-2.5071628e-05,-6.33121e-06,-8.372192e-06
46.524,0.0071642273,0.005276654,0.019030284,2.3246807e-06,-3.1562972e-06,-8.38402e-06
46.564,0.0010555751,0.0046657887,0.006202115,6.1312977e-07,-1.3871305e-07,-8.15018e-07
46.603,-0.016048653,-0.00449719,-0.00601519,-1.6711466e-06,5.963621e-06,2.2352283e-06
46.624,-0.017270382,-0.013049303,-0.015178168,-7.234951e-06,9.575169e-06,8.41525e-06
46.663,-0.020935573,-0.009384112,-0.01884336,-4.674251e-06,1.04279325e-05,9.385853e-06
46.704,-0.016659517,-0.027710069,-0.009680382,-1.9613215e-05,1.17915315e-05,6.8518857e-06
46.724,-0.01238346,-0.012438439,0.00070432766,-4.5821175e-06,4.561865e-06,-2.5945235e-07
46.763,0.0022773056,-0.008773247,0.01597596,-3.3795193e-06,-8.772238e-07,-6.154054e-06
46.803,0.010218553,-0.0032754596,0.01964115,-1.5374236e-06,-4.796272e-06,-9.218964e-06
46.845,0.01571634,0.00038973204,0.016586825,1.8675716e-07,-7.5323806e-06,-7.949577e-06
46.864,0.01571634,0.00038973204,0.011699902,1.6015622e-07,-6.459089e-06,-4.8084157e-06
46.903,0.020603264,0.00038973204,0.00070432766,1.6852323e-07,-8.909086e-06,-3.0455857e-07
46.925,0.0059424974,0.019326555,0.00070432766,6.56007e-06,-2.0170803e-06,-2.3906543e-07
46.962,0.0071642273,0.0028331932,-0.017010765,1.1095522e-06,-2.8056706e-06,6.661804e-06
47.004,0.0016664404,0.005276654,-0.01884336,1.738599e-06,-5.490677e-07,6.208673e-06
47.044,0.0034990362,-0.014881899,-0.021286821,-8.179303e-06,-1.9231704e-06,1.1699547e-05
47.062,0.0041099014,0.0028331932,-0.013345573,8.4660246e-07,-1.2280976e-06,3.987855e-06
47.103,0.0041099014,0.0058875196,-0.006626055,1.206342e-06,-8.4211007e-07,1.3576663e-06
47.146,0.0071642273,0.008941846,-0.00601519,2.4267206e-06,-1.9442907e-06,1.632459e-06
47.164,0.011440285,0.0022223277,-0.0035717292,5.680852e-07,-2.9244297e-06,9.130264e-07
47.201,0.015105476,0.0016114624,0.0025369234,5.204911e-07,-4.8789816e-06,-8.1941033e-07
47.236,0.021824993,0.0034440581,0.0055912496,1.646153e-06,-1.04317605e-05,-2.6724579e-06
47.261,0.02121413,-0.00449719,0.0055912496,-1.6897017e-06,-7.970613e-06,-2.1007625e-06
47.303,-0.0038313468,-0.0112167075,0.00070432766,-2.7931176e-06,9.540594e-07,-1.7538613e-07
47.344,-0.0056639425,-0.009994977,-0.023119418,-4.3291125e-06,2.453188e-06,1.0013663e-05
47.363,-0.007496538,-0.008773247,-0.029838935,-5.886325e-06,5.0296276e-06,2.0019987e-05
47.404,-0.01116173,-0.005108055,-0.032282393,-3.6998633e-06,8.0844065e-06,2.338218e-05
47.443,-0.0026096164,-0.0038863246,-0.022508552,-1.4990035e-06,1.006552e-06,8.681803e-06
47.463,-0.007496538,-0.009384112,-0.007847786,-2.8235547e-06,2.2556032e-06,2.3612954e-06
47.503,-0.0007770206,-0.002053729,0.0068129804,-3.0829764e-07,1.1664343e-07,-1.0227378e-06
47.543,-0.019102978,-0.017325358,0.026360668,-1.3399016e-05,1.47740875e-05,-2.0386839e-05
47.583,-0.016048653,-0.017325358,0.023917207,-1.2212423e-05,1.1312681e-05,-1.6858994e-05
47.603,-0.019713843,-0.008773247,0.023917207,-4.7412937e-06,1.0654066e-05,-1.29256505e-05
47.645,-0.018492114,0.0058875196,0.020862881,3.5181708e-06,1.1049986e-05,-1.2466685e-05
47.684,-0.01360519,-0.00022113322,0.009256441,-7.6311686e-08,4.6955274e-06,-3.1946536e-06
47.702,-0.019102978,-0.006329786,0.0037586538,-2.1740818e-06,6.561285e-06,-1.2909744e-06
47.741,-0.027044225,0.00038973204,-0.010902112,2.3829044e-07,1.653924e-05,6.6673233e-06
47.765,-0.029487688,-0.0038863246,-0.0145673035,-2.6993298e-06,2.0480502e-05,1.011767e-05
47.803,-0.017270382,0.0058875196,-0.01884336,3.2385474e-06,9.500079e-06,1.0365308e-05
47.843,-0.0056639425,0.005276654,-0.0035717292,9.434036e-07,1.012647e-06,6.385829e-07
47.883,0.010218553,0.0046657887,0.021473745,2.3712837e-06,-5.193428e-06,-1.0913679e-05
47.903,0.018159801,0.008941846,0.031858455,7.0779433e-06,-1.4374899e-05,-2.5218245e-05
47.943,0.018770669,-0.0026645942,0.03918884,-1.9463573e-06,-1.3709657e-05,-2.8622682e-05
47.981,0.026101049,-0.00449719,0.028804129,-3.6907295e-06,-2.1418955e-05,-2.3637234e-05
48.001,0.022435857,-0.0032754596,0.022695476,-2.2037925e-06,-1.5094473e-05,-1.5269174e-05
48.041,0.008385958,0.0010005973,-0.0011282681,1.430353e-07,-1.1987712e-06,1.6128581e-07
48.081,0.0004447099,0.00038973204,-0.021897687,1.7904205e-07,-2.042967e-07,1.0059693e-05
48.102,-0.0062748077,-0.007551516,-0.023730282,-4.0670725e-06,3.3794233e-06,1.2780523e-05
48.149,-0.0032204816,-0.0014428637,-0.026173742,-7.991714e-07,1.7837215e-06,1.4496844e-05
48.183,-0.0013878858,0.0034440581,-0.026173742,1.9093777e-06,7.6945673e-07,1.4510703e-05
48.203,0.0016664404,-0.0026645942,-0.024952013,-1.124276e-06,-7.031318e-07,1.0528073e-05
48.241,0.015105476,-0.0069406508,-0.009069516,-2.7563606e-06,-5.9989097e-06,3.6018093e-06
48.280,0.019992398,-0.006329786,0.026360668,-4.4715907e-06,-1.4122899e-05,-1.8621617e-05
48.321,0.0322097,-0.008162381,0.028804129,-7.5278604e-06,-2.9704152e-05,-2.6563694e-05
48.342,0.024268454,-0.007551516,0.022084612,-5.332447e-06,-1.7136517e-05,-1.559454e-05
48.382,0.0041099014,-0.00449719,-0.0011282681,-4.6748153e-07,-4.2722306e-07,1.1728303e-07
48.423,-0.008718268,-0.005108055,-0.024952013,-2.8838376e-06,4.921964e-06,1.4086913e-05
48.442,-0.017881246,-0.0057189204,-0.031060666,-4.352988e-06,1.3609856e-05,2.3641154e-05
48.483,-0.018492114,-0.0112167075,-0.043277968,-1.1381225e-05,1.8762412e-05,4.391125e-05
48.523,-0.017270382,-0.009384112,-0.031060666,-7.233945e-06,1.3312866e-05,2.3943303e-05
48.543,-0.012994326,-0.007551516,-0.018232495,-3.7419838e-06,6.4389787e-06,9.034644e-06
48.582,-0.0026096164,-0.0038863246,0.0086455755,-8.012928e-07,5.3805877e-07,-1.7825687e-06
48.623,0.0004447099,-0.005108055,0.028193263,-3.0697079e-06,-2.6722412e-07,-1.6942851e-05
48.642,0.002888171,-0.0069406508,0.031858455,-3.8116477e-06,-1.5860788e-06,-1.7495879e-05
48.681,-0.0032204816,0.005276654,0.036745377,4.123399e-06,2.5165386e-06,-2.8714137e-05
48.723,-0.004442212,0.00833098,0.03246932,4.7262456e-06,2.520054e-06,-1.8420074e-05
48.742,-0.007496538,0.0046657887,0.028804129,2.9479452e-06,4.736377e-06,-1.8198805e-05
48.782,-0.020324709,0.00833098,0.0068129804,4.018102e-06,9.802733e-06,-3.2859646e-06
48.823,-0.023379033,-0.0008319985,-0.018232495,-4.1406057e-07,1.1633556e-05,9.072609e-06
48.849,-0.02521163,-0.0026645942,-0.029228069,-2.1623277e-06,2.0457006e-05,2.3716042e-05
48.889,-0.014216056,-0.0008319985,-0.027395474,-5.388069e-07,9.204999e-06,1.7738776e-05
48.925,0.002888171,0.0046657887,0.0013151928,5.521376e-07,-3.4177887e-07,-1.5563647e-07
48.943,0.0022773056,-0.0008319985,0.016586825,-2.9248923e-07,-8.0058004e-07,-5.8310557e-06
48.983,0.011440285,-0.009384112,0.033080187,-5.7054576e-06,-6.95545e-06,-2.0112235e-05
49.023,0.02732278,-0.00449719,0.028804129,-3.7685895e-06,-2.2894426e-05,-2.4135777e-05
49.042,0.0340423,-0.0032754596,0.023917207,-2.8670052e-06,-2.9793908e-05,-2.0932464e-05
49.082,0.026711917,0.0064983843,0.0049803844,3.8074634e-06,-1.5650858e-05,-2.9180408e-06
49.121,0.0096076885,-0.0008319985,-0.00601519,-1.9831269e-07,-2.2900795e-06,1.4337745e-06
49.163,-0.0007770206,-0.0057189204,-0.015789034,-1.6129568e-06,2.1914622e-07,4.453117e-06
49.183,-0.004442212,-0.00022113322,-0.021286821,-1.0085929e-07,2.0259035e-06,9.708014e-06
49.224,-0.0154377865,0.0064983843,-0.0304498,4.735996e-06,1.1251345e-05,2.219225e-05
49.262,-0.010550864,0.005276654,-0.03533672,4.122374e-06,8.243123e-06,2.760748e-05
49.282,-0.006885673,-0.0032754596,-0.0304498,-2.1562664e-06,4.532787e-06,2.0044978e-05
49.322,0.008385958,-0.0026645942,-0.013956438,-7.3756036e-07,-2.3212508e-06,3.863168e-06
49.361,0.016327206,-0.0112167075,0.0055912496,-4.8417446e-06,-7.047697e-06,-2.413502e-06
49.384,0.020603264,-0.014271034,0.009256441,-7.996261e-06,-1.1544234e-05,-5.1865404e-06
49.424,0.018770669,-0.0057189204,0.0031477886,-1.9068091e-06,-6.2585264e-06,-1.0495435e-06
49.464,0.008996823,-0.002053729,-0.0023499988,-4.101435e-07,-1.796728e-06,4.693107e-07
49.483,0.0047207666,-0.008162381,-0.007847786,-2.0999635e-06,-1.2145304e-06,2.0190262e-06
49.521,-0.0056639425,-0.0069406508,-0.017621629,-2.8773627e-06,2.3480645e-06,7.305322e-06
49.562,-0.007496538,-0.0038863246,-0.012734707,-1.2453468e-06,2.4022038e-06,4.0807377e-06
49.582,-0.006885673,-0.007551516,-0.007847786,-1.6324576e-06,1.4885157e-06,1.696504e-06
49.622,-0.011772595,-0.008162381,0.0055912496,-2.6323517e-06,3.7966458e-06,-1.8031643e-06
49.661,-0.0154377865,-0.00449719,0.020862881,-2.4841784e-06,8.527778e-06,-1.152455e-05
49.684,-0.021546438,0.0022223277,0.027582398,1.3077072e-06,1.2677785e-05,-1.6229325e-05
49.722,-0.0154377865,0.0046657887,0.028193263,3.1782326e-06,1.0515515e-05,-1.9204037e-05
49.761,-0.024600765,-0.002053729,0.03124759,-1.3719447e-06,1.6436023e-05,-2.0876807e-05
49.783,-0.032542016,-0.0008319985,0.028804129,-7.58029e-07,2.9664085e-05,-2.6256746e-05
49.823,-0.029487688,0.007720115,0.017197689,5.666458e-06,2.1642998e-05,-1.2622623e-05
49.863,-0.034985475,0.012607036,0.0025369234,9.854872e-06,2.7347927e-05,-1.9832326e-06
49.883,-0.022157304,-0.006329786,-0.013345573,-3.534951e-06,1.2373859e-05,7.452933e-06
49.922,-0.008718268,-0.015492764,-0.011512978,-6.8814616e-06,3.8723924e-06,5.113755e-06
49.962,-0.0038313468,-0.0057189204,-0.0029608638,-8.9872447e-07,6.020932e-07,4.6529797e-07
49.984,0.0047207666,-0.0026645942,0.0031477886,-3.5028842e-07,-6.205932e-07,-4.1380926e-07
50.021,0.012662015,0.005276654,0.015365093,1.8234322e-06,-4.375595e-06,-5.3096833e-06
50.063,0.010218553,0.0016114624,0.020862881,7.8694796e-07,-4.9903338e-06,-1.0188589e-05
50.102,0.008996823,0.0028331932,0.014754228,8.3237603e-07,-2.6432353e-06,-4.3347372e-06
50.123,0.010218553,0.0016114624,0.009256441,4.6912035e-07,-2.9747966e-06,-2.694708e-06
50.163,0.012051149,0.0016114624,-0.0023499988,4.184969e-07,-3.129677e-06,6.1029414e-07
50.204,-0.0013878858,0.0064983843,-0.010291247,1.6694555e-06,3.5655455e-07,2.6438543e-06
50.224,-0.004442212,-0.007551516,-0.008458651,-1.9286158e-06,1.1345139e-06,2.160293e-06
50.263,-0.011772595,-0.010605843,0.0019260582,-3.5502921e-06,3.9408637e-06,-6.4473875e-07
50.285,-0.01238346,-0.0112167075,0.0055912496,-3.3156173e-06,3.660511e-06,-1.6527482e-06
50.323,-0.006885673,-0.010605843,0.0055912496,-3.0751876e-06,1.9965196e-06,-1.621193e-06
50.362,0.0010555751,-0.007551516,-0.0041825944,-1.1018229e-06,-1.5401667e-07,6.102719e-07
50.404,0.0034990362,0.03520905,-0.008458651,2.6862179e-05,-2.6694458e-06,6.4534256e-06
50.422,0.0010555751,-0.113231204,-0.010902112,-0.000270137,-2.5218114e-06,2.6008962e-05
50.464,0.0071642273,-0.022212282,0.00070432766,-1.0876874e-05,-3.508165e-06,-3.4491305e-07
50.503,0.002888171,0.030932995,0.014143363,2.2144035e-05,-2.067671e-06,-1.0124806e-05
50.524,0.010829419,0.018104823,0.014754228,9.774563e-06,-5.846719e-06,-7.965611e-06
50.562,0.0065533626,0.00833098,0.014143363,3.087957e-06,-2.4290794e-06,-5.242379e-06
50.603,0.0053316317,-0.013049303,0.007423845,-4.3599734e-06,-1.7813741e-06,-2.4804237e-06
50.622,0.0010555751,-0.009384112,0.00070432766,-1.4908751e-06,-1.677015e-07,-1.11898245e-07
50.663,-0.011772595,0.015050498,-0.011512978,7.0411934e-06,5.507697e-06,5.3861995e-06
50.703,-0.014826922,-0.005108055,-0.012734707,-1.7312623e-06,5.025222e-06,4.316125e-06
50.722,-0.012994326,0.0046657887,-0.012734707,1.8378627e-06,5.118529e-06,5.016255e-06
50.763,-0.006885673,0.06453059,-0.015178168,9.019522e-05,9.62516e-06,2.1214308e-05
50.803,-0.0026096164,-0.008162381,-0.013956438,-2.242745e-06,7.1702914e-07,3.8347534e-06
50.823,-0.009939999,0.026046071,-0.013345573,1.6882726e-05,6.443063e-06,8.650387e-06
50.863,-0.0038313468,0.012607036,-0.0072369203,3.974541e-06,1.2078896e-06,2.2815366e-06
50.902,-0.0007770206,-0.007551516,-0.0011282681,-1.215429e-06,1.2506264e-07,1.8159669e-07
50.943,0.0047207666,-0.02099055,0.0055912496,-9.7855145e-06,-2.200745e-06,-2.606576e-06
50.963,0.0071642273,-0.022212282,0.0104781715,-9.533875e-06,-3.0749798e-06,-4.4974136e-06
51.003,0.0034990362,0.0028331932,0.020252015,1.2326708e-06,-1.5223807e-06,-8.81133e-06
51.043,0.010218553,0.0040549235,0.022695476,1.7155658e-06,-4.323348e-06,-9.602163e-06
51.062,0.0053316317,-0.002053729,0.016586825,-7.555921e-07,-1.961555e-06,-6.1024493e-06
51.102,-0.007496538,-0.008162381,-0.0005174029,-1.8991474e-06,1.744225e-06,1.2038618e-07
51.126,-0.014216056,-0.010605843,-0.012734707,-4.856501e-06,6.5096074e-06,5.8313185e-06
51.161,-0.023989901,-0.014271034,-0.028006338,-1.1834428e-05,1.989339e-05,2.322426e-05
51.204,-0.0154377865,-0.002053729,-0.029838935,-1.4497867e-06,1.0897103e-05,2.1062508e-05
51.241,-0.008718268,-0.00449719,-0.010291247,-1.3409156e-06,2.5994937e-06,3.068507e-06
51.260,-0.001998751,-0.002053729,-0.0005174029,-1.2542502e-07,1.220674e-07,3.1598756e-08
51.302,0.008996823,-0.0014428637,0.01841942,-4.974669e-07,-3.1018387e-06,-6.3504763e-06
51.342,0.018159801,-0.002053729,0.023306342,-1.2756913e-06,-1.1279384e-05,-1.4476014e-05
51.363,0.018770669,-0.0026645942,0.022695476,-1.6526012e-06,-1.1641119e-05,-1.4075215e-05
51.403,0.008996823,-0.00022113322,0.020862881,-8.4309164e-08,-3.4295701e-06,-7.952887e-06
51.442,0.0034990362,-0.0026645942,0.014754228,-8.603289e-07,-1.1297432e-06,-4.7637463e-06
51.463,-0.0013878858,-0.0069406508,0.013532497,-2.2228985e-06,4.4450644e-07,-4.334086e-06
51.503,-0.010550864,-0.002053729,-0.0023499988,-4.7388812e-07,2.4345577e-06,5.422508e-07
51.543,-0.01116173,-0.019157955,-0.018232495,-1.1533293e-05,6.7193955e-06,1.09761595e-05
51.563,-0.0056639425,-0.002053729,-0.021897687,-7.82549e-07,2.15815e-06,8.343758e-06
51.604,-0.0062748077,-0.005108055,-0.01884336,-2.1967978e-06,2.6985556e-06,8.10384e-06
51.642,0.010829419,-0.0026645942,-0.016399898,-1.1082435e-06,-4.504179e-06,6.8210484e-06
51.664,0.0059424974,-0.009994977,-0.005404325,-2.1501974e-06,-1.278398e-06,1.1626196e-06
51.702,0.035874892,-0.008773247,0.007423845,-6.9310745e-06,-2.8341661e-05,-5.8650426e-06
51.742,0.051757388,-0.0032754596,0.01964115,-3.0478996e-06,-4.81546e-05,-1.8274031e-05
51.783,0.059698638,-0.013049303,0.0055912496,-1.6793221e-05,-7.682519e-05,-7.195938e-06
51.803,0.04198355,-0.016714495,-0.0023499988,-1.5861178e-05,-3.9840314e-05,2.2297156e-06
51.842,0.020603264,-0.0038863246,-0.031060666,-3.0540807e-06,-1.6192225e-05,2.4410678e-05
51.882,-0.0056639425,0.0034440581,-0.046332296,3.3803988e-06,5.559536e-06,4.547759e-05
51.904,-0.007496538,0.0058875196,-0.04816489,6.06208e-06,7.719199e-06,4.9594484e-05
51.942,-0.010550864,0.0022223277,-0.029838935,1.4785996e-06,7.020239e-06,1.9853915e-05
51.982,-0.012994326,-0.00022113322,-0.0041825944,-6.33165e-08,3.7205004e-06,1.1975493e-06
52.001,-0.01360519,0.0064983843,0.0055912496,1.7532091e-06,3.670558e-06,-1.5084726e-06
52.043,-0.008718268,0.0040549235,0.017197689,1.675521e-06,3.602412e-06,-7.1061468e-06
52.083,-0.008107403,-0.0026645942,0.022084612,-1.0584157e-06,3.2204266e-06,-8.772446e-06
52.101,-0.01238346,-0.007551516,0.03124759,-5.4555994e-06,8.9466685e-06,-2.2575243e-05
52.141,-0.011772595,-0.0008319985,0.037356243,-6.8340864e-07,9.672193e-06,-3.0691306e-05
52.182,-0.017270382,0.005276654,0.037356243,4.591742e-06,1.5027805e-05,-3.250569e-05
52.207,-0.020324709,0.0064983843,0.033691052,5.435117e-06,1.6998349e-05,-2.817732e-05
52.242,-0.025822496,-0.010605843,0.004369519,-6.2846043e-06,1.5301448e-05,-2.589165e-06
52.282,-0.03559634,-0.0069406508,-0.022508552,-6.213203e-06,3.186379e-05,2.0148495e-05
52.301,-0.03132028,-0.0069406508,-0.028006338,-6.19886e-06,2.797123e-05,2.5011801e-05
52.342,-0.014826922,-0.0057189204,-0.023730282,-2.7402966e-06,7.104396e-06,1.1370522e-05
52.384,-0.0026096164,-0.0038863246,-0.0005174029,-3.8385102e-07,2.5775097e-07,5.1103765e-08
52.402,0.0016664404,0.0028331932,0.007423845,4.8239883e-07,-2.8373995e-07,-1.264035e-06
52.443,0.0059424974,-0.002053729,0.03124759,-1.3728427e-06,-3.972207e-06,-2.088724e-05
52.482,0.01327288,0.00038973204,0.026360668,2.4117693e-07,-8.215908e-06,-1.6317239e-05
52.503,0.014494611,0.0010005973,0.020862881,5.33445e-07,-7.728087e-06,-1.1123451e-05
52.542,0.015105476,0.0022223277,0.0086455755,8.1773015e-07,-5.558289e-06,-3.1812676e-06
52.583,0.008996823,-0.0026645942,9.346238e-05,-5.2436013e-07,-1.7704667e-06,-1.8392738e-08
52.623,-0.0007770206,-0.00449719,-0.009680382,-1.0093611e-06,1.743954e-07,2.1726896e-06
52.642,-0.0062748077,-0.008773247,-0.012734707,-3.070548e-06,2.196109e-06,4.457015e-06
52.683,-0.01360519,-0.009994977,-0.02006509,-4.3971872e-06,5.985408e-06,8.827389e-06
52.722,-0.014216056,0.0034440581,-0.027395474,2.2429967e-06,9.25879e-06,1.7842378e-05
52.743,-0.012994326,0.0028331932,-0.027395474,1.8093399e-06,8.298813e-06,1.749605e-05
52.782,0.0034990362,0.0016114624,-0.010291247,2.9708738e-07,-6.450767e-07,1.8972787e-06
52.822,0.023657588,-0.0026645942,0.006202115,-1.3747817e-06,-1.2205818e-05,-3.1999077e-06
52.844,0.030377107,-0.0026645942,0.0104781715,-1.8018735e-06,-2.0541016e-05,-7.0853666e-06
52.882,0.030377107,-0.008162381,0.0086455755,-5.5840683e-06,-2.0781416e-05,-5.9146255e-06
52.923,0.013883745,-0.005108055,-0.0011282681,-1.5893464e-06,-4.319862e-06,3.5105182e-07
52.941,-0.001998751,-0.006329786,-0.0017391334,-7.2870847e-07,2.3010357e-07,2.0021558e-07
52.981,-0.025822496,-0.011827573,-0.015178168,-7.987931e-06,1.7439377e-05,1.0250762e-05
53.020,-0.028876822,-0.00449719,-0.02006509,-3.3435538e-06,2.1468177e-05,1.4917237e-05
53.042,-0.029487688,-0.007551516,-0.018232495,-4.4954313e-06,1.755368e-05,1.0853648e-05
53.081,-0.02276817,-0.007551516,-0.0145673035,-4.4445555e-06,1.3400349e-05,8.57372e-06
53.121,-0.017881246,-0.0008319985,0.0049803844,-2.5935393e-07,5.574107e-06,-1.5525308e-06
53.144,-0.009329134,-0.00022113322,0.014754228,-8.095053e-08,3.4155175e-06,-5.401715e-06
53.180,0.0022773056,0.0071092495,0.038577974,5.858323e-06,-1.8766992e-06,-3.179004e-05
53.223,-0.001998751,0.010163576,0.055071335,1.1944116e-05,2.348507e-06,-6.4718784e-05
53.242,-0.0026096164,0.009552711,0.050795276,1.036772e-05,2.831954e-06,-5.5128574e-05
53.282,-0.008718268,0.0022223277,0.025138937,9.955335e-07,3.9054203e-06,-1.1261212e-05
53.323,-0.028265957,-0.013049303,-0.0145673035,-9.406556e-06,2.0375162e-05,1.0500779e-05
53.343,-0.03315288,-0.013660168,-0.027395474,-1.2927439e-05,3.137341e-05,2.592537e-05
53.383,-0.014216056,-0.008162381,-0.032282393,-4.9582054e-06,8.63529e-06,1.9609497e-05
53.420,-0.0032204816,-0.006329786,-0.0005174029,-9.4524853e-07,4.8092545e-07,7.726577e-08
53.462,0.0010555751,-0.0057189204,0.025749804,-2.5328595e-06,-4.6749e-07,-1.14043505e-05
53.482,0.002888171,-0.0057189204,0.028193263,-3.4675677e-06,-1.751155e-06,-1.7094422e-05
53.523,0.0096076885,-0.0057189204,0.028193263,-3.6375973e-06,-6.1109763e-06,-1.7932449e-05
53.562,0.010829419,-0.0032754596,0.01597596,-1.3447456e-06,-4.445984e-06,-6.5588897e-06
53.586,0.008996823,-0.006329786,0.009256441,-1.9084478e-06,-2.7125584e-06,-2.790839e-06
53.622,0.008996823,0.0040549235,-0.0041825944,9.1145233e-07,-2.0222735e-06,9.401497e-07
53.662,0.0041099014,-0.007551516,-0.013345573,-2.5140962e-06,-1.3683003e-06,4.443092e-06
53.683,0.002888171,-0.00449719,-0.0145673035,-1.4634368e-06,-9.3984863e-07,4.740373e-06
53.723,-0.0013878858,0.0058875196,-0.019454226,2.012358e-06,4.743873e-07,6.6494717e-06
53.763,0.0059424974,0.011385307,-0.019454226,5.5659293e-06,-2.9050723e-06,9.510562e-06
53.783,0.01327288,0.0016114624,-0.010902112,5.830285e-07,-4.8020597e-06,3.9443307e-06
53.823,0.023657588,-0.008162381,0.008034711,-4.4993044e-06,-1.3040548e-05,-4.42893e-06
53.862,0.026101049,-0.0032754596,0.0086455755,-1.902106e-06,-1.5156942e-05,-5.0205226e-06
53.882,0.012662015,-0.009384112,0.016586825,-4.502859e-06,-6.075673e-06,-7.958969e-06
53.923,0.021824993,-0.006329786,0.0068129804,-3.1492243e-06,-1.0858402e-05,-3.3896226e-06
53.962,-0.001998751,-0.0032754596,-0.0011282681,-2.7473652e-07,1.6764972e-07,9.463604e-08
53.983,-0.011772595,-0.006329786,-0.009680382,-1.7526274e-06,3.2596533e-06,2.6803561e-06
54.023,-0.025822496,-0.0057189204,-0.028006338,-4.620222e-06,2.0860454e-05,2.2624754e-05
54.064,-0.027044225,-0.010605843,-0.027395474,-7.1051286e-06,1.8117136e-05,1.835257e-05
54.082,-0.02276817,-0.0057189204,-0.015178168,-3.352806e-06,1.33479425e-05,8.898302e-06
54.124,-0.007496538,-0.0032754596,0.011089037,-9.465761e-07,2.1664364e-06,-3.204635e-06
54.162,0.0004447099,-0.0069406508,0.029414993,-3.5196638e-06,-2.2548987e-07,-1.4916589e-05
54.183,-0.0026096164,-0.006329786,0.033691052,-4.563717e-06,1.8815741e-06,-2.4291054e-05
54.221,-0.0062748077,-0.0038863246,0.037967104,-3.1522504e-06,5.0897565e-06,-3.079639e-05
54.260,-0.004442212,0.0040549235,0.024528073,2.1476253e-06,2.352716e-06,-1.2990812e-05
54.301,-0.017270382,-0.0014428637,9.346238e-05,-5.2441345e-07,6.2769773e-06,-3.3967567e-08
54.321,-0.027655093,-0.0069406508,-0.0145673035,-3.7284435e-06,1.4855775e-05,7.825305e-06
54.363,-0.037428938,-0.0008319985,-0.032282393,-8.6319596e-07,3.8803188e-05,3.3467713e-05
54.401,-0.028876822,-0.002053729,-0.03167153,-1.4787001e-06,2.0788177e-05,2.2800095e-05
54.425,-0.019713843,0.0034440581,-0.023730282,2.2419958e-06,1.2833804e-05,1.5448488e-05
54.462,-0.01360519,0.00833098,0.006202115,2.9904763e-06,4.883687e-06,-2.2263052e-06
54.500,-0.001998751,0.0071092495,0.03613451,4.3989867e-06,1.236713e-06,-2.2358867e-05
54.520,-0.0050530774,0.007720115,0.04774095,7.872539e-06,5.1525703e-06,-4.8682778e-05
54.561,0.0053316317,0.0034440581,0.04957355,3.6096396e-06,-5.5882815e-06,-5.1958996e-05
54.601,0.012051149,-0.0112167075,0.034301914,-8.950264e-06,-9.615834e-06,-2.7370523e-05
54.622,0.008385958,-0.012438439,0.024528073,-7.5000266e-06,-5.0564145e-06,-1.478968e-05
54.662,-0.0026096164,0.0046657887,-0.0023499988,4.5712605e-07,2.5567468e-07,2.3023878e-07
54.702,-0.009939999,0.0022223277,-0.024952013,1.256018e-06,5.618087e-06,1.4102851e-05
54.722,-0.006885673,-0.0038863246,-0.027395474,-2.3239563e-06,4.117437e-06,1.6381797e-05
54.761,-0.012994326,-0.007551516,-0.024341147,-3.6243746e-06,6.236585e-06,1.1682506e-05
54.802,0.0004447099,-0.00022113322,-0.03167153,-1.4689164e-07,-2.954142e-07,2.1038819e-05
54.822,0.0077750925,-0.0026645942,-0.03167153,-1.8283886e-06,-5.335294e-06,2.1733023e-05
54.862,0.014494611,-0.015492764,-0.009069516,-7.496646e-06,-7.0136903e-06,4.3885448e-06
54.903,0.034653164,-0.0112167075,0.014143363,-9.191335e-06,-2.839537e-05,-1.15894545e-05
54.922,0.038318355,-0.010605843,0.024528073,-8.312811e-06,-3.003263e-05,-1.922445e-05
54.962,0.03770749,-0.006329786,0.014754228,-5.4405054e-06,-3.2408654e-05,-1.2680995e-05
55.002,0.0059424974,-0.008773247,0.0086455755,-2.5162e-06,-1.7043261e-06,-2.4795836e-06
55.043,0.0053316317,-0.00449719,-0.01884336,-1.8950077e-06,-2.2466395e-06,7.940174e-06
55.062,-0.0038313468,-0.00022113322,-0.021897687,-1.031074e-07,1.7862769e-06,1.0209294e-05
55.105,-0.019102978,0.00038973204,-0.023119418,1.9605719e-07,9.612616e-06,1.1633686e-05
55.141,-0.009329134,0.0016114624,-0.026173742,9.405806e-07,5.4454895e-06,1.52778e-05
55.161,-0.016048653,0.0040549235,-0.015789034,1.9452682e-06,7.699142e-06,7.574578e-06
55.202,-0.009329134,-0.0026645942,0.0025369234,-5.603923e-07,1.9620174e-06,-5.335417e-07
55.243,-0.014826922,-0.0014428637,0.025749804,-9.0008615e-07,9.2500895e-06,-1.6064545e-05
55.261,-0.016048653,0.00038973204,0.03613451,3.233708e-07,1.3307771e-05,-2.9963261e-05
55.301,-0.0056639425,0.0022223277,0.03613451,1.7078369e-06,4.352506e-06,-2.7768036e-05
55.340,-0.00016615535,0.005276654,0.031858455,3.5735163e-06,1.1248706e-07,-2.1575543e-05
55.362,-0.008718268,-0.0057189204,0.028193263,-2.8841055e-06,4.3967725e-06,-1.4218275e-05
55.403,-0.023989901,-0.005108055,-0.0029608638,-2.6465805e-06,1.2429577e-05,1.5340906e-06
55.442,-0.031931147,-0.009994977,-0.022508552,-6.762234e-06,2.1602864e-05,1.5228162e-05
55.462,-0.02521163,-0.013660168,-0.023119418,-1.0552138e-05,1.9474937e-05,1.7858978e-05
55.502,0.0041099014,-0.002053729,-0.012734707,-5.8308416e-07,-1.1668673e-06,3.6155852e-06
55.542,0.0065533626,-0.00022113322,0.011089037,-5.974585e-08,-1.7705113e-06,-2.9959072e-06
55.562,0.015105476,-0.00022113322,0.014754228,-9.795016e-08,-6.689423e-06,-6.533875e-06
55.601,0.008385958,0.0028331932,0.019030284,1.2470249e-06,-3.6911156e-06,-8.376247e-06
55.643,0.013883745,-0.0014428637,0.0055912496,-4.55e-07,-4.3781333e-06,-1.7631592e-06
55.663,0.012662015,0.00038973204,0.0068129804,1.17559246e-07,-3.819513e-06,-2.055144e-06
55.703,0.0071642273,0.005276654,0.011089037,1.2586341e-06,-1.7088796e-06,-2.6450589e-06
55.742,0.0053316317,-0.002053729,0.0037586538,-2.9455362e-07,-7.6468234e-07,-5.390802e-07
55.762,0.0010555751,-0.008162381,0.0013151928,-1.4267258e-06,-1.845068e-07,-2.2988642e-07
55.802,-0.006885673,0.00038973204,-0.013956438,1.2723218e-07,2.247992e-06,4.556411e-06
55.842,-0.0056639425,0.010774441,-0.03350413,8.054572e-06,4.2342817e-06,2.5046591e-05
55.882,-0.00016615535,-0.0026645942,-0.034725856,-1.5569831e-06,9.70725e-08,2.0291094e-05
55.903,0.0041099014,-0.007551516,-0.025562877,-4.271124e-06,-2.324593e-06,1.4458371e-05
55.943,0.026711917,-0.0026645942,0.00070432766,-1.500605e-06,-1.5043175e-05,-3.9666287e-07
55.982,0.04015095,-0.0014428637,0.014143363,-1.2890683e-06,-3.5864934e-05,-1.2633617e-05
56.002,0.04259441,-0.0032754596,0.0104781715,-3.021676e-06,-3.9291703e-05,-9.665772e-06
56.042,0.02487932,-0.009384112,-0.008458651,-4.393043e-06,-1.1646981e-05,3.9597962e-06
56.081,-0.001998751,-0.010605843,-0.018232495,-4.7125022e-06,8.8808673e-07,8.101254e-06
56.101,-0.01238346,-0.009994977,-0.018232495,-5.072732e-06,6.284895e-06,9.253467e-06
56.140,-0.018492114,-0.013049303,-0.024341147,-7.2767957e-06,1.0311769e-05,1.3573472e-05
56.180,-0.021546438,-0.007551516,-0.019454226,-4.7504022e-06,1.3553868e-05,1.22378115e-05
56.201,-0.01116173,-0.0057189204,-0.015789034,-2.418365e-06,4.719932e-06,6.6766856e-06
56.240,-0.01116173,-0.0032754596,0.0037586538,-8.397216e-07,2.8615107e-06,-9.635972e-07
56.282,-0.0038313468,-0.006329786,0.01841942,-2.6349799e-06,1.5949369e-06,-7.667701e-06
56.302,0.0010555751,-0.002053729,0.026360668,-9.1176014e-07,-4.686195e-07,-1.1702876e-05
56.342,-0.0038313468,0.0010005973,0.037356243,7.883212e-07,3.0183476e-06,-2.9429484e-05
56.382,-0.0062748077,0.0046657887,0.033691052,2.7074345e-06,3.6410318e-06,-1.954978e-05
56.401,-0.01238346,0.007720115,0.028804129,5.2278747e-06,8.385596e-06,-1.9505173e-05
56.442,-0.029487688,0.0034440581,0.014143363,2.3752846e-06,2.0336094e-05,-9.753957e-06
56.481,-0.042315856,-0.0008319985,-0.013345573,-6.196154e-07,3.1505977e-05,9.936366e-06
56.502,-0.040483262,0.0016114624,-0.023730282,1.5863139e-06,3.98632e-05,2.3366774e-05
56.541,-0.023379033,-0.0008319985,-0.026173742,-6.126812e-07,1.7211585e-05,1.9269055e-05
56.583,0.0022773056,-0.0008319985,-0.0035717292,-7.532235e-08,-2.0616875e-07,3.2335532e-07
56.603,0.016938072,-0.00022113322,0.0055912496,-8.273229e-08,-6.336512e-06,-2.0916798e-06
56.643,0.022435857,-0.00449719,0.03124759,-2.9223304e-06,-1.4578333e-05,-2.0304069e-05
56.681,0.020603264,-0.0057189204,0.031858455,-4.601948e-06,-1.657838e-05,-2.563498e-05
56.722,0.023046724,-0.00022113322,0.016586825,-1.3175342e-07,-1.3724409e-05,-9.877516e-06
56.742,0.015105476,0.0046657887,0.0086455755,1.4105166e-06,-4.566564e-06,-2.6136554e-06
56.783,0.0077750925,-0.0032754596,-0.005404325,-6.8824215e-07,-1.633711e-06,1.135562e-06
56.822,0.0022773056,-0.00449719,-0.015178168,-1.2067031e-06,-6.1105834e-07,4.0726673e-06
56.841,-0.0038313468,-0.006329786,-0.017010765,-2.4624615e-06,1.4904883e-06,6.6176453e-06
56.882,-0.006885673,0.005276654,-0.020675957,2.481202e-06,3.2378316e-06,9.72236e-06
56.922,-0.006885673,0.0034440581,-0.020675957,1.593521e-06,3.1859497e-06,9.5665855e-06
56.943,-0.0056639425,-0.007551516,-0.015178168,-2.8306652e-06,2.1231008e-06,5.6894855e-06
56.981,0.012051149,-0.0032754596,0.007423845,-9.979749e-07,-3.6717563e-06,-2.2619072e-06
57.022,0.022435857,-0.0069406508,0.021473745,-4.6320406e-06,-1.49728285e-05,-1.4330818e-05
57.041,0.025490185,-0.0069406508,0.017808553,-4.637531e-06,-1.7031365e-05,-1.1898911e-05
57.082,0.010829419,-0.005108055,0.00070432766,-1.0279039e-06,-2.1792248e-06,-1.4173433e-07
57.121,-0.0062748077,-0.0038863246,-0.015789034,-1.420508e-06,2.2935185e-06,5.7710963e-06
57.140,-0.014216056,-0.0038863246,-0.022508552,-2.1927985e-06,8.020989e-06,1.2699817e-05
57.184,-0.030098552,-0.006329786,-0.028006338,-5.522177e-06,2.6256725e-05,2.44317e-05
57.220,-0.021546438,-0.008162381,-0.024952013,-5.813816e-06,1.5346463e-05,1.7772189e-05
57.241,-0.014216056,-0.0032754596,-0.017010765,-1.5393741e-06,6.6810253e-06,7.994449e-06
57.282,-0.009939999,0.0016114624,0.009256441,4.6224235e-07,2.85123e-06,-2.6551568e-06
57.323,-0.0026096164,-0.00449719,0.025749804,-2.4775436e-06,1.4376855e-06,-1.4185863e-05
57.342,-0.004442212,-0.0026645942,0.033691052,-1.5238145e-06,2.5404452e-06,-1.9267374e-05
57.382,-0.0007770206,0.0010005973,0.038577974,8.0996807e-07,6.2896595e-07,-3.1227897e-05
57.423,-0.006885673,0.0058875196,0.027582398,2.8677048e-06,3.3538415e-06,-1.3434788e-05
57.462,-0.0154377865,0.005276654,-0.0005174029,1.8062792e-06,5.284591e-06,1.7711018e-07
57.482,-0.023379033,-0.00022113322,-0.016399898,-1.3250853e-07,1.4002028e-05,9.822128e-06
57.523,-0.023379033,-0.0026645942,-0.034725856,-2.344346e-06,2.0566396e-05,3.0548206e-05
57.561,-0.01360519,-0.0057189204,-0.03411499,-4.4581543e-06,1.06054595e-05,2.6593343e-05
57.582,-0.0038313468,-0.00022113322,-0.0304498,-1.4235222e-07,2.4659698e-06,1.9598418e-05
57.621,-0.0026096164,0.00038973204,-0.010291247,8.68331e-08,5.8143246e-07,2.2929285e-06
57.663,0.0096076885,0.0016114624,0.006202115,3.902819e-07,-2.3269076e-06,-1.5021035e-06
57.682,0.015105476,0.0010005973,0.01597596,3.6945832e-07,-5.577762e-06,-5.89919e-06
57.724,0.008385958,-0.009384112,0.031858455,-6.741255e-06,-6.0240727e-06,-2.288591e-05
57.762,0.027933646,-0.0032754596,0.021473745,-1.9446522e-06,-1.6583392e-05,-1.2748364e-05
57.782,0.022435857,0.0064983843,0.01964115,4.1589847e-06,-1.4359351e-05,-1.2570635e-05
57.823,-0.004442212,-0.010605843,0.017197689,-4.6013465e-06,1.9272745e-06,-7.4612276e-06
57.862,0.010218553,0.007720115,0.00070432766,1.6612939e-06,-2.198934e-06,-1.5156266e-07
57.883,0.011440285,0.0040549235,-0.005404325,1.1298526e-06,-3.1876816e-06,1.5058448e-06
57.921,0.010829419,-0.011827573,-0.019454226,-6.253559e-06,-5.725867e-06,1.0286008e-05
57.961,0.0004447099,-0.0032754596,-0.024341147,-1.6873721e-06,-2.2910567e-07,1.25394945e-05
57.980,0.0022773056,0.0034440581,-0.025562877,1.8702706e-06,-1.2366554e-06,1.388167e-05
58.020,0.0096076885,0.0046657887,-0.010902112,1.1947086e-06,-2.4601088e-06,2.7915573e-06
58.060,0.018770669,0.0016114624,0.008034711,6.921543e-07,-8.062529e-06,-3.4511304e-06
58.080,0.018770669,-0.00022113322,0.015365093,-1.1253593e-07,-9.54933e-06,-7.816789e-06
58.121,0.012051149,-0.00022113322,0.020862881,-8.941066e-08,-4.871514e-06,-8.433539e-06
58.164,0.0059424974,-0.0032754596,0.01597596,-1.1922976e-06,-2.1631092e-06,-5.815368e-06
58.181,0.0059424974,-0.0057189204,0.014143363,-1.9636145e-06,-2.0403704e-06,-4.85617e-06
58.220,0.002888171,-0.006329786,0.011699902,-1.8069728e-06,-8.2448656e-07,-3.3399854e-06
58.261,0.0010555751,-0.0032754596,0.017808553,-1.2459261e-06,-4.0151718e-07,-6.774047e-06
58.282,-0.00016615535,0.0010005973,0.01841942,3.0967976e-07,5.142333e-08,-5.700714e-06
58.322,-0.020935573,0.0034440581,0.0013151928,1.535385e-06,9.333206e-06,-5.8632816e-07
58.361,-0.02521163,-0.0038863246,-0.0304498,-3.2377789e-06,2.100257e-05,2.5366317e-05
58.401,-0.023379033,-0.002053729,-0.032282393,-1.7192572e-06,1.9568473e-05,2.702072e-05
58.423,-0.019713843,-0.0032754596,-0.027395474,-2.3294488e-06,1.40192915e-05,1.948205e-05
58.461,-0.004442212,0.0022223277,-0.011512978,4.6750012e-07,9.344891e-07,2.421934e-06
58.502,0.0010555751,-0.0014428637,0.0037586538,-1.2594298e-07,-9.213775e-08,-3.280809e-07
58.522,0.0047207666,-0.0057189204,0.009867307,-1.4803807e-06,-1.2219987e-06,-2.5542163e-06
58.563,-0.00016615535,-0.013049303,0.015365093,-5.5168725e-06,7.026367e-08,-6.4959236e-06
58.603,0.0016664404,-0.0008319985,0.023306342,-4.079566e-07,-8.1709965e-07,-1.1427745e-05
58.623,-0.0007770206,-0.0026645942,0.023917207,-1.0763804e-06,3.138882e-07,-9.661526e-06
58.662,-0.009939999,-0.009994977,0.01841942,-4.8617444e-06,4.8350457e-06,-8.95958e-06
58.702,-0.009939999,-0.008773247,0.004369519,-2.5683735e-06,2.9099447e-06,-1.2791767e-06
58.723,-0.012994326,-0.0057189204,-0.0005174029,-1.3630847e-06,3.0971516e-06,1.2332328e-07
58.761,-0.010550864,-0.007551516,-0.006626055,-2.3072214e-06,3.2236082e-06,2.0244654e-06
58.803,-0.008107403,0.0022223277,-0.00601519,3.8540463e-07,1.40602e-06,1.0431792e-06
58.822,-0.008718268,-0.00022113322,-0.006626055,-5.079468e-08,2.0025411e-06,1.5219706e-06
58.861,-0.0026096164,0.0022223277,-0.00601519,3.2266186e-07,3.7889302e-07,8.733515e-07
58.903,0.0041099014,0.0022223277,-0.0011282681,2.240126e-07,-4.1428163e-07,1.1373045e-07
58.923,0.0071642273,-0.0008319985,9.346238e-05,-1.2585409e-07,-1.0837125e-06,-1.413786e-08
58.961,0.015105476,-0.0038863246,0.007423845,-1.4078785e-06,-5.472151e-06,-2.6893872e-06
59.003,0.020603264,-0.002053729,0.011089037,-1.0116449e-06,-1.0148667e-05,-5.462197e-06
59.022,0.013883745,0.0040549235,0.011089037,1.549844e-06,-5.306588e-06,-4.2383995e-06
59.062,0.0041099014,0.0022223277,0.0025369234,1.9822579e-07,-3.665925e-07,-2.262869e-07
59.104,-0.0038313468,-0.0008319985,-0.00601519,-1.2528074e-07,5.769156e-07,9.05754e-07
59.123,-0.009329134,0.0028331932,-0.005404325,6.6234173e-07,2.1809626e-06,1.2634209e-06
59.161,-0.004442212,0.0034440581,-0.009069516,7.7066926e-07,9.940261e-07,2.0294679e-06
59.200,-0.001998751,0.0046657887,-0.011512978,1.2311566e-06,5.2741046e-07,3.0379188e-06
59.240,0.014494611,-0.011827573,-0.009680382,-4.1798135e-06,-5.122351e-06,3.4210018e-06
59.262,0.021824993,-0.017325358,-0.0072369203,-1.046055e-05,-1.3177359e-05,4.369386e-06
59.302,0.017548937,-0.01610363,9.346238e-05,-8.043784e-06,-8.765716e-06,-4.671983e-08
59.342,0.0047207666,0.0010005973,0.0104781715,2.4207014e-07,-1.1420817e-06,-2.5349534e-06
59.361,0.0065533626,0.0016114624,0.009256441,3.8712975e-07,-1.5743549e-06,-2.2237314e-06
59.401,0.0065533626,-0.0014428637,0.0013151928,-1.6552896e-07,-7.5181805e-07,-1.5088224e-07
59.441,-0.006885673,0.0071092495,-0.007847786,1.8831734e-06,1.8239539e-06,2.078805e-06
59.461,-0.019713843,0.007720115,-0.010902112,3.85547e-06,9.8452865e-06,5.4445964e-06
59.501,-0.020935573,0.018715689,-0.021286821,1.1064496e-05,1.2377023e-05,1.258454e-05
59.542,-0.017270382,0.011385307,-0.024952013,7.738662e-06,1.1739e-05,1.6960206e-05
59.562,-0.010550864,0.011385307,-0.017010765,5.4984307e-06,5.0954864e-06,8.215212e-06
59.602,-0.01360519,-0.0014428637,0.012310768,-5.569004e-07,5.251298e-06,-4.751677e-06
59.642,0.016327206,-0.03809478,0.008034711,-3.3728116e-05,-1.4455536e-05,-7.113954e-06
59.662,0.0053316317,0.0010005973,0.01964115,3.4205922e-07,-1.822679e-06,-6.7145456e-06
59.702,-0.006885673,-0.02099055,0.016586825,-1.2160591e-05,3.9891856e-06,-9.609343e-06
59.741,-0.009939999,-0.00449719,0.006202115,-9.4687624e-07,2.0928549e-06,-1.3058464e-06
59.762,-0.01116173,-0.0038863246,0.004369519,-1.0269913e-06,2.9495789e-06,-1.1546796e-06
59.801,-0.008107403,-0.0014428637,0.0031477886,-2.6676085e-07,1.4989228e-06,-5.81973e-07
59.842,-0.01116173,-0.0038863246,0.007423845,-9.100258e-07,2.6136495e-06,-1.7383785e-06
59.861,-0.01360519,-0.009384112,0.008034711,-3.6165968e-06,5.2433993e-06,-3.0965407e-06
59.901,-0.017881246,-0.008162381,0.00070432766,-3.3668462e-06,7.3757187e-06,-2.9051108e-07
59.942,-0.020935573,0.00038973204,-0.0047934595,1.7555875e-07,9.431188e-06,2.159387e-06
59.981,-0.014216056,0.0034440581,-0.005404325,1.1262865e-06,4.6489968e-06,1.767343e-06
