timestamp,x,y,z,roll,pitch,yaw
00.016,0.00035246924,-0.0017861701,-5.925393e-05,-4.3669743e-07,-8.617455e-08,1.4486865e-08
00.055,-0.005145318,-0.00056443946,-0.0006701192,-0.0,-0.0,0.0
00.076,0.0009633345,4.642576e-05,0.0005516113,-0.0,-0.0,0.0
00.117,-0.0014801265,-0.0017861701,-5.925393e-05,-0.0,-0.0,0.0
00.156,0.016845832,0.0018790215,-5.925393e-05,4.274858e-06,-3.8324997e-05,1.3488717e-07
00.176,-0.006977914,0.000657291,0.0005516113,0.0,-0.0,-0.0
00.216,0.0009633345,-0.00056443946,-5.925393e-05,-0.0,-0.0,0.0
00.256,-0.0063670482,-0.0011753048,0.0011624765,-0.0,0.0,0.0
00.276,0.0046285256,-0.0011753048,-5.925393e-05,-7.53364e-07,-2.9668602e-06,3.798033e-08
00.316,-0.000258396,-0.00056443946,-5.925393e-05,-0.0,-0.0,0.0
00.357,0.0046285256,0.000657291,-0.0012809844,0.0,-0.0,0.0
00.377,-0.0039235875,0.0018790215,0.0005516113,0.0,-0.0,-0.0
00.416,-0.0014801265,-0.0011753048,0.0017733418,-4.088304e-07,5.1486313e-07,-6.168581e-07
00.456,0.002185065,0.0012681563,-5.925393e-05,0.0,-0.0,0.0
00.476,-0.000258396,4.642576e-05,-0.0006701192,-0.0,0.0,0.0
00.515,0.0046285256,0.000657291,0.0005516113,-0.0,-0.0,0.0
00.555,-0.0027018571,-0.0017861701,0.0005516113,-7.8765873e-07,1.1914555e-06,-2.4324711e-07
00.576,-0.005145318,0.000657291,0.0011624765,0.0,-0.0,-0.0
00.616,-0.0033127223,0.000657291,0.0011624765,0.0,-0.0,-0.0
00.662,-0.0020909917,-0.00056443946,-5.925393e-05,-0.0,-0.0,0.0
00.677,-0.0027018571,0.0024898867,0.0005516113,0.0,-0.0,-0.0
00.716,0.0009633345,4.642576e-05,-5.925393e-05,0.0,-0.0,0.0
00.754,-0.0020909917,0.000657291,0.0011624765,0.0,-0.0,-0.0
00.795,0.0027959303,-0.00056443946,0.0005516113,-0.0,-0.0,-0.0
00.816,-0.0045344527,4.642576e-05,-0.0006701192,2.8562665e-08,2.7898016e-06,4.122878e-07
00.856,0.0009633345,0.000657291,0.0005516113,-0.0,-0.0,0.0
00.897,-0.0027018571,-0.0017861701,0.0005516113,-0.0,0.0,0.0
00.915,0.00035246924,0.0024898867,0.0005516113,-0.0,-0.0,0.0
00.956,-0.0014801265,0.000657291,-5.925393e-05,1.4296874e-07,3.2194544e-07,1.2888424e-08
00.996,-0.0027018571,0.0018790215,-5.925393e-05,-0.0,0.0,0.0
01.016,0.0015741998,-0.0011753048,0.0005516113,-0.0,-0.0,-0.0
01.057,0.00035246924,-0.00056443946,0.0005516113,-0.0,-0.0,-0.0
01.096,0.002185065,0.0012681563,-0.0006701192,4.4488726e-07,-7.6655164e-07,2.3508746e-07
01.116,-0.000258396,-0.00056443946,-0.0006701192,-0.0,-0.0,0.0
01.155,-0.000258396,4.642576e-05,-0.0006701192,-0.0,0.0,0.0
01.196,0.0064611216,0.0018790215,-5.925393e-05,0.0,-0.0,0.0
01.216,-0.000258396,0.0018790215,0.0005516113,4.9816384e-07,6.850559e-08,-1.4624251e-07
01.256,0.0009633345,-0.0011753048,-5.925393e-05,-0.0,-0.0,0.0
01.297,-0.011864835,0.0012681563,-0.0006701192,-0.0,0.0,0.0
01.316,-0.0027018571,-0.00056443946,-5.925393e-05,-0.0,-0.0,0.0
01.356,0.0009633345,-0.0017861701,-0.0006701192,-5.123548e-07,-2.7632822e-07,1.922206e-07
01.396,0.0076828524,-0.00056443946,-5.925393e-05,-0.0,-0.0,0.0
01.438,0.002185065,4.642576e-05,-0.0006701192,0.0,-0.0,0.0
01.458,0.0027959303,0.0018790215,-5.925393e-05,0.0,-0.0,0.0
01.496,0.0046285256,0.0012681563,-0.0006701192,8.2477777e-07,-3.0102767e-06,4.3582997e-07
01.535,-0.0020909917,0.0018790215,-5.925393e-05,-0.0,0.0,0.0
01.556,-0.0020909917,4.642576e-05,-5.925393e-05,-0.0,0.0,0.0
01.594,-0.0033127223,-0.0017861701,0.0005516113,-0.0,0.0,0.0
01.622,0.0064611216,4.642576e-05,-0.0006701192,0.0,-0.0,0.0
01.659,-0.0045344527,-0.0017861701,-5.925393e-05,-0.0,-0.0,0.0
01.695,-0.000258396,-0.00056443946,-0.0006701192,-0.0,-0.0,0.0
01.734,0.0052393912,-0.0011753048,-0.0006701192,-0.0,-0.0,0.0
01.754,0.0058502564,0.000657291,0.0005516113,5.2163125e-07,-4.642818e-06,-4.3776268e-07
01.797,0.00035246924,4.642576e-05,0.0005516113,-0.0,-0.0,0.0
01.835,0.0015741998,-0.0011753048,-0.002502715,-0.0,-0.0,0.0
01.856,-0.01125397,-0.00056443946,-5.925393e-05,-0.0,-0.0,0.0
01.896,0.0064611216,4.642576e-05,0.0005516113,4.040642e-08,-5.6235917e-06,-4.8010793e-07
01.936,0.0034067954,4.642576e-05,0.0011624765,-0.0,-0.0,0.0
01.956,0.0034067954,4.642576e-05,-5.925393e-05,0.0,-0.0,0.0
01.996,0.008904583,-0.0017861701,-0.0006701192,-0.0,-0.0,0.0
02.036,-0.0039235875,-0.0011753048,-0.0006701192,-6.546956e-07,2.1856065e-06,3.732859e-07
02.056,-0.0020909917,0.0012681563,-5.925393e-05,-0.0,0.0,0.0
02.103,-0.0039235875,-0.0017861701,0.0017733418,-0.0,0.0,0.0
02.136,-0.00881051,0.0012681563,0.0005516113,0.0,-0.0,-0.0
02.158,0.00035246924,4.642576e-05,-5.925393e-05,2.2458206e-09,-1.7050507e-08,2.8663762e-09
02.197,0.008293717,0.000657291,0.0005516113,-0.0,-0.0,0.0
02.236,-0.005145318,-0.00056443946,0.0005516113,-0.0,0.0,0.0
02.257,-0.0014801265,4.642576e-05,-0.0006701192,-0.0,0.0,0.0
02.296,-0.0033127223,0.000657291,-0.0006701192,3.03754e-07,1.5309103e-06,3.0968232e-07
02.335,-0.0008692613,-0.0017861701,0.0011624765,-0.0,0.0,0.0
02.374,0.0009633345,-0.00056443946,0.0005516113,-0.0,-0.0,-0.0
02.396,-0.0039235875,-0.0011753048,-5.925393e-05,-0.0,-0.0,0.0
02.436,0.00035246924,-0.00056443946,0.0005516113,-6.548126e-08,-4.0890352e-08,-6.3993056e-08
02.475,-0.000258396,0.0024898867,0.0005516113,0.0,-0.0,-0.0
02.495,-0.000258396,0.003100752,-0.0006701192,-0.0,0.0,0.0
02.535,-0.0033127223,-0.0011753048,0.0005516113,-0.0,0.0,0.0
02.576,0.00035246924,-0.0011753048,0.0005516113,-2.1221777e-07,-6.364326e-08,-9.9601166e-08
02.596,0.0027959303,4.642576e-05,0.0005516113,-0.0,-0.0,0.0
02.636,-0.009421375,-0.0011753048,0.0017733418,-0.0,0.0,0.0
02.663,-0.0027018571,-0.0011753048,0.0005516113,-0.0,0.0,0.0
02.695,-0.0014801265,0.0012681563,-0.0012809844,3.9698918e-07,4.6334543e-07,4.010049e-07
02.735,0.0015741998,0.000657291,-0.0006701192,0.0,-0.0,0.0
02.774,-0.0020909917,0.000657291,-0.0018918497,-0.0,0.0,0.0
02.794,-0.0020909917,0.000657291,-0.0012809844,-0.0,0.0,0.0
02.835,-0.02163868,0.0012681563,0.0011624765,3.694823e-06,6.3043306e-05,-3.386939e-06
02.875,0.0027959303,0.000657291,0.0005516113,-0.0,-0.0,0.0
02.895,0.002185065,-0.00056443946,-5.925393e-05,-0.0,-0.0,0.0
02.936,0.0009633345,-0.00056443946,0.0005516113,-0.0,-0.0,-0.0
02.975,0.0027959303,0.0012681563,-5.925393e-05,5.2265426e-07,-1.1523065e-06,2.4421043e-08
03.015,-0.0020909917,0.000657291,-0.0006701192,-0.0,0.0,0.0
03.035,0.00035246924,-0.0011753048,-0.0006701192,-0.0,-0.0,0.0
03.075,0.0027959303,0.0024898867,-5.925393e-05,0.0,-0.0,0.0
03.115,0.002185065,4.642576e-05,0.0005516113,-0.0,-0.0,0.0
03.136,0.0009633345,-0.0011753048,0.0005516113,-0.0,-0.0,-0.0
03.175,0.00035246924,-0.00056443946,-5.925393e-05,-0.0,-0.0,0.0
03.214,-0.0008692613,0.000657291,-0.0006701192,-0.0,0.0,0.0
03.235,0.0027727173,8.857546e-05,-0.0012785409,3.6314386e-08,-1.136756e-06,5.2417505e-07
03.274,-0.0015033394,8.857546e-05,-0.0018894062,-0.0,0.0,0.0
03.315,0.003994448,8.857546e-05,-5.681047e-05,0.0,-0.0,0.0
03.336,0.00032925635,-0.0017440203,0.0005540548,-0.0,-0.0,-0.0
03.376,-0.00089247414,8.857546e-05,-5.681047e-05,1.0683584e-08,1.07646315e-07,6.852229e-09
03.416,-0.0027250699,-0.00052228983,-5.681047e-05,-0.0,-0.0,0.0
03.436,-0.004557666,0.0006994407,0.0005540548,0.0,-0.0,-0.0
03.475,-0.00028160887,-0.00052228983,0.0005540548,-0.0,0.0,0.0
03.515,-0.005168531,-0.0017440203,0.0011649199,-0.0,0.0,0.0
03.535,0.007659639,-0.0017440203,-0.00066767575,-0.0,-0.0,0.0
03.575,-0.0027250699,8.857546e-05,-0.00066767575,-0.0,0.0,0.0
03.614,-0.00089247414,8.857546e-05,-0.0012785409,-0.0,0.0,0.0
03.635,-0.005168531,-0.0023548857,-5.681047e-05,-1.7952635e-06,3.9402653e-06,4.3313392e-08
03.675,0.0101031,0.0019211712,-0.00066767575,0.0,-0.0,0.0
03.715,-0.0015033394,-0.001133155,0.0011649199,-0.0,0.0,0.0
03.755,0.0015509869,0.0013103059,0.0005540548,-0.0,-0.0,0.0
03.774,-0.0021142047,-0.001133155,-0.00066767575,-3.7869043e-07,7.065484e-07,2.2313145e-07
03.814,-0.006390261,-0.00052228983,0.0011649199,-0.0,0.0,0.0
03.836,0.00032925635,8.857546e-05,0.0005540548,-0.0,-0.0,0.0
03.874,0.00888137,0.0013103059,-5.681047e-05,0.0,-0.0,0.0
03.916,0.002161852,8.857546e-05,-0.00066767575,2.6919457e-08,-6.5701875e-07,2.0291651e-07
03.955,0.0046053133,8.857546e-05,-5.681047e-05,0.0,-0.0,0.0
03.974,-0.003335935,-0.0017440203,-5.681047e-05,-0.0,-0.0,0.0
04.016,-0.00089247414,8.857546e-05,-5.681047e-05,-0.0,0.0,0.0
04.056,0.0046053133,8.857546e-05,-0.00066767575,0.0,-0.0,0.0
04.075,-0.0179967,8.857546e-05,0.0005540548,0.0,-0.0,-0.0
04.115,0.0033835827,0.0013103059,0.0005540548,-0.0,-0.0,0.0
04.158,-0.00028160887,8.857546e-05,0.0011649199,0.0,-0.0,-0.0
04.177,0.0052161785,-0.00052228983,-5.681047e-05,-3.675069e-07,-3.6703416e-06,3.9973767e-08
04.217,-0.0027250699,8.857546e-05,-5.681047e-05,-0.0,0.0,0.0
04.255,0.0015509869,-0.001133155,0.0005540548,-0.0,-0.0,-0.0
04.275,-0.00028160887,8.857546e-05,-5.681047e-05,-0.0,0.0,0.0
04.316,-0.00089247414,8.857546e-05,0.0005540548,1.2532724e-08,1.2627795e-07,-7.839432e-08
04.363,0.0046053133,0.0006994407,-5.681047e-05,0.0,-0.0,0.0
04.375,0.007659639,8.857546e-05,-0.0012785409,0.0,-0.0,0.0
04.415,0.0009401216,8.857546e-05,0.0005540548,-0.0,-0.0,0.0
04.456,-0.0021142047,-0.00052228983,-0.0012785409,-0.0,-0.0,0.0
04.476,0.010713966,0.0019211712,-5.681047e-05,0.0,-0.0,0.0
04.514,0.0015509869,0.0006994407,-5.681047e-05,0.0,-0.0,0.0
04.556,-0.014942375,-0.00052228983,0.0011649199,-0.0,0.0,0.0
04.576,-0.00028160887,-0.00052228983,-5.681047e-05,-4.1785906e-08,2.2530175e-08,4.545134e-09
04.615,0.002161852,8.857546e-05,-0.00066767575,0.0,-0.0,0.0
04.657,0.002161852,-0.0017440203,0.0005540548,-0.0,-0.0,-0.0
04.695,0.0009401216,8.857546e-05,0.0005540548,-0.0,-0.0,0.0
04.714,-0.0021142047,-0.00052228983,0.0011649199,-1.73131e-07,7.008268e-07,-3.861532e-07
04.753,-0.00089247414,-0.00052228983,-0.00066767575,-0.0,-0.0,0.0
04.795,-0.020440163,-0.00052228983,-0.00066767575,-0.0,-0.0,0.0
04.815,-0.00028160887,-0.001133155,-5.681047e-05,-0.0,-0.0,0.0
04.856,-0.0027250699,8.857546e-05,-5.681047e-05,3.242085e-08,9.974444e-07,2.0794053e-08
04.895,-0.00089247414,-0.00052228983,0.0005540548,-0.0,0.0,0.0
04.917,0.003994448,8.857546e-05,0.0005540548,-0.0,-0.0,0.0
04.955,-0.0039468003,0.0006994407,-0.00066767575,-0.0,0.0,0.0
04.994,-0.006390261,-0.00052228983,0.0005540548,-0.0,0.0,0.0
05.015,-0.0021142047,-0.00052228983,-0.00066767575,-0.0,-0.0,0.0
05.054,-0.0082228575,-0.001133155,0.0011649199,-0.0,0.0,0.0
05.097,-0.004557666,0.0025320365,-5.681047e-05,-0.0,0.0,0.0
05.114,0.013157426,0.0006994407,-0.00066767575,1.2385284e-06,-2.3298138e-05,1.1822823e-06
05.156,-0.00028160887,-0.0023548857,0.0005540548,-0.0,0.0,0.0
05.195,-0.0021142047,8.857546e-05,-0.00066767575,-0.0,0.0,0.0
05.216,-0.00028160887,8.857546e-05,-0.00066767575,-0.0,0.0,0.0
05.255,0.0052161785,8.857546e-05,0.0005540548,6.2369004e-08,-3.6729316e-06,-3.9013327e-07
05.294,0.006437909,-0.00052228983,-5.681047e-05,-0.0,-0.0,0.0
05.315,0.006437909,0.0006994407,0.0005540548,-0.0,-0.0,0.0
05.354,0.003994448,0.0013103059,-0.00066767575,0.0,-0.0,0.0
05.396,0.0033835827,8.857546e-05,-5.681047e-05,0.0,-0.0,0.0
05.415,-0.00028160887,-0.001133155,0.0017757853,-0.0,0.0,0.0
05.455,0.0033835827,0.0006994407,-5.681047e-05,0.0,-0.0,0.0
05.496,-0.0039468003,-0.001133155,-5.681047e-05,-0.0,-0.0,0.0
05.516,0.0009401216,0.0006994407,-0.00066767575,1.2660699e-07,-1.7017302e-07,1.2085717e-07
05.555,-0.0039468003,0.0006994407,-5.681047e-05,-0.0,0.0,0.0
05.595,0.0052161785,0.0019211712,-0.0018894062,0.0,-0.0,0.0
05.635,0.0015509869,0.0006994407,0.0005540548,-0.0,-0.0,0.0
05.657,-0.0039468003,0.0006994407,-0.00066767575,3.8147255e-07,2.1525734e-06,3.6414804e-07
05.696,0.00032925635,8.857546e-05,-5.681047e-05,0.0,-0.0,0.0
05.734,0.0033835827,8.857546e-05,0.0005540548,-0.0,-0.0,0.0
05.755,0.0009401216,-0.00052228983,-5.681047e-05,-0.0,-0.0,0.0
05.795,-0.0015033394,8.857546e-05,-5.681047e-05,1.7916022e-08,3.0407816e-07,1.1490965e-08
05.836,-0.0015033394,-0.00052228983,-5.681047e-05,-0.0,-0.0,0.0
05.855,0.00032925635,0.0013103059,0.0011649199,-0.0,-0.0,0.0
05.897,0.0015509869,0.0006994407,-5.681047e-05,0.0,-0.0,0.0
05.936,0.0009401216,0.0006994407,-5.681047e-05,0.0,-0.0,0.0
05.955,-0.0015033394,-0.001133155,-5.681047e-05,-0.0,-0.0,0.0
05.997,-0.0057793963,-0.00052228983,0.0005540548,-0.0,0.0,0.0
06.035,0.0046053133,-0.00052228983,0.0005540548,-0.0,-0.0,-0.0
06.055,-0.003335935,-0.0023548857,-5.681047e-05,-1.2907464e-06,1.8284736e-06,3.1139805e-08
06.095,0.002161852,-0.001133155,0.0011649199,-0.0,-0.0,-0.0
06.135,-0.0057793963,8.857546e-05,-5.681047e-05,-0.0,0.0,0.0
06.155,-0.0015033394,0.0025320365,-0.0012785409,-0.0,0.0,0.0
06.195,0.0027727173,0.0019211712,0.0005540548,8.814664e-07,-1.2721707e-06,-2.5420934e-07
06.236,-0.0021142047,-0.0017440203,0.0005540548,-0.0,0.0,0.0
06.255,0.002161852,-0.00052228983,-0.0012785409,-0.0,-0.0,0.0
06.295,0.011935696,0.0006994407,-0.0012785409,0.0,-0.0,0.0
06.335,-0.009444588,-0.001133155,0.0005540548,-0.0,0.0,0.0
06.356,0.002161852,-0.001133155,0.0005540548,-0.0,-0.0,-0.0
06.395,0.0015509869,0.0006994407,-5.681047e-05,0.0,-0.0,0.0
06.436,0.00032925635,-0.00052228983,0.0005540548,-0.0,-0.0,-0.0
06.460,-0.003335935,-0.00052228983,0.0005540548,-2.3986485e-07,1.5320502e-06,-2.5445317e-07
06.495,0.008270505,0.0031429017,-5.681047e-05,0.0,-0.0,0.0
06.534,-0.004557666,-0.00052228983,0.0005540548,-0.0,0.0,0.0
06.580,0.003994448,8.857546e-05,-0.00066767575,0.0,-0.0,0.0
06.598,0.002161852,-0.00052228983,-0.00066767575,-1.6278094e-07,-6.7378005e-07,2.0809308e-07
06.636,-0.003335935,0.0006994407,-5.681047e-05,-0.0,0.0,0.0
06.660,-0.0015033394,8.857546e-05,0.0011649199,0.0,-0.0,-0.0
06.694,0.00032925635,8.857546e-05,-5.681047e-05,0.0,-0.0,0.0
06.734,0.00032925635,-0.00052228983,0.0005540548,-5.8152757e-08,-3.6660033e-08,-6.1689526e-08
06.774,-0.00028160887,0.0006994407,-0.00066767575,-0.0,0.0,0.0
06.794,-0.0027250699,0.0006994407,0.0005540548,0.0,-0.0,-0.0
06.837,0.006437909,-0.001133155,0.0005540548,-0.0,-0.0,-0.0
06.875,0.007659639,0.0025320365,-0.00066767575,0.0,-0.0,0.0
06.896,-0.006390261,-0.00052228983,0.0011649199,-0.0,0.0,0.0
06.935,-0.0021142047,-0.00052228983,-0.00066767575,-0.0,-0.0,0.0
06.975,0.0009401216,0.0013103059,0.0005540548,-0.0,-0.0,0.0
06.994,0.0058270437,0.0019211712,-0.00066767575,1.5914325e-06,-4.8269185e-06,5.530831e-07
07.036,-0.007611992,-0.001133155,0.0005540548,-0.0,0.0,0.0
07.074,0.00032925635,0.0006994407,-5.681047e-05,0.0,-0.0,0.0
07.095,-0.0015033394,0.0013103059,-0.00066767575,-0.0,0.0,0.0
07.135,-0.00028160887,-0.00052228983,0.0005540548,-5.6909688e-08,3.0684635e-08,-6.037086e-08
07.174,0.0058270437,8.857546e-05,-0.00066767575,0.0,-0.0,0.0
07.214,0.0027727173,0.0013103059,-5.681047e-05,0.0,-0.0,0.0
07.237,-0.0021142047,-0.00052228983,0.0011649199,-0.0,0.0,0.0
07.274,-0.00089247414,8.857546e-05,0.0011649199,0.0,-0.0,-0.0
07.314,0.00046853363,-0.0017715092,-8.9186324e-05,-0.0,-0.0,0.0
07.336,0.0016902641,0.001282817,-8.9186324e-05,0.0,-0.0,0.0
07.375,0.00046853363,6.1086525e-05,0.0011325441,-0.0,-0.0,0.0
07.414,0.0047445903,0.0006719518,-0.0013109167,0.0,-0.0,0.0
07.441,0.0016902641,-0.0011606439,-8.9186324e-05,-0.0,-0.0,0.0
07.476,0.0077989167,6.1086525e-05,-8.9186324e-05,0.0,-0.0,0.0
07.516,-0.0019749273,-0.0029932396,0.00052167894,-0.0,0.0,0.0
07.534,-0.0001423316,-0.0011606439,0.00052167894,-1.994641e-07,2.4460608e-08,-8.9653874e-08
07.574,-0.0056401184,6.1086525e-05,-8.9186324e-05,-0.0,0.0,0.0
07.614,-0.006250984,6.1086525e-05,0.00052167894,0.0,-0.0,-0.0
07.634,0.0029119947,-0.0011606439,0.0011325441,-0.0,-0.0,-0.0
07.670,0.004133725,0.001282817,-8.9186324e-05,0.0,-0.0,0.0
07.714,-0.0025857924,0.001282817,0.00052167894,0.0,-0.0,-0.0
07.734,-0.0031966579,6.1086525e-05,-8.9186324e-05,-0.0,0.0,0.0
07.773,-0.0019749273,-0.0023823746,-8.9186324e-05,-0.0,-0.0,0.0
07.813,0.0029119947,-0.0005497787,-0.00070005155,-0.0,-0.0,0.0
07.834,-0.006250984,6.1086525e-05,0.00052167894,0.0,-0.0,-0.0
07.874,0.0047445903,-0.0005497787,-8.9186324e-05,-0.0,-0.0,0.0
07.915,-0.0025857924,0.001282817,0.00052167894,0.0,-0.0,-0.0
07.935,-0.0044183885,0.001282817,-0.00070005155,8.0127546e-07,2.7598242e-06,4.372667e-07
07.974,-0.0019749273,-0.0005497787,-8.9186324e-05,-0.0,-0.0,0.0
08.014,-0.0019749273,6.1086525e-05,-0.00070005155,-0.0,0.0,0.0
08.054,0.0077989167,0.0018936823,-8.9186324e-05,0.0,-0.0,0.0
08.074,-0.003807523,-0.0005497787,-8.9186324e-05,-2.8394737e-07,1.9664928e-06,4.6062848e-08
08.116,-0.003807523,-0.0005497787,0.00052167894,-0.0,0.0,0.0
08.155,0.0023011293,-0.0005497787,0.00052167894,-0.0,-0.0,-0.0
08.174,0.0010793989,0.0018936823,-8.9186324e-05,0.0,-0.0,0.0
08.215,0.0010793989,-0.0005497787,0.0011325441,-0.0,-0.0,-0.0
08.253,0.00046853363,-0.0011606439,-0.00070005155,-0.0,-0.0,0.0
08.274,-0.0019749273,6.1086525e-05,0.00052167894,0.0,-0.0,-0.0
08.314,-0.0013640621,6.1086525e-05,-8.9186324e-05,-0.0,0.0,0.0
08.354,-0.00075319683,6.1086525e-05,-0.00070005155,-0.0,0.0,0.0
08.375,-0.0013640621,-0.0029932396,-8.9186324e-05,-0.0,-0.0,0.0
08.414,0.0010793989,0.001282817,-8.9186324e-05,0.0,-0.0,0.0
08.455,0.0065771863,-0.0023823746,0.00052167894,-0.0,-0.0,-0.0
08.477,0.0023011293,-0.0005497787,-0.00070005155,-1.8206143e-07,-7.620286e-07,2.3182493e-07
08.515,0.00046853363,0.0025045476,-8.9186324e-05,0.0,-0.0,0.0
08.554,0.0047445903,0.0006719518,-8.9186324e-05,0.0,-0.0,0.0
08.579,-0.0056401184,-0.0005497787,-8.9186324e-05,-0.0,-0.0,0.0
08.615,0.0053554554,6.1086525e-05,-8.9186324e-05,4.391788e-08,-3.8502694e-06,6.412e-08
08.655,-0.0001423316,6.1086525e-05,0.00052167894,0.0,-0.0,-0.0
08.677,0.0010793989,-0.0011606439,-0.00070005155,-0.0,-0.0,0.0
08.715,-0.0019749273,-0.0017715092,0.0011325441,-0.0,0.0,0.0
08.754,-0.003807523,0.0006719518,0.00052167894,0.0,-0.0,-0.0
08.793,0.00352286,0.0006719518,-8.9186324e-05,0.0,-0.0,0.0
08.814,-0.00075319683,-0.0011606439,-0.00070005155,-0.0,-0.0,0.0
08.854,-0.00075319683,0.0018936823,0.00052167894,0.0,-0.0,-0.0
08.894,0.0053554554,0.0006719518,-8.9186324e-05,0.0,-0.0,0.0
08.914,0.0023011293,-0.0011606439,0.00052167894,-0.0,-0.0,-0.0
08.954,0.00352286,-0.0011606439,-8.9186324e-05,-0.0,-0.0,0.0
08.995,-0.0019749273,0.001282817,-8.9186324e-05,-0.0,0.0,0.0
09.015,-0.008694445,-0.0005497787,0.0017434094,-6.555798e-07,1.0367803e-05,-2.0789473e-06
09.054,0.00352286,-0.0011606439,-8.9186324e-05,-0.0,-0.0,0.0
09.095,0.0023011293,-0.0011606439,-0.00070005155,-0.0,-0.0,0.0
09.114,0.0023011293,6.1086525e-05,-0.0013109167,0.0,-0.0,0.0
09.154,-0.003807523,-0.0011606439,-8.9186324e-05,-0.0,-0.0,0.0
09.195,-0.0044183885,-0.0011606439,0.00052167894,-0.0,0.0,0.0
09.213,0.0023011293,0.0018936823,0.00052167894,-0.0,-0.0,0.0
09.254,-0.003807523,0.0006719518,-8.9186324e-05,-0.0,0.0,0.0
09.295,-0.0050292537,-0.0005497787,0.0017434094,-0.0,0.0,0.0
09.315,-0.0019749273,-0.0005497787,0.00052167894,-0.0,0.0,0.0
09.355,-0.0013640621,-0.0011606439,-8.9186324e-05,-0.0,-0.0,0.0
09.395,0.00046853363,-0.0029932396,0.0011325441,-0.0,-0.0,-0.0
09.415,0.007188051,0.0006719518,-0.00070005155,6.541575e-07,-6.9976745e-06,6.8151286e-07
09.456,-0.00075319683,-0.0005497787,0.00052167894,-0.0,0.0,0.0
09.494,-0.0050292537,-0.0011606439,-8.9186324e-05,-0.0,-0.0,0.0
09.514,0.0010793989,-0.0017715092,-8.9186324e-05,-0.0,-0.0,0.0
09.554,-0.009916176,-0.0029932396,-0.00070005155,-4.170818e-06,1.3817301e-05,9.754879e-07
09.598,0.0010793989,0.001282817,0.00052167894,-0.0,-0.0,0.0
09.634,-0.0013640621,-0.0017715092,-0.00070005155,-0.0,-0.0,0.0
09.658,-0.0013640621,-0.0005497787,0.00052167894,-0.0,0.0,0.0
09.694,-0.00075319683,6.1086525e-05,0.00052167894,0.0,-0.0,-0.0
09.734,-0.00075319683,-0.0011606439,-0.00070005155,-0.0,-0.0,0.0
09.753,-0.008694445,-0.0017715092,-8.9186324e-05,-0.0,-0.0,0.0
09.793,0.00046853363,-0.0005497787,-8.9186324e-05,-0.0,-0.0,0.0
09.833,-0.0025857924,0.001282817,-0.00070005155,-0.0,0.0,0.0
09.854,-0.0025857924,0.001282817,-0.00070005155,-0.0,0.0,0.0
09.896,0.0010793989,-0.0017715092,0.0011325441,-0.0,-0.0,-0.0
09.935,-0.00075319683,-0.0005497787,0.00052167894,-0.0,0.0,0.0
09.956,-0.0019749273,0.001282817,0.00052167894,4.1530333e-07,6.3936926e-07,-1.6889014e-07
09.996,0.0016902641,-0.0005497787,0.00052167894,-0.0,-0.0,-0.0
10.035,-0.00930531,-0.0017715092,-8.9186324e-05,-0.0,-0.0,0.0
10.055,0.0023011293,0.0006719518,-0.00070005155,0.0,-0.0,0.0
10.097,-0.006250984,0.0006719518,0.00052167894,0.0,-0.0,-0.0
10.135,0.0023011293,0.0006719518,-8.9186324e-05,0.0,-0.0,0.0
10.155,0.0023011293,-0.0005497787,0.00052167894,-0.0,-0.0,-0.0
10.195,0.0023011293,0.001282817,-8.9186324e-05,0.0,-0.0,0.0
10.234,-0.0025857924,0.0006719518,-0.00070005155,-0.0,0.0,0.0
10.256,0.0029119947,-0.0005497787,-8.9186324e-05,-0.0,-0.0,0.0
10.294,0.0016902641,0.003726278,-8.9186324e-05,0.0,-0.0,0.0
10.336,0.0010793989,-0.0023823746,-8.9186324e-05,-0.0,-0.0,0.0
10.355,-0.0001423316,-0.0005497787,-0.00070005155,-6.651701e-08,1.7220513e-08,8.469833e-08
10.395,0.009631513,0.0006719518,-8.9186324e-05,0.0,-0.0,0.0
10.435,0.0053554554,-0.0005497787,0.00052167894,-0.0,-0.0,-0.0
10.474,0.00046853363,-0.0017715092,-0.00070005155,-0.0,-0.0,0.0
10.495,0.0016902641,-0.0011606439,0.00052167894,-3.2958346e-07,-4.799776e-07,-1.4813918e-07
10.535,0.00046853363,0.001282817,0.00052167894,-0.0,-0.0,0.0
10.575,-0.00075319683,-0.0005497787,0.00052167894,-0.0,0.0,0.0
10.599,-0.0056401184,-0.0011606439,0.00052167894,-0.0,0.0,0.0
10.636,-0.015413962,0.0006719518,0.00052167894,0.0,-0.0,-0.0
10.657,-0.0050292537,-0.0005497787,-0.00070005155,-0.0,-0.0,0.0
10.694,0.00352286,-0.0005497787,0.00052167894,-0.0,-0.0,-0.0
10.735,-0.0044183885,-0.0017715092,-0.0013109167,-0.0,-0.0,0.0
10.775,-0.0025857924,-0.0005497787,0.00052167894,-0.0,0.0,0.0
10.794,0.00046853363,-0.0005497787,0.00052167894,-0.0,-0.0,-0.0
10.833,0.0023011293,6.1086525e-05,-0.00070005155,0.0,-0.0,0.0
10.874,0.005966321,0.001282817,0.00052167894,-0.0,-0.0,0.0
10.894,-0.00075319683,6.1086525e-05,0.0011325441,1.1162842e-08,1.3763767e-07,-2.0695882e-07
10.935,-0.00075319683,-0.0005497787,-8.9186324e-05,-0.0,-0.0,0.0
10.974,0.0016902641,-0.0011606439,-8.9186324e-05,-0.0,-0.0,0.0
10.994,0.00046853363,0.001282817,-0.00070005155,0.0,-0.0,0.0
11.036,0.0010793989,-0.0017715092,-0.00070005155,-0.0,-0.0,0.0
11.074,-0.0013640621,6.1086525e-05,-8.9186324e-05,-0.0,0.0,0.0
11.095,0.0010793989,-0.0005497787,-0.00070005155,-0.0,-0.0,0.0
11.135,-0.0013640621,0.0031154128,-0.00070005155,-0.0,0.0,0.0
11.174,-0.0025857924,-0.0005497787,-0.0013109167,-0.0,-0.0,0.0
11.194,-0.003807523,6.1086525e-05,-8.9186324e-05,-0.0,0.0,0.0
11.235,-0.00075319683,-0.0011606439,-0.0013109167,-0.0,-0.0,0.0
11.277,-0.0050292537,0.0049480083,-0.00070005155,-0.0,0.0,0.0
11.314,-0.008694445,0.003726278,0.0011325441,0.0,-0.0,-0.0
11.334,0.005966321,0.0006719518,-0.001921782,0.0,-0.0,0.0
11.375,0.005966321,0.0061697387,0.00052167894,-0.0,-0.0,0.0
11.415,-0.00808358,0.0086132,-0.0013109167,1.3739406e-05,1.2894608e-05,2.0910315e-06
11.435,0.004133725,-0.0005497787,-0.00070005155,-0.0,-0.0,0.0
11.475,0.0010793989,0.0025045476,-0.00070005155,0.0,-0.0,0.0
11.516,0.004133725,0.0018936823,-8.9186324e-05,0.0,-0.0,0.0
11.534,0.0023011293,-0.003604105,-8.9186324e-05,-0.0,-0.0,0.0
11.574,0.0139075685,0.0006719518,-0.001921782,0.0,-0.0,0.0
11.616,0.008409781,-0.0011606439,-0.001921782,-0.0,-0.0,0.0
11.633,0.00046853363,-0.0029932396,-0.0013109167,-0.0,-0.0,0.0
11.678,-0.0019749273,-0.0011606439,0.00052167894,-0.0,0.0,0.0
11.714,0.020627087,-0.040866885,-0.00070005155,-0.0,-0.0,0.0
11.733,-0.014192232,0.033658676,0.00052167894,0.0,-0.0,-0.0
11.773,-0.0025857924,0.02144137,-0.00070005155,-0.0,0.0,0.0
11.814,-0.012970502,0.012889257,0.00052167894,0.0,-0.0,-0.0
11.833,-0.0050292537,-0.012156218,-0.00070005155,-2.1494603e-05,8.892701e-06,1.2379251e-06
11.874,-0.009916176,0.0031154128,0.00052167894,0.0,-0.0,-0.0
11.914,0.0029119947,0.0006719518,-0.0013109167,0.0,-0.0,0.0
11.935,-0.0025857924,-0.0005497787,-0.0013109167,-0.0,-0.0,0.0
11.976,0.0016902641,-0.0005497787,-0.00070005155,-0.0,-0.0,0.0
12.015,-0.00075319683,-0.005436701,-0.00070005155,-0.0,-0.0,0.0
12.034,-0.0056401184,0.0043371436,-8.9186324e-05,-0.0,0.0,0.0
12.074,-0.010527041,0.010445796,-8.9186324e-05,-0.0,0.0,0.0
12.115,-0.0001423316,0.0043371436,-8.9186324e-05,-0.0,0.0,0.0
12.156,0.0023011293,0.0043371436,-8.9186324e-05,0.0,-0.0,0.0
12.177,-0.003807523,-0.0011606439,0.0011325441,-0.0,0.0,0.0
12.214,0.0016902641,-0.0011606439,-8.9186324e-05,-0.0,-0.0,0.0
12.254,-0.0031966579,0.0018936823,0.00052167894,0.0,-0.0,-0.0
12.275,0.00046853363,-0.006658431,-8.9186324e-05,-0.0,-0.0,0.0
12.314,0.0077989167,0.0018936823,0.0011325441,-0.0,-0.0,0.0
12.354,0.00352286,-0.0011606439,-8.9186324e-05,-5.7797115e-07,-1.7542949e-06,4.441202e-08
12.375,0.0016902641,-0.0017715092,-8.9186324e-05,-0.0,-0.0,0.0
12.414,0.0016902641,-0.0005497787,-8.9186324e-05,-0.0,-0.0,0.0
12.455,0.00352286,0.0006719518,-8.9186324e-05,0.0,-0.0,0.0
12.478,0.00046853363,0.0018936823,-8.9186324e-05,0.0,-0.0,0.0
12.515,0.0047445903,0.0031154128,-8.9186324e-05,0.0,-0.0,0.0
12.555,-0.0050292537,0.0018936823,-0.00070005155,-0.0,0.0,0.0
12.574,0.014518434,0.001282817,-8.9186324e-05,0.0,-0.0,0.0
12.613,-0.00930531,-0.003604105,0.0011325441,-0.0,0.0,0.0
12.662,0.004133725,0.001282817,0.00052167894,-0.0,-0.0,0.0
12.673,0.00046853363,0.0031154128,0.0011325441,-0.0,-0.0,0.0
12.714,-0.0001423316,0.0006719518,-8.9186324e-05,-0.0,0.0,0.0
12.753,-0.003807523,6.1086525e-05,-8.9186324e-05,-0.0,0.0,0.0
12.774,-0.0001423316,0.001282817,-8.9186324e-05,2.2275655e-07,2.4715373e-08,1.5486881e-08
12.814,0.009020647,-0.0011606439,-0.00070005155,-0.0,-0.0,0.0
12.853,0.0047445903,-0.0011606439,0.0011325441,-0.0,-0.0,-0.0
12.894,0.004133725,-0.0011606439,0.00052167894,-6.7376783e-07,-2.3996763e-06,-3.0284158e-07
12.913,0.0016902641,0.0018936823,0.0017434094,-0.0,-0.0,0.0
12.954,0.009631513,-0.0011606439,-8.9186324e-05,-0.0,-0.0,0.0
12.976,0.0029119947,-0.0011606439,-0.00070005155,-0.0,-0.0,0.0
13.015,0.0023011293,-0.0005497787,-8.9186324e-05,-0.0,-0.0,0.0
13.054,0.00046853363,-0.0029932396,0.00052167894,-0.0,-0.0,-0.0
13.076,-0.0056401184,6.1086525e-05,0.0017434094,0.0,-0.0,-0.0
13.114,0.010853243,0.0018936823,-0.0013109167,0.0,-0.0,0.0
13.154,0.0029119947,-0.0023823746,0.0011325441,-0.0,-0.0,-0.0
13.194,0.0016902641,-0.0011606439,-0.0013109167,-0.0,-0.0,0.0
13.212,-0.0031966579,-0.0005497787,-8.9186324e-05,-0.0,-0.0,0.0
13.253,-0.0025857924,-0.0011606439,0.0011325441,-0.0,0.0,0.0
13.293,-0.0031966579,6.1086525e-05,-8.9186324e-05,2.6224015e-08,1.3723042e-06,3.8287084e-08
13.313,-0.0013640621,6.1086525e-05,-0.0013109167,-0.0,0.0,0.0
13.353,0.0016902641,-0.0017715092,0.00052167894,-0.0,-0.0,-0.0
13.395,0.0047445903,-0.0023823746,0.00052167894,-0.0,-0.0,-0.0
13.414,0.0077989167,0.0006719518,0.00052167894,-0.0,-0.0,0.0
13.455,-0.00075319683,0.001282817,0.00052167894,0.0,-0.0,-0.0
13.495,-0.00075319683,-0.0011606439,-0.0013109167,-0.0,-0.0,0.0
13.513,-0.0050292537,0.0006719518,-8.9186324e-05,-0.0,0.0,0.0
13.554,-0.0025857924,-0.0011606439,-0.00070005155,-0.0,-0.0,0.0
13.594,-0.006861849,-0.0005497787,-0.00070005155,-0.0,-0.0,0.0
13.615,-0.0050292537,-0.0005497787,-8.9186324e-05,-0.0,-0.0,0.0
13.656,0.004133725,-0.0005497787,-8.9186324e-05,-0.0,-0.0,0.0
13.695,0.00046853363,-0.0011606439,-0.00070005155,-0.0,-0.0,0.0
13.715,0.0010793989,6.1086525e-05,0.00052167894,9.842021e-09,-1.7390865e-07,-8.405093e-08
13.754,-0.00075319683,-0.0011606439,-0.0013109167,-0.0,-0.0,0.0
13.794,-0.0031966579,-0.0005497787,0.0011325441,-0.0,0.0,0.0
13.833,0.0010793989,0.0025045476,-8.9186324e-05,9.17266e-07,-3.9531923e-07,3.26638e-08
13.855,0.00046853363,6.1086525e-05,-8.9186324e-05,0.0,-0.0,0.0
13.896,-0.003807523,-0.0005497787,0.0011325441,-0.0,0.0,0.0
13.917,0.0065771863,-0.0011606439,-0.00070005155,-0.0,-0.0,0.0
13.955,0.0023011293,-0.0011606439,-0.00070005155,-0.0,-0.0,0.0
13.996,-0.0050292537,-0.0005497787,-8.9186324e-05,-0.0,-0.0,0.0
14.016,-0.00075319683,-0.0017715092,-8.9186324e-05,-0.0,-0.0,0.0
14.056,0.0023011293,0.0006719518,0.00052167894,-0.0,-0.0,0.0
14.096,0.004133725,0.0006719518,-8.9186324e-05,0.0,-0.0,0.0
14.135,-0.0044183885,-0.0005497787,0.00052167894,-0.0,0.0,0.0
14.156,-0.0019749273,-0.0005497787,0.00052167894,-0.0,0.0,0.0
14.195,0.0029119947,6.1086525e-05,-0.001921782,0.0,-0.0,0.0
14.234,0.0077989167,-0.0011606439,-8.9186324e-05,-1.2283655e-06,-8.253973e-06,9.438515e-08
14.255,-0.0001423316,-0.0005497787,-8.9186324e-05,-0.0,-0.0,0.0
14.295,-0.0001423316,6.1086525e-05,-8.9186324e-05,-0.0,0.0,0.0
14.335,-0.011137906,6.1086525e-05,-0.00070005155,-0.0,0.0,0.0
14.354,0.010242377,0.0006719518,-8.9186324e-05,0.0,-0.0,0.0
14.394,-0.00075319683,-0.0017715092,0.0017434094,-0.0,0.0,0.0
14.434,0.010853243,0.0018936823,0.00052167894,-0.0,-0.0,0.0
14.455,0.0010793989,-0.0011606439,-0.00070005155,-0.0,-0.0,0.0
14.495,0.009020647,6.1086525e-05,-0.0013109167,0.0,-0.0,0.0
14.534,0.0029119947,-0.0005497787,0.00052167894,-0.0,-0.0,-0.0
14.555,-0.0044183885,0.001282817,-8.9186324e-05,-0.0,0.0,0.0
14.595,0.0029119947,0.001282817,-8.9186324e-05,0.0,-0.0,0.0
14.634,0.0047445903,-0.0011606439,0.00052167894,-0.0,-0.0,-0.0
14.675,-0.006250984,-0.0005497787,-0.00070005155,-0.0,-0.0,0.0
14.700,0.0016902641,0.0006719518,-8.9186324e-05,0.0,-0.0,0.0
14.734,-0.0001423316,6.1086525e-05,-8.9186324e-05,-0.0,0.0,0.0
14.774,-0.0001423316,0.0018936823,0.00052167894,5.0054774e-07,3.7621778e-08,-1.3789285e-07
14.794,-0.0056401184,0.0006719518,-8.9186324e-05,-0.0,0.0,0.0
14.834,-0.0025857924,6.1086525e-05,0.00052167894,0.0,-0.0,-0.0
14.875,-0.0025857924,-0.0011606439,0.0011325441,-0.0,0.0,0.0
14.895,0.0010793989,0.0006719518,-8.9186324e-05,0.0,-0.0,0.0
14.936,0.0010793989,-0.0005497787,0.00052167894,-0.0,-0.0,-0.0
14.974,-0.0013640621,-0.0017715092,-8.9186324e-05,-0.0,-0.0,0.0
14.996,0.0010793989,6.1086525e-05,0.00052167894,-0.0,-0.0,0.0
15.036,0.008409781,0.0025045476,-8.9186324e-05,0.0,-0.0,0.0
15.075,0.0010793989,-0.0005497787,0.00052167894,-0.0,-0.0,-0.0
15.095,-0.00808358,6.1086525e-05,0.0011325441,0.0,-0.0,-0.0
15.135,0.0029119947,0.0018936823,-8.9186324e-05,0.0,-0.0,0.0
15.175,0.0016902641,-0.0011606439,-8.9186324e-05,-3.1970922e-07,-4.6559762e-07,2.4567056e-08
15.195,-0.0013640621,-0.0011606439,0.0011325441,-0.0,0.0,0.0
15.235,0.009020647,6.1086525e-05,0.0017434094,-0.0,-0.0,0.0
15.275,-0.0025857924,0.0006719518,-8.9186324e-05,-0.0,0.0,0.0
15.296,0.00046853363,6.1086525e-05,-8.9186324e-05,0.0,-0.0,0.0
15.335,-0.006861849,-0.0005497787,0.00052167894,-0.0,0.0,0.0
15.374,0.0065771863,0.0018936823,0.00052167894,-0.0,-0.0,0.0
15.394,-0.00075319683,0.0006719518,-8.9186324e-05,-0.0,0.0,0.0
15.435,-0.003807523,-0.0023823746,0.00052167894,-0.0,0.0,0.0
15.475,-0.0001423316,0.001282817,-8.9186324e-05,-0.0,0.0,0.0
15.515,0.0053554554,0.0006719518,0.00052167894,-0.0,-0.0,0.0
15.535,-0.0025857924,-0.0011606439,-0.00070005155,-0.0,-0.0,0.0
15.576,0.0016902641,-0.0011606439,-0.00070005155,-3.3751084e-07,-4.915225e-07,2.0357228e-07
15.596,0.00046853363,-0.0017715092,-0.00070005155,-0.0,-0.0,0.0
15.636,-0.00075319683,-0.0017715092,-0.00070005155,-0.0,-0.0,0.0
15.675,-0.0044183885,-0.0005497787,-0.00070005155,-0.0,-0.0,0.0
15.697,-0.0031966579,0.0006719518,-8.9186324e-05,-0.0,0.0,0.0
15.734,-0.0025857924,0.001282817,-8.9186324e-05,-0.0,0.0,0.0
15.774,-0.0001423316,-0.0011606439,-8.9186324e-05,-0.0,-0.0,0.0
15.814,0.010242377,0.0006719518,-0.00070005155,0.0,-0.0,0.0
15.837,0.004133725,0.001282817,-8.9186324e-05,0.0,-0.0,0.0
15.874,0.007188051,-0.0005497787,-8.9186324e-05,-0.0,-0.0,0.0
15.914,0.0023011293,-0.0017715092,0.00052167894,-0.0,-0.0,-0.0
15.934,-0.0001423316,0.0018936823,-0.00070005155,-0.0,0.0,0.0
15.975,-0.00075319683,0.001282817,-8.9186324e-05,-0.0,0.0,0.0
16.015,0.004133725,6.1086525e-05,-0.0013109167,0.0,-0.0,0.0
16.035,0.00046853363,6.1086525e-05,-0.00070005155,0.0,-0.0,0.0
16.075,-0.0056401184,-0.0011606439,-0.00070005155,-0.0,-0.0,0.0
16.113,-0.0013640621,-0.0005497787,0.00052167894,-1.15147245e-07,2.8569315e-07,-1.0926195e-07
16.135,0.00352286,-0.0005497787,-0.0013109167,-0.0,-0.0,0.0
16.174,0.00018692476,-0.0005002986,0.00052717666,-0.0,-0.0,-0.0
16.215,-0.0022565362,-0.0005002986,-0.0006945538,-0.0,-0.0,0.0
16.234,-0.008365189,-0.0017220291,-8.3688545e-05,-0.0,-0.0,0.0
16.275,-0.00042394048,-0.0023328944,-8.3688545e-05,-0.0,-0.0,0.0
16.316,0.00018692476,0.00011056661,0.00052717666,-0.0,-0.0,0.0
16.354,-0.0022565362,-0.0005002986,-8.3688545e-05,-0.0,-0.0,0.0
16.375,-0.0022565362,0.00072143186,-8.3688545e-05,-0.0,0.0,0.0
16.415,0.0014086553,0.0019431623,-0.0013054191,0.0,-0.0,0.0
16.436,-0.0046999976,0.0025540276,-0.0006945538,-0.0,0.0,0.0
16.474,-0.0071434584,-0.0029437598,-8.3688545e-05,-0.0,-0.0,0.0
16.516,-0.0046999976,-0.0011111639,-8.3688545e-05,-0.0,-0.0,0.0
16.556,0.0020195206,0.00072143186,-0.0006945538,0.0,-0.0,0.0
16.576,0.009960769,0.00011056661,0.00052717666,-0.0,-0.0,0.0
16.614,-0.001645671,-0.0011111639,-0.0013054191,-0.0,-0.0,0.0
16.654,-0.0034782668,0.00072143186,-0.0006945538,3.504778e-07,1.6897734e-06,3.3742018e-07
16.674,-0.001645671,-0.0005002986,0.00052717666,-0.0,0.0,0.0
16.714,-0.00042394048,-0.0017220291,0.00052717666,-0.0,0.0,0.0
16.753,-0.0053108623,-0.0017220291,-0.0013054191,-0.0,-0.0,0.0
16.773,0.00079779,-0.0011111639,0.00052717666,-0.0,-0.0,-0.0
16.815,0.008128173,-0.0017220291,-0.0006945538,-0.0,-0.0,0.0
16.855,0.005073847,0.0019431623,-0.0019162843,0.0,-0.0,0.0
16.875,0.005684712,0.00011056661,-0.0013054191,0.0,-0.0,0.0
16.914,-0.0010348058,0.00072143186,0.00052717666,0.0,-0.0,-0.0
16.954,-0.001645671,-0.0005002986,-8.3688545e-05,-0.0,-0.0,0.0
16.979,-0.0028674013,-0.0023328944,-8.3688545e-05,-0.0,-0.0,0.0
17.014,0.006295577,0.0013322971,0.0017489073,-0.0,-0.0,0.0
17.055,-0.0010348058,0.00072143186,-0.0013054191,1.75776e-07,2.5212927e-07,3.1806383e-07
17.074,-0.0010348058,-0.0005002986,-0.0006945538,-0.0,-0.0,0.0
17.115,0.005073847,-0.0011111639,-0.0006945538,-0.0,-0.0,0.0
17.155,-0.0028674013,0.0013322971,0.00052717666,0.0,-0.0,-0.0
17.194,0.00079779,0.00011056661,0.00052717666,1.428506e-08,-1.0307344e-07,-6.8110545e-08
17.215,0.0014086553,-0.0005002986,0.00052717666,-0.0,-0.0,-0.0
17.254,0.0020195206,0.00072143186,-0.0006945538,0.0,-0.0,0.0
17.295,0.00018692476,-0.0011111639,-8.3688545e-05,-0.0,-0.0,0.0
17.314,0.003241251,0.00011056661,-0.0006945538,0.0,-0.0,0.0
17.354,0.00018692476,0.00011056661,-0.0013054191,0.0,-0.0,0.0
17.378,-0.0010348058,0.0013322971,0.00052717666,0.0,-0.0,-0.0
17.415,0.00079779,-0.0011111639,-0.0006945538,-0.0,-0.0,0.0
17.454,-0.008976054,0.00011056661,0.001138042,1.3428851e-07,1.0901243e-05,-1.3821303e-06
17.494,0.013015095,0.0025540276,-8.3688545e-05,0.0,-0.0,0.0
17.517,-0.00042394048,-0.0011111639,-0.0006945538,-0.0,-0.0,0.0
17.553,-0.0034782668,-0.0035546247,-0.0006945538,-0.0,-0.0,0.0
17.594,-0.0046999976,0.00011056661,-8.3688545e-05,6.9778224e-08,2.9661564e-06,5.2815523e-08
17.615,-0.0010348058,0.0013322971,-0.0013054191,-0.0,0.0,0.0
17.655,-0.0065325927,0.00072143186,-8.3688545e-05,-0.0,0.0,0.0
17.694,-0.00042394048,-0.0011111639,-8.3688545e-05,-0.0,-0.0,0.0
17.714,0.0044629816,0.0013322971,-8.3688545e-05,0.0,-0.0,0.0
17.755,0.006295577,-0.0011111639,-0.0013054191,-0.0,-0.0,0.0
17.794,0.003241251,-0.0017220291,-0.0006945538,-0.0,-0.0,0.0
17.815,-0.001645671,0.00072143186,-0.0006945538,-0.0,0.0,0.0
17.855,-0.0034782668,-0.0011111639,-8.3688545e-05,-0.0,-0.0,0.0
17.894,-0.00042394048,-0.0017220291,0.00052717666,-0.0,0.0,0.0
17.915,0.00079779,0.00072143186,0.001138042,-0.0,-0.0,0.0
17.954,0.005073847,0.003164893,-8.3688545e-05,0.0,-0.0,0.0
17.995,-0.0034782668,0.00011056661,0.00052717666,5.2232956e-08,1.6431673e-06,-2.4904347e-07
18.034,-0.0034782668,-0.0005002986,0.00052717666,-0.0,0.0,0.0
18.055,-0.0028674013,-0.0017220291,-0.0006945538,-0.0,-0.0,0.0
18.094,-0.0077543235,-0.0005002986,-0.0006945538,-0.0,-0.0,0.0
18.117,0.006295577,-0.0011111639,-8.3688545e-05,-0.0,-0.0,0.0
18.155,0.0038521164,0.00072143186,-8.3688545e-05,0.0,-0.0,0.0
18.194,0.00079779,-0.0005002986,0.00052717666,-0.0,-0.0,-0.0
18.233,-0.0028674013,-0.0005002986,-8.3688545e-05,-0.0,-0.0,0.0
18.255,0.006906443,0.00011056661,-0.0013054191,0.0,-0.0,0.0
18.293,-0.0010348058,0.00011056661,0.00052717666,0.0,-0.0,-0.0
18.333,0.0038521164,0.0025540276,-8.3688545e-05,0.0,-0.0,0.0
18.354,-0.0022565362,0.00011056661,0.001138042,0.0,-0.0,-0.0
18.394,0.0038521164,-0.0023328944,0.0023597723,-1.5919647e-06,-2.6286752e-06,-1.6103061e-06
18.436,0.005684712,0.0019431623,-0.0006945538,0.0,-0.0,0.0
18.454,-0.00042394048,0.0013322971,0.00052717666,0.0,-0.0,-0.0
18.494,0.003241251,0.00072143186,0.001138042,-0.0,-0.0,0.0
18.535,-0.001645671,0.003164893,-0.0006945538,1.5437395e-06,8.027091e-07,3.3878183e-07
18.556,-0.0059217275,-0.0005002986,-0.0006945538,-0.0,-0.0,0.0
18.595,-0.0053108623,0.00011056661,0.00052717666,0.0,-0.0,-0.0
18.633,0.0020195206,-0.0011111639,-0.0006945538,-0.0,-0.0,0.0
18.655,-0.0034782668,0.0013322971,-8.3688545e-05,-0.0,0.0,0.0
18.697,0.0014086553,-0.0005002986,-8.3688545e-05,-0.0,-0.0,0.0
18.735,0.0020195206,-0.0011111639,-0.0006945538,-0.0,-0.0,0.0
18.754,-0.00042394048,-0.0005002986,-0.0006945538,-0.0,-0.0,0.0
18.794,0.0020195206,0.00011056661,-8.3688545e-05,0.0,-0.0,0.0
18.835,-0.0022565362,-0.0005002986,-0.0006945538,-0.0,-0.0,0.0
18.855,-0.00042394048,0.00011056661,0.00052717666,0.0,-0.0,-0.0
18.894,0.00018692476,0.00011056661,0.00052717666,-0.0,-0.0,0.0
18.934,-0.0071434584,-0.0011111639,-0.0006945538,-1.0831385e-06,6.9632724e-06,6.7703826e-07
18.974,-0.0010348058,-0.0005002986,-8.3688545e-05,-0.0,-0.0,0.0
18.994,-0.004089132,-0.0011111639,0.00052717666,-0.0,0.0,0.0
19.036,-0.0022565362,0.00011056661,-8.3688545e-05,-0.0,0.0,0.0
19.076,-0.0010348058,0.00011056661,0.00052717666,1.7312399e-08,1.6202868e-07,-8.254471e-08
19.095,-0.0022565362,-0.0005002986,-0.0013054191,-0.0,-0.0,0.0
19.136,0.005684712,0.00072143186,-8.3688545e-05,0.0,-0.0,0.0
19.175,0.00018692476,-0.0011111639,-8.3688545e-05,-0.0,-0.0,0.0
19.195,-0.0022565362,-0.0017220291,-8.3688545e-05,-0.0,-0.0,0.0
19.235,-0.004089132,-0.0005002986,0.00052717666,-0.0,0.0,0.0
19.274,-0.00042394048,0.00072143186,-0.0006945538,-0.0,0.0,0.0
19.296,0.0044629816,0.00072143186,-8.3688545e-05,0.0,-0.0,0.0
19.334,-0.0059217275,-0.0023328944,-8.3688545e-05,-1.9930565e-06,5.0590957e-06,7.1502484e-08
19.374,-0.00042394048,-0.0005002986,0.00052717666,-0.0,0.0,0.0
19.394,0.0075173075,0.0025540276,-0.0013054191,0.0,-0.0,0.0
19.436,0.0020195206,-0.0011111639,-8.3688545e-05,-0.0,-0.0,0.0
19.474,0.00018692476,-0.0005002986,0.00052717666,-5.0391012e-08,-1.8827409e-08,-5.3098216e-08
19.494,0.0014086553,0.0013322971,-0.0006945538,0.0,-0.0,0.0
19.535,-0.001645671,-0.0011111639,-8.3688545e-05,-0.0,-0.0,0.0
19.578,0.006295577,0.0019431623,-0.0006945538,0.0,-0.0,0.0
19.597,0.0014086553,0.00011056661,0.0017489073,-0.0,-0.0,0.0
19.634,-0.0034782668,-0.0005002986,0.0017489073,-0.0,0.0,0.0
19.673,-0.001645671,-0.0017220291,0.00052717666,-0.0,0.0,0.0
19.695,0.0044629816,0.0019431623,-8.3688545e-05,0.0,-0.0,0.0
19.733,0.00018692476,0.0013322971,-8.3688545e-05,0.0,-0.0,0.0
19.773,-0.0028674013,0.00072143186,0.00052717666,0.0,-0.0,-0.0
19.813,-0.0065325927,0.00011056661,-8.3688545e-05,-0.0,0.0,0.0
19.833,0.00018692476,0.0013322971,-8.3688545e-05,0.0,-0.0,0.0
19.874,-0.0053108623,-0.0005002986,-8.3688545e-05,-3.5824183e-07,3.8028736e-06,5.992634e-08
19.916,0.0020195206,0.0013322971,-8.3688545e-05,0.0,-0.0,0.0
19.934,-0.0028674013,-0.0011111639,-0.0006945538,-0.0,-0.0,0.0
19.974,-0.0071434584,-0.0005002986,-8.3688545e-05,-0.0,-0.0,0.0
20.014,0.00079779,-0.0011111639,-8.3688545e-05,-2.0438736e-07,-1.467454e-07,1.5393647e-08
20.034,0.008128173,0.0019431623,-8.3688545e-05,0.0,-0.0,0.0
20.074,-0.00042394048,0.0019431623,-0.0006945538,-0.0,0.0,0.0
20.114,0.00018692476,0.00011056661,-0.0006945538,0.0,-0.0,0.0
20.134,0.00018692476,-0.0005002986,-0.0006945538,-0.0,-0.0,0.0
20.175,-0.0022565362,0.00072143186,-8.3688545e-05,-0.0,0.0,0.0
20.215,0.00018692476,0.0013322971,-0.0013054191,0.0,-0.0,0.0
20.234,-0.008327316,-0.00052778755,-0.00064996065,-0.0,-0.0,0.0
20.275,0.0008356637,-0.0017495181,0.0011826351,-5.3328506e-07,-2.5472545e-07,-3.604888e-07
20.314,0.0008356637,-0.00052778755,0.0005717699,-0.0,-0.0,-0.0
20.335,-0.0064947195,0.0019156734,-0.00064996065,-0.0,0.0,0.0
20.377,-0.00893818,8.307768e-05,0.0005717699,0.0,-0.0,-0.0
20.415,-0.003440393,-0.00052778755,-0.00064996065,-2.5082548e-07,1.6350089e-06,3.0888685e-07
20.434,-0.004051258,-0.00052778755,-3.9095376e-05,-0.0,-0.0,0.0
20.475,-0.000996932,8.307768e-05,0.0005717699,0.0,-0.0,-0.0
20.515,-0.005883854,-0.00052778755,0.0005717699,-0.0,0.0,0.0
20.554,-0.0016077973,-0.0011386528,-3.9095376e-05,-3.0115416e-07,4.2523484e-07,1.0340121e-08
20.576,-0.000996932,-0.0017495181,0.0011826351,-0.0,0.0,0.0
20.614,-0.000996932,-0.00052778755,0.0005717699,-0.0,0.0,0.0
20.657,-0.0046621235,8.307768e-05,-3.9095376e-05,-0.0,0.0,0.0
20.673,-0.0022186625,-0.0023603833,0.0005717699,-0.0,0.0,0.0
20.713,-0.013214237,-0.0023603833,0.0005717699,-0.0,0.0,0.0
20.753,0.001446529,-0.00052778755,-3.9095376e-05,-0.0,-0.0,0.0
20.774,0.00022479841,0.0006939429,-0.00064996065,0.0,-0.0,0.0
20.813,0.002057394,0.0013048082,0.0005717699,4.3825204e-07,-6.9102674e-07,-1.920429e-07
20.853,-0.0016077973,8.307768e-05,-0.0012608259,-0.0,0.0,0.0
20.874,0.00022479841,8.307768e-05,-3.9095376e-05,0.0,-0.0,0.0
20.914,0.00022479841,8.307768e-05,0.0005717699,-0.0,-0.0,0.0
20.954,0.0008356637,8.307768e-05,-0.00064996065,1.1840997e-08,-1.1910644e-07,9.2638345e-08
20.973,0.006944316,-0.00052778755,-0.0012608259,-0.0,-0.0,0.0
21.013,-0.005883854,0.0019156734,-3.9095376e-05,-0.0,0.0,0.0
21.054,0.002057394,0.0019156734,-3.9095376e-05,0.0,-0.0,0.0
21.073,-0.0046621235,-0.0017495181,-0.00064996065,-0.0,-0.0,0.0
21.114,0.002057394,0.0006939429,-3.9095376e-05,0.0,-0.0,0.0
21.154,-0.00771645,0.0013048082,-3.9095376e-05,-0.0,0.0,0.0
21.174,-0.0064947195,0.0013048082,-0.00064996065,-0.0,0.0,0.0
21.214,0.0057225856,-0.0011386528,-3.9095376e-05,-8.917322e-07,-4.4816243e-06,3.0615418e-08
21.253,-0.000996932,-0.00052778755,0.0011826351,-0.0,0.0,0.0
21.295,-0.0022186625,-0.00052778755,-0.00064996065,-0.0,-0.0,0.0
21.315,0.0008356637,-0.00052778755,-3.9095376e-05,-0.0,-0.0,0.0
21.354,-0.0052729887,-0.00052778755,-3.9095376e-05,-3.75407e-07,3.7505938e-06,2.7808628e-08
21.394,-0.004051258,0.0006939429,0.0005717699,0.0,-0.0,-0.0
21.414,-0.0052729887,-0.0023603833,0.0005717699,-0.0,0.0,0.0
21.453,-0.00038606682,0.0019156734,-0.00064996065,-0.0,0.0,0.0
21.495,0.011220373,0.0013048082,-0.00064996065,1.9815275e-06,-1.7039578e-05,9.870656e-07
21.515,0.0026682594,0.0013048082,0.0005717699,-0.0,-0.0,0.0
21.554,0.00022479841,8.307768e-05,-0.0012608259,0.0,-0.0,0.0
21.595,-0.000996932,-0.00052778755,-3.9095376e-05,-0.0,-0.0,0.0
21.614,-0.00038606682,0.0019156734,0.0005717699,0.0,-0.0,-0.0
21.658,-0.00038606682,0.0019156734,-0.00064996065,-0.0,0.0,0.0
21.695,-0.0022186625,-0.00052778755,-3.9095376e-05,-0.0,-0.0,0.0
21.713,0.00022479841,-0.0017495181,-3.9095376e-05,-0.0,-0.0,0.0
21.752,0.001446529,8.307768e-05,-3.9095376e-05,1.6161978e-08,-2.8140852e-07,7.605638e-09
21.793,-0.0016077973,8.307768e-05,-0.00064996065,-0.0,0.0,0.0
21.813,-0.005883854,-0.00052778755,0.0017935003,-0.0,0.0,0.0
21.856,0.0026682594,-0.00052778755,-0.00064996065,-0.0,-0.0,0.0
21.894,0.002057394,0.0013048082,-0.00064996065,4.4158216e-07,-6.9627725e-07,2.1996428e-07
21.915,-0.009549046,-0.0011386528,-3.9095376e-05,-0.0,-0.0,0.0
21.954,0.006944316,0.0031374039,-3.9095376e-05,0.0,-0.0,0.0
21.994,0.0008356637,0.0019156734,-3.9095376e-05,0.0,-0.0,0.0
22.014,-0.0052729887,8.307768e-05,0.0005717699,0.0,-0.0,-0.0
22.055,-0.0071055847,-0.00052778755,0.0011826351,-0.0,0.0,0.0
22.094,-0.0022186625,0.0019156734,-0.00064996065,-0.0,0.0,0.0
22.114,0.00022479841,0.0006939429,0.0011826351,-0.0,-0.0,0.0
22.153,0.008776912,-0.0017495181,-0.0012608259,-2.122251e-06,-1.0646867e-05,1.5294384e-06
22.194,0.0075551816,0.0019156734,-0.00064996065,0.0,-0.0,0.0
22.233,-0.0016077973,-0.00052778755,0.0011826351,-0.0,0.0,0.0
22.253,0.0038899898,0.0019156734,-0.0018716911,0.0,-0.0,0.0
22.292,-0.0052729887,8.307768e-05,0.0011826351,6.0265855e-08,3.8250046e-06,-8.5787883e-07
22.333,-0.000996932,0.0006939429,0.0005717699,0.0,-0.0,-0.0
22.353,-0.002829528,8.307768e-05,0.0005717699,0.0,-0.0,-0.0
22.393,0.006944316,8.307768e-05,-3.9095376e-05,0.0,-0.0,0.0
22.433,0.0008356637,0.0013048082,-3.9095376e-05,2.714426e-07,-1.7384525e-07,8.133135e-09
22.453,-0.000996932,-0.00052778755,-0.00064996065,-0.0,-0.0,0.0
22.493,0.0045008548,8.307768e-05,-0.00064996065,0.0,-0.0,0.0
22.534,-0.0016077973,-0.00052778755,-3.9095376e-05,-0.0,-0.0,0.0
22.554,0.00022479841,8.307768e-05,0.0005717699,-0.0,-0.0,0.0
22.595,0.0008356637,-0.0011386528,0.0005717699,-0.0,-0.0,-0.0
22.636,0.00022479841,0.0006939429,-3.9095376e-05,0.0,-0.0,0.0
22.653,-0.004051258,0.0006939429,-0.0012608259,-0.0,0.0,0.0
22.694,0.00022479841,0.0006939429,-3.9095376e-05,6.803767e-08,-2.2040373e-08,3.8331094e-09
22.734,0.0008356637,8.307768e-05,-3.9095376e-05,0.0,-0.0,0.0
22.753,0.00022479841,8.307768e-05,-3.9095376e-05,0.0,-0.0,0.0
22.793,0.0057225856,0.0013048082,-3.9095376e-05,0.0,-0.0,0.0
22.833,0.0038899898,-0.0023603833,-0.00064996065,-1.4561282e-06,-2.3997484e-06,4.0096126e-07
22.853,0.0032791249,-0.0017495181,0.0005717699,-0.0,-0.0,-0.0
22.894,0.00022479841,0.0006939429,-3.9095376e-05,0.0,-0.0,0.0
22.936,-0.00893818,0.0013048082,-3.9095376e-05,-0.0,0.0,0.0
22.954,-0.013825102,8.307768e-05,-3.9095376e-05,-0.0,0.0,0.0
22.993,0.00022479841,-0.0023603833,0.0005717699,-0.0,-0.0,-0.0
23.033,0.0038899898,0.0006939429,-3.9095376e-05,0.0,-0.0,0.0
23.057,-0.0022186625,8.307768e-05,0.0005717699,0.0,-0.0,-0.0
23.094,0.0008356637,-0.0011386528,0.0011826351,-2.8152988e-07,-2.0661629e-07,-2.924044e-07
23.139,0.008166046,-0.00052778755,-3.9095376e-05,-0.0,-0.0,0.0
23.175,-0.0016077973,-0.00052778755,-0.00064996065,-0.0,-0.0,0.0
23.194,0.00022479841,-0.0011386528,0.0005717699,-0.0,-0.0,-0.0
23.233,0.00022479841,-0.00052778755,-3.9095376e-05,-4.0731948e-08,-1.7348794e-08,3.0171812e-09
23.273,0.0032791249,0.0019156734,0.0005717699,-0.0,-0.0,0.0
23.293,-0.002829528,8.307768e-05,-3.9095376e-05,-0.0,0.0,0.0
23.333,-0.0016077973,-0.00052778755,-3.9095376e-05,-0.0,-0.0,0.0
23.373,0.0038899898,-0.0011386528,0.0005717699,-6.255755e-07,-2.1371582e-06,-3.1413072e-07
23.394,-0.000996932,0.0006939429,0.0011826351,0.0,-0.0,-0.0
23.434,0.00022479841,-0.00052778755,-0.0012608259,-0.0,-0.0,0.0
23.475,-0.000996932,0.0006939429,-0.00064996065,-0.0,0.0,0.0
23.493,0.002057394,0.0019156734,0.0005717699,-0.0,-0.0,0.0
23.533,-0.0016077973,0.0006939429,0.0011826351,0.0,-0.0,-0.0
23.585,0.008776912,8.307768e-05,-0.00064996065,0.0,-0.0,0.0
23.595,0.0045008548,-0.00052778755,0.0005717699,-0.0,-0.0,-0.0
23.634,0.0032791249,0.0013048082,-0.00064996065,6.284557e-07,-1.5793769e-06,3.1305137e-07
23.673,-0.0064947195,-0.0017495181,-3.9095376e-05,-0.0,-0.0,0.0
23.693,-0.0022186625,-0.00052778755,-0.0012608259,-0.0,-0.0,0.0
23.732,-0.000996932,-0.00052778755,0.0005717699,-0.0,0.0,0.0
23.772,-0.00038606682,-0.00052778755,-3.9095376e-05,-4.6405166e-08,3.394452e-08,3.4374208e-09
23.815,-0.00038606682,-0.00052778755,-3.9095376e-05,-0.0,-0.0,0.0
23.833,-0.00038606682,-0.0023603833,0.0005717699,-0.0,0.0,0.0
23.874,-0.00038606682,8.307768e-05,-0.0018716911,-0.0,0.0,0.0
23.913,0.002057394,8.307768e-05,-0.00064996065,2.4076405e-08,-5.9624364e-07,1.8836204e-07
23.933,0.0008356637,-0.0011386528,-0.00064996065,-0.0,-0.0,0.0
23.973,-0.0046621235,-0.00052778755,-3.9095376e-05,-0.0,-0.0,0.0
24.013,0.00022479841,0.0006939429,0.0005717699,-0.0,-0.0,0.0
24.033,-0.0016077973,8.307768e-05,-0.00064996065,1.9359376e-08,3.7466143e-07,1.5145888e-07
24.073,0.0008356637,-0.0035821137,-0.00064996065,-0.0,-0.0,0.0
24.114,-0.0022186625,-0.0017495181,-0.00064996065,-0.0,-0.0,0.0
24.133,-0.004051258,-0.00052778755,-3.9095376e-05,-0.0,-0.0,0.0
24.175,-0.000996932,-0.00052778755,0.0011826351,-1.15773894e-07,2.186841e-07,-2.5941935e-07
24.213,-0.0022186625,-0.00052778755,0.0005717699,-0.0,0.0,0.0
24.234,-0.004051258,-0.0017495181,-3.9095376e-05,-0.0,-0.0,0.0
24.274,0.013663834,8.307768e-05,-0.00064996065,0.0,-0.0,0.0
24.313,0.0048826463,0.0019486601,-6.719518e-05,1.3750893e-06,-3.4454824e-06,4.741924e-08
24.333,-0.004891198,-0.0017165313,0.00054367003,-0.0,0.0,0.0
24.374,0.0048826463,0.0019486601,0.00054367003,-0.0,-0.0,0.0
24.413,-0.006723794,-0.0029382617,-6.719518e-05,-0.0,-0.0,0.0
24.433,-0.0036694675,0.0025595254,-0.0006780604,1.5545008e-06,2.2286133e-06,4.1181124e-07
24.473,-0.002447737,0.0007269297,0.0011545353,0.0,-0.0,-0.0
24.513,-0.0012260065,0.0001160644,-6.719518e-05,-0.0,0.0,0.0
24.534,0.008547837,-0.00049480086,-6.719518e-05,-0.0,-0.0,0.0
24.575,-0.0061129285,-0.00049480086,0.0011545353,-4.1444542e-07,5.120222e-06,-9.67044e-07
24.613,0.0018283196,-0.00049480086,-6.719518e-05,-0.0,-0.0,0.0
24.655,-0.006723794,0.0013377949,-0.0018997908,-0.0,0.0,0.0
24.674,0.0018283196,0.0007269297,-0.0006780604,0.0,-0.0,0.0
24.713,0.0018283196,0.0007269297,-6.719518e-05,1.9207776e-07,-4.830997e-07,1.7755132e-08
24.752,0.0012174544,-0.00049480086,-0.0006780604,-0.0,-0.0,0.0
24.773,0.0012174544,0.0019486601,-0.0012889256,0.0,-0.0,0.0
24.812,0.007936972,0.0025595254,-0.0012889256,0.0,-0.0,0.0
24.853,0.0036609154,-0.001105666,-0.0006780604,-5.763681e-07,-1.9083848e-06,3.53463e-07
24.876,0.007936972,-0.0023273965,-0.0006780604,-0.0,-0.0,0.0
24.914,-0.0006151413,0.0001160644,0.00054367003,0.0,-0.0,-0.0
24.954,-0.009167255,-0.0023273965,-6.719518e-05,-0.0,-0.0,0.0
24.974,-0.010388985,0.0001160644,-0.0018997908,1.645123e-07,1.4727358e-05,2.6931298e-06
25.014,0.0042717806,0.0007269297,0.0011545353,-0.0,-0.0,0.0
25.054,0.0006065892,0.0019486601,-0.0006780604,0.0,-0.0,0.0
25.073,-0.0030586023,0.0025595254,-0.0006780604,-0.0,0.0,0.0
25.113,-0.0055020633,-0.00049480086,0.0011545353,-3.7479708e-07,4.167671e-06,-8.7453e-07
25.153,0.0018283196,-0.00049480086,-6.719518e-05,-0.0,-0.0,0.0
25.174,0.0036609154,0.0001160644,0.0011545353,-0.0,-0.0,0.0
25.214,-0.004891198,-0.00049480086,-6.719518e-05,-0.0,-0.0,0.0
25.253,0.005493511,0.0007269297,-6.719518e-05,5.4069653e-07,-4.0861196e-06,4.9981445e-08
25.273,-0.0006151413,0.0001160644,-6.719518e-05,-0.0,0.0,0.0
25.314,0.010380433,-0.0023273965,-6.719518e-05,-0.0,-0.0,0.0
25.354,0.0012174544,-0.0017165313,0.00054367003,-0.0,-0.0,-0.0
25.374,0.0036609154,0.0007269297,-6.719518e-05,3.6421648e-07,-1.8342429e-06,3.3667398e-08
25.419,-0.002447737,0.0007269297,-0.0006780604,-0.0,0.0,0.0
25.453,0.0024391848,0.0001160644,-6.719518e-05,0.0,-0.0,0.0
25.497,0.0012174544,-0.00049480086,0.00054367003,-0.0,-0.0,-0.0
25.516,0.009769567,0.0019486601,0.00054367003,2.609384e-06,-1.3082118e-05,-7.279942e-07
25.554,-4.2760566e-06,0.0001160644,0.00054367003,0.0,-0.0,-0.0
25.592,0.006104376,-0.001105666,0.00054367003,-0.0,-0.0,-0.0
25.613,0.0030500502,-0.0017165313,0.00054367003,-0.0,-0.0,-0.0
25.657,-0.009167255,0.0001160644,-0.0012889256,1.4421339e-07,1.1391301e-05,1.601628e-06
25.695,0.0018283196,-0.001105666,-6.719518e-05,-0.0,-0.0,0.0
25.714,-0.0012260065,-0.001105666,-6.719518e-05,-0.0,-0.0,0.0
25.755,0.0030500502,0.0001160644,0.00054367003,-0.0,-0.0,0.0
25.793,-0.0006151413,-0.0023273965,-6.719518e-05,-7.522853e-07,1.9883235e-07,2.1719599e-08
25.814,-0.0018368717,-0.001105666,-0.0006780604,-0.0,-0.0,0.0
25.855,-0.0018368717,0.0001160644,-6.719518e-05,-0.0,0.0,0.0
25.894,-0.006723794,-0.00049480086,-0.0006780604,-0.0,-0.0,0.0
25.914,-0.002447737,-0.001105666,0.0011545353,-4.3384748e-07,9.604574e-07,-4.5302312e-07
25.954,-0.002447737,-0.00049480086,0.00054367003,-0.0,0.0,0.0
25.994,-4.2760566e-06,0.0013377949,-6.719518e-05,-0.0,0.0,0.0
26.015,0.0018283196,0.0001160644,0.00054367003,-0.0,-0.0,0.0
26.058,0.0006065892,-0.0017165313,0.00054367003,-4.377394e-07,-1.5468866e-07,-1.3864346e-07
26.096,-0.00977812,0.0001160644,0.0011545353,0.0,-0.0,-0.0
26.116,-0.002447737,-0.00049480086,0.00054367003,-0.0,0.0,0.0
26.155,-0.0042803325,-0.00049480086,0.00054367003,-0.0,0.0,0.0
26.194,-0.0012260065,0.0007269297,-0.0006780604,1.5399759e-07,2.5972534e-07,1.436448e-07
26.217,-0.0036694675,-0.0023273965,0.00054367003,-0.0,0.0,0.0
26.254,-4.2760566e-06,0.0001160644,0.00054367003,0.0,-0.0,-0.0
26.294,0.0067152414,-0.00049480086,-6.719518e-05,-0.0,-0.0,0.0
26.314,-0.0036694675,0.0007269297,-6.719518e-05,3.650347e-07,1.8426584e-06,3.3742367e-08
26.354,0.0006065892,0.0007269297,-6.719518e-05,0.0,-0.0,0.0
26.395,-0.002447737,0.0001160644,-6.719518e-05,-0.0,0.0,0.0
26.416,0.0006065892,-0.001105666,0.00054367003,-0.0,-0.0,-0.0
26.454,-4.2760566e-06,-0.001105666,-0.0006780604,-1.9247894e-07,7.4438233e-10,1.1803957e-07
26.494,0.0067152414,-0.001105666,0.00054367003,-0.0,-0.0,-0.0
26.518,-0.010388985,-0.0023273965,0.0017654005,-0.0,0.0,0.0
26.554,0.0024391848,0.0007269297,0.00054367003,-0.0,-0.0,0.0
26.593,-0.0012260065,0.0001160644,-6.719518e-05,1.9212534e-08,2.0294503e-07,1.1123045e-08
26.634,-0.004891198,-0.001105666,-6.719518e-05,-0.0,-0.0,0.0
26.655,-4.2760566e-06,0.0001160644,-6.719518e-05,-0.0,0.0,0.0
26.695,-0.002447737,-0.00049480086,-6.719518e-05,-0.0,-0.0,0.0
26.733,0.0018283196,-0.00049480086,-6.719518e-05,-1.258677e-07,-4.650889e-07,1.7093116e-08
26.754,-0.0006151413,-0.0017165313,-0.0006780604,-0.0,-0.0,0.0
26.793,-4.2760566e-06,0.0001160644,0.0011545353,0.0,-0.0,-0.0
26.833,-4.2760566e-06,-0.001105666,-0.0006780604,-0.0,-0.0,0.0
26.854,0.0030500502,-0.00049480086,-6.719518e-05,-2.0525363e-07,-1.265224e-06,2.7873822e-08
26.895,-0.004891198,-0.00049480086,0.0011545353,-0.0,0.0,0.0
26.934,-0.0006151413,0.0007269297,-0.0006780604,-0.0,0.0,0.0
26.954,-0.00855639,-0.0017165313,-6.719518e-05,-0.0,-0.0,0.0
26.996,-0.0006151413,-0.001105666,0.00054367003,-2.0436532e-07,1.1369939e-07,-1.0048901e-07
27.034,-0.009167255,0.0007269297,-6.719518e-05,-0.0,0.0,0.0
27.054,-0.0012260065,0.0013377949,-6.719518e-05,-0.0,0.0,0.0
27.094,-4.2760566e-06,-0.0017165313,0.0011545353,-0.0,0.0,0.0
27.135,0.005493511,0.0019486601,-6.719518e-05,1.5246163e-06,-4.298079e-06,5.2576247e-08
27.154,0.010991299,0.003781256,-6.719518e-05,0.0,-0.0,0.0
27.195,0.0030500502,-0.00049480086,-6.719518e-05,-0.0,-0.0,0.0
27.237,0.008547837,0.0013377949,-0.0006780604,0.0,-0.0,0.0
27.255,0.008547837,-0.00049480086,0.00054367003,-5.697691e-07,-9.842884e-06,-6.26042e-07
27.296,0.006104376,-0.00049480086,-6.719518e-05,-0.0,-0.0,0.0
27.335,-4.2760566e-06,-0.001105666,0.00054367003,-0.0,0.0,0.0
27.356,-0.002447737,-0.00049480086,-0.0006780604,-0.0,-0.0,0.0
27.393,0.0012174544,0.0007269297,-6.719518e-05,1.3850155e-07,-2.3196098e-07,1.2802679e-08
27.437,-0.0042803325,-0.001105666,0.0011545353,-0.0,0.0,0.0
27.475,-0.0018368717,-0.0017165313,0.00054367003,-0.0,0.0,0.0
27.495,-0.0018368717,0.0019486601,-0.0018997908,-0.0,0.0,0.0
27.535,-4.2760566e-06,0.0019486601,-6.719518e-05,5.099659e-07,1.1190519e-09,1.7585032e-08
27.574,0.0006065892,-0.00049480086,0.0011545353,-0.0,-0.0,-0.0
27.594,0.0006065892,-0.0017165313,-0.0012889256,-0.0,-0.0,0.0
27.633,-0.0012260065,0.0007269297,-0.0012889256,-0.0,0.0,0.0
27.673,0.0006065892,0.0001160644,-0.0006780604,1.4287472e-08,-7.4670815e-08,8.346888e-08
27.694,-0.0036694675,-0.0017165313,-6.719518e-05,-0.0,-0.0,0.0
27.733,-0.0012260065,0.0001160644,0.0011545353,0.0,-0.0,-0.0
27.773,-0.0006151413,0.0001160644,-0.0006780604,-0.0,0.0,0.0
27.794,0.0030500502,-0.00049480086,0.0011545353,-2.1906206e-07,-1.3503397e-06,-5.1114415e-07
27.834,0.0018283196,0.0007269297,-6.719518e-05,0.0,-0.0,0.0
27.873,0.0042717806,0.0007269297,-0.0006780604,0.0,-0.0,0.0
27.894,0.007936972,0.0007269297,-6.719518e-05,0.0,-0.0,0.0
27.935,-0.0018368717,-0.0029382617,-0.0006780604,-1.3924694e-06,8.705102e-07,3.2133966e-07
27.975,0.0024391848,0.0013377949,-6.719518e-05,0.0,-0.0,0.0
27.994,0.0006065892,0.0007269297,-6.719518e-05,0.0,-0.0,0.0
28.034,-0.0012260065,0.0007269297,0.0011545353,0.0,-0.0,-0.0
28.074,0.0030500502,0.0013377949,0.00054367003,6.059329e-07,-1.3814721e-06,-2.4624632e-07
28.115,0.0030500502,0.0019486601,-0.0006780604,0.0,-0.0,0.0
28.146,0.0024391848,0.0007269297,-6.719518e-05,0.0,-0.0,0.0
28.174,-0.0012260065,-0.001105666,0.0011545353,-0.0,0.0,0.0
28.214,0.0018283196,0.0007269297,0.0011545353,-0.0,-0.0,0.0
28.233,0.0012174544,0.0013377949,-0.0006780604,0.0,-0.0,0.0
28.274,-4.2760566e-06,-0.001105666,-6.719518e-05,-0.0,-0.0,0.0
28.313,0.0006065892,-0.00049480086,0.00054367003,-0.0,-0.0,-0.0
28.334,-0.009167255,0.0013377949,0.00054367003,1.6663337e-06,1.1418544e-05,-6.771937e-07
28.377,-0.0030586023,-0.00049480086,-0.0006780604,-0.0,-0.0,0.0
28.414,0.008067697,-0.0010525208,-0.00072387536,-0.0,-0.0,0.0
28.434,0.00012644911,0.0007800749,-0.00011301007,0.0,-0.0,0.0
28.474,0.0037916405,0.0007800749,-0.00011301007,4.0547152e-07,-1.9708389e-06,5.874137e-08
28.514,-0.0010952813,-0.00044165557,-0.00072387536,-0.0,-0.0,0.0
28.534,0.0013481795,0.00016920967,0.0011087204,-0.0,-0.0,0.0
28.577,0.011122024,0.00016920967,-0.00011301007,0.0,-0.0,0.0
28.614,-0.00048441612,-0.0016633861,-0.00011301007,-3.8761002e-07,1.12880905e-07,2.6334156e-08
28.633,-0.0010952813,0.0007800749,-0.0013347405,-0.0,0.0,0.0
28.675,-0.0010952813,0.0020018052,-0.00072387536,-0.0,0.0,0.0
28.713,0.0037916405,0.0020018052,-0.00072387536,0.0,-0.0,0.0
28.733,0.0044025057,0.0007800749,-0.00011301007,4.6827134e-07,-2.6427806e-06,6.7839444e-08
28.773,0.00012644911,-0.0010525208,0.0004978552,-0.0,-0.0,-0.0
28.814,0.00073731435,-0.0010525208,0.0011087204,-0.0,-0.0,-0.0
28.854,0.0019590447,-0.0022742513,0.0011087204,-0.0,-0.0,-0.0
28.874,0.0037916405,0.00016920967,-0.00072387536,8.775151e-08,-1.9663225e-06,3.753976e-07
28.914,0.0013481795,0.00016920967,-0.00011301007,0.0,-0.0,0.0
28.935,0.00012644911,0.0013909402,-0.00072387536,0.0,-0.0,0.0
28.974,-0.00048441612,0.0007800749,-0.0013347405,-0.0,0.0,0.0
29.014,0.0013481795,0.0013909402,0.0004978552,3.733852e-07,-3.6190656e-07,-1.3364462e-07
29.054,-0.0010952813,-0.00044165557,0.0004978552,-0.0,0.0,0.0
29.073,-0.0010952813,-0.0016633861,-0.00072387536,-0.0,-0.0,0.0
29.114,-0.01025826,-0.0010525208,0.0004978552,-0.0,0.0,0.0
29.154,-0.0010952813,0.0007800749,-0.00072387536,-0.0,0.0,0.0
29.176,-0.0010952813,0.00016920967,-0.00011301007,-0.0,0.0,0.0
29.214,0.0031807753,0.00016920967,-0.00011301007,0.0,-0.0,0.0
29.254,0.007456832,0.0020018052,-0.00011301007,0.0,-0.0,0.0
29.274,0.007456832,0.0007800749,0.0011087204,7.9352213e-07,-7.585417e-06,-1.1278361e-06
29.314,-0.004149608,0.00016920967,0.0004978552,0.0,-0.0,-0.0
29.353,-0.0010952813,-0.0022742513,-0.00011301007,-0.0,-0.0,0.0
29.373,-0.0017061466,-0.0022742513,-0.00011301007,-0.0,-0.0,0.0
29.416,0.0025699101,0.0007800749,-0.0013347405,3.1400373e-07,-1.0344655e-06,5.372731e-07
29.456,-0.00048441612,-0.0010525208,0.0004978552,-0.0,0.0,0.0
29.474,0.00073731435,0.00016920967,-0.00011301007,0.0,-0.0,0.0
29.514,-0.0023170118,0.0013909402,-0.00011301007,-0.0,0.0,0.0
29.553,0.007456832,-0.00044165557,-0.00072387536,-0.0,-0.0,0.0
29.574,0.006845967,0.00016920967,-0.00011301007,0.0,-0.0,0.0
29.614,-0.0023170118,-0.00044165557,-0.00011301007,-0.0,-0.0,0.0
29.658,-0.0023170118,0.00016920967,-0.00011301007,-0.0,0.0,0.0
29.683,0.0019590447,-0.00044165557,0.0004978552,-1.2264644e-07,-5.4402074e-07,-1.3825289e-07
29.713,-0.0017061466,0.0007800749,-0.00011301007,-0.0,0.0,0.0
29.753,0.0013481795,-0.00044165557,0.0004978552,-0.0,-0.0,-0.0
29.792,0.0025699101,0.0007800749,0.0004978552,-0.0,-0.0,0.0
29.813,-0.0017061466,-0.0016633861,0.0004978552,-5.434641e-07,5.5743504e-07,-1.6265989e-07
29.854,-0.0053713378,-0.0016633861,-0.00011301007,-0.0,-0.0,0.0
29.896,-0.004149608,0.0013909402,-0.0019456057,-0.0,0.0,0.0
29.913,0.0044025057,-0.0010525208,0.0029413162,-0.0,-0.0,-0.0
29.954,-0.0010952813,-0.0022742513,-0.00072387536,-8.015718e-07,3.860375e-07,2.5513378e-07
29.994,0.0013481795,0.0007800749,-0.0019456057,0.0,-0.0,0.0
30.014,-0.0035387422,0.00016920967,0.0011087204,0.0,-0.0,-0.0
30.054,0.0025699101,0.0013909402,-0.00011301007,0.0,-0.0,0.0
30.094,-0.0065930686,0.0013909402,-0.00011301007,-0.0,0.0,0.0
30.114,-0.007203934,-0.0022742513,-0.00072387536,-0.0,-0.0,0.0
30.153,0.0044025057,0.0013909402,-0.00072387536,0.0,-0.0,0.0
30.194,-0.0010952813,-0.00044165557,0.0004978552,-0.0,0.0,0.0
30.214,-0.0053713378,0.0007800749,0.0004978552,5.706645e-07,3.9294014e-06,-3.6420704e-07
30.254,-0.00048441612,-0.0010525208,0.0011087204,-0.0,0.0,0.0
30.293,0.00012644911,-0.0022742513,-0.00011301007,-0.0,-0.0,0.0
30.315,-0.004149608,0.0020018052,0.0004978552,0.0,-0.0,-0.0
30.354,-0.004149608,0.0007800749,-0.00011301007,4.4223182e-07,2.3524522e-06,6.4065965e-08
30.393,0.00073731435,-0.0010525208,-0.0013347405,-0.0,-0.0,0.0
30.414,-0.014534317,-0.0010525208,0.0017195856,-0.0,0.0,0.0
30.453,0.0019590447,0.0007800749,-0.00011301007,0.0,-0.0,0.0
30.494,-0.0010952813,0.0007800749,-0.00072387536,-0.0,0.0,0.0
30.534,-0.0010952813,-0.0010525208,-0.00011301007,-0.0,-0.0,0.0
30.553,0.007456832,0.0013909402,-0.00011301007,0.0,-0.0,0.0
30.595,-0.00048441612,-0.00044165557,-0.00011301007,-0.0,-0.0,0.0
30.615,0.008067697,0.0020018052,-0.00072387536,2.2417958e-06,-9.034894e-06,8.106675e-07
30.664,0.0013481795,-0.0028851165,-0.00072387536,-0.0,-0.0,0.0
30.696,-0.004149608,0.0007800749,-0.00011301007,-0.0,0.0,0.0
30.733,-0.0017061466,-0.0016633861,-0.00072387536,-0.0,-0.0,0.0
30.754,0.005013371,0.00016920967,-0.00011301007,1.1395222e-07,-3.3761905e-06,7.610538e-08
30.792,-0.0023170118,0.0013909402,-0.00011301007,-0.0,0.0,0.0
30.833,-0.00048441612,0.0007800749,-0.00011301007,-0.0,0.0,0.0
30.853,-0.007814799,-0.0010525208,-0.00011301007,-0.0,-0.0,0.0
30.894,0.00012644911,-0.00044165557,-0.0019456057,-1.1850309e-07,-3.3928305e-08,5.2203643e-07
30.934,-0.0029278772,0.0013909402,-0.00072387536,-0.0,0.0,0.0
30.953,0.00012644911,0.00016920967,0.0004978552,-0.0,-0.0,0.0
30.993,0.0013481795,-0.0016633861,-0.0013347405,-0.0,-0.0,0.0
31.034,-0.0065930686,-0.00044165557,0.0011087204,-0.0,0.0,0.0
31.053,-0.0065930686,0.0007800749,0.0004978552,0.0,-0.0,-0.0
31.094,0.0013481795,-0.00044165557,-0.00011301007,-0.0,-0.0,0.0
31.134,0.0019590447,-0.00044165557,-0.00072387536,-0.0,-0.0,0.0
31.154,-0.0047604726,0.0007800749,-0.00072387536,5.107223e-07,3.1167306e-06,4.7392786e-07
31.194,-0.0035387422,0.0007800749,0.0004978552,0.0,-0.0,-0.0
31.234,0.0013481795,-0.00044165557,0.0011087204,-0.0,-0.0,-0.0
31.254,0.007456832,0.0020018052,-0.00072387536,0.0,-0.0,0.0
31.293,-0.008425664,0.0026126707,-0.0013347405,3.128587e-06,1.0089483e-05,1.598296e-06
31.334,0.005624236,-0.00044165557,0.0004978552,-0.0,-0.0,-0.0
31.374,0.01417635,0.0020018052,-0.00072387536,0.0,-0.0,0.0
31.393,0.0025699101,0.0007800749,0.0011087204,-0.0,-0.0,0.0
31.433,-0.0029278772,-0.00044165557,0.0004978552,-0.0,0.0,0.0
31.456,0.007456832,-0.0010525208,-0.00011301007,-0.0,-0.0,0.0
31.494,0.00012644911,-0.0010525208,-0.00011301007,-0.0,-0.0,0.0
31.534,0.0025699101,0.003834401,0.0011087204,-0.0,-0.0,0.0
31.574,-0.0065930686,-0.00044165557,-0.00011301007,-0.0,-0.0,0.0
31.596,0.008067697,-0.0016633861,-0.00072387536,-0.0,-0.0,0.0
31.634,0.0037916405,-0.0022742513,-0.00072387536,-0.0,-0.0,0.0
31.675,0.0037916405,0.0007800749,0.0004978552,-0.0,-0.0,0.0
31.693,0.00073731435,-0.00044165557,0.0004978552,-5.8878076e-08,-9.829299e-08,-6.637016e-08
31.733,0.0037916405,0.0007800749,0.0004978552,-0.0,-0.0,0.0
31.773,-0.0010952813,0.0026126707,-0.00072387536,-0.0,0.0,0.0
31.793,-0.0023170118,-0.00044165557,-0.00011301007,-0.0,-0.0,0.0
31.832,0.0031807753,-0.0016633861,-0.00011301007,-8.01764e-07,-1.5331565e-06,5.4471048e-08
31.874,0.00073731435,0.0020018052,-0.00072387536,0.0,-0.0,0.0
31.894,-0.0023170118,0.0013909402,-0.0013347405,-0.0,0.0,0.0
31.933,-0.0010952813,-0.00044165557,-0.00072387536,-0.0,-0.0,0.0
31.975,0.008678562,0.00016920967,0.0011087204,-0.0,-0.0,0.0
31.994,0.0025699101,0.00016920967,-0.0013347405,0.0,-0.0,0.0
32.033,0.0019590447,-0.0010525208,0.0004978552,-0.0,-0.0,-0.0
32.073,0.0025699101,-0.0010525208,0.0004978552,-0.0,-0.0,-0.0
32.093,0.0013481795,0.0007800749,-0.00011301007,1.6350877e-07,-2.825872e-07,2.3687669e-08
32.133,-0.0017061466,0.0007800749,0.0004978552,0.0,-0.0,-0.0
32.175,-0.0023170118,-0.0010525208,0.0011087204,-0.0,0.0,0.0
32.214,-0.00048441612,-0.0016633861,0.0004978552,-0.0,0.0,0.0
32.233,0.0025699101,0.0020018052,-0.0013347405,9.458527e-07,-1.2142814e-06,6.3066506e-07
32.274,0.014787215,0.0013909402,-0.00011301007,0.0,-0.0,0.0
32.313,0.00012644911,0.0007800749,0.0004978552,-0.0,-0.0,0.0
32.333,0.0044025057,0.0020018052,-0.00011301007,0.0,-0.0,0.0
32.376,0.008678562,0.00016920967,-0.0019456057,0.0,-0.0,0.0
32.413,-0.008425664,0.00016920967,-0.00011301007,-0.0,0.0,0.0
32.433,0.00012644911,-0.0028851165,0.0011087204,-0.0,-0.0,-0.0
32.474,0.012104295,0.002597399,-0.0012889256,0.0,-0.0,0.0
32.513,-0.0013347405,0.00076480326,0.00054367003,0.0,-0.0,-0.0
32.533,0.0059956424,-0.0004569272,-0.0006780604,-0.0,-0.0,0.0
32.573,-0.0013347405,0.0013756686,-0.0006780604,-0.0,0.0,0.0
32.613,0.0004978552,0.0013756686,-0.0012889256,0.0,-0.0,0.0
32.634,-0.0043890667,0.00015393805,-0.0006780604,9.1813796e-08,2.617801e-06,4.044201e-07
32.673,0.0011087204,0.00076480326,-6.719518e-05,0.0,-0.0,0.0
32.714,-0.013552045,0.00015393805,-0.0006780604,-0.0,0.0,0.0
32.732,-0.0025564712,0.00015393805,-6.719518e-05,-0.0,0.0,0.0
32.772,-0.0013347405,-0.0004569272,-0.0006780604,-9.599468e-08,2.804122e-07,1.4245198e-07
32.813,0.009049969,-0.0004569272,-0.0006780604,-0.0,-0.0,0.0
32.832,0.0011087204,0.0019865339,-0.0006780604,0.0,-0.0,0.0
32.873,0.0004978552,-0.0004569272,-0.0006780604,-0.0,-0.0,0.0
32.913,-0.0025564712,0.00015393805,-6.719518e-05,-0.0,0.0,0.0
32.934,-0.0043890667,-0.0010677924,0.00054367003,-0.0,0.0,0.0
32.973,-0.013552045,0.00076480326,0.00054367003,0.0,-0.0,-0.0
33.014,-0.009886854,-0.0010677924,-0.0006780604,-0.0,-0.0,0.0
33.053,0.002330451,0.00015393805,-6.719518e-05,0.0,-0.0,0.0
33.073,-0.0013347405,0.0013756686,-6.719518e-05,-0.0,0.0,0.0
33.113,-0.0019456057,-0.0004569272,-6.719518e-05,-0.0,-0.0,0.0
33.153,-0.0037782015,0.002597399,0.0011545353,0.0,-0.0,-0.0
33.173,0.004773912,0.002597399,-6.719518e-05,1.8947977e-06,-3.4825596e-06,4.9022052e-08
33.214,0.007217373,-0.002289523,-0.0018997908,-0.0,-0.0,0.0
33.252,0.0004978552,0.00015393805,-6.719518e-05,0.0,-0.0,0.0
33.272,0.0017195856,-0.0004569272,0.0011545353,-0.0,-0.0,-0.0
33.312,0.0004978552,-0.0004569272,0.0011545353,-0.0,-0.0,-0.0
33.352,0.002330451,-0.0004569272,-6.719518e-05,-0.0,-0.0,0.0
33.372,-0.009275989,-0.0004569272,-0.0012889256,-0.0,-0.0,0.0
33.414,0.0004978552,0.00076480326,-6.719518e-05,0.0,-0.0,0.0
33.453,0.0017195856,0.00076480326,-0.0006780604,0.0,-0.0,0.0
33.473,0.0004978552,-0.0004569272,-6.719518e-05,-0.0,-0.0,0.0
33.514,-0.0031673363,-0.0016786576,-0.0006780604,-0.0,-0.0,0.0
33.554,-0.0056107976,-0.0010677924,0.0023762658,-0.0,0.0,0.0
33.574,0.0004978552,-0.002289523,-6.719518e-05,-7.2029536e-07,-1.5662775e-07,2.1139883e-08
33.613,0.0004978552,-0.0004569272,-0.0006780604,-0.0,-0.0,0.0
33.653,-0.0019456057,-0.0004569272,-6.719518e-05,-0.0,-0.0,0.0
33.673,-0.004999932,-0.0010677924,0.00054367003,-0.0,0.0,0.0
33.713,0.0011087204,0.00015393805,-6.719518e-05,2.3168887e-08,-1.6687115e-07,1.0113405e-08
33.753,-0.00072387536,0.00076480326,-0.0018997908,-0.0,0.0,0.0
33.773,0.0017195856,0.0013756686,-0.0012889256,0.0,-0.0,0.0
33.813,-0.0013347405,-0.0016786576,0.00054367003,-0.0,0.0,0.0
33.854,-0.0013347405,0.00015393805,-6.719518e-05,-0.0,0.0,0.0
33.874,-0.0019456057,-0.0004569272,0.00054367003,-0.0,0.0,0.0
33.914,-0.0056107976,0.0013756686,-6.719518e-05,-0.0,0.0,0.0
33.954,0.0029413162,-0.0004569272,0.00054367003,-0.0,-0.0,-0.0
34.001,-0.00011301007,-0.0004569272,0.00054367003,-0.0,0.0,0.0
34.013,0.014547756,0.0019865339,-0.0018997908,0.0,-0.0,0.0
34.054,-0.0013347405,-0.0010677924,-0.0006780604,-0.0,-0.0,0.0
34.092,-0.0013347405,0.0013756686,-0.0006780604,-0.0,0.0,0.0
34.114,0.005384777,0.0013756686,0.00054367003,1.0310704e-06,-4.03592e-06,-4.0748162e-07
34.153,0.0011087204,0.00015393805,-0.0006780604,0.0,-0.0,0.0
34.194,0.0004978552,0.00015393805,-6.719518e-05,0.0,-0.0,0.0
34.213,0.0035521814,-0.0004569272,-6.719518e-05,-0.0,-0.0,0.0
34.253,-0.0025564712,0.0013756686,-6.719518e-05,-0.0,0.0,0.0
34.294,0.0059956424,0.00076480326,-0.0012889256,0.0,-0.0,0.0
34.314,-0.00011301007,0.00015393805,0.0011545353,0.0,-0.0,-0.0
34.354,0.0011087204,-0.0010677924,0.00054367003,-0.0,-0.0,-0.0
34.394,-0.00072387536,0.00015393805,-6.719518e-05,-0.0,0.0,0.0
34.413,-0.00072387536,-0.0016786576,-6.719518e-05,-0.0,-0.0,0.0
34.453,0.0011087204,0.00015393805,0.00054367003,-0.0,-0.0,0.0
34.493,-0.004999932,0.00015393805,0.0017654005,0.0,-0.0,-0.0
34.513,-0.012330315,0.00076480326,-6.719518e-05,1.2681581e-06,2.0445525e-05,1.11406784e-07
34.554,-0.0037782015,0.00015393805,-0.0006780604,-0.0,0.0,0.0
34.593,0.002330451,0.00015393805,-6.719518e-05,0.0,-0.0,0.0
34.614,0.0029413162,-0.0004569272,-0.0006780604,-0.0,-0.0,0.0
34.667,0.008439103,-0.002289523,-0.0006780604,-2.6950954e-06,-9.934045e-06,7.981617e-07
34.693,-0.00072387536,-0.0004569272,-0.0006780604,-0.0,-0.0,0.0
34.732,0.0029413162,0.00015393805,-6.719518e-05,0.0,-0.0,0.0
34.752,0.0004978552,0.00015393805,0.00054367003,-0.0,-0.0,0.0
34.792,0.005384777,0.0019865339,-0.0012889256,0.0,-0.0,0.0
34.834,-0.0013347405,0.0019865339,0.00054367003,0.0,-0.0,-0.0
34.854,-0.0013347405,0.00015393805,-0.0012889256,-0.0,0.0,0.0
34.893,-0.0013347405,-0.0010677924,-6.719518e-05,-0.0,-0.0,0.0
34.934,0.01393689,0.002597399,-0.0006780604,0.0,-0.0,0.0
34.953,0.008439103,0.00076480326,-0.0006780604,0.0,-0.0,0.0
34.993,-0.0043890667,-0.0010677924,-0.0006780604,-0.0,-0.0,0.0
35.034,0.0004978552,-0.0010677924,0.00054367003,-0.0,-0.0,-0.0
35.054,-0.008054258,0.0019865339,-6.719518e-05,2.2119182e-06,8.968064e-06,7.480897e-08
35.093,0.005384777,0.00015393805,-0.0012889256,0.0,-0.0,0.0
35.134,-0.00011301007,-0.0004569272,-6.719518e-05,-0.0,-0.0,0.0
35.153,0.008439103,0.00015393805,0.00054367003,-0.0,-0.0,0.0
35.193,0.0011087204,0.0013756686,-0.0006780604,0.0,-0.0,0.0
35.232,0.0059956424,-0.0010677924,0.00054367003,-0.0,-0.0,-0.0
35.254,-0.0019456057,-0.0010677924,-6.719518e-05,-0.0,-0.0,0.0
35.293,-0.0031673363,0.002597399,-6.719518e-05,-0.0,0.0,0.0
35.334,-0.0031673363,0.00076480326,-6.719518e-05,-0.0,0.0,0.0
35.355,-0.0019456057,-0.002289523,-6.719518e-05,-0.0,-0.0,0.0
35.394,0.004773912,-0.0004569272,-6.719518e-05,-0.0,-0.0,0.0
35.433,0.0059956424,0.00015393805,0.00054367003,-0.0,-0.0,0.0
35.453,0.0035521814,0.00076480326,-0.0012889256,3.9575983e-07,-1.8381307e-06,6.669747e-07
35.493,-0.00011301007,-0.0004569272,-6.719518e-05,-0.0,-0.0,0.0
35.534,0.004773912,0.00015393805,-6.719518e-05,0.0,-0.0,0.0
35.575,-0.0056107976,0.0013756686,0.00054367003,0.0,-0.0,-0.0
35.594,-0.00072387536,-0.0004569272,0.00054367003,-6.219112e-08,9.8524715e-08,-7.3997455e-08
35.633,-0.0031673363,0.00076480326,0.00054367003,0.0,-0.0,-0.0
35.673,-0.0025564712,-0.0010677924,-6.719518e-05,-0.0,-0.0,0.0
35.694,0.007217373,0.0013756686,-6.719518e-05,0.0,-0.0,0.0
35.732,-0.0031673363,-0.0010677924,-0.0006780604,-0.0,-0.0,0.0
35.772,-0.00072387536,0.0019865339,0.00054367003,0.0,-0.0,-0.0
35.793,-0.0013347405,-0.0010677924,-6.719518e-05,-0.0,-0.0,0.0
35.833,-0.0013347405,-0.002289523,-6.719518e-05,-0.0,-0.0,0.0
35.873,-0.0056107976,0.0013756686,0.00054367003,0.0,-0.0,-0.0
35.892,0.005384777,0.0013756686,-0.0006780604,0.0,-0.0,0.0
35.933,0.005384777,-0.0004569272,0.00054367003,-0.0,-0.0,-0.0
35.975,-0.0025564712,0.00015393805,0.00054367003,0.0,-0.0,-0.0
35.994,0.008439103,0.00076480326,-0.0006780604,8.726092e-07,-9.628629e-06,7.7364e-07
36.033,-0.00072387536,-0.0016786576,-0.0012889256,-0.0,-0.0,0.0
36.073,0.009049969,-0.0004569272,-0.0006780604,-0.0,-0.0,0.0
36.093,-0.0062216627,0.00076480326,0.00054367003,0.0,-0.0,-0.0
36.132,0.0017195856,-0.0004569272,-0.0006780604,-0.0,-0.0,0.0
36.173,-0.00072387536,-0.002289523,-0.0006780604,-0.0,-0.0,0.0
36.193,-0.00011301007,-0.0010677924,0.00054367003,-0.0,0.0,0.0
36.233,0.0066065076,0.00076480326,0.00054367003,-0.0,-0.0,0.0
36.274,-0.00011301007,-0.002289523,0.0011545353,-0.0,0.0,0.0
36.293,-0.0013347405,-0.0016786576,0.00054367003,-0.0,0.0,0.0
36.333,-0.009886854,-0.0004569272,0.00054367003,-0.0,0.0,0.0
36.373,-0.0019456057,0.00015393805,-0.0012889256,-0.0,0.0,0.0
36.413,0.0017195856,-0.0004569272,-6.719518e-05,-0.0,-0.0,0.0
36.433,0.002330451,-0.0010677924,-0.0006780604,-0.0,-0.0,0.0
36.475,-0.00011301007,0.00015393805,-6.719518e-05,-0.0,0.0,0.0
36.513,-0.0019456057,0.00076480326,0.00054367003,2.2173111e-07,5.640682e-07,-1.5762038e-07
36.534,0.005384777,0.00015393805,-0.0006780604,0.0,-0.0,0.0
36.574,0.0054874024,-0.0017287487,0.0005729916,-0.0,-0.0,-0.0
36.612,0.0036548069,0.0013255776,-0.0012596041,0.0,-0.0,0.0
36.636,0.0030439415,0.0025473079,-3.7873644e-05,0.0,-0.0,0.0
36.677,-1.038471e-05,-0.0011178835,0.0005729916,-0.0,0.0,0.0
36.713,-1.038471e-05,0.000103847095,0.0011838569,0.0,-0.0,-0.0
36.732,0.0036548069,0.0019364428,-3.7873644e-05,0.0,-0.0,0.0
36.773,-0.0024538457,0.000103847095,0.0005729916,0.0,-0.0,-0.0
36.813,-0.0012321152,0.0007147123,0.0011838569,0.0,-0.0,-0.0
36.832,-0.007951633,-0.0005070181,0.0005729916,-0.0,0.0,0.0
36.873,0.014650381,0.0025473079,-3.7873644e-05,0.0,-0.0,0.0
36.913,0.0012113458,-0.0011178835,-0.0006487389,-0.0,-0.0,0.0
36.933,-0.0030647109,0.000103847095,0.0011838569,4.581577e-08,1.3520938e-06,-5.2229586e-07
36.972,-1.038471e-05,0.000103847095,-0.0006487389,-0.0,0.0,0.0
37.013,-0.00062124996,0.0007147123,-0.0006487389,-0.0,0.0,0.0
37.041,0.0012113458,0.000103847095,-0.0012596041,0.0,-0.0,0.0
37.075,-0.0030647109,0.0007147123,0.0011838569,0.0,-0.0,-0.0
37.113,0.0060982676,0.0007147123,-0.0006487389,0.0,-0.0,0.0
37.133,0.0012113458,-0.0005070181,-0.0006487389,-0.0,-0.0,0.0
37.173,0.0018222111,-0.0017287487,-0.0006487389,-0.0,-0.0,0.0
37.213,-0.00062124996,0.000103847095,0.0011838569,0.0,-0.0,-0.0
37.253,-0.0012321152,-0.0011178835,-0.0006487389,-0.0,-0.0,0.0
37.273,0.0018222111,0.000103847095,-0.0012596041,0.0,-0.0,0.0
37.313,-0.00062124996,0.0019364428,-3.7873644e-05,-0.0,0.0,0.0
37.354,-0.0012321152,0.0007147123,-0.0012596041,-0.0,0.0,0.0
37.374,-0.0042864415,-0.0011178835,-3.7873644e-05,-0.0,-0.0,0.0
37.412,-0.0036755763,0.0007147123,-3.7873644e-05,-0.0,0.0,0.0
37.453,0.0030439415,-0.0017287487,-0.0006487389,-8.2606806e-07,-1.4545224e-06,3.099939e-07
37.473,0.0012113458,0.0019364428,-0.0006487389,0.0,-0.0,0.0
37.513,0.00060048053,0.0007147123,-3.7873644e-05,0.0,-0.0,0.0
37.553,-0.0012321152,-0.0005070181,0.0005729916,-0.0,0.0,0.0
37.573,-0.0012321152,0.0013255776,0.0005729916,0.0,-0.0,-0.0
37.613,0.00060048053,-0.0017287487,-0.0006487389,-0.0,-0.0,0.0
37.663,-0.0030647109,-0.0011178835,0.0011838569,-0.0,0.0,0.0
37.672,0.011596055,0.0019364428,-0.0006487389,0.0,-0.0,0.0
37.712,0.0018222111,-0.002950479,-3.7873644e-05,-0.0,-0.0,0.0
37.752,-0.01344942,-0.0017287487,0.001794722,-0.0,0.0,0.0
37.772,-1.038471e-05,0.0013255776,-3.7873644e-05,-0.0,0.0,0.0
37.813,0.00060048053,0.0013255776,-3.7873644e-05,0.0,-0.0,0.0
37.853,-1.038471e-05,0.0007147123,0.0005729916,0.0,-0.0,-0.0
37.873,0.0067091333,0.0037690387,-3.7873644e-05,3.892898e-06,-6.92961e-06,3.913175e-08
37.913,-0.009784228,0.0019364428,-0.0006487389,-0.0,0.0,0.0
37.953,-0.009784228,0.000103847095,0.0005729916,0.0,-0.0,-0.0
37.992,0.0018222111,0.0031581733,0.0005729916,1.5645139e-06,-9.0269765e-07,-2.8385116e-07
38.015,-0.0036755763,0.004990769,0.0005729916,0.0,-0.0,-0.0
38.053,-0.0030647109,0.004990769,-3.7873644e-05,-0.0,0.0,0.0
38.093,-0.007340768,0.0062124995,0.001794722,0.0,-0.0,-0.0
38.114,-0.012838555,0.009877691,0.0005729916,0.0,-0.0,-0.0
38.153,-0.01344942,0.012932017,0.0024055874,0.0,-0.0,-0.0
38.195,-0.016503746,0.010488556,0.0011838569,0.0,-0.0,-0.0
38.216,-0.011616824,0.010488556,0.001794722,0.0,-0.0,-0.0
38.252,-0.007951633,0.012932017,0.0005729916,0.0,-0.0,-0.0
38.292,-1.038471e-05,0.00865596,-3.7873644e-05,-0.0,0.0,0.0
38.312,-0.008562498,0.0062124995,0.0011838569,0.0,-0.0,-0.0
38.352,-0.007340768,0.0068233646,0.0011838569,0.0,-0.0,-0.0
38.393,0.0024330763,0.004990769,0.001794722,3.9086535e-06,-1.9055319e-06,-1.4055811e-06
38.413,-0.0048973067,0.004990769,-0.0012596041,-0.0,0.0,0.0
38.453,-0.0042864415,0.0013255776,0.0011838569,0.0,-0.0,-0.0
38.493,0.009152594,-0.0005070181,-0.0006487389,-0.0,-0.0,0.0
38.514,0.008541729,-0.0023396139,0.0011838569,-0.0,-0.0,-0.0
38.552,0.007930864,-0.0011178835,0.0011838569,-0.0,-0.0,-0.0
38.592,-0.0042864415,0.000103847095,0.0005729916,0.0,-0.0,-0.0
38.612,-0.00062124996,0.0025473079,0.0005729916,0.0,-0.0,-0.0
38.651,-0.01344942,0.0025473079,0.0011838569,0.0,-0.0,-0.0
38.692,-0.0042864415,0.0037690387,0.0030164525,0.0,-0.0,-0.0
38.712,-0.005508172,0.008045095,0.0005729916,0.0,-0.0,-0.0
38.752,-0.015282016,0.009877691,0.001794722,0.0,-0.0,-0.0
38.792,-0.010395094,0.010488556,0.0024055874,0.0,-0.0,-0.0
38.813,-0.01222769,0.012932017,0.001794722,3.1048046e-05,2.9356925e-05,-4.309335e-06
38.853,-0.014060286,0.009877691,0.0024055874,0.0,-0.0,-0.0
38.893,-0.007340768,0.0068233646,0.0005729916,0.0,-0.0,-0.0
38.934,0.00060048053,0.004990769,-3.7873644e-05,3.3672711e-06,-4.0514408e-07,2.5554025e-08
38.953,-0.009784228,0.004990769,-0.0006487389,-0.0,0.0,0.0
38.993,0.0048765372,0.0031581733,-0.0012596041,0.0,-0.0,0.0
39.033,-0.008562498,0.0037690387,0.0005729916,0.0,-0.0,-0.0
39.054,-0.006119037,0.0068233646,-3.7873644e-05,-0.0,0.0,0.0
39.094,-0.0024538457,0.0025473079,-0.0006487389,-0.0,0.0,0.0
39.134,-0.012838555,-0.002950479,0.0005729916,-0.0,0.0,0.0
39.153,-1.038471e-05,-0.00539394,-0.0012596041,-0.0,-0.0,0.0
39.193,0.008541729,-0.006615671,-0.0012596041,-0.0,-0.0,0.0
39.233,0.0054874024,-0.0072265356,-0.0012596041,-0.0,-0.0,0.0
39.254,-1.038471e-05,-0.007837401,-0.0012596041,-0.0,-0.0,0.0
39.293,-0.0018429805,-0.0023396139,-0.0006487389,-0.0,-0.0,0.0
39.332,0.0036548069,-0.0060048057,-0.0018704693,-5.8626456e-06,-3.568289e-06,1.8261777e-06
39.355,0.0048765372,-0.0035613445,-0.0012596041,-0.0,-0.0,0.0
39.392,0.007930864,-0.006615671,-0.0012596041,-0.0,-0.0,0.0
39.432,0.0067091333,-0.004783075,-0.0018704693,-0.0,-0.0,0.0
39.452,0.011596055,-0.0041722097,-0.0037030652,-0.0,-0.0,0.0
39.492,0.008541729,-0.0017287487,-0.0024813346,-0.0,-0.0,0.0
39.533,-0.0030647109,-0.0023396139,-0.0006487389,-0.0,-0.0,0.0
39.553,0.008541729,0.0025473079,-0.0012596041,0.0,-0.0,0.0
39.592,0.0018222111,0.0019364428,-3.7873644e-05,0.0,-0.0,0.0
39.631,0.00060048053,-0.0017287487,-3.7873644e-05,-0.0,-0.0,0.0
39.654,0.0018222111,0.000103847095,-0.0006487389,0.0,-0.0,0.0
39.695,0.0024330763,0.000103847095,-3.7873644e-05,0.0,-0.0,0.0
39.731,-0.0042864415,0.0013255776,0.0005729916,0.0,-0.0,-0.0
39.772,-0.0042864415,0.0025473079,0.0011838569,0.0,-0.0,-0.0
39.791,0.0030439415,-0.0011178835,0.0011838569,-0.0,-0.0,-0.0
39.833,0.0036548069,-0.0011178835,-0.0006487389,-0.0,-0.0,0.0
39.874,0.004265672,0.0007147123,-3.7873644e-05,4.1491316e-07,-2.4763576e-06,2.1987363e-08
39.893,-0.006119037,-0.0023396139,0.0005729916,-0.0,0.0,0.0
39.923,-0.0012321152,0.0037690387,0.0011838569,0.0,-0.0,-0.0
39.973,-0.0018429805,-0.0011178835,-0.0006487389,-0.0,-0.0,0.0
39.992,-1.038471e-05,-0.0017287487,0.0011838569,-0.0,0.0,0.0
40.033,-0.0012321152,0.000103847095,0.0005729916,0.0,-0.0,-0.0
40.073,-0.0018429805,0.000103847095,-0.0006487389,-0.0,0.0,0.0
40.101,-0.009173363,-0.0017287487,-3.7873644e-05,-0.0,-0.0,0.0
40.132,-0.0024538457,0.0013255776,0.0011838569,0.0,-0.0,-0.0
40.173,0.010374324,0.0013255776,-3.7873644e-05,0.0,-0.0,0.0
40.193,0.0030439415,-0.0011178835,0.0005729916,-0.0,-0.0,-0.0
40.232,0.00060048053,0.0019364428,-0.0012596041,0.0,-0.0,0.0
40.273,0.009763459,0.0007147123,-0.0006487389,9.41151e-07,-1.2856691e-05,8.542765e-07
40.292,-0.009784228,-0.0005070181,-3.7873644e-05,-0.0,-0.0,0.0
40.333,-0.0067299022,0.000103847095,-0.0006487389,-0.0,0.0,0.0
40.374,-0.014671151,0.0037690387,-3.7873644e-05,-0.0,0.0,0.0
40.393,-0.0042864415,0.0062124995,0.0005729916,0.0,-0.0,-0.0
40.433,-0.0030647109,0.0056016343,-3.7873644e-05,-0.0,0.0,0.0
40.475,-0.005508172,0.004990769,-0.0012596041,-0.0,0.0,0.0
40.493,-0.0018429805,0.0062124995,0.0005729916,0.0,-0.0,-0.0
40.534,-0.009173363,0.004379904,0.0005729916,0.0,-0.0,-0.0
40.573,-1.038471e-05,0.0037690387,-0.0006487389,-0.0,0.0,0.0
40.613,-0.015282016,0.004990769,-0.0006487389,-0.0,0.0,0.0
40.632,-0.006335894,0.005276043,-0.00071043626,-0.0,0.0,0.0
40.673,-0.0142771425,0.005276043,-0.00071043626,-0.0,0.0,0.0
40.711,-0.009390221,0.005276043,0.0011221595,0.0,-0.0,-0.0
40.735,-0.017942334,0.0022217168,-9.9571036e-05,-0.0,0.0,0.0
40.771,-0.009390221,0.00038912118,-0.0013213016,-0.0,0.0,0.0
40.811,-0.011222816,0.0016108516,-0.00071043626,2.4560916e-06,1.7111675e-05,1.0831967e-06
40.833,-0.008168491,0.0009999864,-9.9571036e-05,-0.0,0.0,0.0
40.873,0.0009944886,0.004665178,-9.9571036e-05,0.0,-0.0,0.0
40.914,-0.0038924334,-0.00083260937,-9.9571036e-05,-0.0,-0.0,0.0
40.941,-0.0051141637,0.0016108516,-0.00071043626,-0.0,0.0,0.0
40.972,0.0034379496,0.0016108516,-0.00071043626,0.0,-0.0,0.0
41.012,-0.009390221,0.0040543126,-0.00071043626,-0.0,0.0,0.0
41.032,-0.003281568,0.0022217168,-0.0013213016,-0.0,0.0,0.0
41.073,-0.010001087,0.00038912118,-0.0013213016,-0.0,0.0,0.0
41.112,-0.008779355,0.0009999864,-0.0031538974,-0.0,0.0,0.0
41.152,-0.022829257,-0.00022174409,-0.0019321669,-0.0,-0.0,0.0
41.171,-0.024661852,-0.00205434,-0.0013213016,-0.0,-0.0,0.0
41.213,-0.019164065,-0.002665205,-0.0019321669,-6.9558473e-06,5.001486e-05,5.042794e-06
41.232,-0.022218391,0.0034434474,-0.0019321669,-0.0,0.0,0.0
41.272,-0.035657424,-0.005108666,-0.0031538974,-0.0,-0.0,0.0
41.648,-0.020385796,-0.005108666,-0.0062082233,-0.0,-0.0,0.0
41.672,0.040089864,0.015660752,0.0060090814,-0.0,-0.0,0.0
41.712,0.025429098,0.043149687,0.0096742725,-0.0,-0.0,0.0
41.753,0.01748785,0.048647474,0.0060090814,0.00033980416,-0.00012216125,-4.1953186e-05
41.773,0.035202943,0.023602001,-0.00071043626,0.0,-0.0,0.0
41.813,-0.038711753,0.15799235,0.024945904,0.0,-0.0,-0.0
41.852,-0.03687916,0.10729054,0.046326187,0.0,-0.0,-0.0
41.873,0.013211794,0.049869206,0.017004656,-0.0,-0.0,0.0
41.913,0.05902669,-0.15354893,-0.004986493,-0.0,-0.0,0.0
41.954,1.1213213,-2.7173502,0.99011296,-0.0,-0.0,-0.0
41.972,0.64301383,-1.2799844,0.36214352,-0.0,-0.0,-0.0
42.014,0.37606573,-1.3813881,-0.15220502,-0.0,-0.0,0.0
42.052,-0.07353108,0.1292817,-0.5211676,-0.0,0.0,0.0
42.074,-0.7143287,1.3919402,-0.79300267,-0.0,0.0,0.0
42.114,0.56971,-0.79373574,0.16361232,-0.0,-0.0,-0.0
42.153,0.34430075,-0.42171875,0.22286624,-0.033520088,-0.02686679,-0.01803819
42.173,0.23190156,-0.18103786,0.26990286,-0.0,-0.0,-0.0
42.213,0.25267097,-0.24640043,0.041439265,-0.0,-0.0,-0.0
42.253,0.05291803,-0.009384722,-0.01170601,-0.0,-0.0,0.0
42.294,-0.03015964,0.02238027,-0.0019321669,0.00011296086,0.00015222754,9.7437705e-06
42.316,-0.035046563,0.07919074,0.00234389,0.0,-0.0,-0.0
42.354,0.013822659,-0.038706254,0.021280712,-0.0,-0.0,-0.0
42.393,0.06269188,-0.082688555,0.0060090814,-0.0,-0.0,-0.0
42.414,0.101787254,-0.11934047,-0.018425528,-0.0,-0.0,0.0
42.452,0.07246572,-0.071082115,-0.022701586,-0.0,-0.0,0.0
42.493,0.09079168,-0.0906298,-0.022701586,-0.0,-0.0,0.0
42.514,0.042533327,-0.03931712,-0.017814662,-0.0,-0.0,0.0
42.553,0.020542176,0.0077195037,-0.012927741,2.6390357e-05,-7.0222006e-05,4.419388e-05
42.594,0.037646405,-0.007552127,-0.016592931,-0.0,-0.0,0.0
42.613,0.04864198,-0.03504106,-0.02086899,-0.0,-0.0,0.0
42.652,-0.0069467598,0.029099787,-0.026977642,-0.0,0.0,0.0
42.694,-0.014888008,0.06452997,-0.0153712025,0.0005888102,0.00013589063,0.00014021834
42.712,0.0022162192,0.024212865,-0.041638408,0.0,-0.0,0.0
42.752,0.0046596797,0.07369295,-0.04224927,0.0,-0.0,0.0
42.795,-0.015498873,0.0938515,-0.023312451,-0.0,0.0,0.0
42.812,0.037035536,0.051090933,-0.044081867,0.0,-0.0,0.0
42.853,0.0694114,0.011384696,-0.044081867,0.0,-0.0,0.0
42.893,0.16043031,-0.03565193,-0.05446658,-0.0,-0.0,0.0
42.915,0.19280618,-0.051534425,-0.039194945,-0.0,-0.0,0.0
42.954,0.44631526,-0.19508776,-0.13326819,-0.0,-0.0,0.0
42.993,0.04558765,0.031543247,-0.23345008,0.0,-0.0,0.0
43.014,-0.0747528,0.18303783,-0.09661628,-0.0,0.0,0.0
43.055,0.029705154,0.123173036,0.15872538,-0.0,-0.0,0.0
43.093,0.1078959,0.04192796,0.119630024,0.0009334848,-0.0024117334,-0.0026715107
43.114,0.06574621,0.072471224,0.04938051,-0.0,-0.0,0.0
43.159,0.04864198,-0.03809539,-0.16686578,-0.0,-0.0,0.0
43.192,-0.0051141637,0.08957545,-0.43014872,-0.0,0.0,0.0
43.232,-0.24151902,0.085299395,-0.71359015,0.0077759875,0.024851907,0.07246879
43.254,-0.39545706,0.36202133,-0.70931417,-0.0,0.0,0.0
43.293,-0.45410013,0.38156903,-0.5297197,-0.0,0.0,0.0
43.332,-0.62086636,0.2221332,-0.23406096,-0.0,0.0,0.0
43.352,-0.43271986,0.07919074,-0.09844887,-0.0,0.0,0.0
43.393,0.14454782,-0.0344302,-0.15648107,-0.0,-0.0,0.0
43.433,0.15615426,-0.022212893,-0.30369958,-0.0,-0.0,0.0
43.453,0.058415823,-0.0112173185,-0.33790806,-0.0,-0.0,0.0
43.493,0.044976786,0.008941235,-0.32263643,0.00040483268,-0.001963843,0.014108091
43.534,0.038257267,0.0058869086,0.021280712,-0.0,-0.0,0.0
43.553,-0.024050986,0.010162964,0.0041764854,0.0,-0.0,-0.0
43.593,-0.007557625,0.0095521,0.0017330247,0.0,-0.0,-0.0
43.633,-0.009390221,0.0058869086,0.0011221595,8.80173e-06,1.4039632e-05,-1.6778407e-06
43.652,-0.008168491,0.0034434474,-0.00071043626,-0.0,0.0,0.0
43.697,0.0016053538,0.0058869086,0.0005112942,-0.0,-0.0,0.0
43.734,0.0052705454,0.006497774,-9.9571036e-05,0.0,-0.0,0.0
43.752,-0.0020598376,0.0009999864,-9.9571036e-05,-0.0,0.0,0.0
43.794,-0.003281568,0.0028325822,-9.9571036e-05,-0.0,0.0,0.0
43.834,-0.008779355,0.0016108516,-9.9571036e-05,-0.0,0.0,0.0
43.856,-0.0051141637,0.0009999864,0.0011221595,0.0,-0.0,-0.0
43.895,0.00038362335,0.0028325822,0.0011221595,-0.0,-0.0,0.0
43.933,-0.009390221,0.0022217168,0.0011221595,0.0,-0.0,-0.0
43.954,0.0016053538,0.0022217168,0.0005112942,-0.0,-0.0,0.0
43.994,-0.0051141637,0.00038912118,0.0011221595,0.0,-0.0,-0.0
44.033,0.0028270844,0.0034434474,-9.9571036e-05,2.0596294e-06,-1.690964e-06,5.955817e-08
44.056,-0.0020598376,0.0016108516,0.0011221595,0.0,-0.0,-0.0
44.095,-0.0038924334,0.0016108516,-9.9571036e-05,-0.0,0.0,0.0
44.133,-0.002670703,0.0022217168,0.0029547552,0.0,-0.0,-0.0
44.172,-0.0014489724,0.0009999864,-9.9571036e-05,2.3666979e-07,3.4293265e-07,2.3565736e-08
44.193,-0.00022724188,0.0028325822,-9.9571036e-05,-0.0,0.0,0.0
44.233,-0.0020598376,0.0016108516,0.0011221595,0.0,-0.0,-0.0
44.274,-0.0014489724,0.0022217168,-9.9571036e-05,-0.0,0.0,0.0
44.294,-0.002670703,0.0016108516,0.0011221595,0.0,-0.0,-0.0
44.334,0.0034379496,-0.00022174409,-9.9571036e-05,-0.0,-0.0,0.0
44.375,-0.0008381071,0.0016108516,-0.00071043626,-0.0,0.0,0.0
44.394,-0.003281568,0.0009999864,0.0005112942,0.0,-0.0,-0.0
44.433,0.0016053538,0.0022217168,-9.9571036e-05,8.17894e-07,-5.909885e-07,3.6655926e-08
44.474,0.0009944886,-0.00022174409,0.0005112942,-0.0,-0.0,-0.0
44.493,0.0034379496,0.00038912118,0.0011221595,-0.0,-0.0,0.0
44.534,0.0046596797,0.0022217168,-9.9571036e-05,0.0,-0.0,0.0
44.574,0.0046596797,0.0028325822,0.0005112942,2.082261e-06,-3.4253812e-06,-3.758543e-07
44.593,-0.0051141637,0.00038912118,-9.9571036e-05,-0.0,0.0,0.0
44.633,-0.0014489724,-0.0014434746,0.0011221595,-0.0,0.0,0.0
44.671,-0.003281568,0.00038912118,-9.9571036e-05,-0.0,0.0,0.0
44.693,-0.0014489724,-0.00022174409,-9.9571036e-05,-0.0,-0.0,0.0
44.732,-0.002670703,-0.0014434746,-9.9571036e-05,-0.0,-0.0,0.0
44.772,0.0022162192,0.00038912118,-0.0013213016,0.0,-0.0,0.0
44.812,0.0009944886,-0.0014434746,-9.9571036e-05,-0.0,-0.0,0.0
44.832,-0.0014489724,-0.00205434,0.0011221595,-0.0,0.0,0.0
44.873,0.0009944886,-0.00083260937,-0.00071043626,-0.0,-0.0,0.0
44.913,0.004048815,0.0016108516,0.0005112942,-0.0,-0.0,0.0
44.934,-0.0008381071,0.00038912118,0.0005112942,0.0,-0.0,-0.0
44.973,0.0052705454,-0.00022174409,-9.9571036e-05,-1.570285e-07,-3.7323498e-06,7.0511184e-08
45.013,0.0058814106,0.0022217168,-0.00071043626,0.0,-0.0,0.0
45.033,-0.003281568,-0.00205434,-9.9571036e-05,-0.0,-0.0,0.0
45.073,0.0028270844,-0.00083260937,-9.9571036e-05,-0.0,-0.0,0.0
45.113,-0.00022724188,-0.00022174409,-0.00071043626,-2.3159512e-08,2.3733714e-08,7.419975e-08
45.132,0.0028270844,0.0022217168,-9.9571036e-05,0.0,-0.0,0.0
45.174,-0.002670703,-0.00083260937,-0.00071043626,-0.0,-0.0,0.0
45.215,0.0034379496,-0.002665205,-9.9571036e-05,-0.0,-0.0,0.0
45.233,-0.0020598376,0.0022217168,-0.00071043626,-0.0,0.0,0.0
45.273,-0.009390221,0.004665178,0.0011221595,0.0,-0.0,-0.0
45.314,-0.0038924334,0.00038912118,-0.0013213016,-0.0,0.0,0.0
45.334,-0.0038924334,-0.00022174409,0.0005112942,-0.0,0.0,0.0
45.372,-0.0051141637,-0.002665205,-9.9571036e-05,-2.0632563e-06,3.9591064e-06,7.708655e-08
45.413,0.009546602,-0.0014434746,0.0011221595,-0.0,-0.0,-0.0
45.432,-0.002670703,-0.00022174409,0.0011221595,-0.0,0.0,0.0
45.473,0.05108544,-0.031986736,0.0066199466,-0.0,-0.0,-0.0
45.513,0.08407216,-0.033819333,-0.0043756277,-0.00041177738,-0.0010237241,5.30695e-05
45.533,0.010157467,0.013217291,-0.0031538974,0.0,-0.0,0.0
45.572,0.03275948,0.016271617,-0.004986493,0.0,-0.0,0.0
45.612,-0.09674395,0.027878057,0.0041764854,0.0,-0.0,-0.0
45.652,0.24595144,-0.040538847,-0.05080139,-0.0013766631,-0.008397478,0.0017284851
45.673,0.0816287,-0.022212893,-0.21206981,-0.0,-0.0,0.0
45.713,0.65156597,-0.13949902,-1.1595218,-0.0,-0.0,0.0
45.752,0.24717319,-0.04786923,-1.53948,-0.0,-0.0,0.0
45.773,0.31803355,-0.19630949,-1.4649545,-0.0,-0.0,0.0
45.812,-0.0888027,-0.116897,-0.8308763,-0.0,-0.0,0.0
45.852,0.06635707,-0.015493375,-0.23222837,-0.0,-0.0,0.0
45.872,0.16104119,-0.040538847,-0.1595354,-0.0,-0.0,0.0
45.913,0.11095023,-0.08940807,-0.23283923,-0.0032577578,-0.004078145,0.008522535
45.953,0.13843916,-0.00022174409,-0.13082474,-0.0,-0.0,0.0
45.973,0.13049792,-0.00083260937,-0.07523599,-0.0,-0.0,0.0
46.013,0.09628946,0.005276043,-0.034308024,0.0,-0.0,0.0
46.052,0.082850434,0.0058869086,-0.0013213016,6.564122e-05,-0.00092371664,1.4761791e-05
46.073,0.07613091,0.006497774,-0.0019321669,0.0,-0.0,0.0
46.113,0.068189666,0.0022217168,-0.033086296,0.0,-0.0,0.0
46.170,0.047420245,-0.00022174409,-0.029421102,-0.0,-0.0,0.0
46.176,0.03642467,0.0016108516,-0.027588507,0.0,-0.0,0.0
46.212,-0.006335894,0.0022217168,0.0005112942,0.0,-0.0,-0.0
46.253,0.0064922757,0.0028325822,0.0005112942,-0.0,-0.0,0.0
46.273,-0.0020598376,-0.00083260937,-9.9571036e-05,-0.0,-0.0,0.0
46.313,0.00038362335,0.0016108516,0.0005112942,3.746919e-07,-8.923267e-08,-1.18929485e-07
46.352,0.0089357365,-0.00083260937,-9.9571036e-05,-0.0,-0.0,0.0
46.373,0.011379198,-0.00022174409,-0.00071043626,-0.0,-0.0,0.0
46.413,0.016266119,-0.00022174409,-0.0019321669,-0.0,-0.0,0.0
46.453,0.02909429,0.004665178,-0.0043756277,1.8653369e-05,-0.00011632487,1.7495755e-05
46.493,0.041922458,0.015660752,-0.006819089,0.0,-0.0,0.0
46.513,0.030926885,0.01077383,-0.006819089,0.0,-0.0,0.0
46.554,0.035202943,0.020547675,-0.008651685,0.0,-0.0,0.0
46.591,0.02909429,0.015660752,-0.005597358,7.044238e-05,-0.00013086275,2.5181052e-05
46.612,0.015044389,0.0058869086,-0.005597358,0.0,-0.0,0.0
46.652,0.004048815,0.004665178,-0.004986493,0.0,-0.0,0.0
46.692,0.0009944886,0.007108639,-0.002543032,0.0,-0.0,0.0
46.712,-0.0045032986,0.016271617,-0.0019321669,-0.0,0.0,0.0
46.751,0.011379198,0.016271617,-0.0043756277,0.0,-0.0,0.0
46.792,0.0052705454,0.016271617,-0.006819089,0.0,-0.0,0.0
46.813,0.021763906,0.015660752,-0.008651685,0.0,-0.0,0.0
46.853,0.02909429,0.018104214,-0.013538606,8.95337e-05,-0.00014387396,6.6957495e-05
46.894,0.033370346,0.0058869086,-0.008040819,0.0,-0.0,0.0
46.912,0.061470147,-0.00022174409,-0.012316876,-0.0,-0.0,0.0
46.953,0.06880053,-0.008162992,-0.010484281,-0.0,-0.0,0.0
46.992,0.0535289,0.0028325822,-0.010484281,2.0780277e-05,-0.00039241082,7.686263e-05
47.013,0.046809383,0.034597576,-0.017814662,0.0,-0.0,0.0
47.053,0.14271523,-0.030765006,-0.028199373,-0.0,-0.0,0.0
47.093,0.021153042,0.019325944,-0.38189036,0.0,-0.0,0.0
47.114,-0.08941357,-0.07047124,-0.7496312,-0.0,-0.0,0.0
47.154,-0.066811554,0.121951304,-1.371492,-0.0,0.0,0.0
47.193,0.2819925,-0.14988373,-1.7502285,-0.0,-0.0,0.0
47.214,0.21418646,-0.08635374,-1.5437561,-0.0,-0.0,0.0
47.253,0.08956995,-0.01366078,-0.8064417,-0.0010569951,-0.009802102,0.08777386
47.293,-0.019164065,0.1818161,-0.99825335,-0.0,0.0,0.0
47.334,-0.14439143,0.08957545,-1.2535951,-0.0,0.0,0.0
47.353,0.0993438,0.2538982,-1.2823057,0.0,-0.0,0.0
47.393,0.99303967,-0.078412496,-0.35440144,-0.007628325,-0.14119577,0.04985732
47.433,1.6332264,-0.022823758,-0.13876598,-0.0,-0.0,0.0
47.455,1.267929,-0.07535817,0.49347955,-0.0,-0.0,-0.0
47.493,-0.016720604,-2.6861963,-0.17114185,-0.0,-0.0,0.0
47.533,1.3259612,-0.47303143,-1.8223106,-0.032424886,-0.46024755,0.6045524
47.553,0.92279017,-1.2555498,-2.1094172,-0.0,-0.0,0.0
47.593,0.0052705454,-2.6257205,-2.2120428,-0.0,-0.0,0.0
47.633,-0.033213966,-0.6740061,-1.8888949,-0.0,-0.0,0.0
47.652,0.38339612,0.053534396,-2.1546214,0.0,-0.0,0.0
47.695,0.84765375,-1.8358718,-2.8577273,-0.0,-0.0,0.0
47.732,1.4053737,-3.45833,-3.760586,-0.0,-0.0,0.0
47.752,1.4499668,-3.0288916,-3.936515,-0.0,-0.0,0.0
47.812,0.6760006,-3.254301,-3.3537498,-0.0,-0.0,0.0
47.831,0.5385559,-2.9708593,-3.8412201,-0.0,-0.0,0.0
47.852,0.8623145,-3.784532,-4.489959,-0.0,-0.0,0.0
47.891,0.6698919,-1.1651417,-5.679925,-0.0,-0.0,0.0
47.952,0.8171105,-3.3740306,-5.0507336,-0.0,-0.0,0.0
47.993,0.3210879,-2.7680523,-3.9493432,-0.0,-0.0,0.0
48.034,0.68638533,-2.8444104,-2.7581563,-0.0,-0.0,0.0
48.073,1.0015917,-1.0594621,-1.2896361,-0.2427979,-0.3100071,0.3157215
48.092,0.9967048,-1.8951257,-1.0489552,-0.0,-0.0,0.0
48.133,1.2300555,-1.8053285,-0.34951448,-0.0,-0.0,0.0
48.173,0.728535,-0.9018588,0.19293386,-0.0,-0.0,-0.0
48.194,0.39561343,-1.0032624,0.3676413,-0.15538849,-0.0559888,-0.060767297
48.235,-0.28672305,0.70593846,0.6284808,0.0,-0.0,-0.0
48.274,-0.69111586,-0.036873657,0.68956727,-0.0,0.0,0.0
48.297,-0.8914796,0.17876178,0.60221356,0.0,-0.0,-0.0
48.335,-1.3917783,0.3491932,0.5484574,0.09139639,0.28470218,-0.12797047
48.374,-1.7314193,0.3840125,0.79402524,0.0,-0.0,-0.0
48.392,-1.6232961,0.4701445,1.0756341,0.0,-0.0,-0.0
48.432,-1.2983159,-0.101625375,0.87588114,-0.0,0.0,0.0
48.474,-0.93424016,0.0376519,0.14711896,0.0059195585,0.11859762,-0.019057909
48.492,-0.81451064,0.16104668,-0.21084808,-0.0,0.0,0.0
48.532,-0.40462002,0.09751669,-0.4344248,-0.0,0.0,0.0
48.572,-0.1364502,0.07857987,-0.3525688,-0.0,0.0,0.0
48.592,-0.024661852,0.18609217,-0.22001106,0.0072177663,0.0009879087,0.008534748
48.631,0.21785165,-0.05825394,-0.12532695,-0.0,-0.0,0.0
48.671,0.46036515,0.20136379,-0.2578847,0.0,-0.0,0.0
48.692,0.515343,0.0938515,-0.24200222,0.0,-0.0,0.0
48.731,0.49151927,0.11523179,-0.16625491,0.008426666,-0.034993168,0.012002108
48.771,0.33941385,0.42127526,-0.08989676,0.0,-0.0,0.0
48.811,0.109117635,0.14088812,-0.07523599,0.0,-0.0,0.0
48.833,0.07613091,0.12867083,-0.06362955,0.0,-0.0,0.0
48.872,0.0089357365,0.20563985,-0.05019052,0.005847004,-0.00024988982,0.0014277692
48.893,-0.0051141637,0.26367202,-0.0153712025,-0.0,0.0,0.0
48.932,0.07185486,0.14760765,-0.020258123,0.0,-0.0,0.0
48.972,0.07368746,-0.028932411,-0.009873415,-0.0,-0.0,0.0
49.012,0.038257267,0.11889698,-0.07401427,0.0023172423,-0.00074377033,0.0014430289
49.032,0.05719409,0.008941235,-0.061186098,0.0,-0.0,0.0
49.072,-0.025272716,0.04437142,-0.029421102,-0.0,0.0,0.0
49.112,-0.056426845,0.227631,-0.08439897,-0.0,0.0,0.0
49.133,-0.04726387,-0.019158568,-0.041638408,-0.0001693725,0.00041761843,0.0003679753
49.172,-0.05153992,-0.00083260937,0.099471465,-0.0,0.0,0.0
49.212,-0.06497896,-0.060697403,0.080534644,-0.0,0.0,0.0
49.231,-0.09185702,-0.07596903,0.048158783,-0.0,0.0,0.0
49.272,-0.23174517,0.09690583,-0.05813177,0.0033448283,0.008021454,0.0019978827
49.312,-0.14439143,0.12867083,-0.10272493,-0.0,0.0,0.0
49.331,-0.11201558,0.05048007,-0.07401427,-0.0,0.0,0.0
49.371,0.026039964,0.007108639,0.027389364,-0.0,-0.0,0.0
49.411,0.1378283,-0.123616524,0.07503686,-0.0033178453,-0.0036917843,-0.0020178412
49.436,0.15493253,-0.1523272,0.09336281,-0.0,-0.0,-0.0
49.471,0.07918524,-0.08391029,0.123906076,-0.0,-0.0,-0.0
49.510,0.018098716,-0.0906298,0.04999138,-0.0,-0.0,-0.0
49.551,-0.024661852,0.012606426,0.077480316,0.0,-0.0,-0.0
49.573,0.00038362335,0.18609217,0.12634954,-0.0,-0.0,0.0
49.611,0.19708224,0.32353684,0.29128313,-0.0,-0.0,0.0
49.651,0.2746621,0.011384696,0.582055,-0.0,-0.0,0.0
49.671,-0.01061195,0.19097908,0.735993,0.019500291,0.000349744,-0.07506987
49.711,-0.59337735,0.32048252,1.1660422,0.0,-0.0,-0.0
49.751,-0.75770015,0.2257984,1.4696422,0.0,-0.0,-0.0
49.771,-0.2470168,0.6595127,0.8899311,0.0,-0.0,-0.0
49.812,0.17692368,-0.32092598,0.6370329,-0.03216233,-0.016430298,-0.063061014
49.852,0.1640955,0.19464427,0.6162635,-0.0,-0.0,0.0
49.871,0.07307658,0.30582175,0.58083326,-0.0,-0.0,0.0
49.911,-0.046042137,0.26916984,0.323659,0.0,-0.0,-0.0
49.951,-0.19448239,0.2398483,0.31144172,0.014216651,0.011312325,-0.018405229
49.972,-0.24884939,0.21480283,0.21614672,0.0,-0.0,-0.0
50.012,-0.11140472,0.09079718,0.0689282,0.0,-0.0,-0.0
50.051,0.07246572,0.08468852,0.18987952,-0.0,-0.0,0.0
50.072,0.1677607,0.060253914,0.08297811,0.0015850812,-0.004428435,-0.0021860357
50.112,0.0816287,0.422497,-0.09234022,0.0,-0.0,0.0
50.152,0.055972364,0.18120523,0.01395033,-0.0,-0.0,0.0
50.172,-0.08635924,-0.14133161,0.04938051,-0.0,0.0,0.0
50.212,-0.0643681,0.45365113,0.117186554,0.02879665,0.003976115,-0.007492638
50.251,-0.10651779,-0.8267224,-0.09967061,-0.0,-0.0,0.0
50.272,-0.5585581,-0.96477795,0.028611096,-0.0,0.0,0.0
50.311,-0.048485596,-0.6898886,0.18010569,-0.0,0.0,0.0
50.351,0.5177865,-1.1651417,0.301057,-0.20845185,-0.085271254,-0.062230572
50.393,0.62713134,-1.0802314,0.33587632,-0.0,-0.0,-0.0
50.412,0.5281712,-0.8487136,0.31266344,-0.0,-0.0,-0.0
50.452,-0.0038924334,-0.23784833,0.22958575,-0.0,0.0,0.0
50.472,0.028483424,-0.04725837,0.21859019,-0.0014326228,-0.0008570191,-0.006613973
50.512,0.54466456,0.04253882,0.07259339,-0.0,-0.0,0.0
50.552,0.48968667,0.61919564,-0.075846866,0.0,-0.0,0.0
50.591,0.8672014,0.91485435,0.20515116,-0.0,-0.0,0.0
50.610,0.7297567,-0.08329941,0.378026,-0.010946413,-0.08063858,-0.042350672
50.650,0.042533327,-0.054588754,0.8202925,-0.0,-0.0,-0.0
50.691,-0.30993593,0.46098152,0.27417892,0.0,-0.0,-0.0
50.710,-0.46143052,0.30948693,0.04999138,0.0,-0.0,-0.0
50.752,-0.36124858,0.38645595,-0.1491507,0.028350553,0.026785214,0.010617223
50.792,-0.013666277,0.2257984,-0.43259215,-0.0,0.0,0.0
50.811,0.16898243,-0.033819333,-0.48390484,-0.0,-0.0,0.0
50.852,0.2239603,-0.43760127,-0.35684487,-0.0,-0.0,0.0
50.891,-0.093078755,-0.116897,-0.28659537,-0.00509464,0.0040050447,0.012439458
50.911,-0.24640593,-0.04725837,-0.32996678,-0.0,-0.0,0.0
50.951,-0.2763383,-0.08696461,-0.3831121,-0.0,-0.0,0.0
50.992,-0.28672305,-0.15904671,-0.26216078,-0.0,-0.0,0.0
51.011,-0.26289928,-0.10223623,-0.18885693,-0.004708352,0.011954312,0.0086303335
51.051,-0.13889365,-0.022212893,-0.028810238,-0.0,-0.0,0.0
51.091,-0.009390221,-0.03931712,0.060986955,-0.0,0.0,0.0
51.112,0.030926885,-0.23662658,-0.008651685,-0.0,-0.0,0.0
51.152,0.022374773,-0.3685735,-0.04652533,-0.018403087,-0.00113859,0.0023127848
51.190,-0.019774929,-0.21280286,0.05793263,-0.0,0.0,0.0
51.232,0.046809383,-0.16576622,0.089697614,-0.0,-0.0,-0.0
51.250,0.05902669,-0.10956662,0.020058982,-0.0,-0.0,-0.0
51.292,0.03153775,0.07063863,-0.11188791,0.0012901833,-0.0005744431,0.002043024
51.331,0.15432167,0.33514327,-0.13998772,0.0,-0.0,0.0
51.353,0.2819925,0.11217746,-0.32019296,0.0,-0.0,0.0
51.393,0.19891483,-0.04298231,-0.08134465,-0.0,-0.0,0.0
51.431,-0.13400672,0.40111673,0.09824973,0.0,-0.0,-0.0
51.451,-0.17432384,0.5263441,0.04999138,0.0,-0.0,-0.0
51.491,-0.25862324,0.422497,-0.10577926,-0.0,0.0,0.0
51.532,-0.20608884,0.5019095,-0.033086296,-0.0,0.0,0.0
51.551,-0.12362202,0.57887846,0.023724172,0.046006728,0.009775778,-0.0021105502
51.592,0.07674178,0.14638591,0.048158783,-0.0,-0.0,0.0
51.631,-0.24151902,0.37973645,0.2961701,0.0,-0.0,-0.0
51.651,-0.41683733,0.65829104,0.4580494,0.0,-0.0,-0.0
51.690,-0.10651779,-0.33253244,0.0408284,-0.01568069,0.005039299,-0.0018863707
51.730,0.42310238,-0.57687855,0.18743606,-0.0,-0.0,-0.0
51.751,0.5489406,0.013217291,0.72927356,-0.0,-0.0,0.0
51.791,-0.2592341,0.6595127,1.1978071,0.0,-0.0,-0.0
51.831,-0.4754804,0.3491932,-0.17114185,0.028505752,0.03936911,0.013540556
51.851,-0.44188282,0.55872,-0.05141225,-0.0,0.0,0.0
51.891,-0.4473806,0.061475646,0.11901915,0.0,-0.0,-0.0
51.932,-0.36369208,0.6546258,0.27784413,0.0,-0.0,-0.0
51.954,-0.38079628,0.6472954,0.4238409,0.07597265,0.042152666,-0.050662618
51.991,-0.42294598,0.027267193,0.40062803,0.0,-0.0,-0.0
52.032,-0.17126952,-0.19203342,0.089697614,-0.0,0.0,0.0
52.074,0.05230717,-0.44309905,-0.13632253,-0.0,-0.0,0.0
52.091,0.17509107,-0.53778315,-0.19924164,-0.043140113,-0.014423794,0.015715543
52.131,0.24717319,-0.027099816,-0.053244848,-0.0,-0.0,0.0
52.171,0.22762549,-0.0014434746,-0.08134465,-0.0,-0.0,0.0
52.194,0.23617761,-0.09124067,-0.105168395,-0.0,-0.0,0.0
52.231,0.19280618,-0.3172608,-0.29453662,-0.020054048,-0.012444581,0.018600393
52.271,0.049863707,0.029099787,-0.18213741,0.0,-0.0,0.0
52.291,-0.029548774,0.18487042,-0.08012292,-0.0,0.0,0.0
52.331,-0.15294355,0.38217992,0.12818213,0.0,-0.0,-0.0
52.372,-0.2519037,0.35285836,0.15017328,0.0,-0.0,-0.0
52.391,-0.19875845,0.26489377,0.11901915,0.0,-0.0,-0.0
52.433,-0.08147232,0.12561649,0.22408797,0.0,-0.0,-0.0
52.473,-0.15416528,0.2606177,0.5771681,0.0,-0.0,-0.0
52.492,-0.046042137,0.088353716,0.47881877,0.005843127,0.0029290393,-0.031422347
52.531,0.16470638,-0.89452845,0.04449359,-0.0,-0.0,-0.0
52.575,0.18914099,-0.36735174,0.032887153,-0.0,-0.0,-0.0
52.592,0.21052127,-0.26106122,0.0408284,-0.0,-0.0,-0.0
52.631,0.07063313,-0.6886669,-0.12654868,-0.064959556,-0.007050339,0.011719229
52.671,-0.15538701,-0.2066942,0.062208682,-0.0,0.0,0.0
52.690,-0.29038826,-0.1523272,0.14834069,-0.0,0.0,0.0
52.731,-0.81573236,-0.4351578,0.4183431,-0.0,0.0,0.0
52.769,-0.8462756,0.42921653,1.0365387,0.09728447,0.15136169,-0.20447767
52.815,0.026039964,0.08896458,1.5185115,-0.0,-0.0,0.0
52.828,0.5483298,0.17631832,1.9332889,-0.0,-0.0,0.0
52.869,0.4811346,0.30337828,2.3975465,-0.0,-0.0,0.0
52.910,-0.16027394,0.97166485,2.7555134,0.0,-0.0,-0.0
52.929,-0.33620313,1.4493614,2.9613752,0.0,-0.0,-0.0
52.969,-0.69050497,1.8641391,3.5539143,0.0,-0.0,-0.0
53.009,-0.69111586,1.3161929,4.1653905,0.0,-0.0,-0.0
53.029,-0.48891944,1.4194291,4.4873166,1.1550957,-1.2592821,-2.3865738
53.069,0.066967934,1.5269414,5.3217583,-0.0,-0.0,0.0
53.109,0.29359895,1.9014018,5.655902,-0.0,-0.0,0.0
53.129,0.352242,2.118259,5.839161,-0.0,-0.0,0.0
53.189,-1.3288591,3.007068,5.384678,0.0,-0.0,-0.0
53.210,-1.7430258,1.5953583,4.2191463,0.0,-0.0,-0.0
53.229,-1.7265325,-0.66728663,3.8355231,-0.0,0.0,0.0
53.269,3.8732693,8.090077,2.5398781,-0.0,-0.0,0.0
53.309,-0.90247524,-3.0496612,1.6999383,-0.0,0.0,0.0
53.330,-0.053983383,-1.0386926,1.6113629,-0.0,0.0,0.0
53.369,-0.91835773,2.8494647,2.2607126,0.0,-0.0,-0.0
53.409,-0.9330185,-1.4589679,1.8208897,-0.0,0.0,0.0
53.430,0.01993131,0.8262789,1.3089846,0.17074563,-0.027378734,-0.2730052
53.469,0.17692368,-0.13583383,0.69445425,-0.0,-0.0,-0.0
53.509,-0.13400672,-0.007552127,-0.09295109,-0.0,-0.0,0.0
53.549,0.035202943,-0.046036635,-0.36112094,-0.0,-0.0,0.0
53.569,0.022985637,-0.056421343,-0.25727382,-0.001998009,-0.00082462846,0.009126936
53.609,-0.012444546,0.0022217168,0.0066199466,0.0,-0.0,-0.0
53.649,0.018709581,0.0138281565,-9.9571036e-05,0.0,-0.0,0.0
53.669,-0.0020598376,-0.038706254,-0.0013213016,-0.0,-0.0,0.0
53.709,0.0064922757,-0.012439049,-0.0031538974,-2.4010396e-05,-1.2531767e-05,6.08765e-06
53.750,0.00038362335,-0.004497801,-0.0062082233,-0.0,-0.0,0.0
53.769,0.0077140066,-0.0038869355,-0.007429954,-0.0,-0.0,0.0
53.812,0.012600929,-0.015493375,-0.0037647623,-0.0,-0.0,0.0
53.849,-0.003281568,-0.0130499145,-0.0043756277,-0.0,-0.0,0.0
53.871,0.008324872,-0.007552127,-0.007429954,-0.0,-0.0,0.0
53.910,0.012600929,-0.0185477,-0.0037647623,-0.0,-0.0,0.0
53.960,0.0046596797,-0.017325971,-0.005597358,-0.0,-0.0,0.0
53.973,0.008324872,-0.011828184,-0.005597358,-2.4621773e-05,-1.7329427e-05,1.1651401e-05
54.012,-0.0014489724,-0.015493375,-0.0019321669,-0.0,-0.0,0.0
54.050,0.011990063,-0.022823758,-0.0019321669,-0.0,-0.0,0.0
54.073,0.0107683325,-0.014271645,-0.0037647623,-0.0,-0.0,0.0
54.110,0.0077140066,-0.026488949,-0.0062082233,-0.000100540026,-2.928015e-05,2.3562206e-05
54.152,0.0107683325,-0.0344302,-0.01170601,-0.0,-0.0,0.0
54.171,0.009546602,-0.03504106,-0.008651685,-0.0,-0.0,0.0
54.206,0.0107683325,-0.036873657,-0.009873415,-0.0,-0.0,0.0
54.250,0.012600929,-0.033208467,-0.011095145,-0.0,-0.0,0.0
54.270,-0.0020598376,-0.028321546,-0.013538606,-0.0,-0.0,0.0
54.311,0.0089357365,-0.02526722,-0.014760337,-0.0,-0.0,0.0
54.353,-0.0038924334,-0.028321546,-0.010484281,-0.0,-0.0,0.0
54.390,-0.013055412,-0.011828184,-0.01170601,-0.0,-0.0,0.0
54.410,0.009546602,-0.011828184,-0.012316876,-0.0,-0.0,0.0
54.450,-0.03138137,-0.012439049,-0.020258123,-0.0,-0.0,0.0
54.471,-0.005725029,-0.019158568,-0.02086899,-0.0,-0.0,0.0
54.509,-0.016109737,-0.012439049,-0.017814662,-4.5160188e-05,5.848278e-05,6.4675056e-05
54.551,-0.0051141637,-0.022823758,-0.016592931,-0.0,-0.0,0.0
54.591,0.0034379496,-0.029543275,-0.019036394,-0.0,-0.0,0.0
54.611,0.0064922757,-0.03809539,-0.017203799,-0.0,-0.0,0.0
54.650,0.012600929,-0.044814907,-0.017203799,-0.0002985148,-8.3954e-05,0.00011458485
54.690,0.028483424,-0.059475675,-0.009873415,-0.0,-0.0,0.0
54.710,0.013822659,-0.07047124,-0.012316876,-0.0,-0.0,0.0
54.750,0.047420245,-0.1065123,-0.009873415,-0.0,-0.0,0.0
54.796,0.061470147,-0.11567528,-0.012927741,-0.0,-0.0,0.0
54.810,0.08223956,-0.11934047,-0.012927741,-0.0,-0.0,0.0
54.851,0.09384601,-0.12728171,-0.016592931,-0.0,-0.0,0.0
54.892,0.07185486,-0.11567528,-0.017203799,-0.0,-0.0,0.0
54.911,0.056583226,-0.124838255,-0.016592931,-0.0023130367,-0.0010488166,0.0003062467
54.952,0.03581381,-0.08452115,-0.009873415,-0.0,-0.0,0.0
54.990,0.0046596797,-0.041760582,-9.9571036e-05,-0.0,-0.0,0.0
55.010,-0.0014489724,-0.011828184,0.0029547552,-0.0,0.0,0.0
55.053,0.0028270844,0.021158539,0.005398216,6.252927e-05,-8.355314e-06,-1.5952959e-05
55.092,0.03581381,-0.011828184,0.0035656204,-0.0,-0.0,-0.0
55.110,0.03642467,-0.023434624,0.004787351,-0.0,-0.0,-0.0
55.150,0.02665083,-0.010606453,0.0017330247,-0.0,-0.0,-0.0
55.191,0.023596503,-0.017936837,0.0011221595,-0.0,-0.0,-0.0
55.210,0.015655255,-0.0185477,0.0029547552,-0.0,-0.0,-0.0
55.252,-0.007557625,-0.005108666,-0.00071043626,-0.0,-0.0,0.0
55.289,-0.007557625,-0.0014434746,-9.9571036e-05,-0.0,-0.0,0.0
55.312,-0.010001087,-0.0038869355,-0.0013213016,-5.640018e-06,1.4511727e-05,1.91727e-06
55.350,-0.003281568,0.0016108516,-0.0031538974,-0.0,0.0,0.0
55.381,0.0016053538,-0.00205434,-0.002543032,-0.0,-0.0,0.0
55.432,0.008324872,-0.00205434,-0.0019321669,-0.0,-0.0,0.0
55.450,0.0052705454,0.0040543126,-0.0019321669,3.7680702e-06,-4.8984257e-06,1.7957592e-06
55.491,0.013822659,-0.0032760703,0.0005112942,-0.0,-0.0,-0.0
55.530,0.01748785,-0.005108666,0.0017330247,-0.0,-0.0,-0.0
55.551,0.01748785,-0.005719531,0.0029547552,-0.0,-0.0,-0.0
55.592,0.023596503,-0.0063303965,0.00234389,-2.0853324e-05,-7.77294e-05,-7.721842e-06
55.630,0.027872559,-0.0112173185,0.00234389,-0.0,-0.0,-0.0
55.653,0.030316021,-0.0185477,0.0029547552,-0.0,-0.0,-0.0
55.689,0.023596503,-0.024656354,0.00234389,-0.0,-0.0,-0.0
55.730,0.021763906,-0.019158568,0.0017330247,-0.0,-0.0,-0.0
55.750,0.022374773,-0.0130499145,0.0011221595,-0.0,-0.0,-0.0
55.790,0.015044389,-0.016715106,-0.0019321669,-0.0,-0.0,0.0
55.829,0.0052705454,-0.01366078,0.0005112942,-0.0,-0.0,-0.0
55.851,-0.0014489724,-0.011828184,0.0017330247,-1.9117226e-05,2.3419195e-06,-2.800968e-06
55.890,0.0022162192,0.0009999864,0.00234389,-0.0,-0.0,0.0
55.930,-0.007557625,0.0016108516,0.0005112942,0.0,-0.0,-0.0
55.950,-0.009390221,-0.004497801,-9.9571036e-05,-0.0,-0.0,0.0
55.990,-0.01061195,-0.004497801,-0.00071043626,-6.9711505e-06,1.6447457e-05,1.1011624e-06
56.031,-0.011222816,-0.00022174409,-0.00071043626,-0.0,-0.0,0.0
56.050,-0.019774929,0.0016108516,0.0005112942,0.0,-0.0,-0.0
56.091,-0.027716177,-0.00022174409,-0.0013213016,-0.0,-0.0,0.0
56.130,-0.027105313,-0.011828184,-0.0019321669,-0.0,-0.0,0.0
56.151,-0.02344012,-0.030765006,-0.0013213016,-0.0,-0.0,0.0
56.190,-0.03015964,-0.039927986,-0.0037647623,-0.0,-0.0,0.0
56.230,-0.038100887,-0.052756157,-0.0031538974,-0.0,-0.0,0.0
56.270,-0.041766077,-0.046036635,-0.004986493,-0.0,-0.0,0.0
56.290,-0.043598674,-0.023434624,-0.008040819,-0.0,-0.0,0.0
56.332,-0.04543127,-0.046036635,-0.005597358,-0.0,-0.0,0.0
56.370,-0.057037707,-0.025878085,-0.0013213016,-0.0,-0.0,0.0
56.391,-0.050318193,-0.04420404,-0.0062082233,-0.00039908296,0.00045425704,5.6137942e-05
56.430,-0.033213966,-0.049090967,-0.005597358,-0.0,-0.0,0.0
56.470,-0.04298781,-0.09796018,-0.015982067,-0.0,-0.0,0.0
56.491,-0.08269405,-0.2311288,-0.012316876,-0.0,-0.0,0.0
56.530,-0.2152518,-0.5054073,-0.034918893,-0.0,-0.0,0.0
56.570,-0.33742487,-0.7131015,-0.034308024,-0.0,-0.0,0.0
56.590,-0.37896368,-0.78579444,-0.026977642,-0.0,-0.0,0.0
56.632,-0.35452908,-0.7320383,-0.028810238,-0.0,-0.0,0.0
56.669,-0.17982163,-0.43454695,-0.05141225,-0.0,-0.0,0.0
56.694,-0.10040914,-0.23601574,-0.03186456,-0.0,-0.0,0.0
56.730,-0.010001087,-0.041149717,-0.026977642,-0.0,-0.0,0.0
56.769,-0.058259442,-0.076579906,-0.04774706,-0.0,-0.0,0.0
56.789,-0.08330492,-0.04298231,-0.07523599,-0.00069420895,0.0013434584,0.0012141779
56.829,-0.0607029,-0.033208467,-0.108222716,-0.0,-0.0,0.0
56.870,-0.08391578,0.043149687,-0.08256637,-0.0,0.0,0.0
56.890,-0.0924679,0.07735814,-0.089285895,-0.0,0.0,0.0
56.930,-0.0888027,0.12072957,-0.15037242,0.0034343316,0.0025374717,0.0042799707
56.972,-0.107128665,0.17998351,-0.26765853,-0.0,0.0,0.0
56.991,-0.09796568,0.22030061,-0.34340584,-0.0,0.0,0.0
57.030,-0.14378057,0.22030061,-0.5388827,-0.0,0.0,0.0
57.070,-0.048485596,0.22335494,-0.59263885,-0.0,0.0,0.0
57.111,0.016876986,0.20380725,-0.45458332,0.0,-0.0,0.0
57.130,0.04558765,0.1854813,-0.31347346,0.0,-0.0,0.0
57.171,0.014433525,0.10729054,-0.09234022,0.0,-0.0,0.0
57.210,-0.03749002,0.06697343,-0.027588507,-0.0,0.0,0.0
57.230,-0.0142771425,0.12256217,0.023113308,0.0,-0.0,-0.0
57.269,-0.031992234,0.088353716,0.027389364,0.0,-0.0,-0.0
57.308,-0.0038924334,0.14577505,-0.0312537,-0.0,0.0,0.0
57.330,-0.017331468,0.1537163,-0.05141225,0.0033626605,0.00038105372,0.0011241139
57.370,0.025429098,0.13905552,-0.11310964,0.0,-0.0,0.0
57.412,0.044976786,0.17631832,-0.09234022,0.0,-0.0,0.0
57.429,0.030926885,0.17876178,-0.10455753,0.0,-0.0,0.0
57.471,0.050474577,0.13416861,-0.10272493,0.0,-0.0,0.0
57.510,0.041311596,0.14638591,-0.11310964,0.0,-0.0,0.0
57.531,0.0058814106,0.1274491,-0.116774835,0.0,-0.0,0.0
57.569,0.0834613,0.1940334,-0.053855713,0.0,-0.0,0.0
57.608,0.13171965,0.2343505,0.0066199466,-0.0,-0.0,0.0
57.629,0.08468303,0.19953118,-0.04286014,0.0,-0.0,0.0
57.671,0.114615425,0.34797144,-0.03614062,0.0,-0.0,0.0
57.710,0.16898243,0.3980624,0.026167635,-0.0,-0.0,0.0
57.731,0.20502348,0.42127526,0.024945904,0.026506316,-0.01292345,-0.0013987828
57.780,0.19097358,0.4701445,-0.1033358,0.0,-0.0,0.0
57.808,0.23801021,0.45120767,-0.122883484,0.0,-0.0,0.0
57.849,0.25083837,0.3241477,-0.12349436,0.0,-0.0,0.0
57.868,0.24900578,0.27711108,-0.088064164,0.014262559,-0.012756671,0.0046142875
57.911,0.20563434,0.1537163,-0.035529755,0.0,-0.0,0.0
57.932,0.18914099,0.123783894,-0.02453418,0.0,-0.0,0.0
57.969,0.13294138,0.15432717,0.012117734,-0.0,-0.0,0.0
58.013,0.040089864,0.14882937,0.016393792,-0.0,-0.0,0.0
58.052,0.098732926,0.046204016,0.0066199466,-0.0,-0.0,0.0
58.072,0.113393694,0.010162964,0.0066199466,-0.0,-0.0,0.0
58.110,0.1378283,-0.12544912,0.00234389,-0.0,-0.0,-0.0
58.134,0.17692368,-0.18348132,0.0005112942,-0.006275957,-0.006051434,-3.64831e-05
58.172,0.17264763,-0.14927286,-0.012316876,-0.0,-0.0,0.0
58.209,0.14271523,-0.26961333,-0.058742635,-0.0,-0.0,0.0
58.258,0.121945806,-0.24578957,-0.018425528,-0.0,-0.0,0.0
58.269,0.078574374,-0.3783473,-0.24139135,-0.023089316,-0.004972754,0.014697604
58.312,0.15065648,-0.25189823,-0.17969395,-0.0,-0.0,0.0
58.350,0.08529389,-0.25006562,-0.25360864,-0.0,-0.0,0.0
58.370,0.09628946,-0.20363988,-0.095394544,-0.0,-0.0,0.0
58.409,0.11644802,-0.2683916,-0.006819089,-0.0,-0.0,0.0
58.449,0.24900578,-0.49563345,-0.38555554,-0.0,-0.0,0.0
58.488,0.34246817,-0.57321334,-0.7313053,-0.0,-0.0,0.0
58.510,0.44509354,-0.55671996,-1.126535,-0.0,-0.0,0.0
58.550,0.54283196,-0.33314332,-1.1735717,-0.0,-0.0,0.0
58.570,0.5196191,-0.0924624,-1.1552458,-0.0,-0.0,0.0
58.609,0.243508,0.26855895,-0.9921447,0.0,-0.0,0.0
58.652,0.066967934,0.12134044,-0.8027765,0.0,-0.0,0.0
58.689,0.14027175,0.15799235,-0.3000344,0.0,-0.0,0.0
58.709,0.101787254,0.16043583,-0.10883359,0.0,-0.0,0.0
58.749,0.016876986,0.098738424,0.08664329,-0.0,-0.0,0.0
58.791,0.025429098,0.059643053,0.14345376,-0.0,-0.0,0.0
58.809,0.034592077,0.049869206,0.14284289,0.0010376712,-0.00072207587,-0.002974955
58.851,0.029705154,0.048647474,0.10802358,-0.0,-0.0,0.0
58.889,0.039479,0.044982284,0.03960667,-0.0,-0.0,0.0
58.911,0.05230717,0.043149687,0.013339465,-0.0,-0.0,0.0
58.950,0.043755054,0.044982284,-0.012927741,0.0,-0.0,0.0
58.990,0.04925284,0.049869206,-0.0153712025,0.0,-0.0,0.0
59.010,0.05108544,0.057810456,-0.011095145,0.0,-0.0,0.0
59.049,0.0535289,0.051090933,-0.010484281,0.0,-0.0,0.0
59.090,0.054139767,0.057810456,-0.004986493,0.0,-0.0,0.0
59.110,0.03398121,0.06086478,0.010285138,-0.0,-0.0,0.0
59.150,0.0016053538,0.06452997,0.03838494,-0.0,-0.0,0.0
59.190,0.0009944886,0.05597786,0.051213108,-0.0,-0.0,0.0
59.211,0.0009944886,0.072471224,0.05732176,0.0008987978,-1.2653337e-05,-0.00071091
59.251,-0.009390221,0.07613641,0.05243484,0.0,-0.0,-0.0
59.290,-0.019164065,0.06086478,0.033498015,0.0,-0.0,-0.0
59.309,-0.011833681,0.040706225,0.028611096,0.0,-0.0,-0.0
59.350,0.015044389,0.059032183,0.03716321,-0.0,-0.0,0.0
59.391,0.06452447,0.04192796,0.064652145,-0.0,-0.0,0.0
59.410,0.08895908,0.04559315,0.083588965,-0.0,-0.0,0.0
59.451,0.18486492,0.06697343,0.11596483,-0.0,-0.0,0.0
59.490,0.31681183,0.11462092,0.13978857,-0.0,-0.0,0.0
59.511,0.415772,0.1378338,0.14223203,-0.0,-0.0,0.0
59.550,0.6912722,0.1781509,0.13306905,-0.0,-0.0,0.0
59.591,1.0083113,0.24717867,0.11901915,-0.0,-0.0,0.0
59.629,1.4365278,0.32964548,0.09458454,-0.0,-0.0,0.0
59.650,1.653385,0.26000684,0.06953907,-0.0,-0.0,0.0
59.691,1.9777544,0.34736055,0.023113308,-0.0,-0.0,0.0
59.733,2.1335251,0.6546258,0.15872538,-0.0,-0.0,0.0
59.772,4.1170044,0.47625315,0.042660996,-0.0,-0.0,0.0
59.791,5.6582174,0.78596187,-0.28720623,0.0,-0.0,0.0
59.830,7.9013147,1.5825301,-0.37150565,0.0,-0.0,0.0
59.851,8.0149355,1.9698187,-0.2847628,0.0,-0.0,0.0
59.891,7.0173926,3.270351,-0.36234266,0.0,-0.0,0.0
59.932,8.105954,-2.183454,-1.965253,-0.0,-0.0,0.0
59.951,10.017351,1.2557172,-3.0776386,0.0,-0.0,0.0
59.993,5.0827823,19.873669,-1.3739356,0.0,-0.0,0.0
