timestamp,x,y,z
00.005,-0.14126222,-0.15802214,9.7135725
00.016,-0.16759923,-0.15802214,9.711179
00.055,-0.14126222,-0.16041641,9.720756
00.087,-0.1699935,-0.13886794,9.720756
00.135,-0.15323359,-0.18435916,9.711179
00.155,-0.15562786,-0.16281068,9.720756
00.186,-0.15802214,-0.19393626,9.718362
00.216,-0.16520496,-0.19633053,9.718362
00.256,-0.14844504,-0.18914771,9.694419
00.291,-0.16281068,-0.17478207,9.718362
00.327,-0.14365649,-0.18435916,9.696813
00.357,-0.14365649,-0.16759923,9.720756
00.388,-0.16281068,-0.15083931,9.7135725
00.429,-0.15083931,-0.17957062,9.73991
00.456,-0.15802214,-0.18196489,9.711179
00.490,-0.16281068,-0.17478207,9.718362
00.529,-0.15802214,-0.19393626,9.718362
00.557,-0.16759923,-0.17238778,9.7135725
00.589,-0.15562786,-0.19154198,9.7135725
00.628,-0.18196489,-0.19633053,9.72315
00.656,-0.1340794,-0.21548474,9.715967
00.688,-0.16520496,-0.17957062,9.715967
00.727,-0.14605077,-0.18675344,9.7135725
00.756,-0.15083931,-0.18914771,9.711179
00.796,-0.15802214,-0.18914771,9.70639
00.828,-0.19393626,-0.18675344,9.73991
00.856,-0.15562786,-0.16759923,9.703996
00.888,-0.16759923,-0.19393626,9.703996
00.927,-0.15562786,-0.17717634,9.7135725
00.957,-0.1340794,-0.17957062,9.708784
00.996,-0.17717634,-0.16520496,9.725544
01.027,-0.16520496,-0.1699935,9.715967
01.056,-0.17957062,-0.19633053,9.708784
01.095,-0.16281068,-0.16281068,9.718362
01.126,-0.17238778,-0.18914771,9.70639
01.166,-0.16759923,-0.15562786,9.735122
01.196,-0.17717634,-0.17238778,9.711179
01.228,-0.16041641,-0.19154198,9.711179
01.267,-0.14605077,-0.14844504,9.720756
01.296,-0.16041641,-0.12210801,9.747093
01.327,-0.14605077,-0.1699935,9.732727
01.368,-0.15323359,-0.2083019,9.70639
01.396,-0.16281068,-0.17238778,9.715967
01.427,-0.16759923,-0.16041641,9.711179
01.467,-0.15802214,-0.18435916,9.680053
01.495,-0.1699935,-0.16281068,9.72315
01.528,-0.14605077,-0.1699935,9.720756
01.569,-0.15562786,-0.17957062,9.718362
01.596,-0.15802214,-0.18675344,9.701602
01.628,-0.14365649,-0.1699935,9.70639
01.668,-0.16759923,-0.16281068,9.725544
01.696,-0.17717634,-0.18914771,9.725544
01.736,-0.15323359,-0.17717634,9.730332
01.768,-0.15802214,-0.17717634,9.696813
01.796,-0.18914771,-0.19393626,9.715967
01.837,-0.17717634,-0.1699935,9.718362
01.867,-0.15802214,-0.1987248,9.699207
01.896,-0.16759923,-0.18675344,9.735122
01.936,-0.15802214,-0.18196489,9.7135725
01.967,-0.16520496,-0.16281068,9.7135725
02.008,-0.14365649,-0.15562786,9.708784
02.035,-0.16041641,-0.2083019,9.711179
02.066,-0.16281068,-0.17478207,9.696813
02.098,-0.1699935,-0.19154198,9.720756
02.136,-0.15802214,-0.15562786,9.720756
02.166,-0.16520496,-0.20111908,9.70639
02.206,-0.15323359,-0.20590763,9.70639
02.236,-0.17238778,-0.18914771,9.718362
02.267,-0.15562786,-0.21787901,9.711179
02.309,-0.15323359,-0.18914771,9.720756
02.337,-0.15562786,-0.21548474,9.696813
02.367,-0.14605077,-0.15802214,9.720756
02.408,-0.17238778,-0.20590763,9.701602
02.437,-0.16759923,-0.17238778,9.711179
02.468,-0.16041641,-0.15802214,9.72315
02.508,-0.1699935,-0.20111908,9.715967
02.536,-0.15802214,-0.16520496,9.732727
02.576,-0.17238778,-0.18435916,9.730332
02.606,-0.16759923,-0.16041641,9.7135725
02.648,-0.15562786,-0.18914771,9.703996
02.676,-0.15083931,-0.17717634,9.715967
02.708,-0.1699935,-0.19154198,9.7135725
02.736,-0.15562786,-0.18435916,9.72315
02.776,-0.15323359,-0.17478207,9.715967
02.808,-0.17238778,-0.18675344,9.718362
02.837,-0.17238778,-0.1699935,9.708784
02.876,-0.15802214,-0.1987248,9.701602
02.907,-0.15802214,-0.1699935,9.701602
02.948,-0.14365649,-0.17478207,9.718362
02.978,-0.14844504,-0.17478207,9.72315
03.008,-0.15083931,-0.17957062,9.708784
03.049,-0.16520496,-0.17957062,9.730332
03.075,-0.16041641,-0.16281068,9.7135725
03.107,-0.14126222,-0.17238778,9.725544
03.146,-0.16759923,-0.15802214,9.701602
03.175,-0.14844504,-0.17238778,9.692024
03.207,-0.15562786,-0.18435916,9.699207
03.247,-0.16281068,-0.17717634,9.715967
03.276,-0.14365649,-0.18675344,9.70639
03.317,-0.14365649,-0.17957062,9.727939
03.348,-0.15562786,-0.20111908,9.70639
03.376,-0.16520496,-0.16759923,9.725544
03.409,-0.14844504,-0.18914771,9.718362
03.449,-0.15802214,-0.17957062,9.725544
03.477,-0.15802214,-0.16759923,9.715967
03.509,-0.14126222,-0.20351335,9.720756
03.551,-0.15562786,-0.17478207,9.730332
03.577,-0.16041641,-0.21309046,9.718362
03.616,-0.14605077,-0.17478207,9.73991
03.647,-0.16281068,-0.21069619,9.699207
03.687,-0.13647367,-0.15802214,9.720756
03.716,-0.15083931,-0.19154198,9.701602
03.747,-0.1987248,-0.21069619,9.708784
03.779,-0.14126222,-0.18435916,9.72315
03.816,-0.17957062,-0.16041641,9.725544
03.846,-0.15323359,-0.15323359,9.735122
03.891,-0.17238778,-0.19633053,9.708784
03.916,-0.15083931,-0.15323359,9.725544
03.948,-0.16759923,-0.18196489,9.718362
03.987,-0.1699935,-0.18675344,9.708784
04.016,-0.14365649,-0.16281068,9.703996
04.048,-0.16759923,-0.18435916,9.732727
04.088,-0.16759923,-0.14844504,9.718362
04.114,-0.15562786,-0.20590763,9.708784
04.154,-0.16281068,-0.14844504,9.730332
04.186,-0.17238778,-0.21548474,9.696813
04.242,-0.19154198,-0.21069619,9.715967
04.248,-0.17238778,-0.14126222,9.715967
04.286,-0.21069619,-0.18435916,9.72315
04.328,-0.1699935,-0.1699935,9.720756
04.356,-0.18914771,-0.23942748,9.708784
04.387,-0.18196489,-0.13168511,9.715967
04.416,-0.13886794,-0.17238778,9.718362
04.455,-0.16281068,-0.22027329,9.718362
04.488,-0.18675344,-0.16281068,9.72315
04.518,-0.15802214,-0.20590763,9.701602
04.556,-0.16759923,-0.16281068,9.711179
04.588,-0.16759923,-0.20111908,9.703996
04.620,-0.15562786,-0.16041641,9.7135725
04.657,-0.16520496,-0.17957062,9.701602
04.685,-0.16041641,-0.20111908,9.70639
04.726,-0.15802214,-0.15083931,9.715967
04.755,-0.16520496,-0.20111908,9.687236
04.787,-0.16520496,-0.15802214,9.735122
04.827,-0.15802214,-0.17478207,9.715967
04.856,-0.17238778,-0.15323359,9.725544
04.896,-0.16520496,-0.19393626,9.725544
04.928,-0.14844504,-0.17717634,9.703996
04.956,-0.15323359,-0.1340794,9.725544
04.989,-0.1699935,-0.19393626,9.718362
05.027,-0.15562786,-0.14605077,9.737515
05.055,-0.1699935,-0.1987248,9.72315
05.093,-0.15083931,-0.1987248,9.718362
05.125,-0.16281068,-0.17238778,9.7135725
05.166,-0.18196489,-0.19633053,9.699207
05.195,-0.16759923,-0.17957062,9.725544
05.225,-0.15083931,-0.20351335,9.70639
05.267,-0.14126222,-0.16759923,9.708784
05.296,-0.15802214,-0.18675344,9.715967
05.327,-0.14844504,-0.15802214,9.725544
05.369,-0.14844504,-0.18196489,9.70639
05.397,-0.1699935,-0.18196489,9.72315
05.427,-0.14605077,-0.14844504,9.715967
05.467,-0.17717634,-0.17478207,9.7135725
05.495,-0.14844504,-0.17478207,9.7135725
05.528,-0.15562786,-0.19154198,9.72315
05.567,-0.14844504,-0.18914771,9.7135725
05.596,-0.16520496,-0.18914771,9.708784
05.627,-0.16281068,-0.17478207,9.70639
05.666,-0.15562786,-0.18914771,9.708784
05.695,-0.17238778,-0.1699935,9.730332
05.727,-0.17238778,-0.1699935,9.720756
05.768,-0.15323359,-0.19154198,9.7135725
05.797,-0.16520496,-0.17478207,9.72315
05.836,-0.16281068,-0.18914771,9.7135725
05.871,-0.16520496,-0.18675344,9.715967
05.896,-0.17238778,-0.16520496,9.735122
05.928,-0.15802214,-0.18675344,9.708784
05.972,-0.16041641,-0.17238778,9.711179
06.000,-0.17717634,-0.1987248,9.718362
06.038,-0.1699935,-0.14365649,9.7135725
06.067,-0.16759923,-0.19393626,9.711179
06.105,-0.14365649,-0.18675344,9.720756
06.135,-0.15083931,-0.16759923,9.692024
06.165,-0.13647367,-0.105348095,9.711179
06.206,-0.12450229,-0.18435916,9.682447
06.235,-0.13647367,-0.16520496,9.732727
06.266,-0.14365649,-0.21548474,9.699207
06.306,-0.15323359,-0.15083931,9.737515
06.337,-0.23463893,-0.16281068,9.744699
06.368,-0.13886794,-0.18435916,9.708784
06.409,-0.18196489,-0.1699935,9.744699
06.437,-0.18196489,-0.15562786,9.720756
06.468,-0.14365649,-0.14605077,9.725544
06.509,-0.19393626,-0.18196489,9.737515
06.538,-0.16520496,-0.12450229,9.715967
06.568,-0.15323359,-0.16281068,9.711179
06.609,-0.16520496,-0.19633053,9.687236
06.637,-0.17478207,-0.17478207,9.725544
06.678,-0.14126222,-0.083799616,9.761458
06.708,-0.15323359,-0.24421602,9.687236
06.737,-0.18675344,-0.31365,9.754275
06.768,-0.16041641,-0.09337672,9.718362
06.808,0.0047885496,-0.2944958,9.73991
06.837,-0.15802214,-0.0071828244,9.732727
06.877,-0.009577099,0.052674048,9.644139
06.908,-0.16759923,-0.30646718,9.730332
06.938,-0.16520496,-0.17478207,9.730332
06.977,-0.15562786,-0.16041641,9.708784
07.008,-0.17238778,-0.20111908,9.735122
07.049,-0.5602603,-0.4740664,9.809344
07.074,-0.15562786,-0.083799616,9.735122
07.107,-0.16520496,-0.1987248,9.711179
07.147,-0.1987248,-0.17238778,9.7135725
07.176,-0.16041641,-0.16041641,9.7135725
07.206,-0.1340794,-0.16759923,9.73991
07.248,-0.16281068,-0.18914771,9.7135725
07.277,-0.15083931,-0.16520496,9.718362
07.308,-0.14605077,-0.20111908,9.715967
07.349,-0.15083931,-0.18675344,9.715967
07.377,-0.16759923,-0.18675344,9.711179
07.408,-0.16281068,-0.18196489,9.701602
07.449,-0.15802214,-0.17957062,9.7135725
07.477,-0.16281068,-0.17478207,9.7135725
07.508,-0.1340794,-0.17717634,9.696813
07.549,-0.16281068,-0.16281068,9.70639
07.577,-0.14605077,-0.19154198,9.708784
07.608,-0.18196489,-0.18435916,9.70639
07.650,-0.15083931,-0.17238778,9.725544
07.676,-0.14605077,-0.17957062,9.694419
07.709,-0.16041641,-0.17238778,9.718362
07.747,-0.16759923,-0.17957062,9.725544
07.777,-0.15323359,-0.17717634,9.72315
07.816,-0.16520496,-0.16759923,9.708784
07.848,-0.17238778,-0.16041641,9.72315
07.888,-0.16041641,-0.18196489,9.708784
07.916,-0.15323359,-0.16759923,9.70639
07.949,-0.16281068,-0.16281068,9.715967
07.987,-0.17717634,-0.17717634,9.718362
08.015,-0.15562786,-0.18196489,9.711179
08.052,-0.17238778,-0.19393626,9.7135725
08.088,-0.13647367,-0.17478207,9.701602
08.115,-0.16520496,-0.1699935,9.715967
08.146,-0.14365649,-0.18675344,9.720756
08.187,-0.15562786,-0.16041641,9.72315
08.216,-0.16281068,-0.1699935,9.732727
08.247,-0.16041641,-0.1699935,9.715967
08.288,-0.16520496,-0.17478207,9.720756
08.317,-0.17717634,-0.17957062,9.720756
08.357,-0.17478207,-0.16520496,9.708784
08.388,-0.1699935,-0.17238778,9.730332
08.416,-0.14605077,-0.16281068,9.725544
08.449,-0.1699935,-0.18675344,9.701602
08.487,-0.16281068,-0.17478207,9.70639
08.517,-0.15323359,-0.16759923,9.699207
08.556,-0.15802214,-0.16520496,9.720756
08.589,-0.16041641,-0.1699935,9.72315
08.616,-0.15323359,-0.19154198,9.711179
08.656,-0.16759923,-0.1699935,9.725544
08.688,-0.16759923,-0.17238778,9.715967
08.721,-0.15562786,-0.18435916,9.727939
08.756,-0.16520496,-0.18435916,9.7135725
08.788,-0.16281068,-0.14844504,9.718362
08.827,-0.16759923,-0.19154198,9.7135725
08.856,-0.15562786,-0.1699935,9.72315
08.887,-0.18435916,-0.18914771,9.696813
08.929,-0.15562786,-0.16041641,9.730332
08.957,-0.17478207,-0.18675344,9.725544
08.988,-0.1699935,-0.18914771,9.725544
09.028,-0.17478207,-0.18914771,9.694419
09.056,-0.17238778,-0.17957062,9.727939
09.089,-0.14844504,-0.16759923,9.708784
09.126,-0.14365649,-0.17478207,9.7135725
09.156,-0.15562786,-0.19154198,9.701602
09.196,-0.15802214,-0.17957062,9.694419
09.228,-0.14605077,-0.17957062,9.720756
09.258,-0.15083931,-0.15562786,9.70639
09.288,-0.14365649,-0.1699935,9.727939
09.326,-0.16281068,-0.16759923,9.70639
09.356,-0.16520496,-0.16281068,9.7135725
09.397,-0.14844504,-0.18196489,9.70639
09.427,-0.15802214,-0.18675344,9.718362
09.468,-0.15323359,-0.1699935,9.718362
09.497,-0.16281068,-0.17957062,9.699207
09.527,-0.13886794,-0.17957062,9.70639
09.557,-0.17717634,-0.17717634,9.727939
09.596,-0.15323359,-0.1699935,9.7135725
09.628,-0.15802214,-0.17957062,9.711179
09.668,-0.13886794,-0.19393626,9.711179
09.696,-0.16759923,-0.17957062,9.725544
09.726,-0.15802214,-0.15083931,9.703996
09.767,-0.16520496,-0.18914771,9.715967
09.797,-0.16041641,-0.16759923,9.730332
09.828,-0.16520496,-0.17717634,9.701602
09.866,-0.16520496,-0.17717634,9.708784
09.895,-0.15562786,-0.18435916,9.725544
09.927,-0.15562786,-0.18435916,9.701602
09.968,-0.16759923,-0.16041641,9.708784
09.999,-0.14844504,-0.17957062,9.70639
10.032,-0.17957062,-0.18196489,9.7135725
10.068,-0.1699935,-0.17478207,9.708784
10.096,-0.16041641,-0.17238778,9.715967
10.135,-0.16520496,-0.18675344,9.711179
10.165,-0.1699935,-0.16041641,9.715967
10.196,-0.16041641,-0.16041641,9.720756
10.236,-0.15323359,-0.18914771,9.720756
10.267,-0.15562786,-0.18914771,9.703996
10.296,-0.16281068,-0.19393626,9.699207
10.336,-0.14365649,-0.17478207,9.708784
10.367,-0.16041641,-0.18675344,9.701602
10.408,-0.16759923,-0.14844504,9.718362
10.436,-0.15562786,-0.17478207,9.725544
10.467,-0.16759923,-0.17957062,9.715967
10.507,-0.15562786,-0.18675344,9.711179
10.537,-0.16520496,-0.17957062,9.6896305
10.568,-0.14365649,-0.17238778,9.715967
10.608,-0.15323359,-0.17717634,9.694419
10.637,-0.15083931,-0.1699935,9.720756
10.668,-0.17478207,-0.18675344,9.703996
10.707,-0.17238778,-0.19633053,9.7135725
10.735,-0.15802214,-0.17717634,9.715967
10.767,-0.17478207,-0.18196489,9.720756
10.808,-0.18435916,-0.17238778,9.715967
10.836,-0.1340794,-0.17478207,9.718362
10.876,-0.18196489,-0.18196489,9.711179
10.907,-0.15802214,-0.18914771,9.708784
10.936,-0.1699935,-0.17717634,9.7135725
10.968,-0.16041641,-0.17238778,9.711179
11.006,-0.16041641,-0.18196489,9.708784
11.038,-0.15083931,-0.1699935,9.699207
11.077,-0.15562786,-0.18675344,9.7135725
11.109,-0.16759923,-0.19393626,9.718362
11.136,-0.16041641,-0.18914771,9.711179
11.175,-0.15083931,-0.18196489,9.715967
11.206,-0.17238778,-0.15802214,9.725544
11.248,-0.14605077,-0.17478207,9.701602
11.276,-0.17478207,-0.18914771,9.708784
11.309,-0.1699935,-0.18675344,9.720756
11.348,-0.15562786,-0.16759923,9.727939
11.376,-0.15802214,-0.17957062,9.727939
11.409,-0.16281068,-0.18196489,9.725544
11.449,-0.17957062,-0.18196489,9.715967
11.476,-0.14844504,-0.15562786,9.708784
11.508,-0.15562786,-0.18675344,9.70639
11.548,-0.14844504,-0.17957062,9.730332
11.577,-0.16281068,-0.17478207,9.725544
11.608,-0.17717634,-0.16281068,9.711179
11.646,-0.16281068,-0.17238778,9.72315
11.676,-0.17717634,-0.18675344,9.708784
11.708,-0.16281068,-0.18675344,9.732727
11.747,-0.15562786,-0.18196489,9.708784
11.775,-0.16041641,-0.18675344,9.711179
11.809,-0.17717634,-0.16041641,9.725544
11.847,-0.15562786,-0.18435916,9.7135725
11.877,-0.16759923,-0.17957062,9.70639
11.916,-0.14126222,-0.17717634,9.72315
11.947,-0.15802214,-0.19393626,9.7135725
11.976,-0.13647367,-0.14365649,9.7135725
12.016,-0.16281068,-0.17717634,9.70639
12.052,-0.16520496,-0.17717634,9.715967
12.086,-0.16041641,-0.16520496,9.703996
12.114,-0.14844504,-0.1699935,9.708784
12.147,-0.16041641,-0.18675344,9.711179
12.187,-0.15802214,-0.17957062,9.711179
12.215,-0.1699935,-0.1699935,9.711179
12.248,-0.14844504,-0.18435916,9.72315
12.287,-0.16041641,-0.15562786,9.703996
12.316,-0.15083931,-0.17957062,9.7135725
12.347,-0.17238778,-0.16281068,9.708784
12.387,-0.15802214,-0.16041641,9.708784
12.416,-0.17957062,-0.16281068,9.730332
12.448,-0.15323359,-0.19393626,9.72315
12.487,-0.14365649,-0.18675344,9.732727
12.515,-0.1699935,-0.17957062,9.730332
12.549,-0.17478207,-0.18914771,9.708784
12.587,-0.16041641,-0.16759923,9.7135725
12.616,-0.17238778,-0.19633053,9.711179
12.648,-0.14844504,-0.18914771,9.715967
12.688,-0.16281068,-0.18914771,9.7135725
12.716,-0.15562786,-0.17478207,9.7135725
12.755,-0.15562786,-0.16281068,9.72315
12.786,-0.1699935,-0.1699935,9.720756
12.816,-0.17238778,-0.17238778,9.7135725
12.854,-0.17238778,-0.16281068,9.725544
12.885,-0.14365649,-0.18196489,9.70639
12.926,-0.16281068,-0.17957062,9.711179
12.955,-0.15083931,-0.18675344,9.699207
12.987,-0.16281068,-0.19633053,9.699207
13.026,-0.15802214,-0.18914771,9.708784
13.055,-0.16759923,-0.17957062,9.732727
13.087,-0.16520496,-0.17478207,9.692024
13.126,-0.15083931,-0.17478207,9.708784
13.156,-0.16281068,-0.18435916,9.696813
13.187,-0.14844504,-0.17957062,9.701602
13.227,-0.1699935,-0.18196489,9.715967
13.256,-0.14605077,-0.17478207,9.703996
13.287,-0.15323359,-0.17478207,9.703996
13.327,-0.1699935,-0.17717634,9.708784
13.356,-0.15083931,-0.17478207,9.711179
13.396,-0.13647367,-0.18435916,9.699207
13.427,-0.18435916,-0.18914771,9.708784
13.457,-0.15562786,-0.18196489,9.711179
13.488,-0.14605077,-0.16281068,9.735122
13.527,-0.18675344,-0.17478207,9.725544
13.556,-0.14844504,-0.17717634,9.694419
13.596,-0.15323359,-0.18435916,9.720756
13.629,-0.17238778,-0.17717634,9.711179
13.656,-0.15562786,-0.17478207,9.708784
13.697,-0.14126222,-0.17957062,9.701602
13.727,-0.16281068,-0.20111908,9.7135725
13.757,-0.16041641,-0.18196489,9.7135725
13.795,-0.17238778,-0.18196489,9.711179
13.828,-0.14844504,-0.17478207,9.703996
13.867,-0.16041641,-0.16759923,9.727939
13.896,-0.14605077,-0.16759923,9.696813
13.927,-0.15562786,-0.16520496,9.720756
13.968,-0.16281068,-0.16281068,9.711179
13.996,-0.15323359,-0.16281068,9.703996
14.027,-0.16041641,-0.17238778,9.715967
14.066,-0.16520496,-0.17238778,9.732727
14.095,-0.1699935,-0.17717634,9.720756
14.134,-0.16041641,-0.1699935,9.718362
14.166,-0.16520496,-0.18196489,9.703996
14.195,-0.13168511,-0.17957062,9.718362
14.236,-0.16520496,-0.18435916,9.7135725
14.269,-0.16041641,-0.18196489,9.70639
14.296,-0.14365649,-0.16759923,9.711179
14.328,-0.098165266,0.07422252,9.70639
14.367,-0.1699935,-0.19393626,9.749487
14.396,-0.16759923,-0.20351335,9.694419
14.437,-0.16520496,-0.17717634,9.725544
14.467,-0.17717634,-0.15562786,9.72315
14.497,-0.16281068,-0.19393626,9.711179
14.537,-0.15802214,-0.17238778,9.711179
14.568,-0.1699935,-0.19154198,9.72315
14.597,-0.1699935,-0.18675344,9.684841
14.637,-0.16041641,-0.1699935,9.715967
14.667,-0.14605077,-0.14365649,9.711179
14.707,-0.16520496,-0.17957062,9.720756
14.735,-0.17478207,-0.17238778,9.720756
14.767,-0.17238778,-0.17957062,9.7135725
14.808,-0.15562786,-0.1987248,9.727939
14.836,-0.1699935,-0.17478207,9.711179
14.868,-0.1699935,-0.18914771,9.732727
14.907,-0.16759923,-0.17478207,9.742304
14.936,-0.17957062,-0.18435916,9.725544
14.968,-0.18914771,-0.18196489,9.701602
15.006,-0.16281068,-0.18435916,9.715967
15.036,-0.17957062,-0.17238778,9.696813
15.075,-0.18435916,-0.16520496,9.718362
15.114,-0.15083931,-0.16281068,9.7135725
15.135,-0.15562786,-0.15802214,9.715967
15.174,-0.1699935,-0.17238778,9.718362
15.206,-0.16520496,-0.18675344,9.715967
15.246,-0.13886794,-0.17957062,9.72315
15.276,-0.15323359,-0.18914771,9.692024
15.308,-0.15562786,-0.1699935,9.703996
15.347,-0.14844504,-0.18435916,9.7135725
15.376,-0.18196489,-0.17238778,9.70639
15.408,-0.15802214,-0.17717634,9.701602
15.437,-0.17478207,-0.17238778,9.708784
15.475,-0.13886794,-0.16759923,9.7135725
15.506,-0.15562786,-0.15802214,9.7135725
15.548,-0.15323359,-0.17238778,9.711179
15.575,-0.16281068,-0.18435916,9.718362
15.609,-0.14126222,-0.16281068,9.70639
15.647,-0.16281068,-0.19154198,9.7135725
15.675,-0.16281068,-0.16281068,9.715967
15.706,-0.15083931,-0.1699935,9.699207
15.747,-0.16759923,-0.19393626,9.7135725
15.776,-0.17478207,-0.19633053,9.711179
15.807,-0.16041641,-0.17478207,9.720756
15.846,-0.1699935,-0.17957062,9.725544
15.876,-0.17238778,-0.1699935,9.703996
15.915,-0.16520496,-0.16520496,9.70639
15.947,-0.16281068,-0.17717634,9.703996
15.975,-0.16041641,-0.18675344,9.718362
16.014,-0.17717634,-0.17478207,9.737515
16.046,-0.14605077,-0.1699935,9.7135725
16.086,-0.15323359,-0.16281068,9.720756
16.114,-0.15562786,-0.18435916,9.711179
16.146,-0.16759923,-0.17717634,9.696813
16.185,-0.15083931,-0.14605077,9.7135725
16.215,-0.16041641,-0.17478207,9.720756
16.247,-0.16759923,-0.18675344,9.70639
16.286,-0.14605077,-0.20111908,9.711179
16.316,-0.16041641,-0.16520496,9.720756
16.346,-0.14365649,-0.15802214,9.725544
16.386,-0.18196489,-0.18196489,9.708784
16.415,-0.15562786,-0.15083931,9.720756
16.447,-0.12929083,-0.18435916,9.715967
16.480,-0.16759923,-0.1699935,9.715967
16.515,-0.16281068,-0.1699935,9.701602
16.547,-0.14126222,-0.19393626,9.711179
16.586,-0.15083931,-0.1699935,9.7135725
16.614,-0.16520496,-0.16520496,9.696813
16.655,-0.1340794,-0.18675344,9.7135725
16.689,-0.18435916,-0.18675344,9.699207
16.715,-0.15802214,-0.18914771,9.711179
16.749,-0.17478207,-0.19154198,9.730332
16.788,-0.15083931,-0.20351335,9.715967
16.816,-0.13886794,-0.18675344,9.703996
16.848,-0.16759923,-0.17957062,9.70639
16.887,-0.17717634,-0.17478207,9.70639
16.916,-0.15562786,-0.17957062,9.703996
16.955,-0.14605077,-0.19393626,9.703996
16.987,-0.15802214,-0.16281068,9.727939
17.025,-0.17717634,-0.17717634,9.703996
17.051,-0.15562786,-0.19633053,9.7135725
17.086,-0.15323359,-0.18914771,9.7135725
17.125,-0.15562786,-0.18196489,9.711179
17.155,-0.1699935,-0.1699935,9.720756
17.186,-0.16281068,-0.1699935,9.711179
17.228,-0.17957062,-0.1699935,9.692024
17.256,-0.16759923,-0.18196489,9.718362
17.285,-0.1699935,-0.19393626,9.720756
17.327,-0.16041641,-0.16759923,9.701602
17.360,-0.14605077,-0.18196489,9.7135725
17.386,-0.15323359,-0.17717634,9.720756
17.426,-0.17238778,-0.17717634,9.708784
17.456,-0.15562786,-0.18196489,9.7135725
17.495,-0.17478207,-0.17957062,9.711179
17.527,-0.17238778,-0.19154198,9.720756
17.557,-0.15562786,-0.18675344,9.7135725
17.595,-0.17717634,-0.1699935,9.7135725
17.627,-0.14844504,-0.18196489,9.701602
17.655,-0.15802214,-0.17717634,9.720756
17.688,-0.16759923,-0.18675344,9.718362
17.727,-0.16520496,-0.17478207,9.727939
17.768,-0.16281068,-0.1987248,9.718362
17.795,-0.16759923,-0.18675344,9.715967
17.830,-0.16281068,-0.18435916,9.725544
17.862,-0.15323359,-0.17957062,9.711179
17.894,-0.17957062,-0.17957062,9.737515
17.927,-0.14605077,-0.16281068,9.732727
17.967,-0.15562786,-0.17957062,9.684841
17.995,-0.16041641,-0.16041641,9.7135725
18.026,-0.16520496,-0.18675344,9.727939
18.067,-0.1699935,-0.1699935,9.720756
18.094,-0.15323359,-0.17717634,9.718362
18.127,-0.15802214,-0.17957062,9.7135725
18.166,-0.16281068,-0.18196489,9.701602
18.196,-0.15083931,-0.18435916,9.727939
18.227,-0.1699935,-0.16759923,9.72315
18.267,-0.15562786,-0.18675344,9.715967
18.296,-0.17238778,-0.17238778,9.720756
18.327,-0.16759923,-0.17957062,9.727939
18.367,-0.16281068,-0.18914771,9.718362
18.396,-0.14605077,-0.16281068,9.72315
18.436,-0.16041641,-0.18435916,9.715967
18.468,-0.16041641,-0.1987248,9.703996
18.496,-0.14844504,-0.17957062,9.725544
18.529,-0.1699935,-0.18914771,9.730332
18.568,-0.14605077,-0.18675344,9.692024
18.597,-0.16041641,-0.19393626,9.718362
18.638,-0.16520496,-0.17717634,9.725544
18.670,-0.15083931,-0.17478207,9.7135725
18.696,-0.15802214,-0.18196489,9.711179
18.736,-0.15802214,-0.1699935,9.718362
18.768,-0.16759923,-0.17238778,9.720756
18.797,-0.15083931,-0.15083931,9.715967
18.836,-0.16759923,-0.17957062,9.711179
18.867,-0.1699935,-0.17717634,9.720756
18.907,-0.16041641,-0.18435916,9.72315
18.936,-0.17238778,-0.17238778,9.708784
18.969,-0.15083931,-0.18435916,9.708784
18.999,-0.17717634,-0.19633053,9.708784
19.036,-0.16520496,-0.17238778,9.718362
19.067,-0.15083931,-0.16759923,9.711179
19.106,-0.15562786,-0.1699935,9.715967
19.135,-0.17238778,-0.17238778,9.727939
19.167,-0.15562786,-0.17238778,9.715967
19.207,-0.15323359,-0.16759923,9.70639
19.236,-0.17478207,-0.17957062,9.737515
19.276,-0.1699935,-0.1699935,9.70639
19.308,-0.15802214,-0.18435916,9.70639
19.336,-0.16759923,-0.16759923,9.715967
19.368,-0.16520496,-0.16759923,9.732727
19.407,-0.1699935,-0.16520496,9.730332
19.436,-0.17478207,-0.18196489,9.720756
19.475,-0.14844504,-0.17478207,9.70639
19.508,-0.16520496,-0.17957062,9.725544
19.549,-0.15562786,-0.1699935,9.711179
19.575,-0.17478207,-0.18675344,9.725544
19.605,-0.15083931,-0.1699935,9.72315
19.646,-0.18435916,-0.18435916,9.70639
19.675,-0.15323359,-0.17478207,9.703996
19.706,-0.14844504,-0.16520496,9.725544
19.749,-0.15562786,-0.18435916,9.708784
19.776,-0.15323359,-0.15083931,9.725544
19.808,-0.16759923,-0.20351335,9.699207
19.847,-0.16281068,-0.20351335,9.715967
19.877,-0.1699935,-0.20590763,9.72315
19.907,-0.16281068,-0.18914771,9.715967
19.946,-0.16520496,-0.16759923,9.711179
19.976,-0.14605077,-0.18435916,9.694419
20.016,-0.16041641,-0.15562786,9.70639
20.047,-0.16041641,-0.17957062,9.696813
20.075,-0.15562786,-0.17238778,9.725544
20.115,-0.13647367,-0.16520496,9.711179
20.146,-0.16281068,-0.17957062,9.720756
20.176,-0.1699935,-0.17478207,9.718362
20.215,-0.16281068,-0.16759923,9.703996
20.246,-0.17478207,-0.16759923,9.730332
20.288,-0.15083931,-0.1699935,9.6896305
20.316,-0.14365649,-0.18675344,9.727939
20.347,-0.14126222,-0.17717634,9.72315
20.377,-0.16520496,-0.16759923,9.701602
20.416,-0.16281068,-0.17717634,9.703996
20.448,-0.17478207,-0.17478207,9.701602
20.487,-0.18675344,-0.14126222,9.725544
20.516,-0.14365649,-0.18196489,9.70639
20.546,-0.16759923,-0.17957062,9.720756
20.587,-0.1699935,-0.1699935,9.7135725
20.614,-0.16281068,-0.16520496,9.725544
20.652,-0.1699935,-0.16759923,9.72315
20.686,-0.14844504,-0.17238778,9.701602
20.716,-0.16041641,-0.16520496,9.715967
20.755,-0.17238778,-0.17957062,9.708784
20.787,-0.17238778,-0.1987248,9.715967
20.817,-0.15083931,-0.16281068,9.711179
20.855,-0.16041641,-0.17478207,9.727939
20.885,-0.17238778,-0.15083931,9.715967
20.914,-0.15562786,-0.18196489,9.70639
20.956,-0.15323359,-0.17478207,9.703996
20.987,-0.14605077,-0.18196489,9.696813
21.016,-0.16281068,-0.1987248,9.699207
21.055,-0.15562786,-0.18914771,9.718362
21.086,-0.15562786,-0.15562786,9.70639
21.125,-0.16281068,-0.16041641,9.7135725
21.154,-0.15083931,-0.17717634,9.715967
21.187,-0.17957062,-0.18196489,9.701602
21.216,-0.15323359,-0.17717634,9.70639
21.255,-0.15562786,-0.19154198,9.696813
21.287,-0.15562786,-0.19393626,9.7135725
21.327,-0.16759923,-0.17957062,9.699207
21.356,-0.16281068,-0.1699935,9.708784
21.387,-0.18435916,-0.1699935,9.708784
21.427,-0.16281068,-0.14605077,9.72315
21.457,-0.17717634,-0.18914771,9.718362
21.487,-0.17717634,-0.17478207,9.735122
21.528,-0.15802214,-0.16281068,9.718362
21.556,-0.17238778,-0.19633053,9.72315
21.587,-0.17717634,-0.15562786,9.72315
21.628,-0.15083931,-0.1699935,9.711179
21.656,-0.1699935,-0.18435916,9.6896305
21.687,-0.16759923,-0.18435916,9.70639
21.728,-0.15562786,-0.17717634,9.73991
21.756,-0.16041641,-0.1699935,9.718362
21.796,-0.18196489,-0.22027329,9.7135725
21.827,-0.16281068,-0.18914771,9.7135725
21.855,-0.16520496,-0.1699935,9.7135725
21.891,-0.16520496,-0.18914771,9.7135725
21.926,-0.12929083,-0.15083931,9.7135725
21.967,-0.14365649,-0.16281068,9.7135725
21.995,-0.16759923,-0.19154198,9.708784
22.026,-0.1340794,-0.22266756,9.703996
22.067,-0.16759923,-0.21309046,9.720756
22.095,-0.09337672,-0.12450229,9.708784
22.126,-0.1699935,-0.13886794,9.703996
22.165,-0.13168511,-0.1987248,9.6896305
22.195,-0.17238778,-0.20351335,9.711179
22.227,-0.13647367,-0.19633053,9.715967
22.269,-0.14605077,-0.18196489,9.718362
22.297,-0.16520496,-0.20590763,9.730332
22.328,-0.16759923,-0.18435916,9.672871
22.368,-0.15323359,-0.16759923,9.711179
22.396,-0.1699935,-0.19154198,9.703996
22.428,-0.15562786,-0.18196489,9.684841
22.466,-0.15802214,-0.18675344,9.694419
22.497,-0.18196489,-0.17957062,9.7135725
22.536,-0.14605077,-0.17478207,9.701602
22.567,-0.15083931,-0.17238778,9.730332
22.596,-0.15083931,-0.16041641,9.715967
22.628,-0.16281068,-0.18675344,9.715967
22.666,-0.15562786,-0.16759923,9.715967
22.696,-0.15562786,-0.1699935,9.730332
22.728,-0.15802214,-0.18196489,9.711179
22.766,-0.14605077,-0.16041641,9.701602
22.796,-0.17238778,-0.17717634,9.720756
22.836,-0.15562786,-0.16520496,9.718362
22.866,-0.15323359,-0.18196489,9.715967
22.896,-0.18675344,-0.1699935,9.72315
22.936,-0.14844504,-0.16759923,9.715967
22.967,-0.15802214,-0.18435916,9.708784
23.006,-0.1699935,-0.17238778,9.715967
23.036,-0.15802214,-0.1699935,9.70639
23.068,-0.15562786,-0.18196489,9.7135725
23.106,-0.17238778,-0.1699935,9.72315
23.134,-0.16041641,-0.17478207,9.711179
23.168,-0.15323359,-0.18196489,9.720756
23.206,-0.16759923,-0.17717634,9.7135725
23.235,-0.14605077,-0.19154198,9.711179
23.266,-0.15562786,-0.18196489,9.701602
23.306,-0.17238778,-0.1699935,9.727939
23.334,-0.13647367,-0.18196489,9.7135725
23.367,-0.15562786,-0.18914771,9.699207
23.408,-0.15323359,-0.16759923,9.703996
23.435,-0.16041641,-0.18914771,9.718362
23.475,-0.16041641,-0.16759923,9.718362
23.506,-0.14365649,-0.15323359,9.718362
23.535,-0.15323359,-0.15562786,9.720756
23.576,-0.14844504,-0.17478207,9.730332
23.606,-0.16520496,-0.15802214,9.730332
23.648,-0.16041641,-0.18914771,9.720756
23.676,-0.13886794,-0.17478207,9.70639
23.708,-0.17957062,-0.1987248,9.720756
23.747,-0.1699935,-0.20590763,9.708784
23.775,-0.14605077,-0.20111908,9.701602
23.806,-0.15083931,-0.1987248,9.696813
23.847,-0.16281068,-0.17957062,9.7135725
23.875,-0.14605077,-0.20590763,9.708784
23.906,-0.16281068,-0.17717634,9.696813
23.947,-0.17957062,-0.14605077,9.732727
23.974,-0.16520496,-0.1987248,9.703996
24.007,-0.17238778,-0.17717634,9.699207
24.047,-0.16041641,-0.17238778,9.70639
24.074,-0.15323359,-0.18196489,9.708784
24.114,-0.17478207,-0.19154198,9.703996
24.145,-0.15802214,-0.21069619,9.715967
24.174,-0.14605077,-0.1987248,9.711179
24.215,-0.18196489,-0.20351335,9.715967
24.247,-0.15562786,-0.17478207,9.6896305
24.275,-0.16759923,-0.17478207,9.715967
24.315,-0.15083931,-0.1699935,9.70639
24.346,-0.15323359,-0.1987248,9.708784
24.376,-0.15562786,-0.17717634,9.70639
24.415,-0.15323359,-0.14844504,9.725544
24.447,-0.17957062,-0.17238778,9.730332
24.487,-0.16041641,-0.16759923,9.692024
24.516,-0.14605077,-0.17478207,9.720756
24.546,-0.14365649,-0.16759923,9.715967
24.589,-0.13168511,-0.17717634,9.711179
24.617,-0.17238778,-0.18914771,9.730332
24.647,-0.16759923,-0.18914771,9.699207
24.687,-0.15323359,-0.17957062,9.725544
24.715,-0.16520496,-0.17238778,9.718362
24.746,-0.16759923,-0.16520496,9.725544
24.787,-0.17717634,-0.16520496,9.701602
24.815,-0.16041641,-0.16520496,9.718362
24.847,-0.16759923,-0.16759923,9.730332
24.887,-0.15802214,-0.17717634,9.711179
24.916,-0.1699935,-0.17238778,9.708784
24.947,-0.16281068,-0.16759923,9.720756
24.986,-0.16041641,-0.17717634,9.718362
25.015,-0.15802214,-0.18914771,9.720756
25.053,-0.15323359,-0.18435916,9.725544
25.085,-0.16281068,-0.17238778,9.715967
25.114,-0.16041641,-0.19154198,9.715967
25.155,-0.15562786,-0.20111908,9.703996
25.186,-0.16041641,-0.17957062,9.711179
25.226,-0.15802214,-0.18914771,9.70639
25.256,-0.16520496,-0.17717634,9.727939
25.286,-0.14365649,-0.11971374,9.744699
25.329,-0.17717634,-0.1699935,9.703996
25.355,-0.1699935,-0.17717634,9.70639
25.387,-0.14605077,-0.15083931,9.725544
25.417,-0.13647367,-0.13886794,9.718362
25.455,-0.14126222,-0.19393626,9.699207
25.489,-0.1699935,-0.20111908,9.692024
25.527,-0.1699935,-0.16520496,9.72315
25.556,-0.16759923,-0.18196489,9.718362
25.588,-0.13886794,-0.19154198,9.703996
25.627,-0.15802214,-0.17957062,9.70639
25.654,-0.14605077,-0.18435916,9.715967
25.687,-0.16520496,-0.18196489,9.687236
25.727,-0.14365649,-0.18914771,9.696813
25.755,-0.1699935,-0.16759923,9.730332
25.789,-0.15562786,-0.17238778,9.711179
25.827,-0.14605077,-0.19154198,9.711179
25.856,-0.15562786,-0.19154198,9.694419
25.896,-0.1699935,-0.19633053,9.715967
25.927,-0.15562786,-0.19633053,9.708784
25.956,-0.16041641,-0.16759923,9.72315
25.994,-0.15323359,-0.17957062,9.711179
26.028,-0.15083931,-0.14365649,9.715967
26.055,-0.15562786,-0.18675344,9.711179
26.094,-0.16520496,-0.17238778,9.720756
26.125,-0.14605077,-0.16281068,9.720756
26.165,-0.16520496,-0.17957062,9.737515
26.196,-0.17717634,-0.18914771,9.694419
26.226,-0.16759923,-0.19393626,9.718362
26.267,-0.15083931,-0.17238778,9.725544
26.304,-0.15323359,-0.17478207,9.7135725
26.326,-0.17717634,-0.2466103,9.72315
26.364,-0.15323359,-0.16520496,9.715967
26.393,-0.14365649,-0.15083931,9.718362
26.425,-0.15802214,-0.16759923,9.725544
26.465,-0.17478207,-0.17717634,9.718362
26.495,-0.15562786,-0.1699935,9.70639
26.527,-0.14365649,-0.1987248,9.7135725
26.567,-0.15323359,-0.16281068,9.7135725
26.594,-0.14365649,-0.14844504,9.72315
26.626,-0.14844504,-0.13168511,9.73991
26.666,-0.15083931,-0.13647367,9.73991
26.695,-0.13886794,-0.13886794,9.699207
26.736,-0.14126222,-0.17957062,9.699207
26.767,-0.18675344,-0.20590763,9.727939
26.795,-0.15083931,-0.1987248,9.72315
26.835,-0.15562786,-0.19633053,9.715967
26.866,-0.15323359,-0.20590763,9.7135725
26.895,-0.15802214,-0.18435916,9.715967
26.935,-0.13647367,-0.1699935,9.715967
26.966,-0.15083931,-0.18196489,9.720756
27.004,-0.14844504,-0.18914771,9.708784
27.035,-0.14605077,-0.102953814,9.742304
27.066,-0.14365649,-0.19393626,9.718362
27.106,-0.13886794,-0.1987248,9.725544
27.134,-0.15802214,-0.20351335,9.70639
27.166,-0.16281068,-0.1699935,9.7135725
27.205,-0.14126222,-0.17478207,9.720756
27.236,-0.16281068,-0.1699935,9.718362
27.267,-0.17957062,-0.17717634,9.711179
27.309,-0.16520496,-0.19633053,9.718362
27.337,-0.16041641,-0.19154198,9.711179
27.366,-0.15802214,-0.17478207,9.718362
27.407,-0.15083931,-0.17238778,9.711179
27.437,-0.15083931,-0.20111908,9.703996
27.467,-0.15802214,-0.17238778,9.751882
27.507,-0.17717634,-0.16759923,9.727939
27.536,-0.16759923,-0.18196489,9.730332
27.568,-0.15562786,-0.18675344,9.732727
27.608,-0.17478207,-0.17238778,9.732727
27.637,-0.15323359,-0.16520496,9.701602
27.668,-0.16759923,-0.19393626,9.730332
27.708,-0.15802214,-0.17717634,9.737515
27.736,-0.15802214,-0.16759923,9.7135725
27.776,-0.16520496,-0.17478207,9.725544
27.807,-0.16281068,-0.18914771,9.72315
27.836,-0.15562786,-0.18675344,9.708784
27.876,-0.16281068,-0.15802214,9.725544
27.908,-0.15083931,-0.18914771,9.735122
27.936,-0.14605077,-0.17957062,9.715967
27.976,-0.14126222,-0.18914771,9.7135725
28.007,-0.15802214,-0.18914771,9.7135725
28.047,-0.13647367,-0.1987248,9.703996
28.075,-0.14605077,-0.17957062,9.711179
28.107,-0.16520496,-0.18914771,9.715967
28.145,-0.15562786,-0.17478207,9.715967
28.175,-0.15562786,-0.18196489,9.720756
28.206,-0.15802214,-0.17957062,9.711179
28.247,-0.15802214,-0.17717634,9.7135725
28.277,-0.16281068,-0.2083019,9.718362
28.308,-0.14365649,-0.19633053,9.701602
28.350,-0.17478207,-0.16759923,9.711179
28.375,-0.15562786,-0.16520496,9.715967
28.408,-0.16041641,-0.17717634,9.708784
28.447,-0.16281068,-0.17238778,9.7135725
28.475,-0.15562786,-0.18435916,9.711179
28.516,-0.15562786,-0.1699935,9.727939
28.547,-0.16520496,-0.17238778,9.708784
28.576,-0.15323359,-0.19633053,9.701602
28.616,-0.17238778,-0.16759923,9.715967
28.647,-0.1699935,-0.1987248,9.703996
28.676,-0.17238778,-0.18196489,9.730332
28.715,-0.16041641,-0.17717634,9.708784
28.748,-0.14126222,-0.19154198,9.692024
28.776,-0.15562786,-0.1987248,9.692024
28.816,-0.16041641,-0.18196489,9.737515
28.848,-0.16759923,-0.15562786,9.727939
28.887,-0.1340794,-0.19154198,9.6896305
28.916,-0.1699935,-0.19393626,9.73991
28.948,-0.14126222,-0.17957062,9.711179
28.987,-0.15083931,-0.19154198,9.687236
29.016,-0.17238778,-0.17238778,9.72315
29.047,-0.1340794,-0.19154198,9.708784
29.093,-0.16520496,-0.17957062,9.682447
29.114,-0.14365649,-0.18435916,9.701602
29.146,-0.14365649,-0.19154198,9.720756
29.186,-0.15562786,-0.2083019,9.696813
29.216,-0.16759923,-0.19154198,9.687236
29.247,-0.16520496,-0.1699935,9.735122
29.288,-0.16520496,-0.19633053,9.72315
29.317,-0.16041641,-0.21309046,9.694419
29.355,-0.16041641,-0.19393626,9.711179
29.388,-0.15323359,-0.14844504,9.703996
29.417,-0.14844504,-0.1699935,9.708784
29.449,-0.16520496,-0.1699935,9.72315
29.488,-0.15802214,-0.1699935,9.72315
29.517,-0.16041641,-0.18435916,9.711179
29.556,-0.16281068,-0.17478207,9.720756
29.588,-0.16281068,-0.19393626,9.70639
29.616,-0.16520496,-0.18914771,9.694419
29.655,-0.16520496,-0.15323359,9.72315
29.688,-0.16759923,-0.17238778,9.72315
29.727,-0.16281068,-0.17478207,9.70639
29.756,-0.15323359,-0.21548474,9.7135725
29.787,-0.15323359,-0.1987248,9.70639
29.828,-0.15083931,-0.18675344,9.696813
29.856,-0.13886794,-0.17717634,9.70639
29.887,-0.15323359,-0.16281068,9.720756
29.927,-0.13886794,-0.20111908,9.70639
29.956,-0.16520496,-0.17478207,9.703996
29.987,-0.14605077,-0.19633053,9.715967
30.026,-0.16281068,-0.21069619,9.701602
30.055,-0.16041641,-0.1699935,9.718362
30.094,-0.15802214,-0.18914771,9.708784
30.125,-0.14126222,-0.18914771,9.692024
30.155,-0.12689656,-0.14605077,9.72315
30.188,-0.13647367,-0.16281068,9.711179
30.227,-0.16759923,-0.17717634,9.720756
30.256,-0.16759923,-0.17238778,9.720756
30.288,-0.15562786,-0.16041641,9.703996
30.327,-0.16041641,-0.16520496,9.699207
30.356,-0.15802214,-0.18196489,9.703996
30.396,-0.1340794,-0.16281068,9.703996
30.427,-0.17238778,-0.18435916,9.711179
30.466,-0.15802214,-0.20111908,9.703996
30.497,-0.1699935,-0.16281068,9.70639
30.528,-0.1699935,-0.18196489,9.715967
30.567,-0.16041641,-0.2083019,9.7135725
30.596,-0.14605077,-0.20351335,9.711179
30.628,-0.16281068,-0.17717634,9.730332
30.667,-0.16041641,-0.16520496,9.727939
30.696,-0.17478207,-0.17238778,9.737515
30.728,-0.18675344,-0.28731298,9.701602
30.768,-0.17478207,-0.23224466,9.699207
30.796,-0.16041641,-0.18196489,9.72315
30.828,-0.14365649,-0.14844504,9.730332
30.867,-0.16759923,-0.21548474,9.708784
30.895,-0.15323359,-0.1987248,9.718362
30.937,-0.15802214,-0.14126222,9.727939
30.967,-0.17717634,-0.20351335,9.72315
30.999,-0.16041641,-0.18196489,9.70639
31.035,-0.1699935,-0.17717634,9.725544
31.067,-0.15323359,-0.17717634,9.7135725
31.095,-0.14844504,-0.19393626,9.699207
31.135,-0.16520496,-0.16281068,9.715967
31.165,-0.13647367,-0.18196489,9.711179
31.206,-0.14844504,-0.17957062,9.699207
31.236,-0.17717634,-0.16759923,9.72315
31.269,-0.15083931,-0.17238778,9.699207
31.307,-0.14365649,-0.17478207,9.677659
31.335,-0.16520496,-0.17717634,9.701602
31.366,-0.14844504,-0.16759923,9.699207
31.405,-0.14844504,-0.18675344,9.720756
31.435,-0.17717634,-0.25858167,9.699207
31.466,-0.15562786,-0.20111908,9.711179
31.506,-0.15083931,-0.22027329,9.696813
31.536,-0.16041641,-0.17957062,9.72315
31.567,-0.17957062,-0.16281068,9.727939
31.607,-0.11492519,-0.10055954,9.72315
31.636,-0.16041641,-0.29210153,9.672871
31.667,-0.14844504,-0.15562786,9.715967
31.706,-0.16520496,-0.14365649,9.718362
31.735,-0.1699935,-0.22985038,9.687236
31.776,-0.14126222,-0.18914771,9.708784
31.808,-0.14365649,-0.14126222,9.711179
31.834,-0.15802214,-0.16281068,9.711179
31.874,-0.16281068,-0.18914771,9.699207
31.906,-0.15323359,-0.2083019,9.70639
31.946,-0.15083931,-0.17957062,9.718362
31.974,-0.14126222,-0.16759923,9.72315
32.007,-0.12210801,-0.17957062,9.720756
32.045,-0.15083931,-0.15562786,9.708784
32.076,-0.15802214,-0.16520496,9.720756
32.105,-0.13647367,-0.18196489,9.725544
32.146,-0.13647367,-0.18914771,9.699207
32.174,-0.16520496,-0.18675344,9.737515
32.206,-0.14365649,-0.1699935,9.72315
32.246,-0.15562786,-0.18435916,9.708784
32.274,-0.15083931,-0.18914771,9.742304
32.306,-0.14605077,-0.16759923,9.711179
32.347,-0.15323359,-0.19393626,9.694419
32.376,-0.17478207,-0.17717634,9.718362
32.406,-0.17478207,-0.18675344,9.720756
32.447,-0.15323359,-0.15562786,9.7135725
32.475,-0.15802214,-0.19633053,9.703996
32.507,-0.15802214,-0.17478207,9.7135725
32.546,-0.14844504,-0.17478207,9.720756
32.576,-0.14605077,-0.17717634,9.725544
32.616,-0.14844504,-0.1699935,9.694419
32.647,-0.13886794,-0.17717634,9.703996
32.676,-0.1699935,-0.18914771,9.696813
32.708,-0.15323359,-0.20590763,9.70639
32.748,-0.16520496,-0.16041641,9.708784
32.775,-0.14365649,-0.18914771,9.715967
32.808,-0.16041641,-0.18914771,9.699207
32.845,-0.13886794,-0.18675344,9.715967
32.890,-0.14605077,-0.19633053,9.696813
32.916,-0.15083931,-0.17957062,9.692024
32.946,-0.15802214,-0.17957062,9.72315
32.979,-0.15562786,-0.15562786,9.72315
33.020,-0.15083931,-0.18196489,9.725544
33.047,-0.16041641,-0.19154198,9.694419
33.086,-0.15083931,-0.1699935,9.720756
33.113,-0.14126222,-0.16041641,9.70639
33.145,-0.14844504,-0.18196489,9.708784
33.186,-0.17478207,-0.17478207,9.727939
33.215,-0.15562786,-0.17238778,9.715967
33.246,-0.15083931,-0.17478207,9.715967
33.288,-0.15083931,-0.18196489,9.718362
33.315,-0.15323359,-0.19633053,9.730332
33.346,-0.14365649,-0.20111908,9.711179
33.385,-0.14605077,-0.18435916,9.701602
33.415,-0.14365649,-0.18196489,9.70639
33.455,-0.13647367,-0.17957062,9.715967
33.485,-0.15802214,-0.19633053,9.720756
33.515,-0.14365649,-0.18196489,9.715967
33.556,-0.15323359,-0.17957062,9.708784
33.587,-0.16281068,-0.17478207,9.703996
33.615,-0.15802214,-0.16041641,9.699207
33.656,-0.16041641,-0.19154198,9.711179
33.687,-0.15802214,-0.1699935,9.7135725
33.716,-0.15562786,-0.17478207,9.727939
33.756,-0.12689656,-0.18435916,9.715967
33.788,-0.1340794,-0.17478207,9.7135725
33.827,-0.15802214,-0.17957062,9.708784
33.856,-0.13168511,-0.18196489,9.715967
33.887,-0.14605077,-0.17478207,9.72315
33.926,-0.16759923,-0.18914771,9.701602
33.955,-0.15802214,-0.18675344,9.720756
33.986,-0.15802214,-0.17478207,9.720756
34.025,-0.14126222,-0.19393626,9.699207
34.054,-0.16759923,-0.19633053,9.718362
34.086,-0.14844504,-0.16759923,9.72315
34.125,-0.15562786,-0.16759923,9.720756
34.154,-0.14605077,-0.1699935,9.696813
34.186,-0.1699935,-0.19154198,9.703996
34.226,-0.16520496,-0.18196489,9.720756
34.255,-0.15083931,-0.17717634,9.703996
34.296,-0.15323359,-0.17717634,9.735122
34.328,-0.15323359,-0.17238778,9.718362
34.355,-0.14605077,-0.17478207,9.708784
34.394,-0.14605077,-0.19633053,9.715967
34.427,-0.15802214,-0.18914771,9.7135725
34.455,-0.14844504,-0.15323359,9.7135725
34.495,-0.14844504,-0.18196489,9.715967
34.527,-0.14365649,-0.17478207,9.737515
34.556,-0.13647367,-0.17717634,9.72315
34.595,-0.16759923,-0.16041641,9.72315
34.627,-0.15083931,-0.18435916,9.72315
34.667,-0.13647367,-0.17478207,9.7135725
34.696,-0.15083931,-0.18196489,9.708784
34.726,-0.14126222,-0.17238778,9.718362
34.765,-0.14605077,-0.17478207,9.7135725
34.795,-0.13647367,-0.17478207,9.703996
34.825,-0.14844504,-0.18914771,9.715967
34.868,-0.14126222,-0.18435916,9.701602
34.896,-0.14126222,-0.19154198,9.725544
34.926,-0.16281068,-0.17717634,9.7135725
34.968,-0.14605077,-0.16520496,9.708784
34.998,-0.13647367,-0.18675344,9.701602
35.028,-0.14126222,-0.18675344,9.70639
35.066,-0.13168511,-0.17717634,9.708784
35.094,-0.14844504,-0.18196489,9.72315
35.128,-0.15802214,-0.16759923,9.708784
35.164,-0.14126222,-0.17717634,9.711179
35.194,-0.15323359,-0.16281068,9.727939
35.235,-0.15802214,-0.17478207,9.711179
35.267,-0.13647367,-0.17957062,9.701602
35.295,-0.15323359,-0.1699935,9.715967
35.336,-0.15562786,-0.17238778,9.715967
35.367,-0.15562786,-0.15802214,9.715967
35.397,-0.15323359,-0.17478207,9.725544
35.435,-0.1340794,-0.17957062,9.718362
35.466,-0.1340794,-0.17957062,9.715967
35.506,-0.16520496,-0.17478207,9.7135725
35.535,-0.15562786,-0.16759923,9.72315
35.567,-0.15802214,-0.18675344,9.692024
35.606,-0.15083931,-0.17957062,9.727939
35.636,-0.17478207,-0.15562786,9.718362
35.667,-0.14126222,-0.19154198,9.701602
35.706,-0.16041641,-0.16041641,9.711179
35.734,-0.15562786,-0.18914771,9.727939
35.767,-0.13168511,-0.14605077,9.730332
35.807,-0.16281068,-0.16759923,9.708784
35.835,-0.14365649,-0.19393626,9.708784
35.866,-0.13647367,-0.1699935,9.718362
35.907,-0.14605077,-0.16759923,9.7135725
35.936,-0.14844504,-0.18196489,9.711179
35.974,-0.14605077,-0.18435916,9.696813
36.004,-0.15083931,-0.18196489,9.708784
36.035,-0.14365649,-0.18914771,9.7135725
36.074,-0.15083931,-0.18196489,9.687236
36.105,-0.14844504,-0.17717634,9.7135725
36.145,-0.15562786,-0.17238778,9.72315
36.174,-0.14365649,-0.19633053,9.70639
36.204,-0.15083931,-0.16520496,9.699207
36.246,-0.14605077,-0.17957062,9.7135725
36.274,-0.1340794,-0.17957062,9.701602
36.306,-0.15083931,-0.16041641,9.708784
36.347,-0.14126222,-0.18914771,9.703996
36.375,-0.13168511,-0.18914771,9.70639
36.407,-0.15802214,-0.19154198,9.715967
36.447,-0.15802214,-0.17478207,9.70639
36.476,-0.13168511,-0.16759923,9.70639
36.507,-0.14605077,-0.18435916,9.715967
36.548,-0.15802214,-0.19633053,9.70639
36.575,-0.1340794,-0.17238778,9.703996
36.607,-0.15562786,-0.17478207,9.72315
36.648,-0.13647367,-0.16281068,9.7135725
36.676,-0.14605077,-0.17238778,9.711179
36.707,-0.14605077,-0.19393626,9.703996
36.747,-0.14126222,-0.16041641,9.718362
36.775,-0.14605077,-0.19633053,9.715967
36.808,-0.14605077,-0.17478207,9.725544
36.849,-0.15323359,-0.19633053,9.703996
36.876,-0.14605077,-0.18196489,9.711179
36.917,-0.12689656,-0.16520496,9.715967
36.948,-0.12210801,-0.15802214,9.732727
36.976,-0.13886794,-0.19154198,9.711179
37.014,-0.13886794,-0.17238778,9.732727
37.048,-0.16041641,-0.18196489,9.725544
37.076,-0.13886794,-0.1699935,9.725544
37.114,-0.14365649,-0.18435916,9.708784
37.145,-0.16281068,-0.18435916,9.730332
37.187,-0.15802214,-0.22027329,9.699207
37.215,-0.15323359,-0.18435916,9.694419
37.247,-0.14844504,-0.17238778,9.708784
37.286,-0.15802214,-0.19154198,9.715967
37.317,-0.14365649,-0.16520496,9.725544
37.347,-0.15083931,-0.1699935,9.696813
37.388,-0.15562786,-0.17717634,9.725544
37.416,-0.15083931,-0.17238778,9.708784
37.448,-0.16520496,-0.17238778,9.72315
37.488,-0.16281068,-0.18914771,9.7135725
37.516,-0.14365649,-0.18435916,9.711179
37.547,-0.17478207,-0.18196489,9.708784
37.586,-0.15323359,-0.18914771,9.699207
37.616,-0.16281068,-0.19154198,9.715967
37.648,-0.15802214,-0.17478207,9.72315
37.688,-0.14605077,-0.18196489,9.7135725
37.716,-0.14365649,-0.16281068,9.718362
37.749,-0.15323359,-0.18435916,9.715967
37.787,-0.15802214,-0.16281068,9.715967
37.816,-0.15802214,-0.17717634,9.70639
37.855,-0.16041641,-0.17478207,9.708784
37.885,-0.15083931,-0.18914771,9.703996
37.916,-0.14365649,-0.17238778,9.70639
37.955,-0.15323359,-0.1699935,9.7135725
37.986,-0.15562786,-0.18914771,9.708784
38.018,-0.13168511,-0.18435916,9.708784
38.067,-0.16520496,-0.19393626,9.718362
38.087,-0.14126222,-0.21069619,9.692024
38.126,-0.14844504,-0.17478207,9.696813
38.154,-0.14605077,-0.15802214,9.7135725
38.185,-0.16281068,-0.15802214,9.720756
38.226,-0.14126222,-0.16281068,9.720756
38.256,-0.13647367,-0.18675344,9.725544
38.288,-0.15323359,-0.19154198,9.72315
38.328,-0.14365649,-0.16759923,9.715967
38.356,-0.15802214,-0.18675344,9.732727
38.387,-0.15802214,-0.19154198,9.711179
38.427,-0.13647367,-0.18914771,9.7135725
38.456,-0.16041641,-0.18675344,9.720756
38.495,-0.14844504,-0.18196489,9.727939
38.526,-0.15802214,-0.18196489,9.708784
38.556,-0.16759923,-0.19154198,9.720756
38.596,-0.15802214,-0.16041641,9.725544
38.628,-0.15562786,-0.1699935,9.718362
38.655,-0.14126222,-0.17238778,9.715967
38.696,-0.15083931,-0.18196489,9.7135725
38.727,-0.15802214,-0.1699935,9.708784
38.757,-0.16041641,-0.18196489,9.70639
38.795,-0.16520496,-0.18435916,9.720756
38.829,-0.15323359,-0.16520496,9.703996
38.856,-0.15802214,-0.1987248,9.725544
38.896,-0.14126222,-0.18435916,9.708784
38.927,-0.13886794,-0.18196489,9.727939
38.966,-0.16041641,-0.18435916,9.708784
38.996,-0.16041641,-0.18196489,9.744699
39.026,-0.13886794,-0.16041641,9.701602
39.068,-0.15562786,-0.16041641,9.708784
39.095,-0.14605077,-0.1987248,9.70639
39.125,-0.14365649,-0.16759923,9.718362
39.165,-0.14844504,-0.1699935,9.715967
39.195,-0.14605077,-0.16520496,9.72315
39.226,-0.13886794,-0.17717634,9.703996
39.266,-0.14844504,-0.17957062,9.70639
39.296,-0.14844504,-0.18435916,9.711179
39.327,-0.14126222,-0.20590763,9.708784
39.368,-0.13647367,-0.1699935,9.708784
39.396,-0.15802214,-0.17238778,9.730332
39.436,-0.14844504,-0.18675344,9.7135725
39.468,-0.15083931,-0.19393626,9.699207
39.496,-0.14844504,-0.1699935,9.711179
39.528,-0.15562786,-0.18914771,9.7135725
39.567,-0.15802214,-0.18196489,9.715967
39.597,-0.16041641,-0.17957062,9.708784
39.637,-0.13886794,-0.1987248,9.708784
39.666,-0.13168511,-0.19393626,9.7135725
39.707,-0.15083931,-0.17957062,9.708784
39.735,-0.12450229,-0.19154198,9.70639
39.767,-0.14844504,-0.19633053,9.70639
39.805,-0.14365649,-0.18914771,9.72315
39.834,-0.1340794,-0.18914771,9.727939
39.865,-0.15323359,-0.15802214,9.7135725
39.905,-0.15802214,-0.16759923,9.711179
39.934,-0.14365649,-0.20590763,9.699207
39.966,-0.14605077,-0.18435916,9.696813
40.007,-0.16041641,-0.17717634,9.715967
40.034,-0.14844504,-0.1699935,9.732727
40.068,-0.13886794,-0.20111908,9.7135725
40.106,-0.15083931,-0.16759923,9.70639
40.134,-0.15323359,-0.17717634,9.730332
40.174,-0.14365649,-0.17717634,9.701602
40.206,-0.15562786,-0.1699935,9.7135725
40.235,-0.14605077,-0.17957062,9.72315
40.268,-0.15083931,-0.18435916,9.727939
40.309,-0.15802214,-0.20590763,9.701602
40.337,-0.15083931,-0.18435916,9.708784
40.377,-0.15802214,-0.16759923,9.7135725
40.406,-0.1699935,-0.16759923,9.708784
40.437,-0.14126222,-0.18675344,9.718362
40.476,-0.16520496,-0.19154198,9.711179
40.507,-0.15323359,-0.17957062,9.715967
40.536,-0.14365649,-0.15323359,9.737515
40.577,-0.15323359,-0.20351335,9.708784
40.609,-0.16759923,-0.18675344,9.7135725
40.648,-0.15562786,-0.18435916,9.7135725
40.677,-0.13886794,-0.17238778,9.7135725
40.708,-0.16281068,-0.17717634,9.718362
40.748,-0.16041641,-0.19393626,9.696813
40.777,-0.15562786,-0.17717634,9.703996
40.808,-0.16281068,-0.17957062,9.73991
40.847,-0.15562786,-0.17478207,9.7135725
40.877,-0.13647367,-0.18196489,9.7135725
40.907,-0.14844504,-0.18196489,9.715967
40.948,-0.17478207,-0.16759923,9.725544
40.977,-0.15083931,-0.18196489,9.703996
41.007,-0.15323359,-0.16520496,9.718362
41.048,-0.16041641,-0.1699935,9.7135725
41.078,-0.15802214,-0.20590763,9.72315
41.115,-0.14605077,-0.15802214,9.70639
41.146,-0.15083931,-0.17717634,9.715967
41.175,-0.14605077,-0.16520496,9.70639
41.216,-0.14844504,-0.19154198,9.718362
41.248,-0.14126222,-0.18435916,9.70639
41.276,-0.15562786,-0.17478207,9.70639
41.317,-0.14126222,-0.17478207,9.7135725
41.349,-0.16281068,-0.15562786,9.7135725
41.377,-0.13886794,-0.17717634,9.732727
41.417,-0.14844504,-0.17238778,9.718362
41.449,-0.15562786,-0.17238778,9.725544
41.477,-0.14844504,-0.18196489,9.694419
41.517,-0.14365649,-0.16759923,9.708784
41.549,-0.14844504,-0.14605077,9.703996
41.589,-0.16759923,-0.17238778,9.720756
41.617,-0.14844504,-0.1699935,9.715967
41.649,-0.14605077,-0.19393626,9.701602
41.688,-0.13168511,-0.17238778,9.720756
41.716,-0.15802214,-0.17717634,9.711179
41.750,-0.1340794,-0.16520496,9.708784
41.788,-0.15323359,-0.19154198,9.701602
41.817,-0.12929083,-0.18435916,9.725544
41.848,-0.14844504,-0.20111908,9.708784
41.890,-0.13647367,-0.20111908,9.694419
41.917,-0.16520496,-0.16281068,9.708784
41.948,-0.16041641,-0.18435916,9.703996
41.988,-0.14365649,-0.16281068,9.718362
42.016,-0.14844504,-0.1699935,9.7135725
42.048,-0.15083931,-0.20111908,9.708784
42.084,-0.14126222,-0.16520496,9.70639
42.119,-0.15323359,-0.17717634,9.715967
42.157,-0.14126222,-0.17238778,9.703996
42.188,-0.14365649,-0.18196489,9.699207
42.216,-0.14365649,-0.18675344,9.727939
42.250,-0.15323359,-0.16759923,9.708784
42.288,-0.14844504,-0.19154198,9.720756
42.317,-0.15083931,-0.17717634,9.72315
42.357,-0.15323359,-0.17717634,9.725544
42.388,-0.16520496,-0.19154198,9.70639
42.429,-0.14844504,-0.18914771,9.699207
42.457,-0.14605077,-0.17957062,9.701602
42.489,-0.18196489,-0.17238778,9.708784
42.528,-0.13886794,-0.18196489,9.708784
42.556,-0.1340794,-0.19154198,9.711179
42.589,-0.1340794,-0.17957062,9.70639
42.627,-0.16281068,-0.19633053,9.725544
42.657,-0.16041641,-0.17478207,9.727939
42.688,-0.16759923,-0.16759923,9.720756
42.728,-0.15562786,-0.17478207,9.701602
42.757,-0.16520496,-0.17478207,9.718362
42.789,-0.15083931,-0.1699935,9.708784
42.828,-0.15323359,-0.18435916,9.70639
42.857,-0.12450229,-0.16041641,9.720756
42.888,-0.14126222,-0.16759923,9.70639
42.928,-0.15802214,-0.16041641,9.715967
42.957,-0.16759923,-0.16759923,9.720756
42.989,-0.15562786,-0.21069619,9.711179
43.027,-0.13647367,-0.1699935,9.7135725
43.059,-0.16281068,-0.18435916,9.7135725
43.096,-0.15083931,-0.1699935,9.711179
43.127,-0.12689656,-0.16041641,9.711179
43.167,-0.16281068,-0.16281068,9.699207
43.196,-0.15083931,-0.1699935,9.694419
43.228,-0.16759923,-0.18435916,9.72315
43.268,-0.14844504,-0.18435916,9.708784
43.296,-0.17478207,-0.16281068,9.70639
43.329,-0.117319465,-0.19633053,9.708784
43.368,-0.14365649,-0.17478207,9.725544
43.397,-0.15323359,-0.19154198,9.711179
43.428,-0.16520496,-0.1987248,9.73991
43.470,-0.16041641,-0.19633053,9.70639
43.493,-0.1699935,-0.19393626,9.7135725
43.529,-0.14365649,-0.17957062,9.725544
43.569,-0.15323359,-0.15802214,9.725544
43.597,-0.15323359,-0.18675344,9.720756
43.637,-0.14605077,-0.17957062,9.718362
43.668,-0.15323359,-0.20590763,9.703996
43.696,-0.14844504,-0.16759923,9.718362
43.737,-0.14126222,-0.15802214,9.694419
43.769,-0.15083931,-0.16520496,9.718362
43.796,-0.17478207,-0.1699935,9.72315
43.829,-0.15323359,-0.19393626,9.701602
43.869,-0.15083931,-0.22027329,9.7135725
43.897,-0.16041641,-0.19393626,9.70639
43.936,-0.15323359,-0.20351335,9.7135725
43.969,-0.1340794,-0.18675344,9.720756
44.008,-0.16759923,-0.18914771,9.718362
44.036,-0.13647367,-0.17717634,9.7135725
44.066,-0.15083931,-0.15562786,9.737515
44.106,-0.17717634,-0.17717634,9.730332
44.135,-0.15802214,-0.18914771,9.703996
44.166,-0.13886794,-0.17957062,9.720756
44.209,-0.15323359,-0.17957062,9.7135725
44.236,-0.1340794,-0.17478207,9.696813
44.267,-0.16041641,-0.18196489,9.708784
44.308,-0.14605077,-0.17478207,9.7135725
44.337,-0.14365649,-0.1699935,9.694419
44.367,-0.14365649,-0.20590763,9.701602
44.409,-0.16041641,-0.1699935,9.711179
44.437,-0.13886794,-0.17957062,9.715967
44.468,-0.16759923,-0.18675344,9.7135725
44.509,-0.15323359,-0.17238778,9.715967
44.537,-0.16520496,-0.20351335,9.699207
44.568,-0.14126222,-0.20111908,9.692024
44.608,-0.14844504,-0.18196489,9.70639
44.637,-0.14844504,-0.1699935,9.725544
44.677,-0.15083931,-0.17238778,9.7135725
44.708,-0.14844504,-0.18435916,9.711179
44.736,-0.12929083,-0.1987248,9.715967
44.770,-0.1699935,-0.17478207,9.7135725
44.808,-0.16520496,-0.17478207,9.711179
44.838,-0.15802214,-0.17478207,9.718362
44.875,-0.12929083,-0.17957062,9.70639
44.907,-0.17478207,-0.17238778,9.7135725
44.949,-0.16281068,-0.17238778,9.718362
44.976,-0.14126222,-0.18914771,9.725544
45.007,-0.14844504,-0.19393626,9.7135725
45.047,-0.14365649,-0.1987248,9.701602
45.076,-0.14844504,-0.16759923,9.70639
45.108,-0.15083931,-0.1699935,9.715967
45.147,-0.14844504,-0.15802214,9.711179
45.175,-0.14605077,-0.18914771,9.703996
45.215,-0.16759923,-0.16281068,9.727939
45.247,-0.14844504,-0.17478207,9.703996
45.276,-0.16041641,-0.16281068,9.718362
45.309,-0.16041641,-0.1987248,9.7135725
45.348,-0.12929083,-0.17717634,9.718362
45.376,-0.15083931,-0.17478207,9.72315
45.408,-0.16759923,-0.16520496,9.725544
45.447,-0.15323359,-0.19633053,9.725544
45.476,-0.15802214,-0.17478207,9.694419
45.517,-0.14844504,-0.1699935,9.70639
45.548,-0.15083931,-0.18914771,9.70639
45.578,-0.16520496,-0.1699935,9.72315
45.617,-0.15323359,-0.17957062,9.72315
45.648,-0.1340794,-0.17957062,9.708784
45.689,-0.16041641,-0.1987248,9.699207
45.716,-0.13886794,-0.17478207,9.687236
45.747,-0.16281068,-0.16041641,9.70639
45.788,-0.13647367,-0.16281068,9.708784
45.817,-0.16041641,-0.17717634,9.727939
45.849,-0.15562786,-0.17238778,9.708784
45.887,-0.14126222,-0.17717634,9.715967
45.916,-0.14605077,-0.14126222,9.725544
45.948,-0.14126222,-0.16520496,9.715967
45.987,-0.13886794,-0.17238778,9.718362
46.023,-0.1340794,-0.16520496,9.694419
46.047,-0.12450229,-0.20111908,9.70639
46.086,-0.13168511,-0.21548474,9.696813
46.116,-0.15562786,-0.18435916,9.687236
46.155,-0.16520496,-0.20590763,9.725544
46.186,-0.15323359,-0.18196489,9.70639
46.216,-0.15323359,-0.17717634,9.715967
46.256,-0.14365649,-0.18675344,9.70639
46.289,-0.16520496,-0.15802214,9.718362
46.317,-0.16759923,-0.22745611,9.687236
46.356,-0.14844504,-0.18914771,9.715967
46.388,-0.12929083,-0.16759923,9.699207
46.417,-0.17238778,-0.17478207,9.720756
46.456,-0.16281068,-0.1987248,9.708784
46.490,-0.13647367,-0.19154198,9.703996
46.527,-0.15083931,-0.18914771,9.703996
46.557,-0.14605077,-0.16041641,9.72315
46.587,-0.15083931,-0.16520496,9.718362
46.627,-0.15323359,-0.18914771,9.711179
46.655,-0.16759923,-0.20590763,9.718362
46.686,-0.14126222,-0.23463893,9.687236
46.728,-0.15562786,-0.18435916,9.6896305
46.757,-0.15083931,-0.18675344,9.6896305
46.787,-0.14126222,-0.19633053,9.711179
46.828,-0.14605077,-0.2083019,9.701602
46.857,-0.15562786,-0.15323359,9.715967
46.897,-0.15802214,-0.11013664,9.727939
46.928,-0.14126222,-0.16041641,9.735122
46.958,-0.15323359,-0.17238778,9.718362
46.989,-0.15562786,-0.16281068,9.725544
47.027,-0.16041641,-0.15323359,9.732727
47.055,-0.16520496,-0.1987248,9.727939
47.090,-0.12450229,-0.17717634,9.70639
47.126,-0.14605077,-0.22266756,9.711179
47.167,-0.16520496,-0.18675344,9.720756
47.195,-0.11971374,-0.14365649,9.72315
47.226,-0.16281068,-0.15083931,9.730332
47.256,-0.15323359,-0.16520496,9.708784
47.296,-0.11971374,-0.15562786,9.7135725
47.327,-0.14844504,-0.1699935,9.720756
47.369,-0.16281068,-0.16520496,9.715967
47.397,-0.14126222,-0.20351335,9.711179
47.429,-0.14844504,-0.18435916,9.720756
47.469,-0.16041641,-0.18196489,9.718362
47.497,-0.15323359,-0.20351335,9.687236
47.527,-0.16281068,-0.19154198,9.720756
47.567,-0.15083931,-0.17957062,9.718362
47.596,-0.15562786,-0.21309046,9.701602
47.628,-0.16281068,-0.19393626,9.72315
47.667,-0.15323359,-0.21309046,9.696813
47.697,-0.14365649,-0.20111908,9.72315
47.728,-0.15802214,-0.15083931,9.711179
47.768,-0.14126222,-0.13886794,9.744699
47.796,-0.13647367,-0.15083931,9.701602
47.830,-0.1699935,-0.16759923,9.730332
47.868,-0.16041641,-0.18675344,9.720756
47.898,-0.15083931,-0.19633053,9.7135725
47.928,-0.14844504,-0.14844504,9.7135725
47.967,-0.14365649,-0.20590763,9.725544
47.996,-0.16520496,-0.18914771,9.701602
48.037,-0.14844504,-0.17957062,9.720756
48.068,-0.16281068,-0.18675344,9.711179
48.101,-0.14126222,-0.17957062,9.711179
48.130,-0.14605077,-0.16281068,9.715967
48.167,-0.16041641,-0.19633053,9.699207
48.206,-0.14844504,-0.16759923,9.711179
48.236,-0.15562786,-0.1699935,9.730332
48.267,-0.14365649,-0.16041641,9.718362
48.309,-0.14605077,-0.20111908,9.703996
48.337,-0.15802214,-0.17238778,9.715967
48.370,-0.14844504,-0.18196489,9.725544
48.399,-0.17238778,-0.16041641,9.711179
48.437,-0.13647367,-0.17478207,9.72315
48.469,-0.15562786,-0.12929083,9.730332
48.508,-0.16520496,-0.16041641,9.701602
48.538,-0.13647367,-0.16759923,9.708784
48.569,-0.17957062,-0.17478207,9.7135725
48.608,-0.14844504,-0.16281068,9.725544
48.637,-0.14844504,-0.17717634,9.701602
48.669,-0.15802214,-0.1987248,9.715967
48.708,-0.16041641,-0.17717634,9.727939
48.737,-0.14365649,-0.17957062,9.727939
48.770,-0.13886794,-0.19393626,9.715967
48.808,-0.15083931,-0.18914771,9.715967
48.837,-0.16759923,-0.19393626,9.727939
48.869,-0.16759923,-0.18435916,9.730332
48.910,-0.15083931,-0.19154198,9.70639
48.937,-0.14844504,-0.16041641,9.70639
48.977,-0.15083931,-0.19633053,9.70639
49.009,-0.14844504,-0.17957062,9.711179
49.048,-0.14844504,-0.17478207,9.701602
49.076,-0.15562786,-0.18435916,9.718362
49.107,-0.14844504,-0.19393626,9.715967
49.146,-0.14605077,-0.17957062,9.718362
49.176,-0.16041641,-0.1699935,9.715967
49.208,-0.14605077,-0.13647367,9.720756
49.248,-0.13886794,-0.13886794,9.725544
49.277,-0.1699935,-0.17478207,9.72315
49.309,-0.13886794,-0.16759923,9.699207
49.348,-0.15562786,-0.16041641,9.711179
49.376,-0.16520496,-0.19393626,9.70639
49.409,-0.15323359,-0.17478207,9.711179
49.449,-0.14365649,-0.17957062,9.7135725
49.476,-0.13886794,-0.21787901,9.699207
49.508,-0.15083931,-0.1987248,9.711179
49.550,-0.1340794,-0.18675344,9.708784
49.577,-0.15562786,-0.18914771,9.725544
49.609,-0.15562786,-0.18914771,9.70639
49.648,-0.15802214,-0.17717634,9.7135725
49.676,-0.14365649,-0.17957062,9.703996
49.717,-0.14844504,-0.16520496,9.708784
49.749,-0.16281068,-0.16041641,9.732727
49.777,-0.14365649,-0.15802214,9.737515
49.816,-0.15083931,-0.1699935,9.72315
49.849,-0.15323359,-0.17957062,9.720756
49.877,-0.16281068,-0.17478207,9.732727
49.917,-0.16759923,-0.18435916,9.703996
49.949,-0.12929083,-0.19154198,9.718362
49.988,-0.16759923,-0.17957062,9.718362
50.017,-0.14844504,-0.16759923,9.718362
50.048,-0.1340794,-0.17478207,9.72315
50.089,-0.15083931,-0.17238778,9.711179
50.119,-0.16520496,-0.16281068,9.72315
50.147,-0.13886794,-0.16520496,9.708784
50.186,-0.15323359,-0.17478207,9.720756
50.215,-0.15083931,-0.1699935,9.72315
50.247,-0.15083931,-0.16281068,9.718362
50.287,-0.14844504,-0.18196489,9.72315
50.316,-0.15802214,-0.18914771,9.718362
50.349,-0.14126222,-0.18196489,9.715967
50.388,-0.16759923,-0.17478207,9.708784
50.417,-0.16520496,-0.17957062,9.715967
50.449,-0.15562786,-0.1699935,9.7135725
50.489,-0.15323359,-0.15802214,9.730332
50.518,-0.16759923,-0.1699935,9.715967
50.557,-0.15802214,-0.17478207,9.725544
50.588,-0.15802214,-0.17478207,9.696813
50.617,-0.15562786,-0.1699935,9.715967
50.658,-0.16759923,-0.17238778,9.730332
50.692,-0.15323359,-0.1699935,9.711179
50.717,-0.16281068,-0.17478207,9.715967
50.758,-0.16520496,-0.17478207,9.711179
50.789,-0.15323359,-0.16281068,9.715967
50.829,-0.16041641,-0.17238778,9.72315
50.857,-0.13647367,-0.18435916,9.725544
50.889,-0.15802214,-0.17238778,9.6896305
50.928,-0.14126222,-0.16759923,9.7135725
50.957,-0.14605077,-0.17957062,9.718362
50.988,-0.17717634,-0.19633053,9.732727
51.030,-0.15562786,-0.19154198,9.718362
51.056,-0.15083931,-0.18196489,9.72315
51.088,-0.15802214,-0.18196489,9.72315
51.128,-0.16520496,-0.18914771,9.747093
51.156,-0.15323359,-0.1699935,9.708784
51.195,-0.15083931,-0.18914771,9.703996
51.229,-0.16520496,-0.18435916,9.725544
51.257,-0.14605077,-0.18196489,9.711179
51.288,-0.14365649,-0.18435916,9.7135725
51.327,-0.14844504,-0.17238778,9.708784
51.357,-0.15083931,-0.17717634,9.708784
51.397,-0.16041641,-0.16041641,9.711179
51.429,-0.16520496,-0.17717634,9.735122
51.457,-0.14844504,-0.18435916,9.70639
51.497,-0.15323359,-0.17478207,9.70639
51.528,-0.15562786,-0.18196489,9.7135725
51.557,-0.15323359,-0.19633053,9.715967
51.597,-0.15323359,-0.1987248,9.720756
51.626,-0.16520496,-0.18675344,9.711179
51.668,-0.15802214,-0.1699935,9.72315
51.697,-0.15083931,-0.16041641,9.711179
51.728,-0.16041641,-0.16520496,9.725544
51.769,-0.16281068,-0.17478207,9.725544
51.797,-0.12450229,-0.17717634,9.7135725
51.828,-0.15562786,-0.18196489,9.699207
51.868,-0.14844504,-0.17478207,9.703996
51.898,-0.15323359,-0.17238778,9.699207
51.928,-0.15562786,-0.15802214,9.70639
51.969,-0.16281068,-0.16520496,9.720756
51.996,-0.16281068,-0.17478207,9.72315
52.036,-0.13168511,-0.16759923,9.711179
52.068,-0.14605077,-0.17238778,9.701602
52.096,-0.16520496,-0.19154198,9.708784
52.135,-0.16281068,-0.19393626,9.7135725
52.166,-0.15083931,-0.17478207,9.694419
52.206,-0.13647367,-0.19393626,9.720756
52.235,-0.16281068,-0.16520496,9.715967
52.266,-0.14844504,-0.19633053,9.715967
52.297,-0.14605077,-0.19154198,9.708784
52.337,-0.16041641,-0.18196489,9.7135725
52.368,-0.14126222,-0.18914771,9.696813
52.408,-0.14844504,-0.15802214,9.715967
52.437,-0.15323359,-0.16281068,9.72315
52.468,-0.14605077,-0.18914771,9.711179
52.509,-0.16759923,-0.16759923,9.730332
52.537,-0.15802214,-0.20111908,9.711179
52.568,-0.14126222,-0.19633053,9.720756
52.611,-0.15323359,-0.19393626,9.718362
52.635,-0.15323359,-0.18914771,9.725544
52.667,-0.13168511,-0.19154198,9.715967
52.706,-0.15083931,-0.17478207,9.711179
52.736,-0.15323359,-0.16520496,9.715967
52.775,-0.14605077,-0.1699935,9.720756
52.807,-0.14844504,-0.16281068,9.7135725
52.837,-0.16281068,-0.16281068,9.720756
52.877,-0.14844504,-0.18914771,9.725544
52.908,-0.15802214,-0.18435916,9.7135725
52.937,-0.16281068,-0.17238778,9.708784
52.976,-0.16759923,-0.17238778,9.703996
53.007,-0.14844504,-0.19154198,9.711179
53.048,-0.14126222,-0.17238778,9.696813
53.075,-0.15323359,-0.19154198,9.715967
53.108,-0.15562786,-0.1699935,9.70639
53.147,-0.16281068,-0.17478207,9.70639
53.175,-0.14605077,-0.19154198,9.720756
53.206,-0.15083931,-0.18675344,9.7135725
53.246,-0.14126222,-0.18675344,9.701602
53.276,-0.14126222,-0.18675344,9.725544
53.308,-0.2083019,-0.19154198,9.26345
53.346,-0.35914123,-0.22745611,9.440625
53.376,-0.20111908,-0.18675344,9.526819
53.407,-0.09337672,-0.15802214,9.457385
53.446,-0.32801566,-0.22027329,9.502876
53.477,-0.11971374,-0.17478207,10.065532
53.508,-0.0071828244,-0.1340794,9.993703
53.547,0.1340794,-0.071828246,8.978531
53.575,-0.25139886,-0.18914771,9.735122
53.607,-0.14605077,-0.18914771,9.656111
53.648,-0.1340794,-0.18196489,9.72315
53.677,-0.13886794,-0.19633053,9.701602
53.717,-0.15083931,-0.17478207,9.701602
53.750,-0.15802214,-0.17478207,9.715967
53.777,-0.16041641,-0.17478207,9.7135725
53.810,0.019154198,-0.13647367,9.897932
53.846,-0.2681588,-0.2083019,9.586677
53.876,-0.08619389,-0.18196489,9.7135725
53.915,-0.098165266,-0.17717634,9.766247
53.948,-0.18914771,-0.18196489,9.270632
53.989,-0.29689008,-0.21787901,9.703996
54.020,-0.0071828244,-0.13886794,10.015251
54.047,0.43575802,-0.026337024,9.419077
54.088,-0.076616794,-0.17717634,9.799767
54.116,-0.17478207,-0.17478207,9.711179
54.146,-0.15083931,-0.17238778,9.701602
54.186,-0.14126222,-0.17478207,9.727939
54.216,-0.14844504,-0.17717634,9.715967
54.247,-0.13886794,-0.19633053,9.720756
54.290,-0.14844504,-0.18435916,9.70639
54.316,-0.13886794,-0.17957062,9.701602
54.348,-0.16281068,-0.18435916,9.711179
54.387,-0.14365649,-0.17957062,9.730332
54.417,-0.13647367,-0.19633053,9.703996
54.448,-0.15083931,-0.18435916,9.725544
54.488,-0.17238778,-0.18914771,9.699207
54.516,-0.14126222,-0.18196489,9.72315
54.548,-0.15083931,-0.19154198,9.708784
54.588,-0.14605077,-0.16041641,9.715967
54.616,-0.14844504,-0.17478207,9.70639
54.649,-0.16520496,-0.16281068,9.72315
54.687,-0.15802214,-0.19633053,9.715967
54.716,-0.14844504,-0.19393626,9.72315
54.757,-0.15562786,-0.19633053,9.701602
54.789,-0.16281068,-0.16281068,9.732727
54.816,-0.23942748,-0.021548472,9.917087
54.857,-0.18196489,-0.0670397,9.761458
54.886,-0.17238778,-0.13168511,9.6896305
54.919,-0.15323359,-0.15323359,9.751882
54.957,-0.15562786,-0.16520496,9.730332
54.987,-0.13886794,-0.19154198,9.708784
55.019,-0.15323359,-0.15323359,9.7135725
55.056,-0.16759923,-0.16281068,9.720756
55.089,-0.16281068,-0.16759923,9.715967
55.126,-0.15562786,-0.18196489,9.708784
55.157,-0.14844504,-0.18914771,9.732727
55.186,-0.16041641,-0.18914771,9.72315
55.226,-0.16281068,-0.17238778,9.718362
55.256,-0.15323359,-0.18675344,9.718362
55.295,-0.17717634,-0.16759923,9.72315
55.326,-0.15323359,-0.1699935,9.715967
55.355,-0.16759923,-0.18196489,9.703996
55.397,-0.15802214,-0.17478207,9.727939
55.428,-0.16041641,-0.19633053,9.708784
55.457,-0.17717634,-0.17717634,9.72315
55.496,-0.14844504,-0.17717634,9.732727
55.527,-0.15802214,-0.17478207,9.708784
55.557,-0.16281068,-0.16281068,9.73991
55.597,-0.16281068,-0.18675344,9.727939
55.627,-0.15083931,-0.18914771,9.692024
55.656,-0.14126222,-0.18675344,9.737515
55.696,-0.14844504,-0.17478207,9.720756
55.728,-0.15323359,-0.18435916,9.703996
55.768,-0.15562786,-0.19154198,9.72315
55.796,-0.17478207,-0.19393626,9.725544
55.827,-0.15562786,-0.16281068,9.715967
55.866,-0.13647367,-0.16520496,9.715967
55.897,-0.15323359,-0.17478207,9.718362
55.928,-0.1340794,-0.19393626,9.701602
55.968,-0.16759923,-0.17717634,9.72315
55.997,-0.17717634,-0.17478207,9.72315
56.027,-0.14605077,-0.17238778,9.72315
56.065,-0.16281068,-0.17238778,9.730332
56.096,-0.15562786,-0.18675344,9.711179
56.127,-0.15562786,-0.17238778,9.715967
56.166,-0.15323359,-0.17478207,9.708784
56.195,-0.17717634,-0.18675344,9.715967
56.236,-0.15323359,-0.18914771,9.735122
56.266,-0.16041641,-0.17717634,9.718362
56.295,-0.15802214,-0.16041641,9.727939
56.328,-0.16759923,-0.05027977,9.75667
56.367,-0.18435916,-0.21309046,9.699207
56.400,-0.22266756,-0.58420306,9.70639
56.437,-0.16759923,-0.14126222,9.675264
56.471,-0.14844504,-0.16041641,9.727939
56.497,-0.16041641,-0.18675344,9.732727
56.536,-0.16759923,-0.18196489,9.70639
56.568,-0.15562786,-0.16759923,9.708784
56.607,-0.15802214,-0.15802214,9.718362
56.636,-0.15802214,-0.16520496,9.72315
56.666,-0.15562786,-0.17478207,9.730332
56.708,-0.16041641,-0.16520496,9.735122
56.736,-0.17238778,-0.16759923,9.70639
56.768,-0.16041641,-0.18196489,9.718362
56.807,-0.15562786,-0.18914771,9.725544
56.836,-0.16041641,-0.16759923,9.720756
56.868,-0.15802214,-0.17478207,9.72315
56.908,-0.16281068,-0.18675344,9.718362
56.935,-0.1699935,-0.18675344,9.720756
56.968,-0.17478207,-0.18914771,9.725544
57.008,-0.14605077,-0.17717634,9.715967
57.035,-0.1699935,-0.17957062,9.732727
57.075,-0.15562786,-0.19393626,9.70639
57.109,-0.15323359,-0.18435916,9.725544
57.142,-0.16281068,-0.17957062,9.718362
57.174,-0.14365649,-0.20590763,9.72315
57.206,-0.17238778,-0.17478207,9.711179
57.247,-0.14605077,-0.1699935,9.694419
57.276,-0.14605077,-0.1699935,9.715967
57.308,-0.17717634,-0.16041641,9.727939
57.336,-0.16520496,-0.18914771,9.7135725
57.376,-0.17957062,-0.22266756,9.725544
57.406,-0.14365649,-0.17717634,9.7135725
57.446,-0.17238778,-0.16520496,9.720756
57.476,-0.16520496,-0.20111908,9.730332
57.507,-0.13168511,-0.19154198,9.7135725
57.549,-0.17478207,-0.17478207,9.73991
57.576,-0.15802214,-0.17478207,9.720756
57.608,-0.1699935,-0.19154198,9.708784
57.648,-0.17238778,-0.17957062,9.720756
57.677,-0.1699935,-0.15802214,9.725544
57.706,-0.14605077,-0.17238778,9.70639
57.747,-0.16281068,-0.16520496,9.70639
57.777,-0.16520496,-0.14844504,9.720756
57.807,-0.17238778,-0.19154198,9.730332
57.847,-0.14844504,-0.16041641,9.725544
57.875,-0.16281068,-0.15562786,9.718362
57.909,-0.18196489,-0.16520496,9.735122
57.948,-0.16759923,-0.17238778,9.72315
57.975,-0.17238778,-0.17957062,9.725544
58.015,-0.16041641,-0.16520496,9.72315
58.047,-0.15323359,-0.18435916,9.703996
58.076,-0.17238778,-0.18914771,9.703996
58.115,-0.15083931,-0.18914771,9.701602
58.147,-0.13647367,-0.17478207,9.703996
58.186,-0.15323359,-0.18914771,9.703996
58.216,-0.14605077,-0.16041641,9.715967
58.246,-0.14365649,-0.18675344,9.711179
58.287,-0.15802214,-0.16520496,9.725544
58.315,-0.14365649,-0.16759923,9.70639
58.346,-0.15562786,-0.2083019,9.711179
58.387,-0.15802214,-0.18435916,9.727939
58.418,-0.16041641,-0.20111908,9.708784
58.449,-0.16041641,-0.2083019,9.720756
58.488,-0.15323359,-0.17238778,9.70639
58.516,-0.17478207,-0.1699935,9.708784
58.547,-0.17957062,-0.16759923,9.73991
58.586,-0.15323359,-0.19154198,9.703996
58.617,-0.16281068,-0.18914771,9.70639
58.647,-0.17478207,-0.23463893,9.718362
58.686,-0.15802214,-0.12929083,9.72315
58.716,-0.15083931,-0.17238778,9.7135725
58.756,-0.1699935,-0.16520496,9.70639
58.788,-0.14844504,-0.18675344,9.720756
58.815,-0.16281068,-0.18435916,9.735122
58.856,-0.16520496,-0.17957062,9.725544
58.886,-0.16041641,-0.19393626,9.72315
58.916,-0.17238778,-0.19154198,9.732727
58.956,-0.16041641,-0.17957062,9.72315
58.987,-0.15323359,-0.17717634,9.70639
59.016,-0.16759923,-0.15802214,9.718362
59.055,-0.15323359,-0.1699935,9.737515
59.089,-0.15562786,-0.18435916,9.725544
59.126,-0.13647367,-0.15802214,9.730332
59.154,-0.16041641,-0.17238778,9.727939
59.185,-0.13886794,-0.17478207,9.718362
59.226,-0.15562786,-0.18196489,9.720756
59.254,-0.17238778,-0.18196489,9.703996
59.287,-0.15323359,-0.21787901,9.692024
59.327,-0.15323359,-0.17957062,9.694419
59.355,-0.14844504,-0.18914771,9.711179
59.387,-0.12929083,-0.1987248,9.696813
59.427,-0.15562786,-0.16281068,9.730332
59.455,-0.15323359,-0.15323359,9.708784
59.487,-0.14605077,-0.17717634,9.711179
59.528,-0.15083931,-0.18675344,9.711179
59.557,-0.16520496,-0.17478207,9.72315
59.596,-0.14365649,-0.18435916,9.727939
59.627,-0.16041641,-0.1699935,9.708784
59.656,-0.16281068,-0.1699935,9.711179
59.696,-0.15083931,-0.17957062,9.699207
59.727,-0.16281068,-0.17717634,9.715967
59.756,-0.16520496,-0.15802214,9.725544
59.796,-0.14365649,-0.16759923,9.715967
59.827,-0.14365649,-0.17957062,9.703996
59.866,-0.16041641,-0.19154198,9.718362
59.895,-0.16041641,-0.17717634,9.72315
59.927,-0.15562786,-0.18435916,9.715967
59.967,-0.16520496,-0.17478207,9.7135725
59.996,-0.14365649,-0.16520496,9.715967
