timestamp,x,y,z
00.007,2.4637089,8.545167,4.017593
00.021,2.535537,8.557138,4.1325183
00.058,2.52596,8.411087,4.278569
00.099,2.743839,8.360807,4.685596
00.124,2.5810282,8.332076,4.7358756
00.157,2.5906053,8.344048,4.5419393
00.200,2.423006,8.466156,4.3911
00.224,2.2601955,8.46855,4.312089
00.257,2.2338583,8.506859,4.1947694
00.298,2.3966691,8.482916,4.14449
00.324,2.5139885,8.408693,4.0894213
00.356,2.6121538,8.334471,4.2594147
00.396,2.6600394,8.324894,4.5515165
00.423,2.595394,8.320105,4.477294
00.457,2.5187771,8.317711,4.4413795
00.500,2.3368123,8.432636,4.4318027
00.537,2.238647,8.494887,4.333637
00.558,2.3128695,8.490098,4.3599744
00.598,2.264984,8.475733,4.304906
00.625,2.4493432,8.454185,4.3192716
00.664,2.7055306,8.303345,4.3623686
00.699,2.7127132,8.281796,4.455745
00.740,2.5211713,8.303345,4.4126487
00.765,2.5522969,8.377567,4.4844766
00.798,2.3894863,8.394327,4.398283
00.839,2.281744,8.456578,4.3695517
00.866,2.3463893,8.43503,4.565882
00.898,2.3775148,8.40151,4.3863115
00.938,2.6720107,8.346442,4.278569
00.965,2.8013015,8.324894,4.278569
00.999,2.569057,8.269825,4.352792
01.038,2.4158232,8.3129225,4.537151
01.065,2.2506182,8.300951,4.4725056
01.099,2.2721667,8.389539,4.4988422
01.138,2.185973,8.430242,4.453351
01.164,2.2530127,8.458973,4.5347567
01.198,2.2003386,8.466156,4.6832013
01.236,2.2410412,8.3679905,4.680807
01.263,2.2697725,8.322499,4.6736245
01.301,2.2434354,8.284191,4.5970078
01.336,2.1835787,8.439818,4.312089
01.376,2.169213,8.454185,4.556305
01.404,1.9680939,8.511647,4.400677
01.436,1.9561225,8.628966,4.4126487
01.464,1.8196489,8.636149,4.381523
01.504,1.7717633,8.626573,4.230684
01.538,1.8052832,8.616995,4.168432
01.568,1.9585168,8.741497,3.6369035
01.603,2.1907616,8.447001,4.3432145
01.637,2.2027328,8.499676,4.252232
01.676,2.0375278,8.511647,4.328849
01.703,1.9465454,8.549955,4.352792
01.736,1.8459859,8.597841,4.3599744
01.777,2.0016139,8.504464,4.4677167
01.803,1.960911,8.497281,4.415043
01.836,1.8172545,8.559532,4.477294
01.876,1.8100717,8.612206,4.40786
01.903,1.6137413,8.751075,3.8045027
01.941,1.5969813,8.5882635,4.304906
01.976,1.9369683,8.605023,4.1564612
02.003,1.9992194,8.557138,4.130124
02.036,2.0949905,8.494887,4.189981
02.076,2.0686533,8.506859,4.417437
02.103,1.9417568,8.487704,4.4246197
02.138,1.9633054,8.494887,4.4054656
02.179,1.9561225,8.490098,4.3168774
02.204,1.9273912,8.4781275,4.2019525
02.237,1.8292259,8.571504,4.35758
02.276,1.8890828,8.5882635,4.678413
02.316,1.9106313,8.530801,4.731087
02.343,1.9800652,8.526012,4.6927786
02.376,2.056682,8.444607,4.5874305
02.417,2.0662591,8.394327,4.398283
02.444,1.9656997,8.480521,4.2043467
02.477,1.9417568,8.5331955,4.2211065
02.517,1.8220432,8.593052,4.3240604
02.544,1.8771114,8.530801,4.4030714
02.577,2.0423164,8.43503,4.517997
02.618,2.1141446,8.344048,4.6113734
02.646,2.1021733,8.375174,4.5467277
02.677,2.1380875,8.420665,4.6712303
02.718,2.0327394,8.40151,4.7071443
02.744,2.0183737,8.449396,4.601796
02.777,2.0925963,8.372779,4.6281333
02.819,2.1141446,8.308133,4.6664414
02.845,2.1069617,8.379962,4.503631
02.880,2.0878077,8.43503,4.479688
02.917,2.0064023,8.415876,4.644893
02.944,1.9752767,8.461368,4.5682764
02.977,1.9728824,8.48531,4.5539107
03.017,1.9465454,8.442213,3.9002736
03.044,2.19555,8.348836,4.14449
03.077,2.2027328,8.387145,4.869955
03.116,2.1285102,8.339259,4.565882
03.155,2.1117504,8.425453,4.350397
03.183,2.0159793,8.391933,4.7334814
03.216,2.0087965,8.394327,4.6712303
03.256,2.063865,8.458973,4.517997
03.283,1.9968252,8.454185,4.5012364
03.316,1.9824595,8.463761,4.4126487
03.355,2.0375278,8.430242,4.486871
03.383,2.011191,8.415876,4.5347567
03.416,2.0806248,8.46855,4.5012364
03.456,1.9872481,8.461368,4.515602
03.483,1.9010541,8.466156,4.410254
03.516,1.9106313,8.504464,4.40786
03.557,1.8795058,8.506859,4.398283
03.583,1.9178141,8.504464,4.312089
03.617,2.0949905,8.4781275,4.4820824
03.658,1.9872481,8.492493,4.4246197
03.684,1.8938714,8.5331955,4.455745
03.718,1.951334,8.535589,4.558699
03.755,1.8555629,8.547561,4.189981
03.783,1.9441512,8.547561,4.364763
03.816,1.8866886,8.540379,4.350397
03.857,1.7071179,8.557138,4.199558
03.895,1.8004947,8.650515,4.2977233
03.923,1.8771114,8.593052,4.4246197
03.955,2.0423164,8.55235,4.393494
03.996,2.047105,8.470944,4.333637
04.023,2.0902019,8.406299,4.3073006
04.055,1.9226027,8.511647,4.2115293
04.096,1.9130256,8.60263,4.268992
04.124,1.9441512,8.528407,4.494054
04.156,1.9704882,8.5331955,4.599402
04.197,1.8795058,8.557138,4.5706706
04.223,1.9178141,8.526012,4.601796
04.255,2.0064023,8.514041,4.4294086
04.296,2.0447106,8.554744,4.2546263
04.323,2.0710478,8.557138,4.3911
04.355,2.1380875,8.514041,4.37434
04.396,2.2937152,8.18842,3.7685885
04.423,2.2242813,8.605023,4.2139235
04.456,2.2147043,8.408693,4.601796
04.496,2.238647,8.387145,4.6903844
04.523,2.1452703,8.305739,4.5850363
04.558,2.0614705,8.420665,4.695173
04.597,1.7909175,8.535589,4.72151
04.623,1.6879637,8.564321,4.6305275
04.656,1.8004947,8.55235,4.5108137
04.698,1.9393626,8.526012,4.398283
04.724,1.9728824,8.442213,4.4270144
04.758,2.126116,8.396722,4.494054
04.796,2.1332989,8.370385,4.5060253
04.824,2.135693,8.391933,4.5251794
04.863,2.126116,8.439818,4.539545
04.898,2.1285102,8.420665,4.3863115
04.927,2.152453,8.41827,4.398283
04.963,2.0327394,8.372779,4.4389853
04.997,2.1117504,8.394327,4.4461684
05.036,2.0327394,8.46855,4.4198313
05.064,2.056682,8.470944,4.563488
05.097,2.0949905,8.470944,4.6113734
05.137,2.0231621,8.475733,4.556305
05.168,2.004008,8.463761,4.6568646
05.197,2.030345,8.408693,4.532362
05.238,2.0973847,8.46855,4.3671575
05.263,2.1117504,8.41827,4.4844766
05.296,2.248224,8.46855,4.5491223
05.335,2.142876,8.403905,4.415043
05.362,2.0973847,8.40151,4.434197
05.403,2.185973,8.43503,4.37434
05.436,2.1332989,8.372779,4.494054
05.477,2.0590763,8.403905,4.4054656
05.497,2.1572416,8.45179,4.233078
05.537,2.432583,8.413482,4.3599744
05.576,2.3416007,8.348836,4.7885494
05.598,2.1452703,8.322499,4.731087
05.636,2.1644244,8.363202,4.5108137
05.664,2.1309047,8.3679905,4.537151
05.698,1.9273912,8.473338,4.4892654
05.738,2.0902019,8.458973,4.453351
05.777,2.2123098,8.406299,4.5060253
05.804,2.2266755,8.43503,4.642499
05.839,2.2099156,8.411087,4.625739
05.876,2.3056867,8.375174,4.68799
05.904,2.1931558,8.298556,4.63771
05.935,2.1979442,8.346442,4.3958883
05.976,2.456526,8.315316,4.3599744
06.004,2.3200524,8.334471,4.3911
06.036,2.1476645,8.379962,4.3001175
06.077,2.4182177,8.377567,4.723904
06.103,2.657645,8.372779,4.7598186
06.136,2.2793496,8.411087,4.783761
06.175,2.238647,8.190814,4.819675
06.202,2.3272352,8.317711,4.4294086
06.236,2.2554069,8.391933,4.479688
06.275,2.1835787,8.514041,4.364763
06.304,2.1883671,8.571504,4.3216662
06.342,2.0662591,8.494887,4.494054
06.375,2.135693,8.4230585,4.5108137
06.416,2.360755,8.411087,4.3958883
06.443,2.310475,8.344048,4.336032
06.476,2.432583,8.40151,4.4413795
06.516,2.4206119,8.4230585,4.532362
06.543,2.3942747,8.387145,4.417437
06.577,2.4637089,8.178843,4.781367
06.616,1.9704882,8.415876,4.5060253
06.643,1.9537282,8.456578,4.4820824
06.676,2.2147043,8.461368,4.5682764
06.716,2.1069617,8.502069,4.245049
06.743,1.9920366,8.514041,4.3791285
06.775,2.1404817,8.537984,4.5419393
06.816,2.1931558,8.458973,4.1253357
06.843,2.2985039,8.5331955,4.2737803
06.876,2.176396,8.487704,4.3073006
06.916,2.2434354,8.480521,4.2474437
06.943,2.2601955,8.449396,4.276175
06.976,2.135693,8.458973,4.2977233
07.016,2.2147043,8.528407,4.40786
07.043,2.185973,8.537984,4.352792
07.083,2.19555,8.564321,4.2809634
07.115,2.205127,8.516436,4.3264546
07.143,2.2075214,8.482916,4.2618093
07.176,2.3655436,8.403905,4.4054656
07.216,2.2985039,8.442213,4.235472
07.255,2.4158232,8.480521,4.216318
07.277,2.360755,8.466156,4.2594147
07.315,2.2338583,8.482916,4.3240604
07.344,2.2123098,8.492493,4.271386
07.383,2.1500587,8.593052,4.2594147
07.415,2.0279508,8.5882635,4.3001175
07.456,2.2147043,8.463761,4.278569
07.483,2.1811843,8.480521,4.1612496
07.515,2.1380875,8.547561,4.122941
07.556,2.3320236,8.509253,4.2833576
07.583,2.291321,8.4781275,4.2211065
07.616,2.3152637,8.490098,4.2378664
07.655,2.4062462,8.403905,4.3695517
07.683,2.3870919,8.463761,4.333637
07.715,2.3416007,8.458973,4.2905407
07.756,2.3392065,8.4781275,4.37434
07.783,2.248224,8.475733,4.278569
07.816,2.2362528,8.514041,4.2378664
07.856,2.238647,8.470944,4.4126487
07.883,2.2601955,8.499676,4.3216662
07.923,2.300898,8.45179,4.3432145
07.957,2.3368123,8.432636,4.3839173
07.983,2.3056867,8.415876,4.2665977
08.017,2.3727264,8.46855,4.271386
08.056,2.343995,8.461368,4.350397
08.095,2.264984,8.46855,4.40786
08.118,2.3128695,8.461368,4.4318027
08.156,2.3799093,8.442213,4.37434
08.184,2.308081,8.4230585,4.410254
08.222,2.3392065,8.437425,4.338426
08.255,2.3368123,8.439818,4.2211065
08.296,2.2242813,8.516436,4.2905407
08.322,2.3966691,8.466156,4.443774
08.356,2.3248408,8.427847,4.2977233
08.395,2.2506182,8.437425,4.40786
08.423,2.3535721,8.411087,4.529968
08.457,2.3463893,8.394327,4.348003
08.497,2.3679378,8.482916,4.3168774
08.523,2.413429,8.475733,4.443774
08.555,2.264984,8.447001,4.1947694
08.596,2.22907,8.339259,4.3791285
08.622,2.3056867,8.442213,4.6760187
08.656,2.0782306,8.432636,4.336032
08.695,2.2194927,8.458973,4.5012364
08.722,2.3799093,8.509253,4.5539107
08.762,2.257801,8.463761,4.3623686
08.796,2.3727264,8.394327,4.575459
08.823,2.4206119,8.353624,4.4389853
08.862,2.3870919,8.40151,4.3671575
08.896,2.3727264,8.439818,4.3887057
08.935,2.2554069,8.444607,4.3001175
08.962,2.2314641,8.458973,4.3073006
08.995,2.1883671,8.487704,4.364763
09.035,2.2266755,8.456578,4.2402606
09.062,2.2937152,8.482916,4.209135
09.097,2.3823035,8.494887,4.4198313
09.136,2.2362528,8.470944,4.4629283
09.163,2.2410412,8.442213,4.4413795
09.196,2.2937152,8.425453,4.4030714
09.235,2.2506182,8.463761,4.314483
09.262,2.248224,8.456578,4.2115293
09.295,2.3032923,8.463761,4.2139235
09.336,2.2745612,8.449396,4.2977233
09.362,2.2338583,8.487704,4.494054
09.396,2.3631492,8.509253,4.6832013
09.435,2.631308,8.327288,4.8388295
09.462,2.3344178,8.411087,4.723904
09.496,2.248224,8.394327,4.599402
09.535,2.482863,8.430242,4.1253357
09.562,2.4014575,8.327288,3.9146392
09.602,2.413429,8.38475,4.0966043
09.635,2.3942747,8.454185,4.245049
09.676,2.3535721,8.437425,4.2977233
09.702,2.4780743,8.454185,4.460534
09.736,2.1620302,8.480521,4.5275736
09.775,2.2961094,8.487704,4.4677167
09.802,2.343995,8.523619,4.364763
09.835,2.2625897,8.458973,4.146884
09.874,2.3751206,8.447001,4.295329
09.902,2.3200524,8.4781275,4.271386
09.935,2.2003386,8.43503,4.309695
09.976,2.1883671,8.447001,4.333637
10.003,2.1213274,8.470944,4.2402606
10.036,2.264984,8.518829,4.2642035
10.075,2.3990633,8.473338,4.328849
10.102,2.4469488,8.461368,4.338426
10.135,2.5546913,8.415876,4.436591
10.176,2.3990633,8.382356,4.400677
10.202,2.2745612,8.420665,4.40786
10.234,2.310475,8.411087,4.2977233
10.277,2.3894863,8.427847,4.225895
10.302,2.4254005,8.420665,4.199558
10.335,2.4708917,8.403905,4.3192716
10.375,2.2123098,8.454185,4.479688
10.402,2.0447106,8.497281,4.4749
10.442,2.0806248,8.526012,4.520391
10.475,2.0949905,8.561927,4.3456087
10.515,2.3918805,8.46855,4.2905407
10.542,2.3727264,8.389539,4.1947694
10.576,2.4804688,8.2387,4.4413795
10.615,2.466103,8.379962,4.173221
10.642,2.4996228,8.320105,4.5012364
10.675,2.3966691,8.363202,4.678413
10.714,1.9704882,8.463761,4.477294
10.742,2.423006,8.528407,4.503631
10.775,2.300898,8.420665,4.3216662
10.816,2.3416007,8.375174,4.410254
10.842,2.3966691,8.356019,4.3456087
10.876,2.403852,8.375174,4.381523
10.915,2.3248408,8.43503,4.364763
10.943,2.3128695,8.475733,4.4222255
10.976,2.2147043,8.482916,4.4246197
11.015,2.2314641,8.43503,4.5060253
11.042,2.1668186,8.480521,4.460534
11.076,2.3487835,8.4230585,4.4749
11.115,2.343995,8.394327,4.271386
11.142,2.2793496,8.4230585,4.3911
11.177,2.2721667,8.444607,4.460534
11.215,2.2410412,8.444607,4.338426
11.243,2.2458298,8.399116,4.415043
11.282,2.2793496,8.3679905,4.4318027
11.315,2.3416007,8.413482,4.4222255
11.343,2.3272352,8.420665,4.5275736
11.384,2.2985039,8.411087,4.4892654
11.415,2.1979442,8.406299,4.455745
11.456,2.2601955,8.439818,4.4389853
11.483,2.2506182,8.432636,4.348003
11.516,2.2841382,8.4230585,4.4749
11.555,2.3344178,8.413482,4.5251794
11.582,2.317658,8.363202,4.4461684
11.614,2.2601955,8.387145,4.496448
11.655,2.3416007,8.370385,4.4988422
11.682,2.300898,8.387145,4.410254
11.716,2.2554069,8.399116,4.460534
11.755,2.2123098,8.442213,4.393494
11.782,2.2434354,8.439818,4.3887057
11.815,2.2697725,8.396722,4.4725056
11.855,2.2314641,8.403905,4.470111
11.882,2.2889266,8.379962,4.529968
11.915,2.343995,8.394327,4.494054
11.955,2.2554069,8.38475,4.477294
11.982,2.3296294,8.28898,4.68799
12.015,2.4014575,8.408693,4.3192716
12.055,2.2314641,8.391933,4.6305275
12.082,2.2123098,8.344048,4.5898247
12.116,2.4589202,8.492493,4.5012364
12.155,2.2961094,8.382356,4.4653225
12.184,2.4014575,8.339259,4.486871
12.222,2.3392065,8.315316,4.3863115
12.255,2.22907,8.341654,4.4677167
12.295,2.2266755,8.375174,4.443774
12.322,2.126116,8.430242,4.4820824
12.354,2.1380875,8.492493,4.6640472
12.396,2.1883671,8.41827,4.556305
12.422,2.2721667,8.365596,4.513208
12.454,2.3128695,8.324894,4.5970078
12.495,2.281744,8.308133,4.513208
12.522,2.317658,8.353624,4.436591
12.555,2.2266755,8.430242,4.5539107
12.595,2.238647,8.399116,4.5898247
12.622,2.185973,8.377567,4.4988422
12.654,2.2410412,8.336864,4.618556
12.697,2.1907616,8.329682,4.558699
12.722,2.2410412,8.394327,4.608979
12.755,2.2147043,8.43503,4.5515165
12.796,2.2242813,8.370385,4.563488
12.822,2.248224,8.377567,4.4892654
12.855,2.248224,8.399116,4.5491223
12.895,2.257801,8.375174,4.565882
12.922,2.291321,8.334471,4.5443335
12.962,2.2530127,8.336864,4.539545
12.997,2.2697725,8.332076,4.6113734
13.036,2.317658,8.344048,4.522785
13.057,2.2458298,8.365596,4.460534
13.097,2.3320236,8.360807,4.4892654
13.136,2.2769554,8.305739,4.5491223
13.157,2.2099156,8.317711,4.3695517
13.194,2.3799093,8.320105,4.802915
13.235,2.083019,8.396722,4.522785
13.262,2.0902019,8.487704,4.494054
13.295,2.1500587,8.425453,4.5610933
13.335,2.3751206,8.341654,4.338426
13.362,2.3559663,8.305739,4.436591
13.395,2.423006,8.28898,4.608979
13.434,2.2985039,8.327288,4.486871
13.462,2.360755,8.286585,4.7119327
13.494,2.19555,8.358414,4.5682764
13.535,2.2410412,8.444607,4.616162
13.562,2.152453,8.413482,4.5946136
13.595,2.1141446,8.41827,4.5515165
13.635,2.291321,8.339259,4.4629283
13.662,2.2170985,8.346442,4.398283
13.695,2.343995,8.375174,4.470111
13.735,2.3032923,8.3679905,4.4677167
13.774,2.2673783,8.370385,4.5251794
13.802,2.2458298,8.375174,4.5946136
13.835,2.1452703,8.399116,4.582642
13.863,2.2099156,8.396722,4.515602
13.902,2.205127,8.399116,4.4820824
13.935,2.238647,8.382356,4.520391
13.974,2.2338583,8.387145,4.513208
14.002,2.185973,8.351231,4.5946136
14.034,2.221887,8.370385,4.4749
14.074,2.291321,8.382356,4.494054
14.101,2.2841382,8.370385,4.5946136
14.135,2.1979442,8.38475,4.539545
14.175,2.2075214,8.394327,4.558699
14.202,2.2601955,8.396722,4.582642
14.237,2.2865324,8.308133,4.479688
14.267,2.2793496,8.298556,4.5610933
14.302,2.152453,8.382356,4.601796
14.334,2.152453,8.403905,4.608979
14.374,2.2003386,8.415876,4.486871
14.402,2.19555,8.379962,4.415043
14.436,2.2362528,8.346442,4.575459
14.475,2.317658,8.286585,4.558699
14.502,2.3487835,8.303345,4.685596
14.535,2.2889266,8.339259,4.747847
14.575,2.1237218,8.41827,4.470111
14.602,2.2242813,8.387145,4.644893
14.642,2.1931558,8.351231,4.4844766
14.675,2.3344178,8.296163,4.5108137
14.716,2.2530127,8.291373,4.5946136
14.736,2.1979442,8.298556,4.68799
14.777,2.2865324,8.315316,4.7071443
14.816,2.2745612,8.332076,4.6664414
14.842,2.2841382,8.322499,4.80531
14.877,2.238647,8.253065,4.7262983
14.916,2.1476645,8.324894,4.635316
14.942,1.8795058,8.669669,4.4820824
14.974,2.0973847,8.391933,3.4214187
15.015,2.4182177,8.403905,5.4254265
15.042,2.2123098,8.293768,5.2650104
15.075,2.432583,8.209969,4.314483
15.114,2.4062462,8.262642,4.783761
15.142,2.1404817,8.250671,5.095017
15.174,2.169213,8.300951,4.582642
15.214,2.17879,8.411087,4.4844766
15.241,2.1596358,8.442213,4.6137676
15.276,2.2003386,8.377567,4.5898247
15.315,2.0255566,8.358414,4.565882
15.341,2.1476645,8.332076,4.70475
15.375,2.2937152,8.3129225,4.6712303
15.416,2.360755,8.351231,4.5108137
15.443,2.3200524,8.298556,4.45814
15.477,2.432583,8.300951,4.6065845
15.517,2.2458298,8.25546,4.537151
15.543,2.3463893,8.269825,4.6568646
15.577,2.3463893,8.291373,4.8124924
15.617,2.3559663,8.399116,4.72151
15.644,2.310475,8.353624,4.6999617
15.678,2.3463893,8.320105,4.6113734
15.720,2.3918805,8.28898,4.6233444
15.756,2.3487835,8.279403,4.45814
15.784,2.5020173,8.224334,4.5443335
15.817,2.5211713,8.20518,4.5874305
15.861,2.4517374,8.226728,4.577853
15.885,2.5283542,8.226728,4.5419393
15.918,2.4684973,8.214757,4.5108137
15.958,2.221887,8.322499,4.6712303
15.983,2.0878077,8.394327,4.7933383
16.018,2.1285102,8.358414,4.7286925
16.057,2.1189332,8.329682,4.7765784
16.085,2.1213274,8.353624,4.853195
16.117,2.176396,8.298556,4.786155
16.158,2.2027328,8.332076,4.678413
16.183,2.300898,8.305739,4.6999617
16.219,2.3942747,8.226728,4.6736245
16.256,2.3320236,8.219545,4.5850363
16.285,2.4445546,8.229122,4.6760187
16.318,2.5044115,8.2387,4.7334814
16.357,2.3559663,8.2387,4.685596
16.398,2.2625897,8.305739,4.8771377
16.419,2.2266755,8.265037,4.8316464
16.457,2.19555,8.279403,4.635316
16.496,2.2266755,8.327288,4.5539107
16.517,2.2697725,8.3129225,4.5491223
16.556,2.2865324,8.262642,4.644893
16.598,2.22907,8.291373,4.8388295
16.618,2.2338583,8.303345,4.905869
16.657,2.264984,8.281796,4.8316464
16.696,2.413429,8.286585,4.6640472
16.724,2.439766,8.267431,4.6832013
16.758,2.317658,8.253065,4.6999617
16.797,2.2769554,8.281796,4.5539107
16.823,2.351178,8.260248,4.601796
16.856,2.4469488,8.267431,4.7286925
16.897,2.360755,8.260248,4.6664414
16.923,2.4062462,8.2339115,4.70475
16.956,2.2506182,8.224334,4.817281
16.997,2.2242813,8.28898,4.616162
17.023,2.308081,8.317711,4.563488
17.056,2.2338583,8.308133,4.618556
17.097,2.1740015,8.315316,4.644893
17.123,2.1644244,8.320105,4.7191157
17.156,2.1716073,8.293768,4.764607
17.197,2.2937152,8.322499,4.6999617
17.223,2.3056867,8.25546,4.6281333
17.263,2.2985039,8.2339115,4.601796
17.297,2.3272352,8.284191,4.575459
17.336,2.3392065,8.25546,4.529968
17.362,2.2841382,8.250671,4.5970078
17.396,2.2506182,8.248277,4.6113734
17.435,2.0949905,8.344048,4.70475
17.463,1.9992194,8.365596,4.879532
17.498,2.0878077,8.391933,4.846012
17.537,2.2841382,8.308133,4.8148866
17.563,2.1644244,8.277008,4.678413
17.596,2.1740015,8.279403,4.6736245
17.637,2.1404817,8.303345,4.580248
17.663,2.3248408,8.28898,4.4749
17.696,2.4158232,8.241094,4.616162
17.737,2.2697725,8.2339115,4.68799
17.763,2.4110348,8.2578535,4.7885494
17.796,2.351178,8.236305,4.8915033
17.838,2.0399222,8.303345,4.80531
17.864,2.0542877,8.377567,4.7933383
17.897,2.047105,8.344048,4.702356
17.937,2.1811843,8.298556,4.5419393
17.964,2.248224,8.279403,4.5419393
17.996,2.2338583,8.231517,4.558699
18.035,2.3320236,8.226728,4.6305275
18.063,2.3655436,8.226728,4.70475
18.097,2.351178,8.277008,4.767001
18.137,2.2027328,8.308133,4.846012
18.176,2.1117504,8.305739,4.95136
18.198,2.0878077,8.320105,4.8555894
18.236,2.116539,8.296163,4.625739
18.276,2.2601955,8.250671,4.573065
18.303,2.3032923,8.274613,4.513208
18.335,2.2458298,8.305739,4.577853
18.376,2.2937152,8.279403,4.7693954
18.402,2.3248408,8.243488,4.7693954
18.436,2.3918805,8.178843,4.8124924
18.477,2.2266755,8.277008,4.8316464
18.503,2.1835787,8.245882,4.932206
18.537,2.1285102,8.300951,4.7502413
18.578,2.0949905,8.375174,4.678413
18.605,2.063865,8.360807,4.6640472
18.636,2.0973847,8.298556,4.7526355
18.677,1.9417568,8.300951,4.743058
18.702,2.0231621,8.286585,4.6736245
18.736,2.2242813,8.265037,4.63771
18.775,2.3966691,8.209969,4.565882
18.802,2.2099156,8.209969,4.5874305
18.842,2.2338583,8.300951,4.5946136
18.875,2.360755,8.310528,4.9633317
18.904,2.3032923,8.351231,4.7981267
18.936,2.1548474,8.389539,4.6927786
18.977,2.2170985,8.336864,4.745453
19.017,2.1309047,8.245882,4.652076
19.037,2.2266755,8.267431,4.6233444
19.077,2.3631492,8.231517,4.608979
19.116,2.2362528,8.267431,4.5467277
19.144,2.3751206,8.277008,4.7741838
19.176,2.3248408,8.322499,4.7358756
19.216,2.2961094,8.315316,5.0160055
19.243,2.3583608,8.236305,4.972909
19.277,2.2745612,8.2027855,4.6640472
19.316,2.360755,8.27222,4.592219
19.342,2.4972286,8.241094,4.6041903
19.375,2.5427198,8.248277,4.4461684
19.415,2.5283542,8.183631,4.479688
19.442,2.4445546,8.200391,4.529968
19.476,2.2793496,8.284191,4.783761
19.516,2.1716073,8.329682,4.6903844
19.542,2.1979442,8.389539,4.6688356
19.576,2.2266755,8.298556,4.786155
19.615,2.0662591,8.425453,4.810098
19.642,2.099779,8.344048,4.745453
19.682,2.351178,8.305739,4.625739
19.715,2.4014575,8.286585,4.513208
19.755,2.3368123,8.253065,4.63771
19.782,2.3727264,8.217151,4.6664414
19.816,2.3990633,8.2578535,4.6041903
19.855,2.343995,8.305739,4.517997
19.883,2.3344178,8.336864,4.7095385
19.915,2.221887,8.358414,4.6712303
19.955,2.0949905,8.356019,4.599402
19.982,2.1811843,8.3679905,4.680807
20.015,2.1500587,8.329682,4.520391
20.055,2.2937152,8.348836,4.642499
20.082,2.2985039,8.332076,4.652076
20.116,2.3416007,8.320105,4.577853
20.155,2.3463893,8.305739,4.659259
20.182,2.432583,8.274613,4.6688356
20.215,2.291321,8.262642,4.5682764
20.255,2.2601955,8.351231,4.470111
20.281,2.2458298,8.358414,4.455745
20.314,2.2170985,8.365596,4.563488
20.356,2.2697725,8.353624,4.652076
20.383,2.1548474,8.327288,4.6688356
20.415,2.1380875,8.327288,4.680807
20.455,2.1811843,8.389539,4.6329217
20.482,2.2865324,8.353624,4.580248
20.522,2.291321,8.327288,4.4820824
20.554,2.257801,8.332076,4.5874305
20.596,2.2793496,8.315316,4.618556
20.622,2.310475,8.329682,4.496448
20.655,2.3248408,8.348836,4.4749
20.694,2.2625897,8.38475,4.723904
20.722,2.1189332,8.370385,4.6281333
20.754,2.1644244,8.372779,4.515602
20.796,2.1644244,8.329682,4.608979
20.823,2.2362528,8.389539,4.625739
20.855,2.2721667,8.353624,4.5251794
20.896,2.2410412,8.324894,4.575459
20.922,2.205127,8.336864,4.599402
20.956,2.2625897,8.356019,4.592219
20.995,2.1141446,8.351231,4.5874305
21.021,2.152453,8.40151,4.565882
21.055,2.2362528,8.389539,4.635316
21.096,2.2769554,8.344048,4.4916596
21.122,2.2314641,8.346442,4.513208
21.155,2.1452703,8.365596,4.601796
21.196,2.2434354,8.370385,4.5682764
21.223,2.3320236,8.334471,4.592219
21.256,2.2027328,8.358414,4.6281333
21.296,2.1979442,8.346442,4.6544704
21.325,2.1883671,8.336864,4.5970078
21.364,2.1811843,8.370385,4.496448
21.398,2.22907,8.341654,4.503631
21.436,2.2434354,8.329682,4.6113734
21.462,2.2601955,8.348836,4.644893
21.495,2.1907616,8.351231,4.743058
21.524,2.1404817,8.365596,4.790944
21.557,2.1668186,8.334471,4.6329217
21.597,2.1907616,8.341654,4.539545
21.624,2.22907,8.327288,4.513208
21.663,2.3056867,8.348836,4.503631
21.696,2.1452703,8.360807,4.580248
21.735,2.1380875,8.332076,4.7167215
21.763,2.1500587,8.315316,4.695173
21.799,2.17879,8.329682,4.7095385
21.837,2.2075214,8.3679905,4.6736245
21.863,2.2003386,8.399116,4.6041903
21.895,2.1835787,8.363202,4.635316
21.936,2.2506182,8.310528,4.616162
21.964,2.2889266,8.291373,4.592219
21.997,2.2458298,8.274613,4.4485626
22.036,2.152453,8.379962,4.573065
22.062,2.083019,8.363202,4.680807
22.096,2.19555,8.305739,4.723904
22.139,2.1309047,8.341654,4.680807
22.162,2.2314641,8.334471,4.7334814
22.203,2.3416007,8.334471,4.565882
22.235,2.2985039,8.274613,4.4677167
22.275,2.1237218,8.296163,4.563488
22.300,2.0662591,8.277008,4.6688356
22.336,2.1668186,8.310528,4.8292522
22.378,2.116539,8.413482,4.7191157
22.401,2.1309047,8.45179,4.68799
22.434,2.2003386,8.403905,4.7334814
22.475,2.1883671,8.291373,4.6472874
22.505,2.238647,8.262642,4.6113734
22.536,2.3296294,8.217151,4.539545
22.576,2.310475,8.265037,4.4892654
22.603,2.3751206,8.265037,4.5084195
22.635,2.4277947,8.281796,4.642499
22.676,2.4469488,8.267431,4.8388295
22.703,2.3583608,8.229122,4.8747435
22.735,2.1476645,8.296163,4.7957325
22.776,1.9585168,8.353624,4.70475
22.803,1.9034485,8.356019,4.640105
22.836,1.8962656,8.40151,4.5084195
22.878,2.1596358,8.420665,4.5491223
22.903,2.2530127,8.358414,4.6113734
22.936,2.2003386,8.25546,4.7358756
22.976,2.0782306,8.286585,4.790944
23.003,2.1404817,8.277008,4.70475
23.036,2.2506182,8.281796,4.697567
23.076,2.2625897,8.363202,4.70475
23.115,2.1931558,8.370385,4.731087
23.136,2.169213,8.363202,4.7334814
23.176,2.257801,8.298556,4.695173
23.216,2.2745612,8.260248,4.642499
23.242,2.2937152,8.284191,4.6137676
23.282,2.423006,8.253065,4.5898247
23.305,2.3368123,8.281796,4.4916596
23.342,2.126116,8.322499,4.6664414
23.375,2.19555,8.226728,4.7598186
23.417,2.2147043,8.265037,4.582642
23.442,2.221887,8.286585,4.697567
23.476,2.1644244,8.353624,4.7502413
23.516,2.1644244,8.308133,4.659259
23.542,2.1141446,8.363202,4.7095385
23.576,2.073442,8.375174,4.7693954
23.617,2.2194927,8.291373,4.7143273
23.643,2.17879,8.279403,4.697567
23.676,2.281744,8.229122,4.697567
23.717,2.3272352,8.269825,4.5874305
23.743,2.2530127,8.317711,4.601796
23.778,2.17879,8.341654,4.6281333
23.820,2.1045675,8.27222,4.7741838
23.843,2.2769554,8.2387,4.932206
23.882,2.3248408,8.214757,4.7119327
23.915,2.2625897,8.243488,4.7358756
23.943,2.2147043,8.310528,4.70475
23.983,2.22907,8.332076,4.6065845
24.018,2.1907616,8.332076,4.640105
24.044,2.1596358,8.305739,4.745453
24.077,2.099779,8.269825,4.7286925
24.116,2.2099156,8.25546,4.786155
24.156,2.152453,8.322499,4.7622128
24.184,2.1045675,8.351231,4.6736245
24.216,2.2242813,8.336864,4.7167215
24.256,2.2769554,8.2578535,4.6760187
24.284,2.2889266,8.20518,4.635316
24.318,2.317658,8.217151,4.6305275
24.356,2.2338583,8.260248,4.529968
24.383,2.126116,8.303345,4.592219
24.416,2.0662591,8.360807,4.802915
24.456,2.1644244,8.317711,4.922629
24.483,2.1907616,8.365596,4.8340406
24.517,2.2721667,8.265037,4.946572
24.558,2.257801,8.253065,4.7143273
24.584,2.3032923,8.245882,4.5251794
24.619,2.19555,8.250671,4.364763
24.658,2.152453,8.298556,4.288146
24.685,2.3631492,8.286585,4.6233444
24.717,2.3463893,8.284191,4.8843207
24.757,2.238647,8.27222,5.0662856
24.783,2.300898,8.243488,4.9800916
24.817,2.2194927,8.236305,4.853195
24.858,2.2027328,8.248277,4.5443335
24.896,2.1716073,8.324894,4.309695
24.917,2.176396,8.360807,4.4677167
24.957,2.221887,8.317711,4.6760187
24.985,2.264984,8.245882,4.7765784
25.023,2.2961094,8.207574,4.932206
25.056,2.2889266,8.20518,4.8986864
25.097,2.205127,8.303345,4.7167215
25.123,2.185973,8.303345,4.6640472
25.157,2.1476645,8.332076,4.6712303
25.197,2.0949905,8.320105,4.6712303
25.223,2.2099156,8.241094,4.678413
25.256,2.291321,8.22194,4.745453
25.297,2.3296294,8.207574,4.7167215
25.323,2.3775148,8.241094,4.7143273
25.355,2.3272352,8.317711,4.786155
25.397,2.3032923,8.269825,4.8986864
25.423,2.185973,8.25546,4.7957325
25.457,2.1907616,8.2387,4.740664
25.496,2.1332989,8.262642,4.6233444
25.524,2.17879,8.286585,4.5443335
25.556,2.2027328,8.303345,4.5539107
25.598,2.221887,8.284191,4.786155
25.624,2.3056867,8.214757,4.9561486
25.656,2.2314641,8.209969,4.8412237
25.698,2.2937152,8.260248,4.817281
25.736,2.2506182,8.28898,4.6664414
25.757,2.2170985,8.298556,4.6281333
25.796,2.22907,8.267431,4.685596
25.837,2.2147043,8.2387,4.6903844
25.863,2.2554069,8.2027855,4.7622128
25.896,2.2266755,8.2387,4.7334814
25.938,2.205127,8.324894,4.80531
25.963,2.2769554,8.286585,4.8412237
25.997,2.2410412,8.265037,4.781367
26.037,2.3272352,8.226728,4.8124924
26.064,2.238647,8.181237,4.7765784
26.096,2.185973,8.2578535,4.731087
26.136,2.1237218,8.303345,4.7550297
26.163,2.1596358,8.293768,4.745453
26.198,2.2673783,8.279403,4.73827
26.236,2.2338583,8.250671,4.8124924
26.263,2.300898,8.229122,4.8747435
26.296,2.3655436,8.183631,4.783761
26.336,2.3320236,8.159689,4.7550297
26.364,2.2506182,8.159689,4.723904
26.396,2.176396,8.231517,4.661653
26.436,2.0183737,8.344048,4.723904
26.463,1.9848539,8.341654,4.7286925
26.497,2.1021733,8.336864,4.7693954
26.537,2.1237218,8.300951,4.8340406
26.577,2.2410412,8.245882,4.8771377
26.597,2.2434354,8.226728,4.8819265
26.636,2.2865324,8.22194,4.783761
26.664,2.2147043,8.22194,4.72151
26.704,2.2314641,8.27222,4.7334814
26.737,2.281744,8.2339115,4.8340406
26.776,2.281744,8.253065,4.740664
26.803,2.205127,8.262642,4.7358756
26.838,2.2170985,8.245882,4.817281
26.876,2.291321,8.236305,4.7502413
26.903,2.3272352,8.274613,4.747847
26.936,2.2985039,8.2339115,4.7191157
26.976,2.3272352,8.176449,4.764607
27.006,2.2865324,8.190814,4.757424
27.038,2.2147043,8.207574,4.723904
27.077,2.1931558,8.269825,4.7286925
27.106,2.0662591,8.308133,4.7502413
27.136,2.063865,8.277008,4.908263
27.176,2.1452703,8.308133,4.8915033
27.204,2.2003386,8.2578535,4.860378
27.236,2.308081,8.190814,4.7981267
27.277,2.3392065,8.157294,4.678413
27.303,2.2697725,8.2027855,4.685596
27.336,2.2601955,8.22194,4.731087
27.377,2.3248408,8.219545,4.764607
27.417,2.1620302,8.2578535,4.9178405
27.437,2.1117504,8.27222,4.972909
27.478,2.152453,8.265037,4.8484063
27.504,2.126116,8.279403,4.7693954
27.543,2.1548474,8.2387,4.7262983
27.577,2.2554069,8.217151,4.7358756
27.618,2.3272352,8.214757,4.7502413
27.643,2.3870919,8.18842,4.7933383
27.678,2.3583608,8.169266,4.7741838
27.719,2.2554069,8.209969,4.781367
27.743,2.19555,8.229122,4.7789726
27.776,2.1811843,8.25546,4.7693954
27.818,2.0902019,8.262642,4.9393888
27.843,2.0782306,8.317711,4.8723493
27.878,2.1332989,8.336864,4.7598186
27.918,2.142876,8.284191,4.7765784
27.943,2.1548474,8.231517,4.7693954
27.977,2.2625897,8.193209,4.62095
28.017,2.4014575,8.183631,4.7071443
28.043,2.432583,8.214757,4.73827
28.076,2.3056867,8.224334,4.826858
28.117,2.2075214,8.217151,4.8915033
28.143,2.1452703,8.284191,4.7933383
28.177,2.142876,8.296163,4.786155
28.217,2.1332989,8.269825,4.7286925
28.257,2.1213274,8.286585,4.642499
28.278,2.142876,8.279403,4.695173
28.316,2.2194927,8.2387,4.7789726
28.356,2.238647,8.231517,4.783761
28.383,2.248224,8.284191,4.8915033
28.416,2.2697725,8.269825,4.869955
28.458,2.2242813,8.245882,4.817281
28.485,2.1931558,8.214757,4.7334814
28.517,2.2075214,8.2339115,4.6065845
28.556,2.1979442,8.277008,4.5084195
28.584,2.1237218,8.293768,4.616162
28.616,2.1548474,8.260248,4.7191157
28.655,2.2242813,8.262642,4.8148866
28.683,2.2362528,8.241094,4.889109
28.715,2.1404817,8.265037,4.867561
28.756,2.2194927,8.298556,4.7981267
28.783,2.17879,8.2578535,4.6832013
28.817,2.169213,8.277008,4.6233444
28.858,2.2075214,8.197997,4.599402
28.883,2.1811843,8.224334,4.6544704
28.916,2.0973847,8.274613,4.807704
28.956,2.1620302,8.281796,4.8819265
28.983,2.1500587,8.317711,4.869955
29.018,2.169213,8.279403,4.9776974
29.058,2.1811843,8.243488,4.810098
29.085,2.3032923,8.193209,4.642499
29.117,2.3368123,8.224334,4.5539107
29.156,2.22907,8.245882,4.640105
29.196,2.2123098,8.245882,4.7334814
29.218,2.1476645,8.2339115,4.879532
29.256,1.9944309,8.241094,4.8747435
29.298,2.0949905,8.267431,4.826858
29.323,2.0518935,8.353624,4.807704
29.356,2.0351336,8.356019,4.913052
29.396,2.0016139,8.339259,4.860378
29.423,2.0447106,8.262642,4.7502413
29.456,2.1620302,8.217151,4.563488
29.497,2.2362528,8.166871,4.659259
29.524,2.2506182,8.2027855,4.6233444
29.556,2.1931558,8.236305,4.6329217
29.596,2.185973,8.265037,4.8316464
29.623,2.2601955,8.262642,4.8771377
29.656,2.1213274,8.269825,4.905869
29.696,2.1811843,8.262642,5.054314
29.723,2.0758362,8.262642,4.810098
29.756,2.2530127,8.2578535,4.743058
29.798,2.2673783,8.236305,4.7693954
29.823,2.0375278,8.253065,4.580248
29.860,2.1117504,8.296163,4.7095385
29.898,2.0255566,8.334471,4.608979
29.936,2.142876,8.324894,4.522785
29.963,2.2362528,8.296163,4.810098
29.997,2.205127,8.269825,4.8986864
30.024,2.2338583,8.2387,4.8915033
30.066,2.1931558,8.236305,4.9776974
30.096,2.2506182,8.2387,4.786155
30.137,2.1907616,8.2578535,4.565882
30.163,2.0518935,8.279403,4.6832013
30.196,2.0614705,8.3129225,4.6472874
30.236,2.2458298,8.291373,4.6065845
30.264,2.3200524,8.269825,4.790944
30.296,2.2314641,8.291373,4.80531
30.335,2.3799093,8.2027855,4.860378
30.363,2.2434354,8.157294,4.922629
30.396,1.9992194,8.22194,4.9800916
30.438,1.9992194,8.303345,4.72151
30.465,2.1644244,8.348836,4.661653
30.496,2.238647,8.336864,4.6496816
30.535,2.2721667,8.248277,4.70475
30.563,2.2745612,8.190814,4.659259
30.603,2.4900458,8.186026,4.644893
30.635,2.5403256,8.107015,4.7262983
30.665,2.3751206,8.130958,4.850801
30.696,2.317658,8.183631,4.9705143
30.736,2.1069617,8.296163,5.138114
30.775,1.8890828,8.4230585,4.640105
30.799,1.9680939,8.38475,4.661653
30.835,1.9920366,8.305739,4.661653
30.875,2.2075214,8.217151,4.6113734
30.902,2.2889266,8.212362,4.702356
30.935,2.2506182,8.226728,4.7789726
30.977,2.4086404,8.197997,4.843618
31.002,2.3248408,8.224334,4.843618
31.039,2.2099156,8.245882,4.8412237
31.077,2.3128695,8.236305,4.767001
31.103,2.1668186,8.267431,4.7550297
31.136,1.951334,8.315316,4.817281
31.176,2.063865,8.274613,4.731087
31.203,2.1811843,8.243488,4.745453
31.235,2.1740015,8.2578535,4.685596
31.275,2.238647,8.27222,4.6927786
31.302,2.317658,8.207574,4.7717896
31.336,2.291321,8.190814,4.865166
31.375,2.0925963,8.269825,4.8843207
31.403,2.0016139,8.284191,4.8292522
31.436,2.1716073,8.334471,4.7693954
31.476,2.248224,8.348836,4.6305275
31.516,2.2410412,8.217151,4.7957325
31.536,2.176396,8.162083,4.819675
31.576,2.2865324,8.109408,4.819675
31.616,2.3487835,8.169266,4.8747435
31.643,2.2458298,8.245882,4.869955
31.675,2.248224,8.315316,4.635316
31.715,2.1835787,8.322499,4.8579836
31.743,2.0710478,8.279403,4.846012
31.775,2.169213,8.245882,4.6688356
31.816,2.2458298,8.267431,4.556305
31.843,2.310475,8.300951,4.563488
31.876,2.0902019,8.296163,4.6736245
31.916,2.126116,8.284191,4.73827
31.943,2.1644244,8.303345,4.6903844
31.975,2.185973,8.250671,4.6832013
32.015,2.2889266,8.250671,4.73827
32.043,2.3056867,8.22194,4.7119327
32.075,2.2242813,8.267431,4.6568646
32.116,2.176396,8.303345,4.800521
32.143,2.1404817,8.284191,4.790944
32.177,2.0518935,8.265037,4.6664414
32.216,2.0854135,8.279403,4.7933383
32.243,2.1285102,8.320105,4.7502413
32.283,2.1476645,8.317711,4.747847
32.315,2.1500587,8.284191,4.7765784
32.343,2.2075214,8.267431,4.6496816
32.382,2.2889266,8.28898,4.7119327
32.416,2.2458298,8.226728,4.7167215
32.455,2.291321,8.25546,4.5539107
32.483,2.2458298,8.303345,4.5874305
32.517,2.135693,8.274613,4.723904
32.545,2.1117504,8.281796,4.747847
32.584,2.1404817,8.281796,4.8484063
32.616,2.073442,8.339259,4.8364353
32.656,2.1141446,8.334471,4.7933383
32.683,2.0758362,8.317711,4.70475
32.716,2.0064023,8.322499,4.625739
32.755,2.0399222,8.28898,4.6137676
32.784,2.1620302,8.286585,4.640105
32.816,2.2410412,8.224334,4.6712303
32.856,2.2242813,8.25546,4.7334814
32.883,2.2338583,8.265037,4.846012
32.916,2.1668186,8.265037,4.9010806
32.957,2.013585,8.281796,4.867561
32.983,1.9944309,8.324894,4.7262983
33.018,2.1811843,8.267431,4.6903844
33.057,2.126116,8.293768,4.652076
33.084,1.9800652,8.353624,4.7502413
33.117,2.0590763,8.324894,4.7957325
33.155,2.257801,8.260248,4.63771
33.184,2.3463893,8.267431,4.702356
33.216,2.2099156,8.260248,4.747847
33.256,2.3248408,8.226728,4.7095385
33.285,2.360755,8.236305,4.5706706
33.317,2.317658,8.241094,4.6664414
33.355,2.1907616,8.224334,4.7622128
33.397,2.1404817,8.286585,4.743058
33.423,2.073442,8.267431,4.800521
33.456,2.0231621,8.305739,4.7334814
33.498,1.9297855,8.372779,4.743058
33.523,1.9992194,8.346442,4.7262983
33.556,2.1548474,8.320105,4.7286925
33.596,2.2769554,8.229122,4.731087
33.624,2.2841382,8.181237,4.7191157
33.658,2.3655436,8.20518,4.8292522
33.697,2.2194927,8.217151,4.7933383
33.723,2.2147043,8.217151,4.8316464
33.756,2.0806248,8.2387,4.767001
33.797,2.047105,8.293768,4.8124924
33.825,2.0399222,8.320105,4.8364353
33.859,2.1069617,8.286585,4.723904
33.895,2.1811843,8.217151,4.7693954
33.925,2.1740015,8.197997,4.8124924
33.957,2.1452703,8.219545,4.786155
33.998,2.2769554,8.207574,5.011217
34.023,2.2625897,8.162083,4.9992456
34.056,2.22907,8.171659,4.8819265
34.096,2.1907616,8.171659,4.9585433
34.170,2.0686533,8.2387,4.786155
34.195,2.2027328,8.245882,4.6688356
34.239,2.1332989,8.217151,4.8340406
34.263,2.1309047,8.183631,4.889109
34.296,2.0758362,8.183631,4.9010806
34.335,2.152453,8.224334,4.929812
34.362,2.2362528,8.197997,4.824464
34.396,2.2242813,8.200391,4.8124924
34.435,2.2554069,8.226728,4.8986864
34.463,2.1931558,8.200391,4.865166
34.496,2.1811843,8.174054,4.8484063
34.536,2.2099156,8.195602,4.802915
34.563,2.1620302,8.176449,4.846012
34.597,2.1021733,8.229122,4.802915
34.637,2.152453,8.253065,4.843618
34.663,2.221887,8.209969,4.9537544
34.697,2.1811843,8.169266,5.0207944
34.737,2.2027328,8.166871,5.0423427
34.763,2.2099156,8.142929,4.9369946
34.796,2.1572416,8.219545,4.767001
34.836,2.0902019,8.310528,4.6688356
34.864,2.1045675,8.25546,4.6568646
34.897,2.1237218,8.190814,4.7789726
34.937,2.135693,8.18842,4.903475
34.976,2.2889266,8.2027855,4.98488
35.003,2.360755,8.186026,5.0184
35.037,2.2170985,8.183631,5.0040345
35.077,2.169213,8.20518,4.790944
35.103,2.073442,8.20518,4.7693954
35.137,1.9800652,8.2339115,4.7167215
35.175,2.0279508,8.281796,4.6712303
35.199,2.0494993,8.269825,4.764607
35.235,2.063865,8.243488,4.8915033
35.277,2.1404817,8.2339115,5.0064287
35.303,2.1931558,8.207574,5.025583
35.335,2.308081,8.183631,4.9872746
35.375,2.3870919,8.142929,4.8412237
35.402,2.2697725,8.169266,4.7717896
35.436,2.1141446,8.212362,4.7071443
35.478,2.1979442,8.231517,4.7550297
35.506,2.1021733,8.2387,4.767001
35.537,1.9824595,8.281796,4.8340406
35.576,2.0279508,8.281796,4.9705143
35.604,2.1811843,8.214757,4.9441776
35.637,2.2170985,8.193209,4.903475
35.678,2.317658,8.197997,4.800521
35.705,2.2985039,8.162083,4.8316464
35.737,2.2314641,8.164477,4.80531
35.777,2.0973847,8.241094,4.790944
35.804,2.0399222,8.298556,4.7717896
35.840,1.977671,8.315316,4.7095385
35.877,2.0255566,8.336864,4.680807
35.905,2.0686533,8.332076,4.73827
35.944,2.1835787,8.2339115,4.807704
35.977,2.2458298,8.229122,4.697567
36.019,2.351178,8.236305,4.745453
36.044,2.2745612,8.2339115,4.800521
36.077,2.2625897,8.248277,4.7191157
36.119,2.1596358,8.243488,4.786155
36.143,2.152453,8.344048,4.72151
36.177,2.1668186,8.317711,4.70475
36.210,2.1668186,8.3129225,4.7191157
36.242,2.0878077,8.358414,4.6305275
36.275,2.2099156,8.300951,4.6544704
36.316,2.1021733,8.262642,4.6233444
36.342,2.2099156,8.286585,4.5706706
36.375,2.2075214,8.243488,4.6041903
36.415,2.0159793,8.336864,4.6137676
36.443,2.0590763,8.370385,4.7550297
36.476,2.0806248,8.382356,4.695173
36.515,2.0327394,8.370385,4.5610933
36.556,2.1021733,8.353624,4.6999617
36.582,2.2147043,8.329682,4.6496816
36.615,2.221887,8.236305,4.618556
36.656,2.2434354,8.245882,4.702356
36.682,2.169213,8.260248,4.6903844
36.715,2.1907616,8.279403,4.73827
36.755,2.176396,8.356019,4.4844766
36.782,2.0973847,8.432636,4.922629
36.815,1.8651401,8.315316,4.743058
36.855,2.351178,8.286585,4.6688356
36.882,2.3128695,8.281796,4.6233444
36.915,2.2625897,8.224334,4.70475
36.955,2.4277947,8.2387,4.743058
36.982,2.281744,8.157294,4.6496816
37.015,2.126116,8.277008,4.573065
37.054,1.9920366,8.377567,4.6832013
37.082,1.9393626,8.430242,4.601796
37.115,2.0902019,8.454185,4.5850363
37.155,2.1811843,8.308133,4.6472874
37.182,2.176396,8.308133,4.625739
37.215,2.4373717,8.262642,4.7095385
37.255,2.343995,8.267431,4.6137676
37.283,2.3320236,8.269825,4.723904
37.316,2.2625897,8.274613,4.7358756
37.355,2.1931558,8.324894,4.5898247
37.383,2.3775148,8.322499,4.7071443
37.416,2.1500587,8.310528,4.7885494
37.457,1.9321798,8.3679905,4.6640472
37.496,2.1644244,8.324894,4.577853
37.523,2.0686533,8.317711,4.4725056
37.556,2.17879,8.277008,4.6640472
37.597,2.1596358,8.28898,4.7071443
37.624,2.169213,8.324894,4.6712303
37.656,2.360755,8.298556,4.7191157
37.697,2.3368123,8.253065,4.695173
37.724,2.2961094,8.253065,4.7358756
37.756,2.4373717,8.2339115,4.764607
37.796,2.2170985,8.253065,4.8124924
37.824,1.9944309,8.308133,4.7143273
37.855,2.1500587,8.370385,4.563488
37.897,2.1452703,8.344048,4.659259
37.923,2.0375278,8.324894,4.6233444
37.955,2.3032923,8.324894,4.6568646
37.996,2.1620302,8.265037,4.7502413
38.023,2.1740015,8.274613,4.73827
38.056,2.4158232,8.279403,4.7071443
38.096,2.1045675,8.274613,4.7598186
38.122,2.0279508,8.341654,4.740664
38.156,2.1117504,8.389539,4.520391
38.197,2.2985039,8.284191,4.6712303
38.223,2.1548474,8.253065,4.659259
38.263,2.3152637,8.245882,4.6233444
38.295,2.3056867,8.22194,4.7334814
38.337,2.3056867,8.305739,4.869955
38.357,2.238647,8.25546,4.7693954
38.395,2.2841382,8.293768,4.7143273
38.435,2.2147043,8.269825,4.7095385
38.463,2.1189332,8.296163,4.616162
38.496,2.0590763,8.336864,4.5946136
38.537,2.056682,8.353624,4.680807
38.563,2.2075214,8.38475,4.6712303
38.596,2.1979442,8.341654,4.695173
38.636,2.2003386,8.303345,4.826858
38.662,2.2625897,8.308133,4.7502413
38.696,2.3559663,8.231517,4.563488
38.735,2.2961094,8.27222,4.5610933
38.763,2.3631492,8.305739,4.5946136
38.798,2.22907,8.269825,4.644893
38.836,2.056682,8.324894,4.6927786
38.863,2.0518935,8.363202,4.7717896
38.898,2.116539,8.353624,4.790944
38.936,2.1189332,8.334471,4.599402
38.963,2.2266755,8.363202,4.6041903
38.997,2.2601955,8.305739,4.6544704
39.036,2.176396,8.262642,4.6137676
39.063,2.2170985,8.356019,4.678413
39.099,2.2793496,8.279403,4.7071443
39.137,2.5762396,8.267431,4.72151
39.164,2.4062462,8.305739,4.7693954
39.197,1.9297855,8.315316,4.70475
39.238,2.0016139,8.18842,4.6736245
39.264,2.0494993,8.265037,4.453351
39.303,2.4062462,8.365596,4.235472
39.336,2.8994668,8.305739,4.513208
39.376,2.6528566,8.2578535,4.865166
39.403,1.9824595,8.279403,5.0160055
39.437,1.4796618,8.308133,5.190788
39.476,1.5059988,8.403905,4.7957325
39.506,1.8459859,8.511647,4.4222255
39.537,2.3559663,8.466156,4.278569
39.577,2.7510219,8.279403,4.328849
39.604,2.7462332,8.150111,4.4988422
39.637,2.5283542,8.0711,4.745453
39.676,2.2123098,8.147717,4.764607
39.703,2.1285102,8.298556,4.680807
39.736,1.9824595,8.480521,4.577853
39.775,2.013585,8.442213,4.558699
39.803,2.0255566,8.403905,4.5682764
39.836,2.142876,8.315316,4.6472874
39.877,2.2314641,8.1549,4.7885494
39.903,2.1117504,8.157294,4.8484063
39.937,2.0878077,8.375174,4.7741838
39.977,2.370332,8.557138,4.80531
40.016,2.430189,8.454185,4.6113734
40.043,2.413429,8.253065,4.6736245
40.076,2.2769554,8.056735,4.616162
40.104,2.19555,8.011244,4.5108137
40.144,2.2362528,8.186026,4.5610933
40.176,2.317658,8.379962,4.450957
40.217,2.1907616,8.463761,4.6329217
40.245,2.0518935,8.437425,4.7334814
40.281,1.9656997,8.372779,4.843618
40.319,1.9106313,8.348836,4.7262983
40.343,1.9465454,8.372779,4.695173
40.375,1.9393626,8.41827,4.5898247
40.415,2.0854135,8.391933,4.640105
40.442,2.0925963,8.341654,4.642499
40.476,2.011191,8.358414,4.7167215
40.518,1.3431882,8.650515,2.9928436
40.543,1.7071179,8.102226,3.7326744
40.576,1.6759924,8.1549,5.61218
40.615,2.1332989,8.463761,5.3272614
40.642,1.8483802,8.456578,4.7598186
40.682,2.205127,8.3679905,4.6688356
40.715,1.9465454,8.379962,4.6065845
40.743,1.9106313,8.341654,4.5946136
40.776,2.0854135,8.236305,4.333637
40.815,2.1500587,8.281796,4.486871
40.855,2.1644244,8.336864,4.635316
40.882,2.1883671,8.339259,4.72151
40.915,2.0662591,8.389539,4.862772
40.955,1.9656997,8.430242,4.932206
40.982,1.9680939,8.387145,4.9274178
41.015,2.013585,8.329682,4.723904
41.058,2.0662591,8.253065,4.470111
41.082,2.135693,8.28898,4.45814
41.116,2.1141446,8.346442,4.5275736
41.156,2.0758362,8.351231,4.601796
41.182,2.0016139,8.389539,4.7358756
41.219,1.9585168,8.403905,4.9274178
41.255,2.0758362,8.336864,4.9154463
41.282,2.1811843,8.284191,4.807704
41.316,2.2410412,8.250671,4.515602
41.355,2.176396,8.3129225,4.4749
41.382,2.0973847,8.317711,4.599402
41.417,1.9297855,8.365596,4.6041903
41.448,1.89866,8.394327,4.6760187
41.482,1.951334,8.4230585,4.7334814
41.523,2.1811843,8.353624,4.6329217
41.555,2.2554069,8.300951,4.6329217
41.597,2.19555,8.25546,4.7071443
41.616,2.1572416,8.248277,4.7358756
41.657,2.1907616,8.291373,4.7167215
41.698,2.0064023,8.38475,4.72151
41.723,1.9034485,8.439818,4.6903844
41.756,1.9800652,8.45179,4.72151
41.784,2.0016139,8.38475,4.6496816
41.818,2.1404817,8.324894,4.5898247
41.856,2.1213274,8.27222,4.6233444
41.896,2.1811843,8.293768,4.577853
41.928,2.1716073,8.3129225,4.5946136
41.956,2.1141446,8.3129225,4.6329217
41.996,2.1117504,8.3679905,4.740664
42.022,2.020768,8.353624,4.783761
42.055,2.0494993,8.365596,4.661653
42.096,1.9273912,8.420665,4.563488
42.122,1.951334,8.411087,4.5898247
42.156,2.0710478,8.372779,4.5515165
42.196,2.2194927,8.296163,4.6664414
42.222,2.1716073,8.324894,4.731087
42.256,2.099779,8.320105,4.8388295
42.295,2.185973,8.279403,4.7957325
42.322,2.205127,8.28898,4.702356
42.362,2.0782306,8.351231,4.477294
42.395,2.083019,8.360807,4.436591
42.435,2.1285102,8.332076,4.486871
42.462,2.1141446,8.339259,4.539545
42.497,2.2099156,8.327288,4.783761
42.524,2.221887,8.310528,4.9944572
42.557,2.099779,8.341654,4.860378
42.597,1.9585168,8.41827,4.652076
42.635,2.19555,8.415876,4.443774
42.665,2.3846977,8.336864,4.328849
42.697,2.238647,8.296163,4.3911
42.737,2.1332989,8.245882,4.539545
42.763,2.2721667,8.147717,4.470111
42.796,2.2961094,8.193209,4.477294
42.835,2.2194927,8.360807,4.800521
42.866,2.0399222,8.511647,4.9346004
42.896,1.759792,8.528407,5.0399485
42.936,1.7909175,8.458973,4.850801
42.962,2.0255566,8.341654,4.6329217
42.997,2.2841382,8.193209,4.249838
43.038,2.257801,8.300951,4.2187123
43.063,2.1907616,8.2578535,4.7143273
43.096,2.1811843,8.286585,4.9106574
43.136,2.205127,8.38475,4.8340406
43.163,2.099779,8.382356,4.922629
43.198,2.0494993,8.279403,4.9393888
43.236,2.185973,8.277008,4.515602
43.263,2.0399222,8.308133,4.4126487
43.296,1.9872481,8.3679905,4.4318027
43.335,2.2530127,8.324894,4.575459
43.375,2.2410412,8.281796,4.7981267
43.398,2.1907616,8.279403,4.8555894
43.435,2.257801,8.243488,4.8938975
43.475,2.2673783,8.212362,4.6832013
43.503,2.2099156,8.171659,4.4389853
43.537,2.0854135,8.300951,4.4054656
43.578,1.9992194,8.41827,4.9417834
43.604,1.9920366,8.420665,4.989669
43.637,2.0399222,8.327288,4.8938975
43.677,2.1237218,8.269825,4.9369946
43.705,2.1811843,8.226728,4.8292522
43.737,2.2170985,8.178843,4.5419393
43.777,2.176396,8.262642,4.4222255
43.804,2.0447106,8.315316,4.5419393
43.836,1.8866886,8.391933,4.697567
43.876,1.9297855,8.353624,4.8986864
43.903,2.0327394,8.382356,5.00164
43.936,2.1117504,8.284191,5.032766
43.976,2.1309047,8.226728,4.869955
44.002,2.063865,8.279403,4.757424
44.038,2.1452703,8.250671,4.7095385
44.075,2.2362528,8.267431,4.625739
44.117,1.8747171,8.327288,4.7334814
44.142,1.812466,8.348836,4.8388295
44.175,1.8459859,8.303345,4.757424
44.217,2.0590763,8.248277,4.6903844
44.237,2.1668186,8.2578535,4.6736245
44.275,2.1452703,8.353624,4.6640472
44.315,2.257801,8.296163,4.896292
44.342,2.169213,8.241094,4.903475
44.374,2.0279508,8.229122,4.865166
44.415,2.047105,8.279403,4.9010806
44.442,1.9633054,8.300951,4.819675
44.475,1.908237,8.339259,4.580248
44.516,2.0183737,8.372779,4.5970078
44.542,2.0902019,8.322499,4.652076
44.578,2.2242813,8.2578535,4.6832013
44.616,2.1835787,8.2027855,4.800521
44.643,2.073442,8.229122,4.8771377
44.675,2.1093562,8.262642,4.8747435
44.717,2.0542877,8.356019,4.6736245
44.744,2.0375278,8.389539,4.73827
44.776,1.9752767,8.353624,4.7095385
44.817,2.020768,8.296163,4.68799
44.842,2.0518935,8.267431,4.6999617
44.877,2.1285102,8.269825,4.72151
44.917,2.1620302,8.274613,4.747847
44.944,2.073442,8.28898,4.7119327
44.979,2.1740015,8.324894,4.8124924
45.017,2.1835787,8.308133,4.7741838
45.055,2.0662591,8.284191,4.8484063
45.083,1.7693691,8.341654,4.7957325
45.115,1.9058428,8.375174,4.678413
45.156,2.1380875,8.277008,4.4892654
45.184,2.1620302,8.274613,4.40786
45.214,2.1045675,8.3129225,4.616162
45.255,2.099779,8.303345,4.867561
45.282,2.063865,8.291373,4.867561
45.316,2.0518935,8.360807,4.850801
45.355,2.011191,8.341654,4.7957325
45.382,2.1093562,8.348836,4.697567
45.416,2.1740015,8.310528,4.6544704
45.455,2.0878077,8.277008,4.6233444
45.483,2.0925963,8.2578535,4.582642
45.516,2.1237218,8.265037,4.616162
45.558,2.1979442,8.3679905,4.5898247
45.584,2.185973,8.317711,4.747847
45.616,2.0255566,8.372779,4.800521
45.656,1.8771114,8.399116,5.0207944
45.686,2.020768,8.372779,4.850801
45.722,2.0542877,8.262642,4.4749
45.755,2.2625897,8.327288,4.577853
45.783,2.1093562,8.305739,4.599402
45.816,2.0686533,8.284191,4.661653
45.855,2.1979442,8.3679905,4.618556
45.895,2.1093562,8.320105,4.7286925
45.922,2.0782306,8.315316,4.7885494
45.954,1.9537282,8.346442,4.7957325
45.995,2.1740015,8.382356,4.7262983
46.021,2.0782306,8.327288,4.577853
46.055,2.1117504,8.363202,4.608979
46.097,2.169213,8.346442,4.642499
46.122,2.1285102,8.303345,4.5251794
46.155,2.1285102,8.303345,4.618556
46.194,2.1668186,8.344048,4.6568646
46.222,2.0590763,8.358414,4.6688356
46.255,1.9920366,8.394327,4.743058
46.299,1.9202085,8.437425,4.6281333
46.322,1.9106313,8.413482,4.6137676
46.354,1.9968252,8.339259,4.537151
46.395,2.1907616,8.334471,4.532362
46.422,2.1213274,8.375174,4.616162
46.456,2.1213274,8.377567,4.6927786
46.495,2.1021733,8.3679905,4.5610933
46.522,2.0854135,8.387145,4.5610933
46.562,2.063865,8.387145,4.582642
46.598,2.030345,8.396722,4.470111
46.624,1.9369683,8.406299,4.4389853
46.656,1.9441512,8.449396,4.477294
46.697,2.0159793,8.4230585,4.6688356
46.736,2.126116,8.344048,4.6568646
46.763,2.1548474,8.308133,4.582642
46.794,2.1979442,8.353624,4.7286925
46.837,2.1716073,8.351231,4.6496816
46.864,2.0925963,8.391933,4.4413795
46.896,2.0279508,8.461368,4.4485626
46.936,2.0087965,8.411087,4.5491223
46.962,2.020768,8.396722,4.4820824
46.996,2.116539,8.391933,4.496448
47.034,2.1309047,8.334471,4.529968
47.062,2.0423164,8.403905,4.5084195
47.094,2.013585,8.473338,4.635316
47.136,2.030345,8.415876,4.702356
47.162,2.1093562,8.387145,4.7358756
47.195,2.2530127,8.324894,4.6760187
47.234,2.2937152,8.279403,4.601796
47.262,2.1452703,8.3129225,4.5347567
47.296,2.0279508,8.375174,4.4916596
47.336,1.9872481,8.40151,4.4270144
47.362,1.9920366,8.391933,4.479688
47.397,2.004008,8.43503,4.5898247
47.436,2.1021733,8.411087,4.7717896
47.463,2.1931558,8.387145,4.790944
47.498,2.2721667,8.3129225,4.6472874
47.537,2.2362528,8.336864,4.63771
47.576,2.1069617,8.329682,4.477294
47.598,2.1045675,8.346442,4.35758
47.641,2.030345,8.413482,4.271386
47.677,1.9680939,8.43503,4.5850363
47.703,1.8651401,8.439818,4.6832013
47.738,2.0590763,8.391933,4.757424
47.777,2.1404817,8.336864,4.817281
47.803,2.169213,8.317711,4.908263
47.837,2.2841382,8.38475,4.616162
47.877,2.281744,8.363202,4.37434
47.903,2.176396,8.300951,4.5108137
47.937,2.176396,8.348836,4.4413795
47.979,2.0351336,8.363202,4.3791285
48.003,2.0614705,8.396722,4.4485626
48.036,2.1069617,8.396722,4.558699
48.076,2.1644244,8.399116,4.695173
48.102,2.185973,8.358414,4.7095385
48.136,2.169213,8.336864,4.731087
48.175,2.1069617,8.322499,4.6903844
48.216,2.2147043,8.341654,4.6329217
48.242,2.1644244,8.3129225,4.6927786
48.276,2.1093562,8.346442,4.5251794
48.315,1.9656997,8.442213,4.7071443
48.341,1.8555629,8.396722,4.7502413
48.375,2.0518935,8.351231,4.697567
48.415,2.205127,8.348836,4.625739
48.441,2.073442,8.346442,4.580248
48.475,2.1835787,8.332076,4.6281333
48.515,2.2937152,8.305739,4.563488
48.542,2.1931558,8.291373,4.5491223
48.575,2.2362528,8.320105,4.6113734
48.616,2.1500587,8.341654,4.5946136
48.642,2.0518935,8.38475,4.6233444
48.675,2.1380875,8.382356,4.5874305
48.715,2.020768,8.415876,4.5539107
48.742,1.9824595,8.375174,4.68799
48.776,2.047105,8.3679905,4.7167215
48.816,1.9417568,8.415876,4.6927786
48.843,2.1189332,8.356019,4.7741838
48.877,2.2170985,8.298556,4.573065
48.918,2.3368123,8.317711,4.6736245
48.943,2.1907616,8.265037,4.6999617
48.977,2.2434354,8.322499,4.537151
49.016,2.135693,8.344048,4.5970078
49.042,2.1093562,8.339259,4.7957325
49.076,1.9992194,8.3129225,4.517997
49.115,1.8938714,8.40151,4.6640472
49.156,1.8842943,8.444607,4.764607
49.181,1.951334,8.403905,4.680807
49.215,2.020768,8.408693,4.599402
49.255,2.0925963,8.351231,4.618556
49.282,2.2075214,8.327288,4.608979
49.315,2.2841382,8.303345,4.582642
49.354,2.3272352,8.262642,4.659259
49.381,2.238647,8.293768,4.6472874
49.415,2.2123098,8.303345,4.6903844
49.455,2.1189332,8.360807,4.640105
49.481,2.0375278,8.391933,4.5850363
49.515,2.0016139,8.413482,4.6281333
49.555,2.1237218,8.38475,4.6472874
49.581,2.1500587,8.320105,4.5898247
49.615,2.19555,8.281796,4.517997
49.655,1.9992194,8.420665,4.661653
49.682,2.073442,8.387145,4.786155
49.715,2.248224,8.346442,4.4725056
49.756,2.152453,8.334471,4.601796
49.782,2.176396,8.322499,4.68799
49.815,2.1476645,8.336864,4.537151
49.855,2.0518935,8.375174,4.563488
49.882,1.9920366,8.427847,4.644893
49.916,1.9920366,8.43503,4.601796
49.955,2.0447106,8.420665,4.5850363
49.995,2.0494993,8.40151,4.5515165
50.022,2.0494993,8.360807,4.537151
50.056,2.185973,8.296163,4.5251794
50.096,2.0806248,8.360807,4.5682764
50.117,2.0854135,8.353624,4.601796
50.156,2.0949905,8.399116,4.6688356
50.197,1.9369683,8.449396,4.678413
50.220,1.9273912,8.463761,4.697567
50.256,2.0087965,8.420665,4.599402
50.297,1.8914771,8.442213,4.5084195
50.323,1.9441512,8.454185,4.5610933
50.361,1.9968252,8.41827,4.5108137
50.396,2.0159793,8.439818,4.4318027
50.422,2.0973847,8.449396,4.496448
50.456,2.0327394,8.411087,4.522785
50.497,1.9202085,8.487704,4.5515165
50.523,1.9561225,8.442213,4.5706706
50.556,1.9752767,8.45179,4.3456087
50.597,1.9537282,8.4781275,4.4246197
50.624,2.0447106,8.458973,4.494054
50.656,2.0159793,8.425453,4.3911
50.698,1.9585168,8.463761,4.4916596
50.724,2.047105,8.447001,4.5970078
50.759,2.013585,8.482916,4.4725056
50.801,2.004008,8.437425,4.625739
50.824,2.0590763,8.406299,4.625739
50.856,2.099779,8.38475,4.563488
50.898,2.0686533,8.370385,4.520391
50.936,2.1093562,8.396722,4.5108137
50.957,2.1117504,8.408693,4.503631
50.999,1.838803,8.502069,3.7709827
51.036,2.2170985,8.317711,4.4270144
51.063,2.1476645,8.4230585,5.4517636
51.099,2.047105,8.3679905,4.72151
51.137,2.2003386,8.370385,4.2019525
51.162,2.0016139,8.442213,4.7358756
51.196,1.9058428,8.413482,4.723904
51.236,2.0423164,8.425453,4.312089
51.262,1.908237,8.45179,4.4892654
51.296,1.960911,8.430242,4.6233444
51.335,2.0016139,8.425453,4.479688
51.362,1.8723229,8.430242,4.644893
51.398,1.9369683,8.40151,4.7598186
51.437,2.0183737,8.382356,4.6736245
51.462,2.1883671,8.329682,4.62095
51.498,2.3272352,8.281796,4.580248
51.538,2.2147043,8.310528,4.5443335
51.563,2.257801,8.317711,4.5946136
51.597,2.1931558,8.356019,4.6903844
51.637,2.116539,8.360807,4.6113734
51.663,1.9752767,8.377567,4.659259
51.698,1.960911,8.391933,4.6927786
51.737,2.0902019,8.379962,4.479688
51.764,2.17879,8.379962,4.4677167
51.798,2.2170985,8.370385,4.6688356
51.836,2.2314641,8.293768,4.810098
51.876,2.0542877,8.298556,4.740664
51.905,1.9752767,8.300951,4.702356
51.936,2.0351336,8.399116,4.6065845
51.976,1.9321798,8.444607,4.5275736
52.005,1.9800652,8.442213,4.5874305
52.037,1.9369683,8.41827,4.6233444
52.076,1.977671,8.375174,4.6113734
52.103,2.1476645,8.320105,4.6736245
52.137,2.3463893,8.265037,4.6113734
52.176,2.3272352,8.267431,4.577853
52.204,2.1404817,8.303345,4.6113734
52.239,2.0064023,8.370385,4.7071443
52.277,1.9226027,8.399116,4.6113734
52.310,1.9441512,8.396722,4.601796
52.337,1.9441512,8.387145,4.7071443
52.378,1.9321798,8.406299,4.695173
52.403,2.013585,8.379962,4.6688356
52.436,2.0686533,8.353624,4.573065
52.477,2.17879,8.341654,4.6065845
52.505,2.1644244,8.320105,4.6640472
52.537,2.0255566,8.363202,4.625739
52.578,1.9944309,8.348836,4.6999617
52.616,2.1093562,8.396722,4.6736245
52.637,2.0494993,8.372779,4.6999617
52.675,2.0255566,8.382356,4.7598186
52.717,1.9992194,8.346442,4.635316
52.744,2.1213274,8.303345,4.539545
52.776,2.0949905,8.284191,4.453351
52.817,2.013585,8.396722,4.659259
52.843,1.9393626,8.38475,4.781367
52.877,1.9130256,8.413482,4.8747435
52.918,1.9202085,8.370385,4.913052
52.944,1.9489397,8.332076,4.72151
52.977,1.9417568,8.363202,4.6305275
53.017,2.083019,8.353624,4.532362
53.046,2.1644244,8.336864,4.4844766
53.076,2.1213274,8.346442,4.5610933
53.116,2.0016139,8.308133,4.767001
53.143,2.0782306,8.305739,4.8484063
53.177,2.0590763,8.303345,4.790944
53.217,2.056682,8.40151,4.8124924
53.242,1.9920366,8.40151,4.7071443
53.276,1.9010541,8.377567,4.625739
53.316,2.0494993,8.315316,4.6065845
53.343,2.0710478,8.281796,4.5946136
53.376,2.099779,8.300951,4.5898247
53.417,2.0542877,8.339259,4.7358756
53.456,1.9752767,8.391933,4.817281
53.477,1.9489397,8.38475,4.695173
53.517,2.0159793,8.391933,4.7741838
53.544,1.9848539,8.363202,4.7502413
53.583,2.0806248,8.281796,4.5850363
53.617,2.0542877,8.320105,4.618556
53.657,2.0782306,8.334471,4.6113734
53.683,2.0327394,8.379962,4.5970078
53.717,2.0399222,8.439818,4.757424
53.756,2.030345,8.332076,4.8148866
53.783,1.9992194,8.339259,4.7741838
53.817,2.047105,8.322499,4.6903844
53.856,2.0902019,8.365596,4.4677167
53.883,2.142876,8.43503,4.573065
53.917,1.9034485,8.430242,4.757424
53.958,2.030345,8.45179,4.764607
53.983,2.1093562,8.408693,4.652076
54.017,2.264984,8.387145,4.764607
54.056,2.4110348,8.375174,4.652076
54.083,2.3320236,8.351231,4.434197
54.118,2.3559663,8.387145,4.5275736
54.157,2.3966691,8.413482,4.252232
54.200,2.4684973,8.43503,4.0104103
54.216,2.291321,8.298556,4.3168774
54.256,2.3966691,8.3679905,4.333637
54.287,2.516383,8.351231,4.3887057
54.323,2.657645,8.25546,4.573065
54.355,2.8731298,8.245882,4.4270144
54.384,2.8803127,8.193209,4.563488
54.422,2.7414446,8.181237,4.6712303
54.455,2.6600394,8.260248,4.486871
54.497,2.638491,8.296163,4.4318027
54.523,2.6289136,8.310528,4.3839173
54.556,2.6001825,8.296163,4.312089
54.596,2.5139885,8.308133,4.4246197
54.623,2.4517374,8.303345,4.5443335
54.657,2.535537,8.300951,4.5275736
54.697,2.5522969,8.320105,4.6041903
54.723,2.5666625,8.3129225,4.6688356
54.757,2.6265194,8.248277,4.5347567
54.798,2.6696165,8.245882,4.45814
54.822,2.6217308,8.250671,4.5108137
54.857,2.6193366,8.245882,4.4677167
54.897,2.6073654,8.291373,4.4485626
54.924,2.4948344,8.281796,4.5443335
54.956,2.4948344,8.300951,4.592219
54.997,2.4637089,8.305739,4.556305
55.023,2.4996228,8.3129225,4.5610933
55.057,2.569057,8.284191,4.5706706
55.097,2.6528566,8.25546,4.515602
55.124,2.5546913,8.260248,4.5419393
55.157,2.5858169,8.241094,4.6137676
55.201,2.5666625,8.27222,4.5467277
55.225,2.5427198,8.281796,4.515602
55.262,2.5858169,8.269825,4.558699
55.296,2.4948344,8.267431,4.479688
55.335,2.466103,8.265037,4.5108137
55.362,2.4804688,8.2578535,4.4318027
55.395,2.4421604,8.348836,4.4677167
55.435,2.5235655,8.341654,4.70475
55.462,2.5475085,8.27222,4.7286925
55.497,2.6265194,8.250671,4.6927786
55.536,2.5714512,8.200391,4.659259
55.563,2.5115943,8.231517,4.522785
55.597,2.5331428,8.27222,4.350397
55.637,2.5187771,8.320105,4.417437
55.662,2.5570855,8.27222,4.5347567
55.696,2.6360965,8.241094,4.70475
55.736,2.6121538,8.217151,4.70475
55.762,2.5594797,8.214757,4.6568646
55.796,2.5666625,8.262642,4.6999617
55.838,2.370332,8.324894,4.5060253
55.876,2.4876516,8.334471,4.470111
55.896,2.5092,8.305739,4.529968
55.938,2.5211713,8.250671,4.5610933
55.975,2.5906053,8.20518,4.6137676
56.002,2.6073654,8.217151,4.6472874
56.036,2.5666625,8.265037,4.68799
56.076,2.6241252,8.269825,4.556305
56.102,2.5379312,8.27222,4.4988422
56.135,2.4948344,8.2578535,4.6281333
56.176,2.5211713,8.231517,4.5682764
56.202,2.4637089,8.25546,4.565882
56.236,2.4637089,8.300951,4.625739
56.275,2.4900458,8.291373,4.697567
56.303,2.52596,8.267431,4.6137676
56.335,2.6193366,8.2339115,4.616162
56.374,2.6337023,8.18842,4.652076
56.402,2.5642684,8.217151,4.644893
56.435,2.432583,8.243488,4.6065845
56.475,2.456526,8.305739,4.5539107
56.502,2.5139885,8.291373,4.556305
56.537,2.5475085,8.248277,4.599402
56.575,2.516383,8.243488,4.70475
56.602,2.5379312,8.22194,4.72151
56.641,2.5762396,8.207574,4.7119327
56.675,2.535537,8.245882,4.642499
56.716,2.5092,8.2387,4.6496816
56.742,2.5427198,8.245882,4.652076
56.776,2.5211713,8.207574,4.577853
56.816,2.5618742,8.209969,4.608979
56.842,2.5427198,8.241094,4.5946136
56.875,2.4972286,8.243488,4.539545
56.915,2.604971,8.166871,4.5970078
56.942,2.631308,8.176449,4.575459
56.975,2.5570855,8.231517,4.6281333
57.015,2.439766,8.3679905,4.7885494
57.042,2.3272352,8.41827,4.8148866
57.076,2.3823035,8.298556,4.9178405
57.115,2.5139885,8.186026,4.565882
57.142,2.5642684,8.126168,4.5419393
57.175,2.4637089,8.171659,4.573065
57.215,2.5403256,8.2339115,4.513208
57.242,2.5331428,8.300951,4.573065
57.278,2.3679378,8.315316,4.740664
57.315,2.52596,8.214757,4.8388295
57.341,2.6073654,8.164477,4.7334814
57.375,2.5762396,8.1549,4.6664414
57.415,2.595394,8.171659,4.635316
57.442,2.5020173,8.265037,4.515602
57.481,2.4349775,8.300951,4.625739
57.514,2.49244,8.269825,4.6568646
57.555,2.4086404,8.260248,4.6736245
57.582,2.5475085,8.209969,4.7550297
57.615,2.5020173,8.25546,4.6903844
57.655,2.4541316,8.262642,4.6472874
57.682,2.52596,8.253065,4.5874305
57.715,2.578634,8.229122,4.5251794
57.755,2.6241252,8.195602,4.6041903
57.782,2.5283542,8.186026,4.6041903
57.815,2.5858169,8.212362,4.6640472
57.855,2.4469488,8.236305,4.697567
57.881,2.3966691,8.284191,4.743058
57.915,2.4349775,8.320105,4.6832013
57.956,2.4684973,8.250671,4.6065845
57.981,2.5068057,8.217151,4.6065845
58.015,2.569057,8.197997,4.5874305
58.055,2.5092,8.22194,4.5539107
58.083,2.5235655,8.241094,4.642499
58.115,2.482863,8.25546,4.6688356
58.156,2.4541316,8.267431,4.743058
58.182,2.4541316,8.243488,4.6927786
58.217,2.473286,8.260248,4.5706706
58.255,2.5307484,8.250671,4.537151
58.282,2.5738454,8.248277,4.599402
58.321,2.4780743,8.231517,4.582642
58.355,2.5570855,8.236305,4.661653
58.396,2.4277947,8.243488,4.652076
58.422,2.3487835,8.3129225,4.6329217
58.457,2.360755,8.408693,4.63771
58.496,2.4708917,8.3129225,4.6544704
58.522,2.5522969,8.207574,4.5347567
58.555,2.6121538,8.193209,4.592219
58.584,2.6360965,8.174054,4.70475
58.622,2.6241252,8.224334,4.4988422
58.655,2.52596,8.28898,4.4725056
58.697,2.4900458,8.305739,4.5874305
58.722,2.535537,8.300951,4.537151
58.755,2.4062462,8.27222,4.6903844
58.796,2.4062462,8.329682,4.7119327
58.821,2.4014575,8.356019,4.6688356
58.855,2.3463893,8.308133,4.695173
58.895,2.5714512,8.3129225,4.601796
58.921,2.6624336,8.224334,4.5084195
58.955,2.6767993,8.142929,4.4916596
58.996,2.5714512,8.224334,4.515602
59.021,2.4996228,8.260248,4.5706706
59.055,2.4493432,8.281796,4.6137676
59.096,2.4780743,8.351231,4.479688
59.135,2.4062462,8.375174,4.625739
59.163,2.310475,8.341654,4.608979
59.195,2.466103,8.303345,4.582642
59.235,2.5068057,8.2578535,4.592219
59.261,2.5546913,8.241094,4.522785
59.299,2.6121538,8.226728,4.4988422
59.334,2.5403256,8.284191,4.6113734
59.361,2.439766,8.305739,4.7502413
59.395,2.403852,8.27222,4.6233444
59.435,2.5187771,8.269825,4.6329217
59.462,2.3990633,8.310528,4.635316
59.496,2.3727264,8.339259,4.5682764
59.535,2.47568,8.291373,4.575459
59.563,2.403852,8.291373,4.5060253
59.597,2.47568,8.2339115,4.5515165
59.635,2.5044115,8.241094,4.5275736
59.662,2.439766,8.253065,4.5682764
59.695,2.5139885,8.250671,4.7071443
59.735,2.4972286,8.269825,4.6281333
59.761,2.5139885,8.277008,4.6496816
59.795,2.52596,8.305739,4.661653
59.835,2.291321,8.317711,4.5898247
59.861,2.3248408,8.281796,4.652076
59.895,2.423006,8.269825,4.573065
59.935,2.5546913,8.250671,4.5251794
59.962,2.588211,8.219545,4.642499
