timestamp,x,y,z
00.000,0.578125,-0.625,0.484375
00.031,0.578125,-0.625,0.46875
00.062,0.578125,-0.625,0.484375
00.093,0.578125,-0.625,0.484375
00.125,0.578125,-0.625,0.484375
00.156,0.578125,-0.625,0.484375
00.187,0.578125,-0.625,0.484375
00.218,0.578125,-0.625,0.46875
00.250,0.578125,-0.625,0.484375
00.281,0.578125,-0.625,0.484375
00.312,0.578125,-0.625,0.46875
00.343,0.578125,-0.625,0.484375
00.375,0.578125,-0.625,0.484375
00.406,0.578125,-0.625,0.484375
00.437,0.578125,-0.625,0.484375
00.468,0.578125,-0.609375,0.46875
00.500,0.578125,-0.625,0.484375
00.531,0.578125,-0.625,0.484375
00.562,0.578125,-0.625,0.484375
00.593,0.578125,-0.625,0.484375
00.625,0.578125,-0.625,0.484375
00.656,0.578125,-0.625,0.46875
00.687,0.578125,-0.625,0.484375
00.718,0.578125,-0.625,0.484375
00.750,0.578125,-0.625,0.484375
00.781,0.578125,-0.625,0.46875
00.812,0.578125,-0.625,0.46875
00.843,0.578125,-0.625,0.46875
00.875,0.578125,-0.625,0.484375
00.906,0.578125,-0.625,0.484375
00.937,0.578125,-0.625,0.484375
00.968,0.578125,-0.625,0.46875
01.000,0.578125,-0.625,0.484375
01.031,0.578125,-0.625,0.484375
01.062,0.578125,-0.625,0.484375
01.093,0.578125,-0.625,0.46875
01.125,0.578125,-0.625,0.484375
01.156,0.578125,-0.625,0.46875
01.187,0.578125,-0.625,0.46875
01.218,0.578125,-0.625,0.46875
01.250,0.578125,-0.625,0.484375
01.281,0.578125,-0.625,0.484375
01.312,0.578125,-0.625,0.46875
01.343,0.578125,-0.625,0.484375
01.375,0.578125,-0.625,0.46875
01.406,0.578125,-0.625,0.46875
01.437,0.578125,-0.625,0.484375
01.468,0.578125,-0.625,0.46875
01.500,0.578125,-0.625,0.484375
01.531,0.578125,-0.625,0.484375
01.562,0.59375,-0.625,0.46875
01.593,0.578125,-0.625,0.46875
01.625,0.578125,-0.625,0.46875
01.656,0.578125,-0.625,0.46875
01.687,0.578125,-0.625,0.46875
01.718,0.578125,-0.625,0.46875
01.750,0.578125,-0.625,0.46875
01.781,0.578125,-0.625,0.46875
01.812,0.578125,-0.625,0.484375
01.843,0.578125,-0.625,0.46875
01.875,0.578125,-0.625,0.46875
01.906,0.578125,-0.625,0.46875
01.937,0.578125,-0.625,0.46875
01.968,0.578125,-0.625,0.46875
02.000,0.578125,-0.625,0.46875
02.031,0.578125,-0.625,0.46875
02.062,0.578125,-0.625,0.46875
02.093,0.578125,-0.625,0.46875
02.125,0.578125,-0.625,0.46875
02.156,0.578125,-0.625,0.46875
02.187,0.578125,-0.625,0.46875
02.218,0.578125,-0.625,0.46875
02.250,0.578125,-0.625,0.46875
02.281,0.578125,-0.625,0.46875
02.312,0.578125,-0.625,0.46875
02.343,0.578125,-0.625,0.46875
02.375,0.578125,-0.625,0.46875
02.406,0.578125,-0.625,0.46875
02.437,0.578125,-0.625,0.46875
02.468,0.578125,-0.625,0.46875
02.500,0.578125,-0.625,0.46875
02.531,0.578125,-0.625,0.46875
02.562,0.578125,-0.625,0.46875
02.593,0.578125,-0.625,0.46875
02.625,0.578125,-0.625,0.46875
02.656,0.578125,-0.625,0.46875
02.687,0.578125,-0.625,0.46875
02.718,0.578125,-0.625,0.46875
02.750,0.578125,-0.625,0.46875
02.781,0.578125,-0.625,0.46875
02.812,0.578125,-0.625,0.46875
02.843,0.578125,-0.625,0.46875
02.875,0.578125,-0.625,0.46875
02.906,0.578125,-0.625,0.46875
02.937,0.578125,-0.625,0.46875
02.968,0.578125,-0.625,0.484375
03.000,0.59375,-0.625,0.46875
03.031,0.578125,-0.625,0.46875
03.062,0.578125,-0.625,0.46875
03.093,0.578125,-0.625,0.46875
03.125,0.578125,-0.625,0.46875
03.156,0.578125,-0.625,0.46875
03.187,0.578125,-0.625,0.46875
03.218,0.578125,-0.625,0.46875
03.250,0.578125,-0.625,0.46875
03.281,0.578125,-0.625,0.484375
03.312,0.578125,-0.625,0.46875
03.343,0.578125,-0.625,0.46875
03.375,0.578125,-0.625,0.46875
03.406,0.578125,-0.625,0.46875
03.437,0.578125,-0.625,0.46875
03.468,0.578125,-0.625,0.484375
03.500,0.578125,-0.625,0.46875
03.531,0.578125,-0.625,0.46875
03.562,0.578125,-0.625,0.46875
03.593,0.578125,-0.625,0.484375
03.625,0.578125,-0.625,0.46875
03.656,0.578125,-0.625,0.46875
03.687,0.578125,-0.625,0.484375
03.718,0.578125,-0.625,0.46875
03.750,0.578125,-0.625,0.46875
03.781,0.578125,-0.625,0.46875
03.812,0.578125,-0.625,0.46875
03.843,0.578125,-0.625,0.484375
03.875,0.578125,-0.609375,0.46875
03.906,0.578125,-0.625,0.484375
03.937,0.578125,-0.625,0.484375
03.968,0.578125,-0.625,0.46875
04.000,0.578125,-0.625,0.484375
04.031,0.578125,-0.625,0.484375
04.062,0.578125,-0.625,0.484375
04.093,0.578125,-0.625,0.46875
04.125,0.578125,-0.625,0.484375
04.156,0.578125,-0.625,0.484375
04.187,0.578125,-0.625,0.46875
04.218,0.578125,-0.625,0.484375
04.250,0.578125,-0.625,0.46875
04.281,0.578125,-0.625,0.484375
04.312,0.578125,-0.625,0.46875
04.343,0.578125,-0.625,0.484375
04.375,0.578125,-0.625,0.484375
04.406,0.578125,-0.625,0.484375
04.437,0.578125,-0.625,0.46875
04.468,0.578125,-0.625,0.46875
04.500,0.578125,-0.625,0.484375
04.531,0.578125,-0.625,0.484375
04.562,0.578125,-0.625,0.46875
04.593,0.578125,-0.625,0.46875
04.625,0.578125,-0.625,0.484375
04.656,0.578125,-0.625,0.484375
04.687,0.578125,-0.625,0.484375
04.718,0.578125,-0.609375,0.484375
04.750,0.578125,-0.625,0.46875
04.781,0.578125,-0.625,0.484375
04.812,0.578125,-0.625,0.46875
04.843,0.578125,-0.625,0.484375
04.875,0.578125,-0.625,0.484375
04.906,0.578125,-0.625,0.46875
04.937,0.578125,-0.625,0.46875
04.968,0.578125,-0.625,0.484375
05.000,0.578125,-0.625,0.46875
05.031,0.578125,-0.625,0.484375
05.062,0.578125,-0.625,0.46875
05.093,0.578125,-0.625,0.46875
05.125,0.578125,-0.625,0.484375
05.156,0.578125,-0.625,0.484375
05.187,0.578125,-0.625,0.484375
05.218,0.578125,-0.625,0.484375
05.250,0.578125,-0.625,0.484375
05.281,0.578125,-0.625,0.484375
05.312,0.578125,-0.625,0.484375
05.343,0.578125,-0.625,0.46875
05.375,0.578125,-0.625,0.46875
05.406,0.578125,-0.609375,0.46875
05.437,0.578125,-0.625,0.46875
05.468,0.578125,-0.625,0.484375
05.500,0.578125,-0.625,0.484375
05.531,0.578125,-0.625,0.484375
05.562,0.578125,-0.609375,0.484375
05.593,0.578125,-0.625,0.484375
05.625,0.578125,-0.625,0.484375
05.656,0.578125,-0.625,0.46875
05.687,0.578125,-0.625,0.484375
05.718,0.578125,-0.625,0.484375
05.750,0.578125,-0.625,0.484375
05.781,0.578125,-0.625,0.46875
05.812,0.578125,-0.625,0.484375
05.843,0.578125,-0.625,0.484375
05.875,0.578125,-0.625,0.484375
05.906,0.578125,-0.625,0.484375
05.937,0.578125,-0.625,0.46875
05.968,0.578125,-0.625,0.46875
06.000,0.578125,-0.625,0.46875
06.031,0.578125,-0.625,0.484375
06.062,0.578125,-0.625,0.484375
06.093,0.578125,-0.625,0.484375
06.125,0.578125,-0.625,0.484375
06.156,0.578125,-0.625,0.46875
06.187,0.578125,-0.625,0.46875
06.218,0.578125,-0.625,0.46875
06.250,0.578125,-0.625,0.46875
06.281,0.578125,-0.625,0.46875
06.312,0.578125,-0.625,0.484375
06.343,0.578125,-0.625,0.46875
06.375,0.578125,-0.625,0.46875
06.406,0.578125,-0.625,0.484375
06.437,0.578125,-0.625,0.46875
06.468,0.578125,-0.625,0.46875
06.500,0.578125,-0.625,0.46875
06.531,0.578125,-0.625,0.484375
06.562,0.578125,-0.625,0.46875
06.593,0.578125,-0.625,0.46875
06.625,0.578125,-0.625,0.46875
06.656,0.578125,-0.625,0.46875
06.687,0.578125,-0.625,0.46875
06.718,0.578125,-0.625,0.46875
06.750,0.578125,-0.625,0.46875
06.781,0.578125,-0.625,0.46875
06.812,0.578125,-0.625,0.46875
06.843,0.578125,-0.625,0.46875
06.875,0.578125,-0.625,0.46875
06.906,0.578125,-0.625,0.46875
06.937,0.578125,-0.625,0.46875
06.968,0.578125,-0.625,0.46875
07.000,0.578125,-0.625,0.46875
07.031,0.578125,-0.625,0.46875
07.062,0.578125,-0.625,0.46875
07.093,0.578125,-0.625,0.46875
07.125,0.578125,-0.625,0.46875
07.156,0.578125,-0.625,0.46875
07.187,0.578125,-0.625,0.46875
07.218,0.578125,-0.625,0.46875
07.250,0.578125,-0.625,0.46875
07.281,0.578125,-0.625,0.46875
07.312,0.578125,-0.625,0.46875
07.343,0.578125,-0.625,0.46875
07.375,0.578125,-0.625,0.484375
07.406,0.578125,-0.625,0.46875
07.437,0.578125,-0.625,0.46875
07.468,0.578125,-0.625,0.46875
07.500,0.578125,-0.625,0.46875
07.531,0.578125,-0.625,0.484375
07.562,0.578125,-0.625,0.46875
07.593,0.578125,-0.625,0.46875
07.625,0.578125,-0.625,0.46875
07.656,0.578125,-0.625,0.484375
07.687,0.578125,-0.625,0.46875
07.718,0.578125,-0.625,0.46875
07.750,0.578125,-0.625,0.46875
07.781,0.578125,-0.625,0.46875
07.812,0.578125,-0.625,0.46875
07.843,0.578125,-0.625,0.484375
07.875,0.578125,-0.625,0.484375
07.906,0.578125,-0.625,0.46875
07.937,0.578125,-0.625,0.46875
07.968,0.578125,-0.625,0.484375
08.000,0.578125,-0.625,0.484375
08.031,0.578125,-0.625,0.484375
08.062,0.578125,-0.625,0.46875
08.093,0.578125,-0.625,0.46875
08.125,0.578125,-0.625,0.46875
08.156,0.578125,-0.625,0.46875
08.187,0.578125,-0.625,0.46875
08.218,0.578125,-0.625,0.484375
08.250,0.578125,-0.625,0.46875
08.281,0.578125,-0.625,0.484375
08.312,0.578125,-0.625,0.484375
08.343,0.578125,-0.625,0.484375
08.375,0.578125,-0.625,0.46875
08.406,0.578125,-0.625,0.46875
08.437,0.578125,-0.625,0.484375
08.468,0.578125,-0.625,0.484375
08.500,0.578125,-0.625,0.484375
08.531,0.578125,-0.625,0.484375
08.562,0.578125,-0.625,0.46875
08.593,0.578125,-0.625,0.484375
08.625,0.578125,-0.625,0.484375
08.656,0.578125,-0.625,0.484375
08.687,0.578125,-0.625,0.46875
08.718,0.578125,-0.625,0.46875
08.750,0.578125,-0.625,0.46875
08.781,0.578125,-0.625,0.484375
08.812,0.578125,-0.625,0.46875
08.843,0.578125,-0.625,0.484375
08.875,0.578125,-0.625,0.484375
08.906,0.578125,-0.609375,0.484375
08.937,0.578125,-0.625,0.484375
08.968,0.578125,-0.625,0.46875
09.000,0.578125,-0.625,0.484375
09.031,0.578125,-0.625,0.484375
09.062,0.578125,-0.625,0.484375
09.093,0.578125,-0.625,0.46875
09.125,0.578125,-0.625,0.484375
09.156,0.578125,-0.625,0.484375
09.187,0.578125,-0.625,0.484375
09.218,0.578125,-0.625,0.484375
09.250,0.578125,-0.625,0.484375
09.281,0.578125,-0.625,0.46875
09.312,0.578125,-0.625,0.46875
09.343,0.578125,-0.625,0.484375
09.375,0.578125,-0.625,0.484375
09.406,0.578125,-0.625,0.484375
09.437,0.578125,-0.625,0.46875
09.468,0.578125,-0.625,0.46875
09.500,0.578125,-0.625,0.484375
09.531,0.578125,-0.625,0.484375
09.562,0.578125,-0.625,0.484375
09.593,0.578125,-0.625,0.484375
09.625,0.578125,-0.625,0.484375
09.656,0.578125,-0.625,0.484375
09.687,0.578125,-0.625,0.484375
09.718,0.578125,-0.625,0.484375
09.750,0.578125,-0.609375,0.484375
09.781,0.578125,-0.625,0.46875
09.812,0.578125,-0.625,0.484375
09.843,0.578125,-0.609375,0.484375
09.875,0.578125,-0.625,0.484375
09.906,0.578125,-0.625,0.484375
09.937,0.578125,-0.625,0.46875
09.968,0.578125,-0.625,0.484375
10.000,0.578125,-0.625,0.484375
10.031,0.578125,-0.625,0.484375
10.062,0.578125,-0.625,0.484375
10.093,0.578125,-0.625,0.46875
10.125,0.578125,-0.625,0.46875
10.156,0.578125,-0.625,0.484375
10.187,0.578125,-0.625,0.484375
10.218,0.578125,-0.625,0.484375
10.250,0.578125,-0.625,0.46875
10.281,0.578125,-0.625,0.46875
10.312,0.578125,-0.625,0.46875
10.343,0.578125,-0.625,0.46875
10.375,0.578125,-0.625,0.484375
10.406,0.578125,-0.625,0.46875
10.437,0.578125,-0.625,0.46875
10.468,0.578125,-0.625,0.46875
10.500,0.578125,-0.625,0.46875
10.531,0.578125,-0.625,0.484375
10.562,0.578125,-0.625,0.484375
10.593,0.578125,-0.625,0.46875
10.625,0.578125,-0.625,0.46875
10.656,0.578125,-0.625,0.46875
10.687,0.578125,-0.625,0.46875
10.718,0.578125,-0.625,0.484375
10.750,0.578125,-0.625,0.46875
10.781,0.578125,-0.625,0.46875
10.812,0.578125,-0.625,0.46875
10.843,0.578125,-0.625,0.46875
10.875,0.578125,-0.625,0.484375
10.906,0.578125,-0.625,0.46875
10.937,0.578125,-0.625,0.46875
10.968,0.578125,-0.625,0.46875
11.000,0.578125,-0.625,0.46875
11.031,0.578125,-0.625,0.484375
11.062,0.578125,-0.625,0.46875
11.093,0.578125,-0.625,0.46875
11.125,0.578125,-0.625,0.46875
11.156,0.578125,-0.625,0.46875
11.187,0.578125,-0.625,0.46875
11.218,0.578125,-0.625,0.46875
11.250,0.578125,-0.625,0.46875
11.281,0.578125,-0.625,0.46875
11.312,0.578125,-0.625,0.46875
11.343,0.578125,-0.625,0.46875
11.375,0.578125,-0.625,0.46875
11.406,0.578125,-0.625,0.46875
11.437,0.578125,-0.625,0.46875
11.468,0.578125,-0.625,0.46875
11.500,0.578125,-0.625,0.46875
11.531,0.578125,-0.625,0.46875
11.562,0.578125,-0.625,0.46875
11.593,0.578125,-0.625,0.46875
11.625,0.578125,-0.625,0.46875
11.656,0.578125,-0.625,0.46875
11.687,0.578125,-0.625,0.46875
11.718,0.578125,-0.625,0.46875
11.750,0.578125,-0.625,0.46875
11.781,0.578125,-0.625,0.46875
11.812,0.578125,-0.625,0.46875
11.843,0.578125,-0.625,0.46875
11.875,0.578125,-0.625,0.46875
11.906,0.578125,-0.625,0.46875
11.937,0.578125,-0.625,0.46875
11.968,0.578125,-0.625,0.46875
12.000,0.578125,-0.625,0.46875
12.031,0.578125,-0.625,0.46875
12.062,0.578125,-0.625,0.46875
12.093,0.578125,-0.625,0.46875
12.125,0.578125,-0.625,0.484375
12.156,0.578125,-0.625,0.46875
12.187,0.578125,-0.625,0.46875
12.218,0.578125,-0.625,0.46875
12.250,0.578125,-0.625,0.46875
12.281,0.578125,-0.625,0.46875
12.312,0.578125,-0.625,0.46875
12.343,0.578125,-0.625,0.46875
12.375,0.578125,-0.625,0.46875
12.406,0.578125,-0.625,0.46875
12.437,0.578125,-0.625,0.484375
12.468,0.578125,-0.625,0.484375
12.500,0.578125,-0.625,0.46875
12.531,0.578125,-0.625,0.46875
12.562,0.578125,-0.625,0.46875
12.593,0.578125,-0.625,0.46875
12.625,0.578125,-0.625,0.46875
12.656,0.578125,-0.625,0.484375
12.687,0.578125,-0.625,0.46875
12.718,0.578125,-0.625,0.484375
12.750,0.578125,-0.625,0.46875
12.781,0.578125,-0.625,0.46875
12.812,0.578125,-0.625,0.46875
12.843,0.578125,-0.625,0.46875
12.875,0.578125,-0.625,0.46875
12.906,0.578125,-0.625,0.46875
12.937,0.578125,-0.625,0.46875
12.968,0.578125,-0.625,0.484375
13.000,0.59375,-0.625,0.484375
13.031,0.578125,-0.625,0.484375
13.062,0.578125,-0.625,0.484375
13.093,0.578125,-0.625,0.46875
13.125,0.578125,-0.625,0.46875
13.156,0.578125,-0.625,0.484375
13.187,0.578125,-0.625,0.484375
13.218,0.578125,-0.625,0.46875
13.250,0.578125,-0.625,0.46875
13.281,0.578125,-0.625,0.484375
13.312,0.578125,-0.625,0.484375
13.343,0.578125,-0.625,0.46875
13.375,0.578125,-0.625,0.484375
13.406,0.578125,-0.625,0.46875
13.437,0.578125,-0.625,0.484375
13.468,0.578125,-0.625,0.484375
13.500,0.578125,-0.625,0.484375
13.531,0.578125,-0.625,0.484375
13.562,0.578125,-0.625,0.484375
13.593,0.578125,-0.625,0.46875
13.625,0.578125,-0.625,0.46875
13.656,0.578125,-0.625,0.484375
13.687,0.578125,-0.625,0.484375
13.718,0.578125,-0.625,0.484375
13.750,0.578125,-0.625,0.46875
13.781,0.578125,-0.625,0.484375
13.812,0.578125,-0.625,0.484375
13.843,0.578125,-0.625,0.484375
13.875,0.578125,-0.609375,0.484375
13.906,0.578125,-0.625,0.46875
13.937,0.578125,-0.625,0.484375
13.968,0.578125,-0.625,0.46875
14.000,0.578125,-0.625,0.484375
14.031,0.578125,-0.625,0.484375
14.062,0.578125,-0.625,0.46875
14.093,0.578125,-0.625,0.484375
14.125,0.578125,-0.625,0.484375
14.156,0.578125,-0.625,0.484375
14.187,0.578125,-0.609375,0.484375
14.218,0.578125,-0.625,0.46875
14.250,0.578125,-0.625,0.484375
14.281,0.578125,-0.625,0.46875
14.312,0.578125,-0.625,0.484375
14.343,0.578125,-0.625,0.484375
14.375,0.578125,-0.625,0.484375
14.406,0.578125,-0.625,0.484375
14.437,0.578125,-0.625,0.46875
14.468,0.578125,-0.625,0.46875
14.500,0.578125,-0.625,0.46875
14.531,0.578125,-0.625,0.484375
14.562,0.578125,-0.625,0.46875
14.593,0.578125,-0.625,0.46875
14.625,0.578125,-0.625,0.484375
14.656,0.578125,-0.625,0.484375
14.687,0.578125,-0.625,0.484375
14.718,0.578125,-0.625,0.484375
14.750,0.578125,-0.625,0.46875
14.781,0.578125,-0.625,0.484375
14.812,0.578125,-0.625,0.484375
14.843,0.578125,-0.625,0.46875
14.875,0.578125,-0.625,0.484375
14.906,0.578125,-0.625,0.484375
14.937,0.578125,-0.625,0.46875
14.968,0.578125,-0.625,0.46875
15.000,0.578125,-0.625,0.484375
15.031,0.578125,-0.625,0.46875
15.062,0.578125,-0.625,0.46875
15.093,0.578125,-0.625,0.46875
15.125,0.578125,-0.625,0.46875
15.156,0.578125,-0.625,0.46875
15.187,0.578125,-0.625,0.46875
15.218,0.578125,-0.625,0.484375
15.250,0.578125,-0.625,0.46875
15.281,0.578125,-0.625,0.46875
15.312,0.578125,-0.625,0.46875
15.343,0.578125,-0.625,0.46875
15.375,0.578125,-0.625,0.46875
15.406,0.578125,-0.625,0.46875
15.437,0.578125,-0.625,0.46875
15.468,0.578125,-0.625,0.484375
15.500,0.578125,-0.625,0.46875
15.531,0.578125,-0.625,0.46875
15.562,0.578125,-0.625,0.46875
15.593,0.578125,-0.625,0.46875
15.625,0.578125,-0.625,0.484375
15.656,0.578125,-0.625,0.46875
15.687,0.578125,-0.625,0.46875
15.718,0.578125,-0.625,0.46875
15.750,0.578125,-0.625,0.46875
15.781,0.578125,-0.625,0.46875
15.812,0.578125,-0.625,0.46875
15.843,0.578125,-0.625,0.46875
15.875,0.578125,-0.625,0.46875
15.906,0.578125,-0.625,0.46875
15.937,0.578125,-0.625,0.46875
15.968,0.578125,-0.625,0.46875
16.000,0.578125,-0.625,0.46875
16.031,0.578125,-0.625,0.46875
16.062,0.578125,-0.625,0.46875
16.093,0.578125,-0.625,0.46875
16.125,0.578125,-0.625,0.46875
16.156,0.578125,-0.625,0.46875
16.187,0.578125,-0.625,0.46875
16.218,0.578125,-0.625,0.46875
16.250,0.578125,-0.625,0.46875
16.281,0.578125,-0.625,0.46875
16.312,0.578125,-0.625,0.46875
16.343,0.578125,-0.625,0.46875
16.375,0.578125,-0.625,0.46875
16.406,0.578125,-0.625,0.484375
16.437,0.578125,-0.625,0.46875
16.468,0.578125,-0.625,0.46875
16.500,0.578125,-0.625,0.484375
16.531,0.578125,-0.625,0.46875
16.562,0.578125,-0.625,0.46875
16.593,0.578125,-0.625,0.46875
16.625,0.578125,-0.625,0.46875
16.656,0.578125,-0.625,0.46875
16.687,0.578125,-0.625,0.46875
16.718,0.578125,-0.625,0.46875
16.750,0.578125,-0.625,0.46875
16.781,0.578125,-0.625,0.46875
16.812,0.578125,-0.625,0.484375
16.843,0.578125,-0.625,0.484375
16.875,0.578125,-0.625,0.46875
16.906,0.578125,-0.625,0.46875
16.937,0.578125,-0.625,0.46875
16.968,0.578125,-0.625,0.46875
17.000,0.578125,-0.625,0.484375
17.031,0.578125,-0.625,0.46875
17.062,0.578125,-0.625,0.46875
17.093,0.578125,-0.625,0.484375
17.125,0.578125,-0.625,0.484375
17.156,0.578125,-0.625,0.484375
17.187,0.578125,-0.625,0.46875
17.218,0.578125,-0.625,0.46875
17.250,0.578125,-0.625,0.46875
17.281,0.578125,-0.625,0.46875
17.312,0.578125,-0.625,0.46875
17.343,0.578125,-0.625,0.484375
17.375,0.578125,-0.625,0.46875
17.406,0.578125,-0.625,0.484375
17.437,0.578125,-0.625,0.484375
17.468,0.578125,-0.625,0.484375
17.500,0.578125,-0.625,0.484375
17.531,0.578125,-0.625,0.46875
17.562,0.578125,-0.625,0.484375
17.593,0.578125,-0.625,0.484375
17.625,0.578125,-0.625,0.484375
17.656,0.578125,-0.625,0.484375
17.687,0.578125,-0.625,0.46875
17.718,0.578125,-0.625,0.484375
17.750,0.578125,-0.625,0.484375
17.781,0.578125,-0.625,0.484375
17.812,0.578125,-0.625,0.484375
17.843,0.578125,-0.625,0.484375
17.875,0.578125,-0.625,0.46875
17.906,0.578125,-0.625,0.46875
17.937,0.578125,-0.625,0.484375
17.968,0.578125,-0.625,0.484375
18.000,0.578125,-0.625,0.484375
18.031,0.578125,-0.625,0.484375
18.062,0.578125,-0.625,0.46875
18.093,0.578125,-0.625,0.484375
18.125,0.578125,-0.625,0.46875
18.156,0.578125,-0.625,0.484375
18.187,0.578125,-0.625,0.484375
18.218,0.578125,-0.625,0.484375
18.250,0.578125,-0.625,0.484375
18.281,0.578125,-0.625,0.484375
18.312,0.578125,-0.625,0.484375
18.343,0.578125,-0.609375,0.484375
18.375,0.578125,-0.625,0.484375
18.406,0.578125,-0.625,0.484375
18.437,0.578125,-0.625,0.484375
18.468,0.578125,-0.625,0.484375
18.500,0.578125,-0.625,0.484375
18.531,0.578125,-0.625,0.484375
18.562,0.578125,-0.625,0.484375
18.593,0.578125,-0.625,0.484375
18.625,0.578125,-0.625,0.46875
18.656,0.578125,-0.625,0.46875
18.687,0.578125,-0.625,0.484375
18.718,0.578125,-0.625,0.46875
18.750,0.578125,-0.625,0.484375
18.781,0.578125,-0.625,0.46875
18.812,0.578125,-0.625,0.484375
18.843,0.578125,-0.625,0.484375
18.875,0.578125,-0.625,0.484375
18.906,0.578125,-0.625,0.46875
18.937,0.578125,-0.625,0.46875
18.968,0.578125,-0.625,0.484375
19.000,0.578125,-0.625,0.46875
19.031,0.578125,-0.625,0.46875
19.062,0.578125,-0.625,0.484375
19.093,0.578125,-0.625,0.46875
19.125,0.578125,-0.625,0.46875
19.156,0.578125,-0.625,0.484375
19.187,0.578125,-0.625,0.484375
19.218,0.578125,-0.625,0.46875
19.250,0.578125,-0.625,0.46875
19.281,0.578125,-0.625,0.46875
19.312,0.578125,-0.625,0.46875
19.343,0.578125,-0.625,0.484375
19.375,0.578125,-0.625,0.484375
19.406,0.578125,-0.625,0.484375
19.437,0.578125,-0.625,0.484375
19.468,0.578125,-0.625,0.46875
19.500,0.578125,-0.625,0.46875
19.531,0.578125,-0.625,0.46875
19.562,0.578125,-0.625,0.46875
19.593,0.578125,-0.625,0.46875
19.625,0.578125,-0.625,0.46875
19.656,0.578125,-0.625,0.484375
19.687,0.578125,-0.625,0.484375
19.718,0.578125,-0.625,0.46875
19.750,0.578125,-0.625,0.46875
19.781,0.578125,-0.625,0.46875
19.812,0.578125,-0.625,0.46875
19.843,0.578125,-0.625,0.46875
19.875,0.578125,-0.625,0.484375
19.906,0.578125,-0.625,0.484375
19.937,0.578125,-0.625,0.46875
19.968,0.578125,-0.625,0.46875
20.000,0.578125,-0.625,0.46875
20.031,0.578125,-0.625,0.46875
20.062,0.578125,-0.625,0.46875
20.093,0.578125,-0.625,0.46875
20.125,0.578125,-0.625,0.46875
20.156,0.578125,-0.625,0.46875
20.187,0.578125,-0.625,0.46875
20.218,0.578125,-0.625,0.46875
20.250,0.578125,-0.625,0.46875
20.281,0.578125,-0.625,0.46875
20.312,0.578125,-0.625,0.46875
20.343,0.578125,-0.625,0.46875
20.375,0.578125,-0.625,0.46875
20.406,0.578125,-0.625,0.46875
20.437,0.578125,-0.625,0.46875
20.468,0.578125,-0.625,0.46875
20.500,0.578125,-0.625,0.46875
20.531,0.578125,-0.625,0.46875
20.562,0.578125,-0.625,0.46875
20.593,0.578125,-0.625,0.46875
20.625,0.578125,-0.625,0.46875
20.656,0.578125,-0.625,0.46875
20.687,0.578125,-0.625,0.484375
20.718,0.578125,-0.625,0.46875
20.750,0.578125,-0.625,0.46875
20.781,0.578125,-0.625,0.46875
20.812,0.578125,-0.625,0.46875
20.843,0.578125,-0.625,0.46875
20.875,0.578125,-0.625,0.46875
20.906,0.578125,-0.625,0.46875
20.937,0.578125,-0.625,0.484375
20.968,0.578125,-0.625,0.46875
21.000,0.578125,-0.625,0.46875
21.031,0.578125,-0.625,0.46875
21.062,0.578125,-0.625,0.46875
21.093,0.578125,-0.625,0.484375
21.125,0.578125,-0.625,0.484375
21.156,0.578125,-0.625,0.484375
21.187,0.578125,-0.625,0.46875
21.218,0.578125,-0.625,0.46875
21.250,0.578125,-0.625,0.46875
21.281,0.578125,-0.625,0.46875
21.312,0.578125,-0.625,0.484375
21.343,0.578125,-0.625,0.46875
21.375,0.578125,-0.625,0.46875
21.406,0.578125,-0.625,0.484375
21.437,0.578125,-0.625,0.484375
21.468,0.578125,-0.625,0.46875
21.500,0.578125,-0.625,0.46875
21.531,0.578125,-0.625,0.46875
21.562,0.578125,-0.625,0.484375
21.593,0.578125,-0.625,0.484375
21.625,0.578125,-0.625,0.46875
21.656,0.578125,-0.625,0.484375
21.687,0.578125,-0.625,0.484375
21.718,0.578125,-0.625,0.484375
21.750,0.578125,-0.625,0.484375
21.781,0.578125,-0.625,0.484375
21.812,0.578125,-0.625,0.46875
21.843,0.578125,-0.625,0.46875
21.875,0.578125,-0.625,0.46875
21.906,0.578125,-0.625,0.484375
21.937,0.578125,-0.625,0.484375
21.968,0.578125,-0.625,0.484375
22.000,0.578125,-0.625,0.46875
22.031,0.578125,-0.625,0.484375
22.062,0.578125,-0.625,0.484375
22.093,0.578125,-0.625,0.484375
22.125,0.578125,-0.625,0.484375
22.156,0.578125,-0.625,0.484375
22.187,0.578125,-0.625,0.484375
22.218,0.578125,-0.625,0.484375
22.250,0.578125,-0.625,0.484375
22.281,0.578125,-0.625,0.484375
22.312,0.578125,-0.609375,0.484375
22.343,0.578125,-0.625,0.484375
22.375,0.578125,-0.625,0.484375
22.406,0.578125,-0.625,0.484375
22.437,0.578125,-0.625,0.484375
22.468,0.578125,-0.625,0.484375
22.500,0.578125,-0.625,0.46875
22.531,0.578125,-0.625,0.484375
22.562,0.578125,-0.625,0.484375
22.593,0.578125,-0.625,0.484375
22.625,0.578125,-0.625,0.484375
22.656,0.578125,-0.625,0.46875
22.687,0.578125,-0.625,0.46875
22.718,0.578125,-0.625,0.46875
22.750,0.578125,-0.625,0.484375
22.781,0.578125,-0.625,0.484375
22.812,0.578125,-0.625,0.46875
22.843,0.578125,-0.625,0.484375
22.875,0.578125,-0.625,0.46875
22.906,0.578125,-0.625,0.484375
22.937,0.578125,-0.625,0.46875
22.968,0.578125,-0.625,0.46875
23.000,0.578125,-0.625,0.46875
23.031,0.578125,-0.625,0.46875
23.062,0.578125,-0.625,0.46875
23.093,0.578125,-0.625,0.484375
23.125,0.578125,-0.625,0.484375
23.156,0.578125,-0.625,0.46875
23.187,0.578125,-0.625,0.484375
23.218,0.578125,-0.625,0.484375
23.250,0.578125,-0.625,0.46875
23.281,0.578125,-0.625,0.46875
23.312,0.578125,-0.625,0.484375
23.343,0.578125,-0.625,0.46875
23.375,0.578125,-0.625,0.46875
23.406,0.578125,-0.625,0.46875
23.437,0.578125,-0.625,0.46875
23.468,0.578125,-0.625,0.46875
23.500,0.578125,-0.625,0.46875
23.531,0.578125,-0.625,0.46875
23.562,0.578125,-0.625,0.46875
23.593,0.578125,-0.625,0.484375
23.625,0.578125,-0.625,0.46875
23.656,0.578125,-0.625,0.46875
23.687,0.578125,-0.625,0.46875
23.718,0.578125,-0.625,0.46875
23.750,0.578125,-0.625,0.46875
23.781,0.578125,-0.625,0.46875
23.812,0.578125,-0.625,0.46875
23.843,0.578125,-0.625,0.46875
23.875,0.578125,-0.625,0.46875
23.906,0.578125,-0.625,0.46875
23.937,0.578125,-0.625,0.484375
23.968,0.578125,-0.625,0.46875
24.000,0.578125,-0.625,0.46875
24.031,0.578125,-0.625,0.46875
24.062,0.578125,-0.625,0.46875
24.093,0.578125,-0.625,0.46875
24.125,0.578125,-0.625,0.46875
24.156,0.578125,-0.625,0.46875
24.187,0.578125,-0.625,0.46875
24.218,0.578125,-0.625,0.46875
24.250,0.578125,-0.625,0.46875
24.281,0.578125,-0.625,0.46875
24.312,0.578125,-0.625,0.46875
24.343,0.578125,-0.625,0.46875
24.375,0.578125,-0.625,0.46875
24.406,0.578125,-0.625,0.46875
24.437,0.578125,-0.625,0.484375
24.468,0.578125,-0.625,0.46875
24.500,0.578125,-0.625,0.46875
24.531,0.578125,-0.625,0.46875
24.562,0.578125,-0.625,0.46875
24.593,0.578125,-0.625,0.46875
24.625,0.578125,-0.625,0.46875
24.656,0.578125,-0.625,0.46875
24.687,0.578125,-0.625,0.46875
24.718,0.578125,-0.625,0.46875
24.750,0.578125,-0.625,0.46875
24.781,0.578125,-0.625,0.484375
24.812,0.578125,-0.625,0.484375
24.843,0.578125,-0.625,0.46875
24.875,0.578125,-0.625,0.46875
24.906,0.578125,-0.625,0.46875
24.937,0.578125,-0.625,0.46875
24.968,0.578125,-0.625,0.46875
25.000,0.578125,-0.625,0.484375
25.031,0.578125,-0.625,0.46875
25.062,0.578125,-0.625,0.46875
25.093,0.578125,-0.625,0.46875
25.125,0.578125,-0.625,0.46875
25.156,0.578125,-0.625,0.46875
25.187,0.578125,-0.625,0.46875
25.218,0.578125,-0.625,0.46875
25.250,0.578125,-0.625,0.46875
25.281,0.578125,-0.625,0.484375
25.312,0.578125,-0.625,0.484375
25.343,0.578125,-0.625,0.484375
25.375,0.578125,-0.625,0.46875
25.406,0.578125,-0.625,0.484375
25.437,0.578125,-0.625,0.46875
25.468,0.578125,-0.625,0.46875
25.500,0.578125,-0.625,0.46875
25.531,0.578125,-0.625,0.484375
25.562,0.578125,-0.625,0.46875
25.593,0.578125,-0.625,0.484375
25.625,0.578125,-0.625,0.46875
25.656,0.578125,-0.625,0.484375
25.687,0.578125,-0.609375,0.484375
25.718,0.578125,-0.625,0.484375
25.750,0.578125,-0.625,0.484375
25.781,0.578125,-0.625,0.46875
25.812,0.578125,-0.625,0.484375
25.843,0.578125,-0.625,0.484375
25.875,0.578125,-0.625,0.484375
25.906,0.578125,-0.625,0.484375
25.937,0.578125,-0.625,0.484375
25.968,0.578125,-0.625,0.484375
26.000,0.578125,-0.625,0.46875
26.031,0.578125,-0.625,0.484375
26.062,0.578125,-0.625,0.46875
26.093,0.578125,-0.625,0.484375
26.125,0.578125,-0.625,0.484375
26.156,0.578125,-0.625,0.484375
26.187,0.578125,-0.625,0.484375
26.218,0.578125,-0.625,0.46875
26.250,0.578125,-0.625,0.484375
26.281,0.578125,-0.625,0.484375
26.312,0.578125,-0.625,0.46875
26.343,0.578125,-0.625,0.46875
26.375,0.578125,-0.625,0.484375
26.406,0.578125,-0.625,0.484375
26.437,0.59375,-0.625,0.46875
26.468,0.578125,-0.625,0.484375
26.500,0.578125,-0.625,0.484375
26.531,0.578125,-0.625,0.484375
26.562,0.578125,-0.625,0.46875
26.593,0.578125,-0.625,0.484375
26.625,0.578125,-0.625,0.484375
26.656,0.578125,-0.609375,0.46875
26.687,0.578125,-0.609375,0.484375
26.718,0.578125,-0.625,0.484375
26.750,0.578125,-0.625,0.46875
26.781,0.578125,-0.625,0.484375
26.812,0.578125,-0.625,0.484375
26.843,0.578125,-0.625,0.484375
26.875,0.578125,-0.625,0.484375
26.906,0.578125,-0.625,0.46875
26.937,0.578125,-0.625,0.484375
26.968,0.578125,-0.625,0.484375
27.000,0.578125,-0.625,0.484375
27.031,0.578125,-0.625,0.484375
27.062,0.578125,-0.625,0.484375
27.093,0.578125,-0.625,0.484375
27.125,0.578125,-0.625,0.46875
27.156,0.578125,-0.625,0.46875
27.187,0.578125,-0.625,0.46875
27.218,0.578125,-0.625,0.484375
27.250,0.578125,-0.625,0.46875
27.281,0.578125,-0.625,0.484375
27.312,0.578125,-0.625,0.484375
27.343,0.578125,-0.625,0.46875
27.375,0.578125,-0.625,0.484375
27.406,0.578125,-0.625,0.484375
27.437,0.578125,-0.625,0.46875
27.468,0.578125,-0.625,0.484375
27.500,0.578125,-0.625,0.484375
27.531,0.578125,-0.625,0.484375
27.562,0.578125,-0.625,0.484375
27.593,0.578125,-0.625,0.46875
27.625,0.578125,-0.625,0.46875
27.656,0.578125,-0.625,0.484375
27.687,0.578125,-0.625,0.484375
27.718,0.578125,-0.609375,0.46875
27.750,0.578125,-0.625,0.46875
27.781,0.578125,-0.625,0.46875
27.812,0.578125,-0.625,0.46875
27.843,0.578125,-0.625,0.46875
27.875,0.578125,-0.625,0.484375
27.906,0.578125,-0.625,0.46875
27.937,0.578125,-0.625,0.46875
27.968,0.578125,-0.625,0.46875
28.000,0.578125,-0.625,0.46875
28.031,0.578125,-0.625,0.46875
28.062,0.578125,-0.625,0.46875
28.093,0.578125,-0.625,0.46875
28.125,0.578125,-0.625,0.484375
28.156,0.578125,-0.625,0.46875
28.187,0.578125,-0.625,0.46875
28.218,0.578125,-0.625,0.484375
28.250,0.578125,-0.625,0.46875
28.281,0.578125,-0.625,0.46875
28.312,0.578125,-0.625,0.46875
28.343,0.578125,-0.625,0.46875
28.375,0.578125,-0.625,0.46875
28.406,0.578125,-0.625,0.484375
28.437,0.578125,-0.625,0.46875
28.468,0.578125,-0.625,0.46875
28.500,0.578125,-0.625,0.46875
28.531,0.578125,-0.625,0.46875
28.562,0.578125,-0.625,0.46875
28.593,0.578125,-0.625,0.46875
28.625,0.578125,-0.625,0.46875
28.656,0.578125,-0.625,0.46875
28.687,0.578125,-0.625,0.46875
28.718,0.578125,-0.625,0.46875
28.750,0.578125,-0.625,0.46875
28.781,0.578125,-0.625,0.46875
28.812,0.578125,-0.625,0.46875
28.843,0.578125,-0.625,0.46875
28.875,0.578125,-0.625,0.46875
28.906,0.578125,-0.625,0.46875
28.937,0.578125,-0.625,0.46875
28.968,0.578125,-0.625,0.46875
29.000,0.578125,-0.625,0.46875
29.031,0.578125,-0.625,0.46875
29.062,0.578125,-0.625,0.46875
29.093,0.578125,-0.625,0.46875
29.125,0.578125,-0.625,0.46875
29.156,0.578125,-0.625,0.46875
29.187,0.578125,-0.625,0.46875
29.218,0.578125,-0.625,0.46875
29.250,0.578125,-0.625,0.46875
29.281,0.578125,-0.625,0.46875
29.312,0.578125,-0.625,0.46875
29.343,0.578125,-0.625,0.484375
29.375,0.578125,-0.625,0.46875
29.406,0.578125,-0.625,0.46875
29.437,0.578125,-0.625,0.46875
29.468,0.578125,-0.625,0.46875
29.500,0.578125,-0.625,0.484375
29.531,0.578125,-0.625,0.46875
29.562,0.578125,-0.625,0.46875
29.593,0.578125,-0.625,0.46875
29.625,0.578125,-0.625,0.46875
29.656,0.578125,-0.625,0.46875
29.687,0.578125,-0.625,0.46875
29.718,0.578125,-0.625,0.46875
29.750,0.578125,-0.625,0.46875
29.781,0.578125,-0.625,0.484375
29.812,0.578125,-0.625,0.46875
29.843,0.578125,-0.625,0.46875
29.875,0.578125,-0.625,0.484375
29.906,0.578125,-0.625,0.484375
29.937,0.578125,-0.625,0.46875
29.968,0.578125,-0.625,0.484375
30.000,0.578125,-0.625,0.46875
30.031,0.578125,-0.625,0.46875
30.062,0.578125,-0.625,0.484375
30.093,0.578125,-0.625,0.484375
30.125,0.578125,-0.625,0.484375
30.156,0.578125,-0.625,0.484375
30.187,0.578125,-0.625,0.484375
30.218,0.578125,-0.625,0.484375
30.250,0.578125,-0.625,0.484375
30.281,0.578125,-0.625,0.484375
30.312,0.578125,-0.625,0.46875
30.343,0.578125,-0.625,0.484375
30.375,0.578125,-0.625,0.46875
30.406,0.578125,-0.625,0.484375
30.437,0.578125,-0.625,0.46875
30.468,0.578125,-0.625,0.484375
30.500,0.578125,-0.625,0.46875
30.531,0.578125,-0.625,0.46875
30.562,0.578125,-0.625,0.484375
30.593,0.578125,-0.625,0.484375
30.625,0.578125,-0.625,0.46875
30.656,0.578125,-0.625,0.46875
30.687,0.578125,-0.625,0.484375
30.718,0.578125,-0.625,0.484375
30.750,0.578125,-0.625,0.484375
30.781,0.578125,-0.625,0.46875
30.812,0.578125,-0.625,0.484375
30.843,0.578125,-0.625,0.484375
30.875,0.578125,-0.625,0.484375
30.906,0.578125,-0.625,0.484375
30.937,0.578125,-0.625,0.484375
30.968,0.578125,-0.625,0.46875
31.000,0.578125,-0.625,0.484375
31.031,0.578125,-0.625,0.484375
31.062,0.578125,-0.625,0.484375
31.093,0.578125,-0.625,0.484375
31.125,0.578125,-0.625,0.46875
31.156,0.578125,-0.625,0.484375
31.187,0.578125,-0.625,0.484375
31.218,0.578125,-0.625,0.484375
31.250,0.578125,-0.625,0.484375
31.281,0.578125,-0.625,0.484375
31.312,0.578125,-0.625,0.484375
31.343,0.578125,-0.625,0.484375
31.375,0.578125,-0.625,0.484375
31.406,0.578125,-0.625,0.484375
31.437,0.578125,-0.625,0.484375
31.468,0.578125,-0.625,0.484375
31.500,0.578125,-0.625,0.484375
31.531,0.578125,-0.625,0.484375
31.562,0.578125,-0.625,0.484375
31.593,0.578125,-0.609375,0.484375
31.625,0.578125,-0.609375,0.484375
31.656,0.578125,-0.625,0.484375
31.687,0.578125,-0.625,0.484375
31.718,0.578125,-0.625,0.484375
31.750,0.578125,-0.625,0.484375
31.781,0.578125,-0.625,0.484375
31.812,0.578125,-0.625,0.484375
31.843,0.578125,-0.625,0.484375
31.875,0.578125,-0.625,0.484375
31.906,0.578125,-0.625,0.484375
31.937,0.578125,-0.625,0.484375
31.968,0.578125,-0.625,0.46875
32.000,0.578125,-0.625,0.46875
32.031,0.578125,-0.625,0.484375
32.062,0.578125,-0.625,0.484375
32.093,0.578125,-0.625,0.484375
32.125,0.578125,-0.625,0.484375
32.156,0.578125,-0.625,0.484375
32.187,0.578125,-0.625,0.46875
32.218,0.578125,-0.625,0.46875
32.250,0.578125,-0.625,0.46875
32.281,0.578125,-0.625,0.46875
32.312,0.578125,-0.625,0.484375
32.343,0.578125,-0.625,0.46875
32.375,0.578125,-0.625,0.46875
32.406,0.578125,-0.625,0.484375
32.437,0.578125,-0.625,0.46875
32.468,0.578125,-0.625,0.46875
32.500,0.578125,-0.625,0.484375
32.531,0.578125,-0.625,0.46875
32.562,0.578125,-0.625,0.484375
32.593,0.578125,-0.625,0.484375
32.625,0.578125,-0.625,0.484375
32.656,0.578125,-0.625,0.46875
32.687,0.578125,-0.625,0.46875
32.718,0.578125,-0.625,0.484375
32.750,0.578125,-0.625,0.46875
32.781,0.578125,-0.625,0.46875
32.812,0.578125,-0.625,0.46875
32.843,0.578125,-0.625,0.46875
32.875,0.578125,-0.625,0.46875
32.906,0.578125,-0.625,0.46875
32.937,0.578125,-0.625,0.484375
32.968,0.578125,-0.625,0.46875
33.000,0.578125,-0.625,0.46875
33.031,0.578125,-0.625,0.46875
33.062,0.578125,-0.625,0.46875
33.093,0.578125,-0.625,0.46875
33.125,0.578125,-0.625,0.46875
33.156,0.578125,-0.625,0.46875
33.187,0.578125,-0.625,0.46875
33.218,0.578125,-0.625,0.46875
33.250,0.578125,-0.625,0.484375
33.281,0.578125,-0.625,0.46875
33.312,0.578125,-0.625,0.46875
33.343,0.578125,-0.625,0.46875
33.375,0.578125,-0.625,0.46875
33.406,0.578125,-0.625,0.46875
33.437,0.578125,-0.625,0.46875
33.468,0.578125,-0.625,0.46875
33.500,0.578125,-0.625,0.46875
33.531,0.578125,-0.625,0.46875
33.562,0.578125,-0.625,0.46875
33.593,0.578125,-0.625,0.46875
33.625,0.578125,-0.625,0.46875
33.656,0.578125,-0.625,0.46875
33.687,0.578125,-0.625,0.46875
33.718,0.578125,-0.625,0.46875
33.750,0.578125,-0.625,0.46875
33.781,0.578125,-0.625,0.46875
33.812,0.578125,-0.625,0.46875
33.843,0.578125,-0.625,0.46875
33.875,0.578125,-0.625,0.46875
33.906,0.578125,-0.625,0.46875
33.937,0.578125,-0.625,0.46875
33.968,0.578125,-0.625,0.484375
34.000,0.578125,-0.625,0.46875
34.031,0.578125,-0.625,0.46875
34.062,0.578125,-0.625,0.484375
34.093,0.578125,-0.625,0.46875
34.125,0.578125,-0.625,0.46875
34.156,0.578125,-0.625,0.484375
34.187,0.578125,-0.625,0.46875
34.218,0.578125,-0.625,0.484375
34.250,0.578125,-0.625,0.484375
34.281,0.578125,-0.625,0.46875
34.312,0.578125,-0.625,0.46875
34.343,0.578125,-0.625,0.484375
34.375,0.578125,-0.625,0.46875
34.406,0.578125,-0.625,0.484375
34.437,0.578125,-0.625,0.46875
34.468,0.578125,-0.625,0.46875
34.500,0.578125,-0.625,0.46875
34.531,0.578125,-0.625,0.46875
34.562,0.578125,-0.625,0.46875
34.593,0.578125,-0.625,0.484375
34.625,0.578125,-0.625,0.484375
34.656,0.578125,-0.625,0.484375
34.687,0.578125,-0.625,0.46875
34.718,0.578125,-0.625,0.484375
34.750,0.578125,-0.625,0.46875
34.781,0.578125,-0.625,0.46875
34.812,0.578125,-0.625,0.484375
34.843,0.578125,-0.625,0.484375
34.875,0.578125,-0.625,0.484375
34.906,0.578125,-0.609375,0.484375
34.937,0.578125,-0.625,0.46875
34.968,0.578125,-0.625,0.484375
35.000,0.578125,-0.625,0.484375
35.031,0.578125,-0.625,0.46875
35.062,0.578125,-0.625,0.484375
35.093,0.578125,-0.625,0.484375
35.125,0.578125,-0.625,0.484375
35.156,0.578125,-0.625,0.484375
35.187,0.578125,-0.625,0.484375
35.218,0.578125,-0.625,0.484375
35.250,0.578125,-0.625,0.484375
35.281,0.578125,-0.625,0.46875
35.312,0.578125,-0.625,0.484375
35.343,0.578125,-0.625,0.46875
35.375,0.578125,-0.625,0.484375
35.406,0.578125,-0.625,0.484375
35.437,0.578125,-0.625,0.484375
35.468,0.578125,-0.625,0.484375
35.500,0.578125,-0.625,0.46875
35.531,0.578125,-0.625,0.46875
35.562,0.578125,-0.625,0.46875
35.593,0.578125,-0.625,0.484375
35.625,0.578125,-0.625,0.46875
35.656,0.578125,-0.625,0.484375
35.687,0.578125,-0.625,0.484375
35.718,0.578125,-0.625,0.484375
35.750,0.578125,-0.625,0.484375
35.781,0.578125,-0.625,0.46875
35.812,0.578125,-0.625,0.46875
35.843,0.578125,-0.625,0.46875
35.875,0.578125,-0.625,0.484375
35.906,0.578125,-0.625,0.484375
35.937,0.578125,-0.625,0.46875
35.968,0.578125,-0.625,0.484375
36.000,0.578125,-0.625,0.484375
36.031,0.578125,-0.625,0.484375
36.062,0.578125,-0.625,0.484375
36.093,0.578125,-0.625,0.46875
36.125,0.578125,-0.625,0.46875
36.156,0.578125,-0.625,0.46875
36.187,0.578125,-0.625,0.484375
36.218,0.578125,-0.625,0.46875
36.250,0.578125,-0.625,0.46875
36.281,0.578125,-0.625,0.46875
36.312,0.578125,-0.625,0.46875
36.343,0.578125,-0.625,0.46875
36.375,0.578125,-0.625,0.46875
36.406,0.578125,-0.625,0.46875
36.437,0.578125,-0.625,0.46875
36.468,0.578125,-0.625,0.46875
36.500,0.578125,-0.625,0.46875
36.531,0.578125,-0.625,0.46875
36.562,0.578125,-0.625,0.46875
36.593,0.578125,-0.625,0.46875
36.625,0.578125,-0.625,0.46875
36.656,0.578125,-0.625,0.46875
36.687,0.578125,-0.625,0.46875
36.718,0.578125,-0.625,0.46875
36.750,0.578125,-0.625,0.46875
36.781,0.578125,-0.625,0.46875
36.812,0.578125,-0.625,0.46875
36.843,0.578125,-0.625,0.46875
36.875,0.578125,-0.625,0.46875
36.906,0.578125,-0.625,0.46875
36.937,0.578125,-0.625,0.46875
36.968,0.578125,-0.625,0.46875
37.000,0.578125,-0.625,0.46875
37.031,0.578125,-0.625,0.46875
37.062,0.578125,-0.625,0.46875
37.093,0.578125,-0.625,0.46875
37.125,0.578125,-0.625,0.46875
37.156,0.578125,-0.625,0.484375
37.187,0.578125,-0.625,0.46875
37.218,0.578125,-0.625,0.46875
37.250,0.578125,-0.625,0.46875
37.281,0.578125,-0.625,0.46875
37.312,0.578125,-0.625,0.46875
37.343,0.578125,-0.625,0.46875
37.375,0.578125,-0.625,0.46875
37.406,0.578125,-0.625,0.484375
37.437,0.59375,-0.625,0.46875
37.468,0.578125,-0.625,0.46875
37.500,0.578125,-0.625,0.46875
37.531,0.578125,-0.625,0.46875
37.562,0.578125,-0.625,0.46875
37.593,0.578125,-0.625,0.484375
37.625,0.578125,-0.625,0.46875
37.656,0.578125,-0.625,0.46875
37.687,0.578125,-0.625,0.46875
37.718,0.578125,-0.625,0.46875
37.750,0.578125,-0.625,0.46875
37.781,0.578125,-0.625,0.46875
37.812,0.578125,-0.625,0.46875
37.843,0.578125,-0.625,0.46875
37.875,0.578125,-0.625,0.46875
37.906,0.578125,-0.625,0.484375
37.937,0.578125,-0.625,0.484375
37.968,0.578125,-0.625,0.46875
38.000,0.578125,-0.625,0.484375
38.031,0.578125,-0.625,0.46875
38.062,0.578125,-0.625,0.484375
38.093,0.578125,-0.625,0.46875
38.125,0.578125,-0.625,0.46875
38.156,0.578125,-0.625,0.46875
38.187,0.578125,-0.625,0.46875
38.218,0.578125,-0.625,0.484375
38.250,0.578125,-0.625,0.46875
38.281,0.578125,-0.625,0.484375
38.312,0.578125,-0.625,0.484375
38.343,0.578125,-0.625,0.46875
38.375,0.578125,-0.625,0.46875
38.406,0.578125,-0.625,0.46875
38.437,0.578125,-0.625,0.484375
38.468,0.578125,-0.625,0.484375
38.500,0.578125,-0.625,0.484375
38.531,0.59375,-0.625,0.46875
38.562,0.578125,-0.625,0.484375
38.593,0.578125,-0.625,0.46875
38.625,0.578125,-0.625,0.484375
38.656,0.578125,-0.625,0.484375
38.687,0.578125,-0.625,0.46875
38.718,0.578125,-0.625,0.46875
38.750,0.578125,-0.625,0.484375
38.781,0.578125,-0.625,0.484375
38.812,0.578125,-0.625,0.484375
38.843,0.578125,-0.625,0.484375
38.875,0.578125,-0.625,0.484375
38.906,0.578125,-0.625,0.484375
38.937,0.578125,-0.625,0.484375
38.968,0.578125,-0.625,0.484375
39.000,0.578125,-0.625,0.484375
39.031,0.578125,-0.625,0.484375
39.062,0.578125,-0.625,0.46875
39.093,0.578125,-0.625,0.484375
39.125,0.578125,-0.625,0.46875
39.156,0.578125,-0.625,0.484375
39.187,0.578125,-0.625,0.484375
39.218,0.578125,-0.625,0.484375
39.250,0.578125,-0.625,0.484375
39.281,0.578125,-0.625,0.484375
39.312,0.578125,-0.625,0.484375
39.343,0.578125,-0.625,0.484375
39.375,0.578125,-0.625,0.46875
39.406,0.578125,-0.625,0.484375
39.437,0.578125,-0.625,0.484375
39.468,0.578125,-0.625,0.484375
39.500,0.578125,-0.625,0.484375
39.531,0.578125,-0.625,0.484375
39.562,0.578125,-0.625,0.46875
39.593,0.578125,-0.625,0.46875
39.625,0.578125,-0.625,0.484375
39.656,0.578125,-0.625,0.484375
39.687,0.578125,-0.625,0.484375
39.718,0.578125,-0.625,0.484375
39.750,0.578125,-0.625,0.484375
39.781,0.578125,-0.625,0.46875
39.812,0.578125,-0.625,0.484375
39.843,0.578125,-0.625,0.46875
39.875,0.578125,-0.625,0.484375
39.906,0.578125,-0.625,0.484375
39.937,0.578125,-0.625,0.484375
39.968,0.578125,-0.625,0.484375
40.000,0.578125,-0.625,0.484375
40.031,0.578125,-0.625,0.484375
40.062,0.578125,-0.625,0.46875
40.093,0.578125,-0.625,0.46875
40.125,0.578125,-0.625,0.484375
40.156,0.578125,-0.625,0.46875
40.187,0.578125,-0.625,0.484375
40.218,0.578125,-0.625,0.484375
40.250,0.578125,-0.625,0.46875
40.281,0.578125,-0.625,0.46875
40.312,0.578125,-0.625,0.46875
40.343,0.578125,-0.625,0.46875
40.375,0.578125,-0.625,0.46875
40.406,0.578125,-0.625,0.46875
40.437,0.578125,-0.625,0.46875
40.468,0.578125,-0.625,0.46875
40.500,0.578125,-0.625,0.46875
40.531,0.578125,-0.625,0.46875
40.562,0.578125,-0.625,0.46875
40.593,0.578125,-0.625,0.46875
40.625,0.578125,-0.625,0.46875
40.656,0.578125,-0.625,0.46875
40.687,0.578125,-0.625,0.484375
40.718,0.578125,-0.625,0.46875
40.750,0.578125,-0.625,0.46875
40.781,0.578125,-0.625,0.46875
40.812,0.578125,-0.625,0.46875
40.843,0.578125,-0.625,0.46875
40.875,0.578125,-0.625,0.46875
40.906,0.578125,-0.625,0.46875
40.937,0.578125,-0.625,0.46875
40.968,0.578125,-0.625,0.46875
41.000,0.578125,-0.625,0.46875
41.031,0.578125,-0.625,0.46875
41.062,0.578125,-0.625,0.46875
41.093,0.578125,-0.625,0.46875
41.125,0.578125,-0.625,0.46875
41.156,0.578125,-0.625,0.46875
41.187,0.578125,-0.625,0.46875
41.218,0.578125,-0.625,0.46875
41.250,0.578125,-0.625,0.46875
41.281,0.578125,-0.625,0.46875
41.312,0.578125,-0.625,0.46875
41.343,0.578125,-0.625,0.46875
41.375,0.578125,-0.625,0.46875
41.406,0.578125,-0.625,0.46875
41.437,0.578125,-0.625,0.46875
41.468,0.578125,-0.625,0.46875
41.500,0.578125,-0.625,0.46875
41.531,0.578125,-0.625,0.46875
41.562,0.578125,-0.625,0.46875
41.593,0.578125,-0.625,0.46875
41.625,0.578125,-0.625,0.46875
41.656,0.578125,-0.625,0.46875
41.687,0.578125,-0.625,0.484375
41.718,0.578125,-0.625,0.46875
41.750,0.578125,-0.625,0.46875
41.781,0.578125,-0.625,0.46875
41.812,0.578125,-0.625,0.46875
41.843,0.578125,-0.625,0.46875
41.875,0.578125,-0.625,0.46875
41.906,0.578125,-0.625,0.46875
41.937,0.578125,-0.625,0.46875
41.968,0.578125,-0.625,0.46875
42.000,0.578125,-0.625,0.46875
42.031,0.578125,-0.625,0.484375
42.062,0.578125,-0.625,0.46875
42.093,0.578125,-0.625,0.46875
42.125,0.578125,-0.625,0.46875
42.156,0.578125,-0.625,0.484375
42.187,0.578125,-0.625,0.46875
42.218,0.578125,-0.625,0.46875
42.250,0.578125,-0.625,0.484375
42.281,0.578125,-0.625,0.484375
42.312,0.578125,-0.625,0.46875
42.343,0.578125,-0.625,0.46875
42.375,0.578125,-0.625,0.46875
42.406,0.578125,-0.625,0.46875
42.437,0.578125,-0.625,0.46875
42.468,0.578125,-0.625,0.484375
42.500,0.578125,-0.625,0.46875
42.531,0.578125,-0.625,0.484375
42.562,0.578125,-0.609375,0.484375
42.593,0.578125,-0.625,0.46875
42.625,0.578125,-0.625,0.484375
42.656,0.578125,-0.625,0.46875
42.687,0.578125,-0.625,0.46875
42.718,0.578125,-0.625,0.484375
42.750,0.578125,-0.625,0.46875
42.781,0.578125,-0.625,0.46875
42.812,0.578125,-0.625,0.484375
42.843,0.578125,-0.625,0.46875
42.875,0.578125,-0.625,0.484375
42.906,0.578125,-0.625,0.46875
42.937,0.578125,-0.625,0.46875
42.968,0.578125,-0.625,0.484375
43.000,0.578125,-0.625,0.484375
43.031,0.578125,-0.625,0.484375
43.062,0.578125,-0.625,0.484375
43.093,0.578125,-0.625,0.484375
43.125,0.578125,-0.625,0.484375
43.156,0.578125,-0.625,0.484375
43.187,0.578125,-0.625,0.484375
43.218,0.578125,-0.625,0.484375
43.250,0.578125,-0.625,0.46875
43.281,0.578125,-0.625,0.484375
43.312,0.578125,-0.625,0.484375
43.343,0.578125,-0.625,0.484375
43.375,0.578125,-0.609375,0.484375
43.406,0.578125,-0.625,0.484375
43.437,0.578125,-0.625,0.484375
43.468,0.578125,-0.625,0.484375
43.500,0.578125,-0.625,0.46875
43.531,0.578125,-0.625,0.484375
43.562,0.578125,-0.625,0.484375
43.593,0.578125,-0.625,0.46875
43.625,0.578125,-0.625,0.484375
43.656,0.578125,-0.625,0.484375
43.687,0.578125,-0.625,0.484375
43.718,0.578125,-0.625,0.484375
43.750,0.578125,-0.625,0.46875
43.781,0.578125,-0.625,0.46875
43.812,0.578125,-0.625,0.484375
43.843,0.578125,-0.625,0.484375
43.875,0.578125,-0.625,0.484375
43.906,0.578125,-0.625,0.484375
43.937,0.578125,-0.625,0.484375
43.968,0.578125,-0.625,0.484375
44.000,0.578125,-0.625,0.46875
44.031,0.578125,-0.625,0.484375
44.062,0.578125,-0.625,0.46875
44.093,0.578125,-0.625,0.484375
44.125,0.578125,-0.625,0.484375
44.156,0.578125,-0.625,0.484375
44.187,0.578125,-0.625,0.484375
44.218,0.578125,-0.625,0.484375
44.250,0.578125,-0.625,0.46875
44.281,0.578125,-0.625,0.46875
44.312,0.578125,-0.625,0.484375
44.343,0.578125,-0.625,0.484375
44.375,0.578125,-0.625,0.484375
44.406,0.578125,-0.625,0.484375
44.437,0.578125,-0.625,0.46875
44.468,0.578125,-0.625,0.46875
44.500,0.578125,-0.625,0.46875
44.531,0.578125,-0.625,0.484375
44.562,0.578125,-0.625,0.46875
44.593,0.578125,-0.625,0.46875
44.625,0.578125,-0.625,0.46875
44.656,0.578125,-0.625,0.46875
44.687,0.578125,-0.625,0.46875
44.718,0.578125,-0.625,0.46875
44.750,0.578125,-0.625,0.46875
44.781,0.578125,-0.625,0.46875
44.812,0.578125,-0.625,0.46875
44.843,0.578125,-0.625,0.46875
44.875,0.578125,-0.625,0.46875
44.906,0.578125,-0.625,0.46875
44.937,0.578125,-0.625,0.46875
44.968,0.578125,-0.625,0.46875
45.000,0.578125,-0.625,0.46875
45.031,0.59375,-0.625,0.484375
45.062,0.578125,-0.625,0.46875
45.093,0.578125,-0.625,0.46875
45.125,0.578125,-0.625,0.46875
45.156,0.578125,-0.625,0.484375
45.187,0.578125,-0.625,0.46875
45.218,0.578125,-0.625,0.46875
45.250,0.578125,-0.625,0.46875
45.281,0.578125,-0.625,0.46875
45.312,0.578125,-0.625,0.46875
45.343,0.578125,-0.625,0.46875
45.375,0.578125,-0.625,0.46875
45.406,0.578125,-0.625,0.46875
45.437,0.578125,-0.625,0.46875
45.468,0.578125,-0.625,0.46875
45.500,0.578125,-0.625,0.46875
45.531,0.578125,-0.625,0.46875
45.562,0.578125,-0.625,0.46875
45.593,0.578125,-0.625,0.46875
45.625,0.578125,-0.625,0.46875
45.656,0.578125,-0.625,0.46875
45.687,0.578125,-0.625,0.46875
45.718,0.578125,-0.625,0.46875
45.750,0.578125,-0.625,0.46875
45.781,0.578125,-0.625,0.46875
45.812,0.578125,-0.625,0.46875
45.843,0.578125,-0.625,0.484375
45.875,0.578125,-0.625,0.46875
45.906,0.578125,-0.625,0.46875
45.937,0.578125,-0.625,0.46875
45.968,0.578125,-0.625,0.46875
46.000,0.578125,-0.625,0.484375
46.031,0.578125,-0.625,0.46875
46.062,0.578125,-0.625,0.46875
46.093,0.578125,-0.625,0.46875
46.125,0.578125,-0.625,0.46875
46.156,0.578125,-0.625,0.484375
46.187,0.578125,-0.625,0.46875
46.218,0.578125,-0.625,0.46875
46.250,0.578125,-0.625,0.46875
46.281,0.578125,-0.625,0.46875
46.312,0.578125,-0.625,0.46875
46.343,0.578125,-0.625,0.484375
46.375,0.578125,-0.625,0.484375
46.406,0.578125,-0.625,0.46875
46.437,0.578125,-0.625,0.46875
46.468,0.578125,-0.625,0.46875
46.500,0.578125,-0.625,0.46875
46.531,0.578125,-0.625,0.484375
46.562,0.578125,-0.625,0.46875
46.593,0.578125,-0.625,0.484375
46.625,0.578125,-0.625,0.484375
46.656,0.578125,-0.625,0.46875
46.687,0.578125,-0.625,0.484375
46.718,0.578125,-0.625,0.484375
46.750,0.578125,-0.625,0.46875
46.781,0.578125,-0.625,0.46875
46.812,0.578125,-0.625,0.46875
46.843,0.578125,-0.625,0.484375
46.875,0.578125,-0.625,0.484375
46.906,0.578125,-0.625,0.46875
46.937,0.578125,-0.625,0.484375
46.968,0.578125,-0.625,0.46875
47.000,0.578125,-0.625,0.484375
47.031,0.578125,-0.625,0.484375
47.062,0.578125,-0.625,0.46875
47.093,0.578125,-0.625,0.46875
47.125,0.578125,-0.625,0.484375
47.156,0.578125,-0.625,0.484375
47.187,0.578125,-0.625,0.484375
47.218,0.578125,-0.625,0.484375
47.250,0.578125,-0.625,0.484375
47.281,0.578125,-0.625,0.46875
47.312,0.578125,-0.625,0.46875
47.343,0.578125,-0.625,0.46875
47.375,0.578125,-0.625,0.484375
47.406,0.578125,-0.625,0.484375
47.437,0.578125,-0.625,0.484375
47.468,0.578125,-0.625,0.484375
47.500,0.578125,-0.625,0.484375
47.531,0.578125,-0.625,0.484375
47.562,0.578125,-0.625,0.484375
47.593,0.59375,-0.625,0.484375
47.625,0.578125,-0.625,0.46875
47.656,0.578125,-0.625,0.484375
47.687,0.578125,-0.625,0.484375
47.718,0.578125,-0.625,0.46875
47.750,0.578125,-0.625,0.484375
47.781,0.578125,-0.625,0.484375
47.812,0.578125,-0.625,0.484375
47.843,0.578125,-0.609375,0.484375
47.875,0.578125,-0.625,0.484375
47.906,0.578125,-0.625,0.46875
47.937,0.578125,-0.625,0.484375
47.968,0.578125,-0.625,0.484375
48.000,0.578125,-0.625,0.484375
48.031,0.578125,-0.625,0.484375
48.062,0.578125,-0.625,0.484375
48.093,0.578125,-0.625,0.484375
48.125,0.578125,-0.625,0.46875
48.156,0.578125,-0.625,0.46875
48.187,0.578125,-0.625,0.484375
48.218,0.578125,-0.625,0.46875
48.250,0.578125,-0.625,0.484375
48.281,0.578125,-0.625,0.484375
48.312,0.578125,-0.625,0.484375
48.343,0.578125,-0.625,0.484375
48.375,0.578125,-0.625,0.46875
48.406,0.578125,-0.625,0.484375
48.437,0.578125,-0.625,0.484375
48.468,0.578125,-0.625,0.484375
48.500,0.578125,-0.625,0.484375
48.531,0.578125,-0.625,0.46875
48.562,0.578125,-0.625,0.46875
48.593,0.578125,-0.625,0.46875
48.625,0.578125,-0.625,0.484375
48.656,0.578125,-0.625,0.46875
48.687,0.578125,-0.625,0.46875
48.718,0.578125,-0.625,0.46875
48.750,0.578125,-0.625,0.46875
48.781,0.578125,-0.625,0.484375
48.812,0.578125,-0.625,0.484375
48.843,0.578125,-0.625,0.484375
48.875,0.578125,-0.625,0.46875
48.906,0.578125,-0.625,0.46875
48.937,0.578125,-0.625,0.46875
48.968,0.578125,-0.625,0.484375
49.000,0.578125,-0.625,0.484375
49.031,0.578125,-0.625,0.46875
49.062,0.578125,-0.625,0.46875
49.093,0.578125,-0.625,0.46875
49.125,0.578125,-0.625,0.484375
49.156,0.578125,-0.625,0.46875
49.187,0.578125,-0.625,0.484375
49.218,0.578125,-0.625,0.46875
49.250,0.578125,-0.625,0.46875
49.281,0.578125,-0.625,0.46875
49.312,0.578125,-0.625,0.46875
49.343,0.578125,-0.625,0.46875
49.375,0.578125,-0.625,0.46875
49.406,0.578125,-0.625,0.46875
49.437,0.578125,-0.625,0.46875
49.468,0.578125,-0.625,0.46875
49.500,0.578125,-0.625,0.46875
49.531,0.578125,-0.625,0.46875
49.562,0.578125,-0.625,0.46875
49.593,0.578125,-0.625,0.46875
49.625,0.578125,-0.625,0.46875
49.656,0.578125,-0.625,0.46875
49.687,0.578125,-0.625,0.46875
49.718,0.578125,-0.625,0.46875
49.750,0.578125,-0.625,0.46875
49.781,0.578125,-0.625,0.46875
49.812,0.578125,-0.625,0.46875
49.843,0.578125,-0.625,0.46875
49.875,0.578125,-0.625,0.46875
49.906,0.578125,-0.625,0.46875
49.937,0.578125,-0.625,0.46875
49.968,0.578125,-0.625,0.46875
50.000,0.578125,-0.625,0.484375
50.031,0.578125,-0.625,0.484375
50.062,0.578125,-0.625,0.46875
50.093,0.578125,-0.625,0.46875
50.125,0.578125,-0.625,0.46875
50.156,0.578125,-0.625,0.46875
50.187,0.578125,-0.625,0.46875
50.218,0.578125,-0.625,0.46875
50.250,0.578125,-0.625,0.46875
50.281,0.578125,-0.625,0.484375
50.312,0.578125,-0.625,0.46875
50.343,0.578125,-0.625,0.46875
50.375,0.578125,-0.625,0.46875
50.406,0.578125,-0.625,0.46875
50.437,0.578125,-0.625,0.46875
50.468,0.578125,-0.625,0.484375
50.500,0.578125,-0.625,0.484375
50.531,0.578125,-0.625,0.46875
50.562,0.578125,-0.625,0.46875
50.593,0.578125,-0.625,0.46875
50.625,0.578125,-0.625,0.46875
50.656,0.578125,-0.625,0.46875
50.687,0.578125,-0.625,0.46875
50.718,0.578125,-0.625,0.46875
50.750,0.578125,-0.625,0.484375
50.781,0.578125,-0.625,0.46875
50.812,0.578125,-0.625,0.46875
50.843,0.578125,-0.625,0.484375
50.875,0.578125,-0.609375,0.484375
50.906,0.578125,-0.625,0.46875
50.937,0.578125,-0.625,0.484375
50.968,0.578125,-0.625,0.484375
51.000,0.578125,-0.625,0.484375
51.031,0.578125,-0.625,0.484375
51.062,0.578125,-0.625,0.46875
51.093,0.578125,-0.625,0.46875
51.125,0.578125,-0.625,0.46875
51.156,0.578125,-0.625,0.484375
51.187,0.578125,-0.625,0.46875
51.218,0.578125,-0.625,0.484375
51.250,0.578125,-0.625,0.484375
51.281,0.578125,-0.625,0.484375
51.312,0.578125,-0.625,0.484375
51.343,0.578125,-0.625,0.484375
51.375,0.578125,-0.625,0.484375
51.406,0.578125,-0.625,0.46875
51.437,0.578125,-0.625,0.484375
51.468,0.578125,-0.625,0.46875
51.500,0.578125,-0.625,0.46875
51.531,0.578125,-0.625,0.46875
51.562,0.578125,-0.625,0.46875
51.593,0.578125,-0.625,0.46875
51.625,0.578125,-0.625,0.484375
51.656,0.578125,-0.625,0.484375
51.687,0.578125,-0.625,0.484375
51.718,0.578125,-0.609375,0.484375
51.750,0.578125,-0.609375,0.484375
51.781,0.578125,-0.625,0.484375
51.812,0.578125,-0.625,0.46875
51.843,0.578125,-0.625,0.46875
51.875,0.578125,-0.625,0.484375
51.906,0.578125,-0.625,0.484375
51.937,0.578125,-0.625,0.46875
51.968,0.578125,-0.625,0.484375
52.000,0.578125,-0.625,0.484375
52.031,0.578125,-0.625,0.484375
52.062,0.578125,-0.625,0.484375
52.093,0.578125,-0.625,0.484375
52.125,0.578125,-0.625,0.484375
52.156,0.578125,-0.625,0.484375
52.187,0.578125,-0.625,0.484375
52.218,0.578125,-0.625,0.484375
52.250,0.578125,-0.625,0.484375
52.281,0.578125,-0.625,0.484375
52.312,0.578125,-0.625,0.484375
52.343,0.578125,-0.625,0.46875
52.375,0.578125,-0.625,0.484375
52.406,0.578125,-0.625,0.484375
52.437,0.578125,-0.625,0.484375
52.468,0.578125,-0.625,0.484375
52.500,0.578125,-0.625,0.484375
52.531,0.578125,-0.625,0.484375
52.562,0.578125,-0.625,0.484375
52.593,0.578125,-0.625,0.46875
52.625,0.578125,-0.625,0.484375
52.656,0.578125,-0.625,0.484375
52.687,0.578125,-0.625,0.484375
52.718,0.578125,-0.625,0.484375
52.750,0.578125,-0.625,0.46875
52.781,0.578125,-0.625,0.46875
52.812,0.578125,-0.625,0.484375
52.843,0.578125,-0.625,0.484375
52.875,0.578125,-0.625,0.484375
52.906,0.578125,-0.625,0.484375
52.937,0.578125,-0.625,0.46875
52.968,0.578125,-0.625,0.46875
53.000,0.578125,-0.625,0.484375
53.031,0.578125,-0.625,0.46875
53.062,0.578125,-0.625,0.484375
53.093,0.578125,-0.625,0.484375
53.125,0.578125,-0.625,0.46875
53.156,0.578125,-0.625,0.46875
53.187,0.578125,-0.625,0.46875
53.218,0.578125,-0.625,0.46875
53.250,0.578125,-0.625,0.46875
53.281,0.578125,-0.625,0.46875
53.312,0.578125,-0.625,0.46875
53.343,0.578125,-0.625,0.46875
53.375,0.578125,-0.625,0.46875
53.406,0.578125,-0.625,0.484375
53.437,0.578125,-0.625,0.484375
53.468,0.578125,-0.625,0.46875
53.500,0.578125,-0.625,0.46875
53.531,0.578125,-0.625,0.46875
53.562,0.578125,-0.625,0.46875
53.593,0.578125,-0.625,0.46875
53.625,0.578125,-0.625,0.46875
53.656,0.578125,-0.625,0.46875
53.687,0.578125,-0.625,0.46875
53.718,0.578125,-0.625,0.46875
53.750,0.578125,-0.625,0.46875
53.781,0.578125,-0.625,0.46875
53.812,0.578125,-0.625,0.46875
53.843,0.578125,-0.625,0.46875
53.875,0.578125,-0.625,0.46875
53.906,0.578125,-0.625,0.46875
53.937,0.578125,-0.625,0.46875
53.968,0.578125,-0.625,0.46875
54.000,0.578125,-0.625,0.46875
54.031,0.578125,-0.625,0.46875
54.062,0.578125,-0.625,0.46875
54.093,0.578125,-0.625,0.46875
54.125,0.578125,-0.625,0.46875
54.156,0.578125,-0.625,0.484375
54.187,0.578125,-0.625,0.46875
54.218,0.578125,-0.625,0.46875
54.250,0.578125,-0.625,0.46875
54.281,0.578125,-0.625,0.46875
54.312,0.578125,-0.625,0.46875
54.343,0.578125,-0.625,0.46875
54.375,0.578125,-0.625,0.46875
54.406,0.578125,-0.625,0.46875
54.437,0.578125,-0.625,0.46875
54.468,0.578125,-0.625,0.46875
54.500,0.578125,-0.625,0.46875
54.531,0.578125,-0.625,0.46875
54.562,0.578125,-0.625,0.46875
54.593,0.578125,-0.625,0.484375
54.625,0.578125,-0.625,0.46875
54.656,0.578125,-0.625,0.46875
54.687,0.578125,-0.625,0.46875
54.718,0.578125,-0.625,0.46875
54.750,0.578125,-0.625,0.46875
54.781,0.578125,-0.625,0.46875
54.812,0.578125,-0.625,0.46875
54.843,0.578125,-0.625,0.46875
54.875,0.578125,-0.625,0.46875
54.906,0.578125,-0.625,0.46875
54.937,0.578125,-0.625,0.46875
54.968,0.578125,-0.625,0.46875
55.000,0.578125,-0.625,0.46875
55.031,0.578125,-0.625,0.484375
55.062,0.578125,-0.625,0.46875
55.093,0.578125,-0.625,0.484375
55.125,0.578125,-0.625,0.46875
55.156,0.578125,-0.625,0.46875
55.187,0.578125,-0.625,0.46875
55.218,0.578125,-0.625,0.46875
55.250,0.578125,-0.625,0.484375
55.281,0.578125,-0.625,0.484375
55.312,0.578125,-0.625,0.46875
55.343,0.578125,-0.625,0.46875
55.375,0.578125,-0.625,0.484375
55.406,0.578125,-0.625,0.46875
55.437,0.578125,-0.625,0.46875
55.468,0.578125,-0.625,0.46875
55.500,0.578125,-0.625,0.46875
55.531,0.578125,-0.625,0.484375
55.562,0.578125,-0.625,0.484375
55.593,0.578125,-0.625,0.484375
55.625,0.578125,-0.625,0.484375
55.656,0.578125,-0.625,0.484375
55.687,0.578125,-0.625,0.484375
55.718,0.578125,-0.625,0.484375
55.750,0.578125,-0.625,0.484375
55.781,0.578125,-0.625,0.484375
55.812,0.578125,-0.625,0.46875
55.843,0.578125,-0.625,0.484375
55.875,0.578125,-0.625,0.484375
55.906,0.578125,-0.625,0.484375
55.937,0.578125,-0.625,0.484375
55.968,0.578125,-0.609375,0.46875
56.000,0.578125,-0.625,0.484375
56.031,0.578125,-0.625,0.484375
56.062,0.578125,-0.625,0.46875
56.093,0.578125,-0.625,0.484375
56.125,0.578125,-0.625,0.484375
56.156,0.578125,-0.625,0.46875
56.187,0.578125,-0.625,0.484375
56.218,0.578125,-0.625,0.484375
56.250,0.578125,-0.625,0.484375
56.281,0.578125,-0.609375,0.484375
56.312,0.578125,-0.625,0.484375
56.343,0.578125,-0.625,0.46875
56.375,0.59375,-0.625,0.484375
56.406,0.578125,-0.625,0.484375
56.437,0.578125,-0.625,0.484375
56.468,0.578125,-0.625,0.484375
56.500,0.578125,-0.625,0.484375
56.531,0.578125,-0.625,0.46875
56.562,0.578125,-0.625,0.484375
56.593,0.578125,-0.625,0.484375
56.625,0.578125,-0.625,0.484375
56.656,0.578125,-0.625,0.46875
56.687,0.578125,-0.625,0.46875
56.718,0.578125,-0.625,0.484375
56.750,0.578125,-0.625,0.484375
56.781,0.578125,-0.625,0.484375
56.812,0.578125,-0.625,0.484375
56.843,0.578125,-0.625,0.484375
56.875,0.578125,-0.625,0.484375
56.906,0.578125,-0.625,0.46875
56.937,0.578125,-0.625,0.484375
56.968,0.578125,-0.625,0.484375
57.000,0.578125,-0.625,0.484375
57.031,0.578125,-0.625,0.484375
57.062,0.578125,-0.625,0.484375
57.093,0.578125,-0.625,0.484375
57.125,0.578125,-0.625,0.484375
57.156,0.578125,-0.625,0.484375
57.187,0.578125,-0.625,0.46875
57.218,0.578125,-0.625,0.484375
57.250,0.578125,-0.625,0.46875
57.281,0.578125,-0.625,0.46875
57.312,0.578125,-0.625,0.46875
57.343,0.578125,-0.625,0.484375
57.375,0.578125,-0.625,0.484375
57.406,0.578125,-0.625,0.484375
57.437,0.59375,-0.625,0.484375
57.468,0.578125,-0.625,0.46875
57.500,0.578125,-0.625,0.46875
57.531,0.5625,-0.625,0.46875
57.562,0.5625,-0.625,0.46875
57.593,0.59375,-0.625,0.484375
57.625,0.578125,-0.625,0.46875
57.656,0.578125,-0.625,0.46875
57.687,0.578125,-0.625,0.484375
57.718,0.578125,-0.625,0.484375
57.750,0.578125,-0.625,0.484375
57.781,0.578125,-0.625,0.46875
57.812,0.578125,-0.625,0.46875
57.843,0.578125,-0.625,0.46875
57.875,0.578125,-0.625,0.46875
57.906,0.578125,-0.625,0.46875
57.937,0.578125,-0.625,0.46875
57.968,0.578125,-0.625,0.46875
58.000,0.578125,-0.625,0.46875
58.031,0.578125,-0.625,0.46875
58.062,0.578125,-0.625,0.484375
58.093,0.578125,-0.625,0.46875
58.125,0.578125,-0.625,0.46875
58.156,0.578125,-0.625,0.46875
58.187,0.578125,-0.625,0.46875
58.218,0.578125,-0.625,0.46875
58.250,0.578125,-0.625,0.46875
58.281,0.578125,-0.625,0.46875
58.312,0.578125,-0.625,0.46875
58.343,0.578125,-0.625,0.46875
58.375,0.578125,-0.625,0.484375
58.406,0.578125,-0.625,0.46875
58.437,0.578125,-0.625,0.46875
58.468,0.578125,-0.625,0.46875
58.500,0.578125,-0.625,0.46875
58.531,0.578125,-0.625,0.46875
58.562,0.578125,-0.625,0.46875
58.593,0.578125,-0.625,0.46875
58.625,0.578125,-0.625,0.46875
58.656,0.578125,-0.625,0.46875
58.687,0.578125,-0.625,0.46875
58.718,0.578125,-0.625,0.46875
58.750,0.578125,-0.625,0.46875
58.781,0.578125,-0.625,0.46875
58.812,0.578125,-0.625,0.46875
58.843,0.578125,-0.625,0.46875
58.875,0.578125,-0.625,0.484375
58.906,0.578125,-0.625,0.46875
58.937,0.578125,-0.625,0.46875
58.968,0.578125,-0.625,0.46875
59.000,0.578125,-0.625,0.46875
59.031,0.578125,-0.625,0.46875
59.062,0.578125,-0.625,0.46875
59.093,0.578125,-0.625,0.46875
59.125,0.578125,-0.625,0.46875
59.156,0.578125,-0.625,0.46875
59.187,0.578125,-0.625,0.46875
59.218,0.578125,-0.625,0.484375
59.250,0.578125,-0.625,0.46875
59.281,0.578125,-0.625,0.46875
59.312,0.578125,-0.625,0.46875
59.343,0.578125,-0.625,0.46875
59.375,0.578125,-0.625,0.46875
59.406,0.578125,-0.625,0.46875
59.437,0.578125,-0.625,0.46875
59.468,0.578125,-0.625,0.484375
59.500,0.5625,-0.625,0.484375
59.531,0.59375,-0.625,0.484375
59.562,0.59375,-0.625,0.46875
59.593,0.578125,-0.625,0.46875
59.625,0.578125,-0.625,0.46875
59.656,0.578125,-0.625,0.484375
59.687,0.578125,-0.625,0.484375
59.718,0.578125,-0.625,0.484375
59.750,0.578125,-0.625,0.46875
59.781,0.578125,-0.625,0.46875
59.812,0.578125,-0.625,0.484375
59.843,0.578125,-0.625,0.46875
59.875,0.578125,-0.625,0.46875
59.906,0.578125,-0.625,0.484375
59.937,0.578125,-0.625,0.46875
59.968,0.578125,-0.625,0.484375
